1400.0          0.031645
1401.0          0.032137
1402.0          0.032640
1403.0          0.033152
1404.0          0.033674
1405.0          0.034206
1406.0          0.034746
1407.0          0.035296
1408.0          0.035855
1409.0          0.036423
1410.0          0.036999
1411.0          0.037584
1412.0          0.038177
1413.0          0.038777
1414.0          0.039386
1415.0          0.040001
1416.0          0.040624
1417.0          0.041254
1418.0          0.041890
1419.0          0.042533
1420.0          0.043183
1421.0          0.043838
1422.0          0.044499
1423.0          0.045165
1424.0          0.045836
1425.0          0.046512
1426.0          0.047193
1427.0          0.047878
1428.0          0.048567
1429.0          0.049260
1430.0          0.049956
1431.0          0.050656
1432.0          0.051358
1433.0          0.052062
1434.0          0.052768
1435.0          0.053476
1436.0          0.054186
1437.0          0.054896
1438.0          0.055607
1439.0          0.056318
1440.0          0.057029
1441.0          0.057739
1442.0          0.058448
1443.0          0.059156
1444.0          0.059861
1445.0          0.060564
1446.0          0.061264
1447.0          0.061961
1448.0          0.062653
1449.0          0.063341
1450.0          0.064024
1451.0          0.064701
1452.0          0.065371
1453.0          0.066035
1454.0          0.066690
1455.0          0.067338
1456.0          0.067976
1457.0          0.068603
1458.0          0.069221
1459.0          0.069826
1460.0          0.070419
1461.0          0.070998
1462.0          0.071562
1463.0          0.072111
1464.0          0.072643
1465.0          0.073157
1466.0          0.073651
1467.0          0.074125
1468.0          0.074577
1469.0          0.075005
1470.0          0.075408
1471.0          0.075783
1472.0          0.076130
1473.0          0.076446
1474.0          0.076729
1475.0          0.076976
1476.0          0.077186
1477.0          0.077355
1478.0          0.077481
1479.0          0.077560
1480.0          0.077590
1481.0          0.077566
1482.0          0.077484
1483.0          0.077341
1484.0          0.077132
1485.0          0.076852
1486.0          0.076495
1487.0          0.076056
1488.0          0.075527
1489.0          0.074903
1490.0          0.074175
1491.0          0.073336
1492.0          0.072376
1493.0          0.071287
1494.0          0.070058
1495.0          0.068679
1496.0          0.067139
1497.0          0.065429
1498.0          0.063537
1499.0          0.061457
1500.0          0.059183
1501.0          0.056716
1502.0          0.054067
1503.0          0.051264
1504.0          0.048362
1505.0          0.045461
1506.0          0.042738
1507.0          0.040496
1508.0          0.039258
1509.0          0.039932
1510.0          0.044101
1511.0          0.054577
1512.0          0.076392
1513.0          0.11850
1514.0          0.19608
1515.0          0.33066
1516.0          0.53691
1517.0          0.78090
1518.0          0.95860
1519.0          0.99716
1520.0          0.93340
1521.0          0.83540
1522.0          0.74084
1523.0          0.66120
1524.0          0.59705
1525.0          0.54590
1526.0          0.50496
1527.0          0.47190
1528.0          0.44490
1529.0          0.42262
1530.0          0.40403
1531.0          0.38839
1532.0          0.37510
1533.0          0.36374
1534.0          0.35395
1535.0          0.34547
1536.0          0.33809
1537.0          0.33163
1538.0          0.32596
1539.0          0.32097
1540.0          0.31655
1541.0          0.31265
1542.0          0.30918
1543.0          0.30611
1544.0          0.30337
1545.0          0.30094
1546.0          0.29878
1547.0          0.29686
1548.0          0.29515
1549.0          0.29364
1550.0          0.29230
1551.0          0.29113
1552.0          0.29009
1553.0          0.28919
1554.0          0.28841
1555.0          0.28774
1556.0          0.28717
1557.0          0.28669
1558.0          0.28629
1559.0          0.28598
1560.0          0.28573
1561.0          0.28556
1562.0          0.28544
1563.0          0.28538
1564.0          0.28538
1565.0          0.28542
1566.0          0.28552
1567.0          0.28565
1568.0          0.28583
1569.0          0.28604
1570.0          0.28629
1571.0          0.28657
1572.0          0.28688
1573.0          0.28722
1574.0          0.28759
1575.0          0.28798
1576.0          0.28840
1577.0          0.28884
1578.0          0.28930
1579.0          0.28978
1580.0          0.29028
1581.0          0.29080
1582.0          0.29134
1583.0          0.29189
1584.0          0.29245
1585.0          0.29303
1586.0          0.29363
1587.0          0.29423
1588.0          0.29485
1589.0          0.29548
1590.0          0.29612
1591.0          0.29677
1592.0          0.29743
1593.0          0.29809
1594.0          0.29877
1595.0          0.29945
1596.0          0.30014
1597.0          0.30084
1598.0          0.30154
1599.0          0.30226
1600.0          0.30297
1601.0          0.30369
1602.0          0.30442
1603.0          0.30515
1604.0          0.30589
1605.0          0.30663
1606.0          0.30738
1607.0          0.30812
1608.0          0.30888
1609.0          0.30963
1610.0          0.31039
1611.0          0.31115
1612.0          0.31192
1613.0          0.31268
1614.0          0.31345
1615.0          0.31422
1616.0          0.31499
1617.0          0.31577
1618.0          0.31654
1619.0          0.31732
1620.0          0.31810
1621.0          0.31888
1622.0          0.31966
1623.0          0.32044
1624.0          0.32122
1625.0          0.32200
1626.0          0.32279
1627.0          0.32357
1628.0          0.32435
1629.0          0.32514
1630.0          0.32592
1631.0          0.32670
1632.0          0.32749
1633.0          0.32827
1634.0          0.32906
1635.0          0.32984
1636.0          0.33062
1637.0          0.33140
1638.0          0.33218
1639.0          0.33296
1640.0          0.33375
1641.0          0.33452
1642.0          0.33530
1643.0          0.33608
1644.0          0.33686
1645.0          0.33763
1646.0          0.33841
1647.0          0.33918
1648.0          0.33995
1649.0          0.34072
1650.0          0.34149
1400.0          0.96835
1401.0          0.96786
1402.0          0.96736
1403.0          0.96685
1404.0          0.96633
1405.0          0.96579
1406.0          0.96525
1407.0          0.96470
1408.0          0.96414
1409.0          0.96358
1410.0          0.96300
1411.0          0.96242
1412.0          0.96182
1413.0          0.96122
1414.0          0.96061
1415.0          0.96000
1416.0          0.95938
1417.0          0.95875
1418.0          0.95811
1419.0          0.95747
1420.0          0.95682
1421.0          0.95616
1422.0          0.95550
1423.0          0.95484
1424.0          0.95416
1425.0          0.95349
1426.0          0.95281
1427.0          0.95212
1428.0          0.95143
1429.0          0.95074
1430.0          0.95004
1431.0          0.94934
1432.0          0.94864
1433.0          0.94794
1434.0          0.94723
1435.0          0.94652
1436.0          0.94581
1437.0          0.94510
1438.0          0.94439
1439.0          0.94368
1440.0          0.94297
1441.0          0.94226
1442.0          0.94155
1443.0          0.94084
1444.0          0.94014
1445.0          0.93944
1446.0          0.93874
1447.0          0.93804
1448.0          0.93735
1449.0          0.93666
1450.0          0.93598
1451.0          0.93530
1452.0          0.93463
1453.0          0.93397
1454.0          0.93331
1455.0          0.93266
1456.0          0.93202
1457.0          0.93140
1458.0          0.93078
1459.0          0.93017
1460.0          0.92958
1461.0          0.92900
1462.0          0.92844
1463.0          0.92789
1464.0          0.92736
1465.0          0.92684
1466.0          0.92635
1467.0          0.92587
1468.0          0.92542
1469.0          0.92500
1470.0          0.92459
1471.0          0.92422
1472.0          0.92387
1473.0          0.92355
1474.0          0.92327
1475.0          0.92302
1476.0          0.92281
1477.0          0.92264
1478.0          0.92252
1479.0          0.92244
1480.0          0.92241
1481.0          0.92243
1482.0          0.92252
1483.0          0.92266
1484.0          0.92287
1485.0          0.92315
1486.0          0.92350
1487.0          0.92394
1488.0          0.92447
1489.0          0.92510
1490.0          0.92582
1491.0          0.92666
1492.0          0.92762
1493.0          0.92871
1494.0          0.92994
1495.0          0.93132
1496.0          0.93286
1497.0          0.93457
1498.0          0.93646
1499.0          0.93854
1500.0          0.94082
1501.0          0.94328
1502.0          0.94593
1503.0          0.94874
1504.0          0.95164
1505.0          0.95454
1506.0          0.95726
1507.0          0.95950
1508.0          0.96074
1509.0          0.96007
1510.0          0.95590
1511.0          0.94542
1512.0          0.92361
1513.0          0.88150
1514.0          0.80392
1515.0          0.66934
1516.0          0.46309
1517.0          0.21910
1518.0          0.041402
1519.0          0.0028365
1520.0          0.066604
1521.0          0.16460
1522.0          0.25916
1523.0          0.33880
1524.0          0.40295
1525.0          0.45410
1526.0          0.49504
1527.0          0.52810
1528.0          0.55510
1529.0          0.57738
1530.0          0.59597
1531.0          0.61161
1532.0          0.62490
1533.0          0.63626
1534.0          0.64605
1535.0          0.65453
1536.0          0.66191
1537.0          0.66837
1538.0          0.67404
1539.0          0.67903
1540.0          0.68345
1541.0          0.68735
1542.0          0.69082
1543.0          0.69389
1544.0          0.69663
1545.0          0.69906
1546.0          0.70122
1547.0          0.70314
1548.0          0.70485
1549.0          0.70636
1550.0          0.70770
1551.0          0.70887
1552.0          0.70991
1553.0          0.71081
1554.0          0.71159
1555.0          0.71226
1556.0          0.71283
1557.0          0.71331
1558.0          0.71371
1559.0          0.71402
1560.0          0.71427
1561.0          0.71444
1562.0          0.71456
1563.0          0.71462
1564.0          0.71462
1565.0          0.71458
1566.0          0.71448
1567.0          0.71435
1568.0          0.71417
1569.0          0.71396
1570.0          0.71371
1571.0          0.71343
1572.0          0.71312
1573.0          0.71278
1574.0          0.71241
1575.0          0.71202
1576.0          0.71160
1577.0          0.71116
1578.0          0.71070
1579.0          0.71022
1580.0          0.70972
1581.0          0.70920
1582.0          0.70866
1583.0          0.70811
1584.0          0.70755
1585.0          0.70697
1586.0          0.70637
1587.0          0.70577
1588.0          0.70515
1589.0          0.70452
1590.0          0.70388
1591.0          0.70323
1592.0          0.70257
1593.0          0.70191
1594.0          0.70123
1595.0          0.70055
1596.0          0.69986
1597.0          0.69916
1598.0          0.69846
1599.0          0.69774
1600.0          0.69703
1601.0          0.69631
1602.0          0.69558
1603.0          0.69485
1604.0          0.69411
1605.0          0.69337
1606.0          0.69262
1607.0          0.69188
1608.0          0.69112
1609.0          0.69037
1610.0          0.68961
1611.0          0.68885
1612.0          0.68808
1613.0          0.68732
1614.0          0.68655
1615.0          0.68578
1616.0          0.68501
1617.0          0.68423
1618.0          0.68346
1619.0          0.68268
1620.0          0.68190
1621.0          0.68112
1622.0          0.68034
1623.0          0.67956
1624.0          0.67878
1625.0          0.67800
1626.0          0.67721
1627.0          0.67643
1628.0          0.67565
1629.0          0.67486
1630.0          0.67408
1631.0          0.67330
1632.0          0.67251
1633.0          0.67173
1634.0          0.67094
1635.0          0.67016
1636.0          0.66938
1637.0          0.66860
1638.0          0.66782
1639.0          0.66704
1640.0          0.66625
1641.0          0.66548
1642.0          0.66470
1643.0          0.66392
1644.0          0.66314
1645.0          0.66237
1646.0          0.66159
1647.0          0.66082
1648.0          0.66005
1649.0          0.65928
1650.0          0.65851
1400.0          1.0000
1401.0          1.0000
1402.0          1.0000
1403.0          1.0000
1404.0          1.0000
1405.0          1.0000
1406.0          1.0000
1407.0          1.0000
1408.0          1.0000
1409.0          1.0000
1410.0          1.0000
1411.0          1.0000
1412.0          1.0000
1413.0          1.0000
1414.0          1.0000
1415.0          1.0000
1416.0          1.0000
1417.0          1.0000
1418.0          1.0000
1419.0          1.0000
1420.0          1.0000
1421.0          1.0000
1422.0          1.0000
1423.0          1.0000
1424.0          1.0000
1425.0          1.0000
1426.0          1.0000
1427.0          1.0000
1428.0          1.0000
1429.0          1.0000
1430.0          1.0000
1431.0          1.0000
1432.0          1.0000
1433.0          1.0000
1434.0          1.0000
1435.0          1.0000
1436.0          1.0000
1437.0          1.0000
1438.0          1.0000
1439.0          1.0000
1440.0          1.0000
1441.0          1.0000
1442.0          1.0000
1443.0          1.0000
1444.0          1.0000
1445.0          1.0000
1446.0          1.0000
1447.0          1.0000
1448.0          1.0000
1449.0          1.0000
1450.0          1.0000
1451.0          1.0000
1452.0          1.0000
1453.0          1.0000
1454.0          1.0000
1455.0          1.0000
1456.0          1.0000
1457.0          1.0000
1458.0          1.0000
1459.0          1.0000
1460.0          1.0000
1461.0          1.0000
1462.0          1.0000
1463.0          1.0000
1464.0          1.0000
1465.0          1.0000
1466.0          1.0000
1467.0          1.0000
1468.0          1.0000
1469.0          1.0000
1470.0          1.0000
1471.0          1.0000
1472.0          1.0000
1473.0          1.0000
1474.0          1.0000
1475.0          1.0000
1476.0          1.0000
1477.0          1.0000
1478.0          1.0000
1479.0          1.0000
1480.0          1.0000
1481.0          1.0000
1482.0          1.0000
1483.0          1.0000
1484.0          1.0000
1485.0          1.0000
1486.0          1.0000
1487.0          1.0000
1488.0          1.0000
1489.0          1.0000
1490.0          1.0000
1491.0          1.0000
1492.0          1.0000
1493.0          1.0000
1494.0          1.0000
1495.0          1.0000
1496.0          1.0000
1497.0          1.0000
1498.0          1.0000
1499.0          1.0000
1500.0          1.0000
1501.0          1.0000
1502.0          1.0000
1503.0          1.0000
1504.0          1.0000
1505.0          1.0000
1506.0          1.0000
1507.0          1.0000
1508.0          1.0000
1509.0          1.0000
1510.0          1.0000
1511.0          1.0000
1512.0          1.0000
1513.0          1.0000
1514.0          1.0000
1515.0          1.0000
1516.0          1.0000
1517.0          1.0000
1518.0          1.0000
1519.0          1.0000
1520.0          1.0000
1521.0          1.0000
1522.0          1.0000
1523.0          1.0000
1524.0          1.0000
1525.0          1.0000
1526.0          1.0000
1527.0          1.0000
1528.0          1.0000
1529.0          1.0000
1530.0          1.0000
1531.0          1.0000
1532.0          1.0000
1533.0          1.0000
1534.0          1.0000
1535.0          1.0000
1536.0          1.0000
1537.0          1.0000
1538.0          1.0000
1539.0          1.0000
1540.0          1.0000
1541.0          1.0000
1542.0          1.0000
1543.0          1.0000
1544.0          1.0000
1545.0          1.0000
1546.0          1.0000
1547.0          1.0000
1548.0          1.0000
1549.0          1.0000
1550.0          1.0000
1551.0          1.0000
1552.0          1.0000
1553.0          1.0000
1554.0          1.0000
1555.0          1.0000
1556.0          1.0000
1557.0          1.0000
1558.0          1.0000
1559.0          1.0000
1560.0          1.0000
1561.0          1.0000
1562.0          1.0000
1563.0          1.0000
1564.0          1.0000
1565.0          1.0000
1566.0          1.0000
1567.0          1.0000
1568.0          1.0000
1569.0          1.0000
1570.0          1.0000
1571.0          1.0000
1572.0          1.0000
1573.0          1.0000
1574.0          1.0000
1575.0          1.0000
1576.0          1.0000
1577.0          1.0000
1578.0          1.0000
1579.0          1.0000
1580.0          1.0000
1581.0          1.0000
1582.0          1.0000
1583.0          1.0000
1584.0          1.0000
1585.0          1.0000
1586.0          1.0000
1587.0          1.0000
1588.0          1.0000
1589.0          1.0000
1590.0          1.0000
1591.0          1.0000
1592.0          1.0000
1593.0          1.0000
1594.0          1.0000
1595.0          1.0000
1596.0          1.0000
1597.0          1.0000
1598.0          1.0000
1599.0          1.0000
1600.0          1.0000
1601.0          1.0000
1602.0          1.0000
1603.0          1.0000
1604.0          1.0000
1605.0          1.0000
1606.0          1.0000
1607.0          1.0000
1608.0          1.0000
1609.0          1.0000
1610.0          1.0000
1611.0          1.0000
1612.0          1.0000
1613.0          1.0000
1614.0          1.0000
1615.0          1.0000
1616.0          1.0000
1617.0          1.0000
1618.0          1.0000
1619.0          1.0000
1620.0          1.0000
1621.0          1.0000
1622.0          1.0000
1623.0          1.0000
1624.0          1.0000
1625.0          1.0000
1626.0          1.0000
1627.0          1.0000
1628.0          1.0000
1629.0          1.0000
1630.0          1.0000
1631.0          1.0000
1632.0          1.0000
1633.0          1.0000
1634.0          1.0000
1635.0          1.0000
1636.0          1.0000
1637.0          1.0000
1638.0          1.0000
1639.0          1.0000
1640.0          1.0000
1641.0          1.0000
1642.0          1.0000
1643.0          1.0000
1644.0          1.0000
1645.0          1.0000
1646.0          1.0000
1647.0          1.0000
1648.0          1.0000
1649.0          1.0000
1650.0          1.0000
1400.0          -2.2204E-16
1401.0          2.2204E-16
1402.0          2.4425E-15
1403.0          8.8818E-16
1404.0          -3.1086E-15
1405.0          4.2188E-15
1406.0          1.1102E-15
1407.0          3.6637E-15
1408.0          9.9920E-16
1409.0          3.3307E-15
1410.0          1.3323E-15
1411.0          3.4417E-15
1412.0          -1.1102E-15
1413.0          1.1102E-15
1414.0          -8.8818E-16
1415.0          -1.7764E-15
1416.0          -2.2204E-15
1417.0          3.8858E-15
1418.0          3.7748E-15
1419.0          -6.8834E-15
1420.0          -1.7764E-15
1421.0          3.1086E-15
1422.0          3.1086E-15
1423.0          1.1102E-16
1424.0          -1.1102E-15
1425.0          1.5543E-15
1426.0          2.9976E-15
1427.0          6.6613E-16
1428.0          -3.1086E-15
1429.0          8.8818E-16
1430.0          3.3307E-15
1431.0          -2.2204E-16
1432.0          -2.2204E-16
1433.0          2.1094E-15
1434.0          4.4409E-16
1435.0          4.2188E-15
1436.0          -4.4409E-16
1437.0          1.4433E-15
1438.0          -2.6645E-15
1439.0          -6.6613E-16
1440.0          -6.6613E-16
1441.0          -2.6645E-15
1442.0          0.0000
1443.0          2.2204E-16
1444.0          1.1102E-16
1445.0          -2.2204E-16
1446.0          2.7756E-15
1447.0          2.2204E-16
1448.0          -1.1102E-15
1449.0          8.8818E-16
1450.0          1.7764E-15
1451.0          8.8818E-16
1452.0          -1.7764E-15
1453.0          3.4417E-15
1454.0          2.2204E-15
1455.0          2.3315E-15
1456.0          1.4433E-15
1457.0          1.7764E-15
1458.0          3.5527E-15
1459.0          -1.5543E-15
1460.0          4.5519E-15
1461.0          -3.7748E-15
1462.0          7.7716E-16
1463.0          1.7764E-15
1464.0          -8.8818E-16
1465.0          1.6653E-15
1466.0          -2.6645E-15
1467.0          -2.2204E-16
1468.0          -1.3323E-15
1469.0          -1.9984E-15
1470.0          1.1324E-14
1471.0          7.8826E-15
1472.0          8.8818E-16
1473.0          1.5543E-15
1474.0          8.8818E-16
1475.0          -3.3307E-15
1476.0          -3.3307E-15
1477.0          7.7716E-16
1478.0          3.3307E-16
1479.0          -3.5527E-15
1480.0          -1.9984E-15
1481.0          2.8866E-15
1482.0          0.0000
1483.0          -2.8866E-15
1484.0          -1.3323E-15
1485.0          1.5543E-15
1486.0          -3.1086E-15
1487.0          2.9976E-15
1488.0          -2.2204E-15
1489.0          1.9984E-15
1490.0          6.6613E-16
1491.0          -4.4409E-16
1492.0          7.7716E-16
1493.0          -1.5543E-15
1494.0          -2.6645E-15
1495.0          1.6653E-15
1496.0          2.6645E-15
1497.0          4.9960E-15
1498.0          -7.5495E-15
1499.0          2.5535E-15
1500.0          3.1086E-15
1501.0          2.2204E-16
1502.0          7.1054E-15
1503.0          4.4409E-16
1504.0          -2.2204E-16
1505.0          -3.5527E-15
1506.0          -2.4425E-15
1507.0          -4.4409E-15
1508.0          5.1070E-15
1509.0          1.1768E-14
1510.0          -4.2188E-15
1511.0          -1.0214E-14
1512.0          -5.9952E-15
1513.0          2.9532E-14
1514.0          -3.9524E-14
1515.0          -2.3093E-14
1516.0          2.8422E-14
1517.0          -6.8834E-15
1518.0          6.8723E-14
1519.0          3.0975E-14
1520.0          1.1102E-14
1521.0          9.8810E-15
1522.0          -8.8818E-16
1523.0          6.6613E-16
1524.0          -4.4409E-15
1525.0          -3.5527E-15
1526.0          1.1990E-14
1527.0          -3.7748E-15
1528.0          -7.1054E-15
1529.0          1.9984E-15
1530.0          -3.7748E-15
1531.0          2.4425E-15
1532.0          -1.3323E-15
1533.0          -4.4409E-16
1534.0          -8.8818E-16
1535.0          5.5511E-16
1536.0          1.3323E-15
1537.0          -4.4409E-16
1538.0          2.5535E-15
1539.0          8.8818E-16
1540.0          -1.3323E-15
1541.0          -2.2204E-15
1542.0          1.1102E-15
1543.0          1.7764E-15
1544.0          1.9984E-15
1545.0          -6.6613E-16
1546.0          -1.5543E-15
1547.0          2.2204E-16
1548.0          4.4409E-16
1549.0          1.7764E-15
1550.0          -1.1102E-15
1551.0          -4.4409E-16
1552.0          7.7716E-16
1553.0          1.3323E-15
1554.0          2.2204E-15
1555.0          -8.8818E-16
1556.0          0.0000
1557.0          3.4417E-15
1558.0          2.2204E-16
1559.0          -2.2204E-16
1560.0          -1.7764E-15
1561.0          -6.6613E-16
1562.0          -2.2204E-16
1563.0          -2.2204E-16
1564.0          2.2204E-16
1565.0          -3.1086E-15
1566.0          2.8866E-15
1567.0          -8.8818E-16
1568.0          8.8818E-16
1569.0          -2.8866E-15
1570.0          -1.9984E-15
1571.0          -2.2204E-16
1572.0          1.9984E-15
1573.0          1.4433E-15
1574.0          2.7756E-15
1575.0          -2.2204E-15
1576.0          2.4425E-15
1577.0          -4.4409E-15
1578.0          -3.5527E-15
1579.0          5.5511E-16
1580.0          -1.3323E-15
1581.0          -4.4409E-16
1582.0          2.2204E-15
1583.0          -8.8818E-16
1584.0          1.1102E-15
1585.0          2.4425E-15
1586.0          -2.4425E-15
1587.0          1.1102E-16
1588.0          4.1078E-15
1589.0          1.6653E-15
1590.0          -1.7764E-15
1591.0          1.3323E-15
1592.0          -4.4409E-16
1593.0          0.0000
1594.0          -6.6613E-16
1595.0          6.6613E-16
1596.0          -1.5543E-15
1597.0          -3.1086E-15
1598.0          -4.4409E-16
1599.0          -2.2204E-15
1600.0          1.7764E-15
1601.0          6.6613E-16
1602.0          -2.2204E-16
1603.0          -2.2204E-15
1604.0          -4.4409E-15
1605.0          8.8818E-16
1606.0          2.2204E-15
1607.0          1.4433E-15
1608.0          6.6613E-16
1609.0          1.7764E-15
1610.0          1.9984E-15
1611.0          -1.7764E-15
1612.0          0.0000
1613.0          0.0000
1614.0          8.8818E-16
1615.0          -2.2204E-15
1616.0          -1.9984E-15
1617.0          2.2204E-16
1618.0          1.8874E-15
1619.0          -6.6613E-16
1620.0          -8.8818E-16
1621.0          -1.5543E-15
1622.0          1.7764E-15
1623.0          -4.4409E-16
1624.0          3.3307E-15
1625.0          6.6613E-16
1626.0          -1.3323E-15
1627.0          -8.8818E-16
1628.0          -4.4409E-16
1629.0          1.9984E-15
1630.0          -8.8818E-16
1631.0          1.7764E-15
1632.0          1.3323E-15
1633.0          -1.1102E-15
1634.0          -2.2204E-16
1635.0          8.8818E-16
1636.0          -1.9984E-15
1637.0          -1.9984E-15
1638.0          -8.8818E-16
1639.0          1.7764E-15
1640.0          -1.9984E-15
1641.0          -2.2204E-15
1642.0          3.5527E-15
1643.0          -2.2204E-15
1644.0          -4.4409E-16
1645.0          2.2204E-16
1646.0          0.0000
1647.0          2.2204E-16
1648.0          -2.6645E-15
1649.0          1.1102E-16
1650.0          2.8866E-15
