1400.0          0.86797
1401.0          0.86622
1402.0          0.86453
1403.0          0.86290
1404.0          0.86131
1405.0          0.85977
1406.0          0.85826
1407.0          0.85680
1408.0          0.85536
1409.0          0.85396
1410.0          0.85258
1411.0          0.85123
1412.0          0.84990
1413.0          0.84860
1414.0          0.84732
1415.0          0.84606
1416.0          0.84482
1417.0          0.84360
1418.0          0.84240
1419.0          0.84122
1420.0          0.84005
1421.0          0.83890
1422.0          0.83776
1423.0          0.83663
1424.0          0.83552
1425.0          0.83443
1426.0          0.83335
1427.0          0.83228
1428.0          0.83122
1429.0          0.83017
1430.0          0.82914
1431.0          0.82811
1432.0          0.82710
1433.0          0.82610
1434.0          0.82510
1435.0          0.82412
1436.0          0.82315
1437.0          0.82218
1438.0          0.82123
1439.0          0.82028
1440.0          0.81934
1441.0          0.81841
1442.0          0.81749
1443.0          0.81657
1444.0          0.81567
1445.0          0.81477
1446.0          0.81388
1447.0          0.81299
1448.0          0.81211
1449.0          0.81124
1450.0          0.81038
1451.0          0.80952
1452.0          0.80867
1453.0          0.80782
1454.0          0.80699
1455.0          0.80615
1456.0          0.80532
1457.0          0.80450
1458.0          0.80369
1459.0          0.80287
1460.0          0.80207
1461.0          0.80127
1462.0          0.80047
1463.0          0.79968
1464.0          0.79889
1465.0          0.79811
1466.0          0.79733
1467.0          0.79656
1468.0          0.79579
1469.0          0.79503
1470.0          0.79427
1471.0          0.79351
1472.0          0.79276
1473.0          0.79201
1474.0          0.79127
1475.0          0.79053
1476.0          0.78979
1477.0          0.78906
1478.0          0.78833
1479.0          0.78760
1480.0          0.78688
1481.0          0.78616
1482.0          0.78544
1483.0          0.78473
1484.0          0.78402
1485.0          0.78331
1486.0          0.78261
1487.0          0.78190
1488.0          0.78121
1489.0          0.78051
1490.0          0.77981
1491.0          0.77912
1492.0          0.77843
1493.0          0.77775
1494.0          0.77706
1495.0          0.77638
1496.0          0.77570
1497.0          0.77502
1498.0          0.77434
1499.0          0.77367
1500.0          0.77300
1501.0          0.77233
1502.0          0.77166
1503.0          0.77099
1504.0          0.77033
1505.0          0.76966
1506.0          0.76900
1507.0          0.76834
1508.0          0.76768
1509.0          0.76702
1510.0          0.76637
1511.0          0.76571
1512.0          0.76506
1513.0          0.76441
1514.0          0.76376
1515.0          0.76311
1516.0          0.76246
1517.0          0.76181
1518.0          0.76116
1519.0          0.76052
1520.0          0.75987
1521.0          0.75923
1522.0          0.75858
1523.0          0.75794
1524.0          0.75730
1525.0          0.75666
1526.0          0.75601
1527.0          0.75537
1528.0          0.75473
1529.0          0.75409
1530.0          0.75345
1531.0          0.75282
1532.0          0.75218
1533.0          0.75154
1534.0          0.75090
1535.0          0.75026
1536.0          0.74962
1537.0          0.74898
1538.0          0.74835
1539.0          0.74771
1540.0          0.74707
1541.0          0.74643
1542.0          0.74579
1543.0          0.74515
1544.0          0.74451
1545.0          0.74387
1546.0          0.74323
1547.0          0.74259
1548.0          0.74195
1549.0          0.74131
1550.0          0.74066
1551.0          0.74002
1552.0          0.73937
1553.0          0.73873
1554.0          0.73808
1555.0          0.73744
1556.0          0.73679
1557.0          0.73614
1558.0          0.73549
1559.0          0.73484
1560.0          0.73419
1561.0          0.73353
1562.0          0.73288
1563.0          0.73222
1564.0          0.73157
1565.0          0.73091
1566.0          0.73025
1567.0          0.72958
1568.0          0.72892
1569.0          0.72826
1570.0          0.72759
1571.0          0.72692
1572.0          0.72625
1573.0          0.72558
1574.0          0.72490
1575.0          0.72422
1576.0          0.72354
1577.0          0.72286
1578.0          0.72218
1579.0          0.72149
1580.0          0.72081
1581.0          0.72011
1582.0          0.71942
1583.0          0.71872
1584.0          0.71803
1585.0          0.71732
1586.0          0.71662
1587.0          0.71591
1588.0          0.71520
1589.0          0.71449
1590.0          0.71377
1591.0          0.71305
1592.0          0.71232
1593.0          0.71160
1594.0          0.71087
1595.0          0.71013
1596.0          0.70939
1597.0          0.70865
1598.0          0.70790
1599.0          0.70715
1600.0          0.70640
1601.0          0.70564
1602.0          0.70487
1603.0          0.70410
1604.0          0.70333
1605.0          0.70255
1606.0          0.70177
1607.0          0.70098
1608.0          0.70019
1609.0          0.69939
1610.0          0.69859
1611.0          0.69778
1612.0          0.69696
1613.0          0.69614
1614.0          0.69531
1615.0          0.69448
1616.0          0.69364
1617.0          0.69279
1618.0          0.69194
1619.0          0.69108
1620.0          0.69021
1621.0          0.68934
1622.0          0.68846
1623.0          0.68757
1624.0          0.68667
1625.0          0.68577
1626.0          0.68485
1627.0          0.68393
1628.0          0.68300
1629.0          0.68206
1630.0          0.68111
1631.0          0.68015
1632.0          0.67918
1633.0          0.67821
1634.0          0.67722
1635.0          0.67622
1636.0          0.67521
1637.0          0.67419
1638.0          0.67316
1639.0          0.67212
1640.0          0.67106
1641.0          0.66999
1642.0          0.66891
1643.0          0.66782
1644.0          0.66671
1645.0          0.66559
1646.0          0.66446
1647.0          0.66331
1648.0          0.66214
1649.0          0.66096
1650.0          0.65976
1400.0          0.13203
1401.0          0.13378
1402.0          0.13547
1403.0          0.13710
1404.0          0.13869
1405.0          0.14023
1406.0          0.14174
1407.0          0.14320
1408.0          0.14464
1409.0          0.14604
1410.0          0.14742
1411.0          0.14877
1412.0          0.15010
1413.0          0.15140
1414.0          0.15268
1415.0          0.15394
1416.0          0.15518
1417.0          0.15640
1418.0          0.15760
1419.0          0.15878
1420.0          0.15995
1421.0          0.16110
1422.0          0.16224
1423.0          0.16337
1424.0          0.16448
1425.0          0.16557
1426.0          0.16665
1427.0          0.16772
1428.0          0.16878
1429.0          0.16983
1430.0          0.17086
1431.0          0.17189
1432.0          0.17290
1433.0          0.17390
1434.0          0.17490
1435.0          0.17588
1436.0          0.17685
1437.0          0.17782
1438.0          0.17877
1439.0          0.17972
1440.0          0.18066
1441.0          0.18159
1442.0          0.18251
1443.0          0.18343
1444.0          0.18433
1445.0          0.18523
1446.0          0.18612
1447.0          0.18701
1448.0          0.18789
1449.0          0.18876
1450.0          0.18962
1451.0          0.19048
1452.0          0.19133
1453.0          0.19218
1454.0          0.19301
1455.0          0.19385
1456.0          0.19468
1457.0          0.19550
1458.0          0.19631
1459.0          0.19713
1460.0          0.19793
1461.0          0.19873
1462.0          0.19953
1463.0          0.20032
1464.0          0.20111
1465.0          0.20189
1466.0          0.20267
1467.0          0.20344
1468.0          0.20421
1469.0          0.20497
1470.0          0.20573
1471.0          0.20649
1472.0          0.20724
1473.0          0.20799
1474.0          0.20873
1475.0          0.20947
1476.0          0.21021
1477.0          0.21094
1478.0          0.21167
1479.0          0.21240
1480.0          0.21312
1481.0          0.21384
1482.0          0.21456
1483.0          0.21527
1484.0          0.21598
1485.0          0.21669
1486.0          0.21739
1487.0          0.21810
1488.0          0.21879
1489.0          0.21949
1490.0          0.22019
1491.0          0.22088
1492.0          0.22157
1493.0          0.22225
1494.0          0.22294
1495.0          0.22362
1496.0          0.22430
1497.0          0.22498
1498.0          0.22566
1499.0          0.22633
1500.0          0.22700
1501.0          0.22767
1502.0          0.22834
1503.0          0.22901
1504.0          0.22967
1505.0          0.23034
1506.0          0.23100
1507.0          0.23166
1508.0          0.23232
1509.0          0.23298
1510.0          0.23363
1511.0          0.23429
1512.0          0.23494
1513.0          0.23559
1514.0          0.23624
1515.0          0.23689
1516.0          0.23754
1517.0          0.23819
1518.0          0.23884
1519.0          0.23948
1520.0          0.24013
1521.0          0.24077
1522.0          0.24142
1523.0          0.24206
1524.0          0.24270
1525.0          0.24334
1526.0          0.24399
1527.0          0.24463
1528.0          0.24527
1529.0          0.24591
1530.0          0.24655
1531.0          0.24718
1532.0          0.24782
1533.0          0.24846
1534.0          0.24910
1535.0          0.24974
1536.0          0.25038
1537.0          0.25102
1538.0          0.25165
1539.0          0.25229
1540.0          0.25293
1541.0          0.25357
1542.0          0.25421
1543.0          0.25485
1544.0          0.25549
1545.0          0.25613
1546.0          0.25677
1547.0          0.25741
1548.0          0.25805
1549.0          0.25869
1550.0          0.25934
1551.0          0.25998
1552.0          0.26063
1553.0          0.26127
1554.0          0.26192
1555.0          0.26256
1556.0          0.26321
1557.0          0.26386
1558.0          0.26451
1559.0          0.26516
1560.0          0.26581
1561.0          0.26647
1562.0          0.26712
1563.0          0.26778
1564.0          0.26843
1565.0          0.26909
1566.0          0.26975
1567.0          0.27042
1568.0          0.27108
1569.0          0.27174
1570.0          0.27241
1571.0          0.27308
1572.0          0.27375
1573.0          0.27442
1574.0          0.27510
1575.0          0.27578
1576.0          0.27646
1577.0          0.27714
1578.0          0.27782
1579.0          0.27851
1580.0          0.27919
1581.0          0.27989
1582.0          0.28058
1583.0          0.28128
1584.0          0.28197
1585.0          0.28268
1586.0          0.28338
1587.0          0.28409
1588.0          0.28480
1589.0          0.28551
1590.0          0.28623
1591.0          0.28695
1592.0          0.28768
1593.0          0.28840
1594.0          0.28913
1595.0          0.28987
1596.0          0.29061
1597.0          0.29135
1598.0          0.29210
1599.0          0.29285
1600.0          0.29360
1601.0          0.29436
1602.0          0.29513
1603.0          0.29590
1604.0          0.29667
1605.0          0.29745
1606.0          0.29823
1607.0          0.29902
1608.0          0.29981
1609.0          0.30061
1610.0          0.30141
1611.0          0.30222
1612.0          0.30304
1613.0          0.30386
1614.0          0.30469
1615.0          0.30552
1616.0          0.30636
1617.0          0.30721
1618.0          0.30806
1619.0          0.30892
1620.0          0.30979
1621.0          0.31066
1622.0          0.31154
1623.0          0.31243
1624.0          0.31333
1625.0          0.31423
1626.0          0.31515
1627.0          0.31607
1628.0          0.31700
1629.0          0.31794
1630.0          0.31889
1631.0          0.31985
1632.0          0.32082
1633.0          0.32179
1634.0          0.32278
1635.0          0.32378
1636.0          0.32479
1637.0          0.32581
1638.0          0.32684
1639.0          0.32788
1640.0          0.32894
1641.0          0.33001
1642.0          0.33109
1643.0          0.33218
1644.0          0.33329
1645.0          0.33441
1646.0          0.33554
1647.0          0.33669
1648.0          0.33786
1649.0          0.33904
1650.0          0.34024
1400.0          1.0000
1401.0          1.0000
1402.0          1.0000
1403.0          1.0000
1404.0          1.0000
1405.0          1.0000
1406.0          1.0000
1407.0          1.0000
1408.0          1.0000
1409.0          1.0000
1410.0          1.0000
1411.0          1.0000
1412.0          1.0000
1413.0          1.0000
1414.0          1.0000
1415.0          1.0000
1416.0          1.0000
1417.0          1.0000
1418.0          1.0000
1419.0          1.0000
1420.0          1.0000
1421.0          1.0000
1422.0          1.0000
1423.0          1.0000
1424.0          1.0000
1425.0          1.0000
1426.0          1.0000
1427.0          1.0000
1428.0          1.0000
1429.0          1.0000
1430.0          1.0000
1431.0          1.0000
1432.0          1.0000
1433.0          1.0000
1434.0          1.0000
1435.0          1.0000
1436.0          1.0000
1437.0          1.0000
1438.0          1.0000
1439.0          1.0000
1440.0          1.0000
1441.0          1.0000
1442.0          1.0000
1443.0          1.0000
1444.0          1.0000
1445.0          1.0000
1446.0          1.0000
1447.0          1.0000
1448.0          1.0000
1449.0          1.0000
1450.0          1.0000
1451.0          1.0000
1452.0          1.0000
1453.0          1.0000
1454.0          1.0000
1455.0          1.0000
1456.0          1.0000
1457.0          1.0000
1458.0          1.0000
1459.0          1.0000
1460.0          1.0000
1461.0          1.0000
1462.0          1.0000
1463.0          1.0000
1464.0          1.0000
1465.0          1.0000
1466.0          1.0000
1467.0          1.0000
1468.0          1.0000
1469.0          1.0000
1470.0          1.0000
1471.0          1.0000
1472.0          1.0000
1473.0          1.0000
1474.0          1.0000
1475.0          1.0000
1476.0          1.0000
1477.0          1.0000
1478.0          1.0000
1479.0          1.0000
1480.0          1.0000
1481.0          1.0000
1482.0          1.0000
1483.0          1.0000
1484.0          1.0000
1485.0          1.0000
1486.0          1.0000
1487.0          1.0000
1488.0          1.0000
1489.0          1.0000
1490.0          1.0000
1491.0          1.0000
1492.0          1.0000
1493.0          1.0000
1494.0          1.0000
1495.0          1.0000
1496.0          1.0000
1497.0          1.0000
1498.0          1.0000
1499.0          1.0000
1500.0          1.0000
1501.0          1.0000
1502.0          1.0000
1503.0          1.0000
1504.0          1.0000
1505.0          1.0000
1506.0          1.0000
1507.0          1.0000
1508.0          1.0000
1509.0          1.0000
1510.0          1.0000
1511.0          1.0000
1512.0          1.0000
1513.0          1.0000
1514.0          1.0000
1515.0          1.0000
1516.0          1.0000
1517.0          1.0000
1518.0          1.0000
1519.0          1.0000
1520.0          1.0000
1521.0          1.0000
1522.0          1.0000
1523.0          1.0000
1524.0          1.0000
1525.0          1.0000
1526.0          1.0000
1527.0          1.0000
1528.0          1.0000
1529.0          1.0000
1530.0          1.0000
1531.0          1.0000
1532.0          1.0000
1533.0          1.0000
1534.0          1.0000
1535.0          1.0000
1536.0          1.0000
1537.0          1.0000
1538.0          1.0000
1539.0          1.0000
1540.0          1.0000
1541.0          1.0000
1542.0          1.0000
1543.0          1.0000
1544.0          1.0000
1545.0          1.0000
1546.0          1.0000
1547.0          1.0000
1548.0          1.0000
1549.0          1.0000
1550.0          1.0000
1551.0          1.0000
1552.0          1.0000
1553.0          1.0000
1554.0          1.0000
1555.0          1.0000
1556.0          1.0000
1557.0          1.0000
1558.0          1.0000
1559.0          1.0000
1560.0          1.0000
1561.0          1.0000
1562.0          1.0000
1563.0          1.0000
1564.0          1.0000
1565.0          1.0000
1566.0          1.0000
1567.0          1.0000
1568.0          1.0000
1569.0          1.0000
1570.0          1.0000
1571.0          1.0000
1572.0          1.0000
1573.0          1.0000
1574.0          1.0000
1575.0          1.0000
1576.0          1.0000
1577.0          1.0000
1578.0          1.0000
1579.0          1.0000
1580.0          1.0000
1581.0          1.0000
1582.0          1.0000
1583.0          1.0000
1584.0          1.0000
1585.0          1.0000
1586.0          1.0000
1587.0          1.0000
1588.0          1.0000
1589.0          1.0000
1590.0          1.0000
1591.0          1.0000
1592.0          1.0000
1593.0          1.0000
1594.0          1.0000
1595.0          1.0000
1596.0          1.0000
1597.0          1.0000
1598.0          1.0000
1599.0          1.0000
1600.0          1.0000
1601.0          1.0000
1602.0          1.0000
1603.0          1.0000
1604.0          1.0000
1605.0          1.0000
1606.0          1.0000
1607.0          1.0000
1608.0          1.0000
1609.0          1.0000
1610.0          1.0000
1611.0          1.0000
1612.0          1.0000
1613.0          1.0000
1614.0          1.0000
1615.0          1.0000
1616.0          1.0000
1617.0          1.0000
1618.0          1.0000
1619.0          1.0000
1620.0          1.0000
1621.0          1.0000
1622.0          1.0000
1623.0          1.0000
1624.0          1.0000
1625.0          1.0000
1626.0          1.0000
1627.0          1.0000
1628.0          1.0000
1629.0          1.0000
1630.0          1.0000
1631.0          1.0000
1632.0          1.0000
1633.0          1.0000
1634.0          1.0000
1635.0          1.0000
1636.0          1.0000
1637.0          1.0000
1638.0          1.0000
1639.0          1.0000
1640.0          1.0000
1641.0          1.0000
1642.0          1.0000
1643.0          1.0000
1644.0          1.0000
1645.0          1.0000
1646.0          1.0000
1647.0          1.0000
1648.0          1.0000
1649.0          1.0000
1650.0          1.0000
1400.0          -4.2188E-15
1401.0          4.7740E-15
1402.0          -5.1070E-15
1403.0          -3.1086E-15
1404.0          -2.8866E-15
1405.0          -1.7764E-15
1406.0          -3.5527E-15
1407.0          1.8874E-15
1408.0          8.1046E-15
1409.0          -4.8850E-15
1410.0          -3.9968E-15
1411.0          3.3307E-16
1412.0          7.4385E-15
1413.0          -1.0214E-14
1414.0          -3.5527E-15
1415.0          9.5479E-15
1416.0          -2.2204E-15
1417.0          -1.1102E-15
1418.0          -8.4377E-15
1419.0          -5.5511E-15
1420.0          2.8866E-15
1421.0          3.6637E-15
1422.0          3.3307E-15
1423.0          -6.6613E-16
1424.0          -2.2204E-16
1425.0          8.8818E-16
1426.0          -2.2204E-16
1427.0          -1.9984E-15
1428.0          3.2196E-15
1429.0          5.7732E-15
1430.0          -1.5543E-15
1431.0          4.8850E-15
1432.0          2.4425E-15
1433.0          -3.3307E-15
1434.0          3.9968E-15
1435.0          3.4417E-15
1436.0          -4.2188E-15
1437.0          -2.2204E-15
1438.0          3.2196E-15
1439.0          -4.4409E-16
1440.0          -3.3307E-15
1441.0          -1.7764E-15
1442.0          -3.5527E-15
1443.0          7.7716E-16
1444.0          1.5543E-15
1445.0          -3.3307E-15
1446.0          5.5511E-16
1447.0          2.5535E-15
1448.0          -5.3291E-15
1449.0          4.3299E-15
1450.0          -1.1102E-15
1451.0          6.2172E-15
1452.0          -1.1102E-15
1453.0          0.0000
1454.0          -1.3323E-15
1455.0          -8.8818E-16
1456.0          6.6613E-16
1457.0          1.1102E-15
1458.0          6.6613E-16
1459.0          -1.3323E-15
1460.0          4.6629E-15
1461.0          4.6629E-15
1462.0          3.6637E-15
1463.0          -1.3323E-15
1464.0          -4.6629E-15
1465.0          1.2212E-15
1466.0          7.7716E-16
1467.0          5.5511E-16
1468.0          -2.8866E-15
1469.0          3.2196E-15
1470.0          2.7756E-15
1471.0          5.5511E-16
1472.0          5.5511E-16
1473.0          -8.8818E-16
1474.0          5.2180E-15
1475.0          -1.3323E-15
1476.0          -2.2204E-15
1477.0          9.9920E-16
1478.0          -2.6645E-15
1479.0          -3.3307E-15
1480.0          -7.5495E-15
1481.0          -3.9968E-15
1482.0          2.3315E-15
1483.0          -8.8818E-16
1484.0          7.7716E-16
1485.0          -2.4425E-15
1486.0          1.1102E-15
1487.0          8.8818E-16
1488.0          5.7732E-15
1489.0          -6.6613E-16
1490.0          3.4417E-15
1491.0          1.6653E-15
1492.0          -1.7764E-15
1493.0          8.8818E-16
1494.0          6.6613E-16
1495.0          1.5543E-15
1496.0          3.3307E-16
1497.0          -1.5543E-15
1498.0          -3.5527E-15
1499.0          -3.7748E-15
1500.0          -4.4409E-16
1501.0          6.6613E-16
1502.0          0.0000
1503.0          -8.8818E-16
1504.0          7.7716E-16
1505.0          -1.1102E-15
1506.0          -4.4409E-16
1507.0          -1.7764E-15
1508.0          -6.6613E-16
1509.0          -1.3323E-15
1510.0          0.0000
1511.0          1.8874E-15
1512.0          -6.6613E-16
1513.0          -3.1086E-15
1514.0          2.9976E-15
1515.0          0.0000
1516.0          -4.4409E-16
1517.0          -5.7732E-15
1518.0          -1.7764E-15
1519.0          -2.2204E-16
1520.0          1.1102E-16
1521.0          -3.5527E-15
1522.0          -1.3323E-15
1523.0          2.2204E-16
1524.0          2.9976E-15
1525.0          1.5543E-15
1526.0          2.2204E-16
1527.0          -1.1102E-15
1528.0          2.8866E-15
1529.0          -1.5543E-15
1530.0          -1.7764E-15
1531.0          1.1102E-15
1532.0          0.0000
1533.0          3.7748E-15
1534.0          -8.8818E-16
1535.0          -2.6645E-15
1536.0          -4.8850E-15
1537.0          1.1102E-15
1538.0          3.9968E-15
1539.0          2.6645E-15
1540.0          4.2188E-15
1541.0          2.2204E-16
1542.0          6.6613E-16
1543.0          6.6613E-16
1544.0          8.8818E-16
1545.0          7.7716E-16
1546.0          -1.3323E-15
1547.0          5.5511E-16
1548.0          -1.3323E-15
1549.0          -8.8818E-16
1550.0          1.9984E-15
1551.0          -2.8866E-15
1552.0          3.7748E-15
1553.0          7.7716E-16
1554.0          0.0000
1555.0          -2.2204E-16
1556.0          1.3323E-15
1557.0          3.4417E-15
1558.0          -3.3307E-15
1559.0          4.5519E-15
1560.0          -1.7764E-15
1561.0          -1.7764E-15
1562.0          -1.9984E-15
1563.0          1.9984E-15
1564.0          2.4425E-15
1565.0          -1.7764E-15
1566.0          -2.2204E-16
1567.0          -2.2204E-15
1568.0          -8.8818E-16
1569.0          3.3307E-15
1570.0          -4.4409E-15
1571.0          8.8818E-16
1572.0          -1.1102E-15
1573.0          1.3323E-15
1574.0          1.8874E-15
1575.0          -1.5543E-15
1576.0          1.7764E-15
1577.0          -8.8818E-16
1578.0          3.6637E-15
1579.0          4.4409E-15
1580.0          3.2196E-15
1581.0          -6.6613E-16
1582.0          -4.4409E-16
1583.0          2.6645E-15
1584.0          -2.6645E-15
1585.0          -3.1086E-15
1586.0          -2.2204E-16
1587.0          -1.3323E-15
1588.0          -1.7764E-15
1589.0          2.4425E-15
1590.0          1.1102E-15
1591.0          -6.6613E-16
1592.0          0.0000
1593.0          -2.2204E-16
1594.0          -1.3323E-15
1595.0          -2.2204E-16
1596.0          0.0000
1597.0          -1.7764E-15
1598.0          -5.3291E-15
1599.0          3.6637E-15
1600.0          -3.3307E-15
1601.0          1.4433E-15
1602.0          -1.7764E-15
1603.0          -6.6613E-16
1604.0          6.6613E-16
1605.0          2.5535E-15
1606.0          -1.7764E-15
1607.0          1.9984E-15
1608.0          -1.3323E-15
1609.0          4.2188E-15
1610.0          2.2204E-16
1611.0          -2.6645E-15
1612.0          8.8818E-16
1613.0          3.7748E-15
1614.0          7.7716E-16
1615.0          -1.3323E-15
1616.0          -2.6645E-15
1617.0          5.1070E-15
1618.0          2.5535E-15
1619.0          6.6613E-16
1620.0          -1.5543E-15
1621.0          -4.4409E-16
1622.0          -1.5543E-15
1623.0          3.3307E-16
1624.0          -4.4409E-16
1625.0          3.5527E-15
1626.0          -4.6629E-15
1627.0          1.7764E-15
1628.0          -2.2204E-16
1629.0          1.9984E-15
1630.0          -2.2204E-15
1631.0          3.3307E-16
1632.0          -2.2204E-16
1633.0          1.5543E-15
1634.0          2.3315E-15
1635.0          1.5543E-15
1636.0          5.5511E-16
1637.0          2.2204E-15
1638.0          -1.3323E-15
1639.0          1.8874E-15
1640.0          -2.4425E-15
1641.0          3.3307E-16
1642.0          0.0000
1643.0          -6.6613E-16
1644.0          -3.5527E-15
1645.0          2.2204E-16
1646.0          -1.1102E-15
1647.0          -3.7748E-15
1648.0          2.8866E-15
1649.0          -4.2188E-15
1650.0          4.3299E-15
