1400.0          0.47430
1401.0          0.47486
1402.0          0.47542
1403.0          0.47598
1404.0          0.47653
1405.0          0.47707
1406.0          0.47761
1407.0          0.47814
1408.0          0.47867
1409.0          0.47919
1410.0          0.47971
1411.0          0.48022
1412.0          0.48073
1413.0          0.48123
1414.0          0.48173
1415.0          0.48222
1416.0          0.48271
1417.0          0.48319
1418.0          0.48367
1419.0          0.48414
1420.0          0.48461
1421.0          0.48508
1422.0          0.48554
1423.0          0.48599
1424.0          0.48644
1425.0          0.48689
1426.0          0.48733
1427.0          0.48776
1428.0          0.48819
1429.0          0.48862
1430.0          0.48904
1431.0          0.48946
1432.0          0.48988
1433.0          0.49029
1434.0          0.49069
1435.0          0.49109
1436.0          0.49149
1437.0          0.49188
1438.0          0.49227
1439.0          0.49265
1440.0          0.49303
1441.0          0.49341
1442.0          0.49378
1443.0          0.49415
1444.0          0.49451
1445.0          0.49488
1446.0          0.49523
1447.0          0.49558
1448.0          0.49593
1449.0          0.49628
1450.0          0.49662
1451.0          0.49695
1452.0          0.49729
1453.0          0.49762
1454.0          0.49794
1455.0          0.49827
1456.0          0.49858
1457.0          0.49890
1458.0          0.49921
1459.0          0.49952
1460.0          0.49982
1461.0          0.50012
1462.0          0.50042
1463.0          0.50071
1464.0          0.50101
1465.0          0.50129
1466.0          0.50158
1467.0          0.50186
1468.0          0.50213
1469.0          0.50241
1470.0          0.50268
1471.0          0.50294
1472.0          0.50321
1473.0          0.50347
1474.0          0.50373
1475.0          0.50398
1476.0          0.50423
1477.0          0.50448
1478.0          0.50473
1479.0          0.50497
1480.0          0.50521
1481.0          0.50544
1482.0          0.50567
1483.0          0.50590
1484.0          0.50613
1485.0          0.50636
1486.0          0.50658
1487.0          0.50680
1488.0          0.50701
1489.0          0.50722
1490.0          0.50743
1491.0          0.50764
1492.0          0.50784
1493.0          0.50805
1494.0          0.50824
1495.0          0.50844
1496.0          0.50863
1497.0          0.50882
1498.0          0.50901
1499.0          0.50920
1500.0          0.50938
1501.0          0.50956
1502.0          0.50974
1503.0          0.50991
1504.0          0.51008
1505.0          0.51025
1506.0          0.51042
1507.0          0.51059
1508.0          0.51075
1509.0          0.51091
1510.0          0.51106
1511.0          0.51122
1512.0          0.51137
1513.0          0.51152
1514.0          0.51167
1515.0          0.51182
1516.0          0.51196
1517.0          0.51210
1518.0          0.51224
1519.0          0.51237
1520.0          0.51251
1521.0          0.51264
1522.0          0.51277
1523.0          0.51290
1524.0          0.51302
1525.0          0.51314
1526.0          0.51326
1527.0          0.51338
1528.0          0.51350
1529.0          0.51361
1530.0          0.51373
1531.0          0.51384
1532.0          0.51394
1533.0          0.51405
1534.0          0.51415
1535.0          0.51426
1536.0          0.51436
1537.0          0.51445
1538.0          0.51455
1539.0          0.51464
1540.0          0.51474
1541.0          0.51483
1542.0          0.51491
1543.0          0.51500
1544.0          0.51508
1545.0          0.51517
1546.0          0.51525
1547.0          0.51533
1548.0          0.51540
1549.0          0.51548
1550.0          0.51555
1551.0          0.51562
1552.0          0.51569
1553.0          0.51576
1554.0          0.51582
1555.0          0.51589
1556.0          0.51595
1557.0          0.51601
1558.0          0.51607
1559.0          0.51613
1560.0          0.51618
1561.0          0.51624
1562.0          0.51629
1563.0          0.51634
1564.0          0.51639
1565.0          0.51644
1566.0          0.51648
1567.0          0.51653
1568.0          0.51657
1569.0          0.51661
1570.0          0.51665
1571.0          0.51669
1572.0          0.51672
1573.0          0.51676
1574.0          0.51679
1575.0          0.51682
1576.0          0.51685
1577.0          0.51688
1578.0          0.51691
1579.0          0.51693
1580.0          0.51695
1581.0          0.51698
1582.0          0.51700
1583.0          0.51702
1584.0          0.51704
1585.0          0.51705
1586.0          0.51707
1587.0          0.51708
1588.0          0.51709
1589.0          0.51711
1590.0          0.51711
1591.0          0.51712
1592.0          0.51713
1593.0          0.51714
1594.0          0.51714
1595.0          0.51714
1596.0          0.51714
1597.0          0.51715
1598.0          0.51714
1599.0          0.51714
1600.0          0.51714
1601.0          0.51713
1602.0          0.51713
1603.0          0.51712
1604.0          0.51711
1605.0          0.51710
1606.0          0.51709
1607.0          0.51708
1608.0          0.51706
1609.0          0.51705
1610.0          0.51703
1611.0          0.51702
1612.0          0.51700
1613.0          0.51698
1614.0          0.51696
1615.0          0.51694
1616.0          0.51691
1617.0          0.51689
1618.0          0.51686
1619.0          0.51684
1620.0          0.51681
1621.0          0.51678
1622.0          0.51675
1623.0          0.51672
1624.0          0.51669
1625.0          0.51666
1626.0          0.51662
1627.0          0.51659
1628.0          0.51655
1629.0          0.51651
1630.0          0.51648
1631.0          0.51644
1632.0          0.51640
1633.0          0.51636
1634.0          0.51631
1635.0          0.51627
1636.0          0.51623
1637.0          0.51618
1638.0          0.51613
1639.0          0.51609
1640.0          0.51604
1641.0          0.51599
1642.0          0.51594
1643.0          0.51589
1644.0          0.51584
1645.0          0.51578
1646.0          0.51573
1647.0          0.51567
1648.0          0.51562
1649.0          0.51556
1650.0          0.51550
1400.0          0.52570
1401.0          0.52514
1402.0          0.52458
1403.0          0.52402
1404.0          0.52347
1405.0          0.52293
1406.0          0.52239
1407.0          0.52186
1408.0          0.52133
1409.0          0.52081
1410.0          0.52029
1411.0          0.51978
1412.0          0.51927
1413.0          0.51877
1414.0          0.51827
1415.0          0.51778
1416.0          0.51729
1417.0          0.51681
1418.0          0.51633
1419.0          0.51586
1420.0          0.51539
1421.0          0.51492
1422.0          0.51446
1423.0          0.51401
1424.0          0.51356
1425.0          0.51311
1426.0          0.51267
1427.0          0.51224
1428.0          0.51181
1429.0          0.51138
1430.0          0.51096
1431.0          0.51054
1432.0          0.51012
1433.0          0.50971
1434.0          0.50931
1435.0          0.50891
1436.0          0.50851
1437.0          0.50812
1438.0          0.50773
1439.0          0.50735
1440.0          0.50697
1441.0          0.50659
1442.0          0.50622
1443.0          0.50585
1444.0          0.50549
1445.0          0.50512
1446.0          0.50477
1447.0          0.50442
1448.0          0.50407
1449.0          0.50372
1450.0          0.50338
1451.0          0.50305
1452.0          0.50271
1453.0          0.50238
1454.0          0.50206
1455.0          0.50173
1456.0          0.50142
1457.0          0.50110
1458.0          0.50079
1459.0          0.50048
1460.0          0.50018
1461.0          0.49988
1462.0          0.49958
1463.0          0.49929
1464.0          0.49899
1465.0          0.49871
1466.0          0.49842
1467.0          0.49814
1468.0          0.49787
1469.0          0.49759
1470.0          0.49732
1471.0          0.49706
1472.0          0.49679
1473.0          0.49653
1474.0          0.49627
1475.0          0.49602
1476.0          0.49577
1477.0          0.49552
1478.0          0.49527
1479.0          0.49503
1480.0          0.49479
1481.0          0.49456
1482.0          0.49433
1483.0          0.49410
1484.0          0.49387
1485.0          0.49364
1486.0          0.49342
1487.0          0.49320
1488.0          0.49299
1489.0          0.49278
1490.0          0.49257
1491.0          0.49236
1492.0          0.49216
1493.0          0.49195
1494.0          0.49176
1495.0          0.49156
1496.0          0.49137
1497.0          0.49118
1498.0          0.49099
1499.0          0.49080
1500.0          0.49062
1501.0          0.49044
1502.0          0.49026
1503.0          0.49009
1504.0          0.48992
1505.0          0.48975
1506.0          0.48958
1507.0          0.48941
1508.0          0.48925
1509.0          0.48909
1510.0          0.48894
1511.0          0.48878
1512.0          0.48863
1513.0          0.48848
1514.0          0.48833
1515.0          0.48818
1516.0          0.48804
1517.0          0.48790
1518.0          0.48776
1519.0          0.48763
1520.0          0.48749
1521.0          0.48736
1522.0          0.48723
1523.0          0.48710
1524.0          0.48698
1525.0          0.48686
1526.0          0.48674
1527.0          0.48662
1528.0          0.48650
1529.0          0.48639
1530.0          0.48627
1531.0          0.48616
1532.0          0.48606
1533.0          0.48595
1534.0          0.48585
1535.0          0.48574
1536.0          0.48564
1537.0          0.48555
1538.0          0.48545
1539.0          0.48536
1540.0          0.48526
1541.0          0.48517
1542.0          0.48509
1543.0          0.48500
1544.0          0.48492
1545.0          0.48483
1546.0          0.48475
1547.0          0.48467
1548.0          0.48460
1549.0          0.48452
1550.0          0.48445
1551.0          0.48438
1552.0          0.48431
1553.0          0.48424
1554.0          0.48418
1555.0          0.48411
1556.0          0.48405
1557.0          0.48399
1558.0          0.48393
1559.0          0.48387
1560.0          0.48382
1561.0          0.48376
1562.0          0.48371
1563.0          0.48366
1564.0          0.48361
1565.0          0.48356
1566.0          0.48352
1567.0          0.48347
1568.0          0.48343
1569.0          0.48339
1570.0          0.48335
1571.0          0.48331
1572.0          0.48328
1573.0          0.48324
1574.0          0.48321
1575.0          0.48318
1576.0          0.48315
1577.0          0.48312
1578.0          0.48309
1579.0          0.48307
1580.0          0.48305
1581.0          0.48302
1582.0          0.48300
1583.0          0.48298
1584.0          0.48296
1585.0          0.48295
1586.0          0.48293
1587.0          0.48292
1588.0          0.48291
1589.0          0.48289
1590.0          0.48289
1591.0          0.48288
1592.0          0.48287
1593.0          0.48286
1594.0          0.48286
1595.0          0.48286
1596.0          0.48286
1597.0          0.48285
1598.0          0.48286
1599.0          0.48286
1600.0          0.48286
1601.0          0.48287
1602.0          0.48287
1603.0          0.48288
1604.0          0.48289
1605.0          0.48290
1606.0          0.48291
1607.0          0.48292
1608.0          0.48294
1609.0          0.48295
1610.0          0.48297
1611.0          0.48298
1612.0          0.48300
1613.0          0.48302
1614.0          0.48304
1615.0          0.48306
1616.0          0.48309
1617.0          0.48311
1618.0          0.48314
1619.0          0.48316
1620.0          0.48319
1621.0          0.48322
1622.0          0.48325
1623.0          0.48328
1624.0          0.48331
1625.0          0.48334
1626.0          0.48338
1627.0          0.48341
1628.0          0.48345
1629.0          0.48349
1630.0          0.48352
1631.0          0.48356
1632.0          0.48360
1633.0          0.48364
1634.0          0.48369
1635.0          0.48373
1636.0          0.48377
1637.0          0.48382
1638.0          0.48387
1639.0          0.48391
1640.0          0.48396
1641.0          0.48401
1642.0          0.48406
1643.0          0.48411
1644.0          0.48416
1645.0          0.48422
1646.0          0.48427
1647.0          0.48433
1648.0          0.48438
1649.0          0.48444
1650.0          0.48450
1400.0          1.0000
1401.0          1.0000
1402.0          1.0000
1403.0          1.0000
1404.0          1.0000
1405.0          1.0000
1406.0          1.0000
1407.0          1.0000
1408.0          1.0000
1409.0          1.0000
1410.0          1.0000
1411.0          1.0000
1412.0          1.0000
1413.0          1.0000
1414.0          1.0000
1415.0          1.0000
1416.0          1.0000
1417.0          1.0000
1418.0          1.0000
1419.0          1.0000
1420.0          1.0000
1421.0          1.0000
1422.0          1.0000
1423.0          1.0000
1424.0          1.0000
1425.0          1.0000
1426.0          1.0000
1427.0          1.0000
1428.0          1.0000
1429.0          1.0000
1430.0          1.0000
1431.0          1.0000
1432.0          1.0000
1433.0          1.0000
1434.0          1.0000
1435.0          1.0000
1436.0          1.0000
1437.0          1.0000
1438.0          1.0000
1439.0          1.0000
1440.0          1.0000
1441.0          1.0000
1442.0          1.0000
1443.0          1.0000
1444.0          1.0000
1445.0          1.0000
1446.0          1.0000
1447.0          1.0000
1448.0          1.0000
1449.0          1.0000
1450.0          1.0000
1451.0          1.0000
1452.0          1.0000
1453.0          1.0000
1454.0          1.0000
1455.0          1.0000
1456.0          1.0000
1457.0          1.0000
1458.0          1.0000
1459.0          1.0000
1460.0          1.0000
1461.0          1.0000
1462.0          1.0000
1463.0          1.0000
1464.0          1.0000
1465.0          1.0000
1466.0          1.0000
1467.0          1.0000
1468.0          1.0000
1469.0          1.0000
1470.0          1.0000
1471.0          1.0000
1472.0          1.0000
1473.0          1.0000
1474.0          1.0000
1475.0          1.0000
1476.0          1.0000
1477.0          1.0000
1478.0          1.0000
1479.0          1.0000
1480.0          1.0000
1481.0          1.0000
1482.0          1.0000
1483.0          1.0000
1484.0          1.0000
1485.0          1.0000
1486.0          1.0000
1487.0          1.0000
1488.0          1.0000
1489.0          1.0000
1490.0          1.0000
1491.0          1.0000
1492.0          1.0000
1493.0          1.0000
1494.0          1.0000
1495.0          1.0000
1496.0          1.0000
1497.0          1.0000
1498.0          1.0000
1499.0          1.0000
1500.0          1.0000
1501.0          1.0000
1502.0          1.0000
1503.0          1.0000
1504.0          1.0000
1505.0          1.0000
1506.0          1.0000
1507.0          1.0000
1508.0          1.0000
1509.0          1.0000
1510.0          1.0000
1511.0          1.0000
1512.0          1.0000
1513.0          1.0000
1514.0          1.0000
1515.0          1.0000
1516.0          1.0000
1517.0          1.0000
1518.0          1.0000
1519.0          1.0000
1520.0          1.0000
1521.0          1.0000
1522.0          1.0000
1523.0          1.0000
1524.0          1.0000
1525.0          1.0000
1526.0          1.0000
1527.0          1.0000
1528.0          1.0000
1529.0          1.0000
1530.0          1.0000
1531.0          1.0000
1532.0          1.0000
1533.0          1.0000
1534.0          1.0000
1535.0          1.0000
1536.0          1.0000
1537.0          1.0000
1538.0          1.0000
1539.0          1.0000
1540.0          1.0000
1541.0          1.0000
1542.0          1.0000
1543.0          1.0000
1544.0          1.0000
1545.0          1.0000
1546.0          1.0000
1547.0          1.0000
1548.0          1.0000
1549.0          1.0000
1550.0          1.0000
1551.0          1.0000
1552.0          1.0000
1553.0          1.0000
1554.0          1.0000
1555.0          1.0000
1556.0          1.0000
1557.0          1.0000
1558.0          1.0000
1559.0          1.0000
1560.0          1.0000
1561.0          1.0000
1562.0          1.0000
1563.0          1.0000
1564.0          1.0000
1565.0          1.0000
1566.0          1.0000
1567.0          1.0000
1568.0          1.0000
1569.0          1.0000
1570.0          1.0000
1571.0          1.0000
1572.0          1.0000
1573.0          1.0000
1574.0          1.0000
1575.0          1.0000
1576.0          1.0000
1577.0          1.0000
1578.0          1.0000
1579.0          1.0000
1580.0          1.0000
1581.0          1.0000
1582.0          1.0000
1583.0          1.0000
1584.0          1.0000
1585.0          1.0000
1586.0          1.0000
1587.0          1.0000
1588.0          1.0000
1589.0          1.0000
1590.0          1.0000
1591.0          1.0000
1592.0          1.0000
1593.0          1.0000
1594.0          1.0000
1595.0          1.0000
1596.0          1.0000
1597.0          1.0000
1598.0          1.0000
1599.0          1.0000
1600.0          1.0000
1601.0          1.0000
1602.0          1.0000
1603.0          1.0000
1604.0          1.0000
1605.0          1.0000
1606.0          1.0000
1607.0          1.0000
1608.0          1.0000
1609.0          1.0000
1610.0          1.0000
1611.0          1.0000
1612.0          1.0000
1613.0          1.0000
1614.0          1.0000
1615.0          1.0000
1616.0          1.0000
1617.0          1.0000
1618.0          1.0000
1619.0          1.0000
1620.0          1.0000
1621.0          1.0000
1622.0          1.0000
1623.0          1.0000
1624.0          1.0000
1625.0          1.0000
1626.0          1.0000
1627.0          1.0000
1628.0          1.0000
1629.0          1.0000
1630.0          1.0000
1631.0          1.0000
1632.0          1.0000
1633.0          1.0000
1634.0          1.0000
1635.0          1.0000
1636.0          1.0000
1637.0          1.0000
1638.0          1.0000
1639.0          1.0000
1640.0          1.0000
1641.0          1.0000
1642.0          1.0000
1643.0          1.0000
1644.0          1.0000
1645.0          1.0000
1646.0          1.0000
1647.0          1.0000
1648.0          1.0000
1649.0          1.0000
1650.0          1.0000
1400.0          0.0000
1401.0          0.0000
1402.0          -6.6613E-16
1403.0          5.5511E-16
1404.0          2.2204E-15
1405.0          -8.8818E-16
1406.0          8.8818E-16
1407.0          -8.8818E-16
1408.0          -3.3307E-15
1409.0          1.5543E-15
1410.0          6.6613E-16
1411.0          -6.6613E-16
1412.0          -8.8818E-16
1413.0          -2.6645E-15
1414.0          -4.4409E-16
1415.0          1.2212E-15
1416.0          -8.8818E-16
1417.0          -4.4409E-16
1418.0          2.2204E-16
1419.0          6.6613E-16
1420.0          1.7764E-15
1421.0          2.4425E-15
1422.0          3.3307E-15
1423.0          -8.8818E-16
1424.0          -6.6613E-16
1425.0          4.4409E-16
1426.0          3.1086E-15
1427.0          1.3323E-15
1428.0          -1.7764E-15
1429.0          8.8818E-16
1430.0          -2.2204E-16
1431.0          -4.4409E-16
1432.0          -1.3323E-15
1433.0          -4.4409E-16
1434.0          -6.6613E-16
1435.0          -1.3323E-15
1436.0          -2.2204E-16
1437.0          3.3307E-15
1438.0          -4.4409E-16
1439.0          2.8866E-15
1440.0          -8.8818E-16
1441.0          -4.4409E-16
1442.0          2.8866E-15
1443.0          -8.8818E-16
1444.0          -4.4409E-16
1445.0          0.0000
1446.0          9.9920E-16
1447.0          1.9984E-15
1448.0          6.6613E-16
1449.0          -4.4409E-16
1450.0          1.3323E-15
1451.0          1.1102E-15
1452.0          0.0000
1453.0          2.2204E-16
1454.0          -1.1102E-15
1455.0          6.6613E-16
1456.0          3.3307E-15
1457.0          0.0000
1458.0          1.5543E-15
1459.0          -4.4409E-16
1460.0          -1.5543E-15
1461.0          -1.1102E-15
1462.0          -1.5543E-15
1463.0          2.4425E-15
1464.0          -6.6613E-16
1465.0          2.8866E-15
1466.0          -2.4425E-15
1467.0          2.4425E-15
1468.0          -2.2204E-16
1469.0          4.4409E-16
1470.0          -1.5543E-15
1471.0          -8.8818E-16
1472.0          2.2204E-15
1473.0          2.8866E-15
1474.0          -2.2204E-16
1475.0          -1.5543E-15
1476.0          -2.2204E-16
1477.0          -8.8818E-16
1478.0          4.4409E-16
1479.0          1.2212E-15
1480.0          -4.4409E-16
1481.0          -1.5543E-15
1482.0          -1.1102E-15
1483.0          1.7764E-15
1484.0          -2.2204E-16
1485.0          -8.8818E-16
1486.0          6.6613E-16
1487.0          -2.2204E-16
1488.0          2.6645E-15
1489.0          2.6645E-15
1490.0          0.0000
1491.0          -8.8818E-16
1492.0          2.2204E-15
1493.0          -1.5543E-15
1494.0          1.7764E-15
1495.0          0.0000
1496.0          6.6613E-16
1497.0          -4.8850E-15
1498.0          7.7716E-16
1499.0          -4.4409E-16
1500.0          0.0000
1501.0          -4.2188E-15
1502.0          2.4425E-15
1503.0          6.6613E-16
1504.0          9.9920E-16
1505.0          -1.7764E-15
1506.0          -1.7764E-15
1507.0          1.8874E-15
1508.0          -1.1102E-15
1509.0          4.4409E-16
1510.0          2.8866E-15
1511.0          -1.7764E-15
1512.0          1.1102E-16
1513.0          1.5543E-15
1514.0          0.0000
1515.0          1.5543E-15
1516.0          4.3299E-15
1517.0          1.3323E-15
1518.0          1.3323E-15
1519.0          -2.2204E-16
1520.0          1.1102E-15
1521.0          -1.3323E-15
1522.0          0.0000
1523.0          1.5543E-15
1524.0          9.9920E-16
1525.0          0.0000
1526.0          0.0000
1527.0          -2.2204E-16
1528.0          -8.8818E-16
1529.0          2.7756E-15
1530.0          -1.3323E-15
1531.0          -1.5543E-15
1532.0          8.8818E-16
1533.0          -2.4425E-15
1534.0          8.8818E-16
1535.0          -1.3323E-15
1536.0          3.8858E-15
1537.0          7.7716E-16
1538.0          1.7764E-15
1539.0          3.5527E-15
1540.0          -1.7764E-15
1541.0          2.2204E-16
1542.0          6.6613E-16
1543.0          7.7716E-16
1544.0          2.9976E-15
1545.0          2.4425E-15
1546.0          0.0000
1547.0          3.2196E-15
1548.0          3.9968E-15
1549.0          -8.8818E-16
1550.0          6.6613E-16
1551.0          -1.3323E-15
1552.0          -4.4409E-16
1553.0          -1.9984E-15
1554.0          2.2204E-16
1555.0          1.1102E-15
1556.0          -2.4425E-15
1557.0          -1.3323E-15
1558.0          1.3323E-15
1559.0          2.8866E-15
1560.0          -1.1102E-15
1561.0          1.1102E-15
1562.0          -4.4409E-16
1563.0          -1.3323E-15
1564.0          0.0000
1565.0          -2.2204E-15
1566.0          4.4409E-16
1567.0          -2.2204E-15
1568.0          2.4425E-15
1569.0          1.4433E-15
1570.0          -3.3307E-15
1571.0          1.1102E-15
1572.0          1.3323E-15
1573.0          2.4425E-15
1574.0          0.0000
1575.0          3.2196E-15
1576.0          -4.4409E-16
1577.0          4.4409E-16
1578.0          4.4409E-16
1579.0          2.2204E-15
1580.0          5.5511E-16
1581.0          1.3323E-15
1582.0          1.6653E-15
1583.0          -1.5543E-15
1584.0          2.8866E-15
1585.0          2.2204E-15
1586.0          -1.5543E-15
1587.0          2.6645E-15
1588.0          3.9968E-15
1589.0          1.1102E-15
1590.0          1.6653E-15
1591.0          1.5543E-15
1592.0          2.2204E-16
1593.0          -1.7764E-15
1594.0          4.4409E-16
1595.0          -3.3307E-15
1596.0          -1.1102E-15
1597.0          1.3323E-15
1598.0          1.9984E-15
1599.0          -4.4409E-15
1600.0          -6.6613E-16
1601.0          -1.9984E-15
1602.0          -1.1102E-15
1603.0          5.7732E-15
1604.0          2.6645E-15
1605.0          3.3307E-15
1606.0          -3.1086E-15
1607.0          -3.1086E-15
1608.0          -1.1102E-15
1609.0          1.1102E-15
1610.0          -1.7764E-15
1611.0          2.5535E-15
1612.0          0.0000
1613.0          2.7756E-15
1614.0          2.2204E-16
1615.0          3.5527E-15
1616.0          1.1102E-15
1617.0          0.0000
1618.0          -2.2204E-15
1619.0          3.7748E-15
1620.0          -1.1102E-15
1621.0          -1.1102E-15
1622.0          2.4425E-15
1623.0          3.5527E-15
1624.0          1.3323E-15
1625.0          -2.2204E-16
1626.0          -3.1086E-15
1627.0          -4.4409E-16
1628.0          -1.7764E-15
1629.0          2.4425E-15
1630.0          -3.3307E-15
1631.0          6.6613E-15
1632.0          -1.7764E-15
1633.0          1.3323E-15
1634.0          -3.9968E-15
1635.0          3.1086E-15
1636.0          2.2204E-15
1637.0          2.8866E-15
1638.0          4.4409E-16
1639.0          8.8818E-16
1640.0          -3.1086E-15
1641.0          -5.3291E-15
1642.0          0.0000
1643.0          -2.2204E-15
1644.0          -2.6645E-15
1645.0          -8.8818E-16
1646.0          -8.8818E-16
1647.0          -2.8866E-15
1648.0          1.3323E-15
1649.0          -8.8818E-16
1650.0          1.3323E-15
