1400.0          0.37314
1401.0          0.35582
1402.0          0.33640
1403.0          0.31387
1404.0          0.28678
1405.0          0.25299
1406.0          0.20925
1407.0          0.15109
1408.0          0.076182
1409.0          0.018077
1410.0          0.24582
1411.0          0.88921
1412.0          0.98242
1413.0          0.87392
1414.0          0.78124
1415.0          0.71574
1416.0          0.66881
1417.0          0.63387
1418.0          0.60688
1419.0          0.58534
1420.0          0.56768
1421.0          0.55287
1422.0          0.54021
1423.0          0.52921
1424.0          0.51952
1425.0          0.51087
1426.0          0.50308
1427.0          0.49599
1428.0          0.48948
1429.0          0.48347
1430.0          0.47788
1431.0          0.47264
1432.0          0.46772
1433.0          0.46306
1434.0          0.45865
1435.0          0.45444
1436.0          0.45041
1437.0          0.44655
1438.0          0.44284
1439.0          0.43925
1440.0          0.43579
1441.0          0.43243
1442.0          0.42916
1443.0          0.42599
1444.0          0.42289
1445.0          0.41987
1446.0          0.41691
1447.0          0.41402
1448.0          0.41118
1449.0          0.40840
1450.0          0.40566
1451.0          0.40297
1452.0          0.40032
1453.0          0.39770
1454.0          0.39513
1455.0          0.39258
1456.0          0.39007
1457.0          0.38759
1458.0          0.38513
1459.0          0.38271
1460.0          0.38030
1461.0          0.37792
1462.0          0.37556
1463.0          0.37322
1464.0          0.37090
1465.0          0.36859
1466.0          0.36631
1467.0          0.36404
1468.0          0.36178
1469.0          0.35954
1470.0          0.35732
1471.0          0.35510
1472.0          0.35290
1473.0          0.35072
1474.0          0.34854
1475.0          0.34637
1476.0          0.34422
1477.0          0.34207
1478.0          0.33994
1479.0          0.33781
1480.0          0.33570
1481.0          0.33359
1482.0          0.33149
1483.0          0.32940
1484.0          0.32732
1485.0          0.32524
1486.0          0.32317
1487.0          0.32111
1488.0          0.31905
1489.0          0.31701
1490.0          0.31497
1491.0          0.31293
1492.0          0.31090
1493.0          0.30888
1494.0          0.30686
1495.0          0.30485
1496.0          0.30285
1497.0          0.30085
1498.0          0.29885
1499.0          0.29686
1500.0          0.29488
1501.0          0.29290
1502.0          0.29093
1503.0          0.28896
1504.0          0.28700
1505.0          0.28504
1506.0          0.28309
1507.0          0.28114
1508.0          0.27920
1509.0          0.27726
1510.0          0.27533
1511.0          0.27340
1512.0          0.27148
1513.0          0.26956
1514.0          0.26765
1515.0          0.26574
1516.0          0.26384
1517.0          0.26194
1518.0          0.26004
1519.0          0.25815
1520.0          0.25627
1521.0          0.25439
1522.0          0.25252
1523.0          0.25065
1524.0          0.24878
1525.0          0.24692
1526.0          0.24507
1527.0          0.24321
1528.0          0.24137
1529.0          0.23953
1530.0          0.23769
1531.0          0.23586
1532.0          0.23404
1533.0          0.23222
1534.0          0.23040
1535.0          0.22859
1536.0          0.22679
1537.0          0.22499
1538.0          0.22320
1539.0          0.22141
1540.0          0.21963
1541.0          0.21785
1542.0          0.21608
1543.0          0.21431
1544.0          0.21255
1545.0          0.21079
1546.0          0.20904
1547.0          0.20730
1548.0          0.20556
1549.0          0.20383
1550.0          0.20210
1551.0          0.20038
1552.0          0.19867
1553.0          0.19696
1554.0          0.19526
1555.0          0.19356
1556.0          0.19188
1557.0          0.19019
1558.0          0.18852
1559.0          0.18685
1560.0          0.18518
1561.0          0.18352
1562.0          0.18187
1563.0          0.18023
1564.0          0.17859
1565.0          0.17696
1566.0          0.17534
1567.0          0.17372
1568.0          0.17211
1569.0          0.17051
1570.0          0.16892
1571.0          0.16733
1572.0          0.16575
1573.0          0.16417
1574.0          0.16261
1575.0          0.16105
1576.0          0.15949
1577.0          0.15795
1578.0          0.15641
1579.0          0.15488
1580.0          0.15336
1581.0          0.15185
1582.0          0.15034
1583.0          0.14885
1584.0          0.14736
1585.0          0.14588
1586.0          0.14440
1587.0          0.14294
1588.0          0.14148
1589.0          0.14003
1590.0          0.13859
1591.0          0.13716
1592.0          0.13573
1593.0          0.13432
1594.0          0.13291
1595.0          0.13151
1596.0          0.13012
1597.0          0.12874
1598.0          0.12737
1599.0          0.12601
1600.0          0.12465
1601.0          0.12330
1602.0          0.12197
1603.0          0.12064
1604.0          0.11932
1605.0          0.11801
1606.0          0.11671
1607.0          0.11542
1608.0          0.11414
1609.0          0.11287
1610.0          0.11160
1611.0          0.11035
1612.0          0.10911
1613.0          0.10787
1614.0          0.10665
1615.0          0.10543
1616.0          0.10423
1617.0          0.10303
1618.0          0.10184
1619.0          0.10067
1620.0          0.099501
1621.0          0.098345
1622.0          0.097198
1623.0          0.096061
1624.0          0.094935
1625.0          0.093818
1626.0          0.092712
1627.0          0.091615
1628.0          0.090529
1629.0          0.089453
1630.0          0.088387
1631.0          0.087332
1632.0          0.086287
1633.0          0.085252
1634.0          0.084228
1635.0          0.083214
1636.0          0.082210
1637.0          0.081217
1638.0          0.080234
1639.0          0.079262
1640.0          0.078301
1641.0          0.077350
1642.0          0.076410
1643.0          0.075480
1644.0          0.074561
1645.0          0.073653
1646.0          0.072755
1647.0          0.071868
1648.0          0.070992
1649.0          0.070127
1650.0          0.069272
1400.0          0.62686
1401.0          0.64418
1402.0          0.66360
1403.0          0.68613
1404.0          0.71322
1405.0          0.74701
1406.0          0.79075
1407.0          0.84891
1408.0          0.92382
1409.0          0.98192
1410.0          0.75418
1411.0          0.11079
1412.0          0.017582
1413.0          0.12608
1414.0          0.21876
1415.0          0.28426
1416.0          0.33119
1417.0          0.36613
1418.0          0.39312
1419.0          0.41466
1420.0          0.43232
1421.0          0.44713
1422.0          0.45979
1423.0          0.47079
1424.0          0.48048
1425.0          0.48913
1426.0          0.49692
1427.0          0.50401
1428.0          0.51052
1429.0          0.51653
1430.0          0.52212
1431.0          0.52736
1432.0          0.53228
1433.0          0.53694
1434.0          0.54135
1435.0          0.54556
1436.0          0.54959
1437.0          0.55345
1438.0          0.55716
1439.0          0.56075
1440.0          0.56421
1441.0          0.56757
1442.0          0.57084
1443.0          0.57401
1444.0          0.57711
1445.0          0.58013
1446.0          0.58309
1447.0          0.58598
1448.0          0.58882
1449.0          0.59160
1450.0          0.59434
1451.0          0.59703
1452.0          0.59968
1453.0          0.60230
1454.0          0.60487
1455.0          0.60742
1456.0          0.60993
1457.0          0.61241
1458.0          0.61487
1459.0          0.61729
1460.0          0.61970
1461.0          0.62208
1462.0          0.62444
1463.0          0.62678
1464.0          0.62910
1465.0          0.63141
1466.0          0.63369
1467.0          0.63596
1468.0          0.63822
1469.0          0.64046
1470.0          0.64268
1471.0          0.64490
1472.0          0.64710
1473.0          0.64928
1474.0          0.65146
1475.0          0.65363
1476.0          0.65578
1477.0          0.65793
1478.0          0.66006
1479.0          0.66219
1480.0          0.66430
1481.0          0.66641
1482.0          0.66851
1483.0          0.67060
1484.0          0.67268
1485.0          0.67476
1486.0          0.67683
1487.0          0.67889
1488.0          0.68095
1489.0          0.68299
1490.0          0.68503
1491.0          0.68707
1492.0          0.68910
1493.0          0.69112
1494.0          0.69314
1495.0          0.69515
1496.0          0.69715
1497.0          0.69915
1498.0          0.70115
1499.0          0.70314
1500.0          0.70512
1501.0          0.70710
1502.0          0.70907
1503.0          0.71104
1504.0          0.71300
1505.0          0.71496
1506.0          0.71691
1507.0          0.71886
1508.0          0.72080
1509.0          0.72274
1510.0          0.72467
1511.0          0.72660
1512.0          0.72852
1513.0          0.73044
1514.0          0.73235
1515.0          0.73426
1516.0          0.73616
1517.0          0.73806
1518.0          0.73996
1519.0          0.74185
1520.0          0.74373
1521.0          0.74561
1522.0          0.74748
1523.0          0.74935
1524.0          0.75122
1525.0          0.75308
1526.0          0.75493
1527.0          0.75679
1528.0          0.75863
1529.0          0.76047
1530.0          0.76231
1531.0          0.76414
1532.0          0.76596
1533.0          0.76778
1534.0          0.76960
1535.0          0.77141
1536.0          0.77321
1537.0          0.77501
1538.0          0.77680
1539.0          0.77859
1540.0          0.78037
1541.0          0.78215
1542.0          0.78392
1543.0          0.78569
1544.0          0.78745
1545.0          0.78921
1546.0          0.79096
1547.0          0.79270
1548.0          0.79444
1549.0          0.79617
1550.0          0.79790
1551.0          0.79962
1552.0          0.80133
1553.0          0.80304
1554.0          0.80474
1555.0          0.80644
1556.0          0.80812
1557.0          0.80981
1558.0          0.81148
1559.0          0.81315
1560.0          0.81482
1561.0          0.81648
1562.0          0.81813
1563.0          0.81977
1564.0          0.82141
1565.0          0.82304
1566.0          0.82466
1567.0          0.82628
1568.0          0.82789
1569.0          0.82949
1570.0          0.83108
1571.0          0.83267
1572.0          0.83425
1573.0          0.83583
1574.0          0.83739
1575.0          0.83895
1576.0          0.84051
1577.0          0.84205
1578.0          0.84359
1579.0          0.84512
1580.0          0.84664
1581.0          0.84815
1582.0          0.84966
1583.0          0.85115
1584.0          0.85264
1585.0          0.85412
1586.0          0.85560
1587.0          0.85706
1588.0          0.85852
1589.0          0.85997
1590.0          0.86141
1591.0          0.86284
1592.0          0.86427
1593.0          0.86568
1594.0          0.86709
1595.0          0.86849
1596.0          0.86988
1597.0          0.87126
1598.0          0.87263
1599.0          0.87399
1600.0          0.87535
1601.0          0.87670
1602.0          0.87803
1603.0          0.87936
1604.0          0.88068
1605.0          0.88199
1606.0          0.88329
1607.0          0.88458
1608.0          0.88586
1609.0          0.88713
1610.0          0.88840
1611.0          0.88965
1612.0          0.89089
1613.0          0.89213
1614.0          0.89335
1615.0          0.89457
1616.0          0.89577
1617.0          0.89697
1618.0          0.89816
1619.0          0.89933
1620.0          0.90050
1621.0          0.90166
1622.0          0.90280
1623.0          0.90394
1624.0          0.90507
1625.0          0.90618
1626.0          0.90729
1627.0          0.90838
1628.0          0.90947
1629.0          0.91055
1630.0          0.91161
1631.0          0.91267
1632.0          0.91371
1633.0          0.91475
1634.0          0.91577
1635.0          0.91679
1636.0          0.91779
1637.0          0.91878
1638.0          0.91977
1639.0          0.92074
1640.0          0.92170
1641.0          0.92265
1642.0          0.92359
1643.0          0.92452
1644.0          0.92544
1645.0          0.92635
1646.0          0.92724
1647.0          0.92813
1648.0          0.92901
1649.0          0.92987
1650.0          0.93073
1400.0          1.0000
1401.0          1.0000
1402.0          1.0000
1403.0          1.0000
1404.0          1.0000
1405.0          1.0000
1406.0          1.0000
1407.0          1.0000
1408.0          1.0000
1409.0          1.0000
1410.0          1.0000
1411.0          1.0000
1412.0          1.0000
1413.0          1.0000
1414.0          1.0000
1415.0          1.0000
1416.0          1.0000
1417.0          1.0000
1418.0          1.0000
1419.0          1.0000
1420.0          1.0000
1421.0          1.0000
1422.0          1.0000
1423.0          1.0000
1424.0          1.0000
1425.0          1.0000
1426.0          1.0000
1427.0          1.0000
1428.0          1.0000
1429.0          1.0000
1430.0          1.0000
1431.0          1.0000
1432.0          1.0000
1433.0          1.0000
1434.0          1.0000
1435.0          1.0000
1436.0          1.0000
1437.0          1.0000
1438.0          1.0000
1439.0          1.0000
1440.0          1.0000
1441.0          1.0000
1442.0          1.0000
1443.0          1.0000
1444.0          1.0000
1445.0          1.0000
1446.0          1.0000
1447.0          1.0000
1448.0          1.0000
1449.0          1.0000
1450.0          1.0000
1451.0          1.0000
1452.0          1.0000
1453.0          1.0000
1454.0          1.0000
1455.0          1.0000
1456.0          1.0000
1457.0          1.0000
1458.0          1.0000
1459.0          1.0000
1460.0          1.0000
1461.0          1.0000
1462.0          1.0000
1463.0          1.0000
1464.0          1.0000
1465.0          1.0000
1466.0          1.0000
1467.0          1.0000
1468.0          1.0000
1469.0          1.0000
1470.0          1.0000
1471.0          1.0000
1472.0          1.0000
1473.0          1.0000
1474.0          1.0000
1475.0          1.0000
1476.0          1.0000
1477.0          1.0000
1478.0          1.0000
1479.0          1.0000
1480.0          1.0000
1481.0          1.0000
1482.0          1.0000
1483.0          1.0000
1484.0          1.0000
1485.0          1.0000
1486.0          1.0000
1487.0          1.0000
1488.0          1.0000
1489.0          1.0000
1490.0          1.0000
1491.0          1.0000
1492.0          1.0000
1493.0          1.0000
1494.0          1.0000
1495.0          1.0000
1496.0          1.0000
1497.0          1.0000
1498.0          1.0000
1499.0          1.0000
1500.0          1.0000
1501.0          1.0000
1502.0          1.0000
1503.0          1.0000
1504.0          1.0000
1505.0          1.0000
1506.0          1.0000
1507.0          1.0000
1508.0          1.0000
1509.0          1.0000
1510.0          1.0000
1511.0          1.0000
1512.0          1.0000
1513.0          1.0000
1514.0          1.0000
1515.0          1.0000
1516.0          1.0000
1517.0          1.0000
1518.0          1.0000
1519.0          1.0000
1520.0          1.0000
1521.0          1.0000
1522.0          1.0000
1523.0          1.0000
1524.0          1.0000
1525.0          1.0000
1526.0          1.0000
1527.0          1.0000
1528.0          1.0000
1529.0          1.0000
1530.0          1.0000
1531.0          1.0000
1532.0          1.0000
1533.0          1.0000
1534.0          1.0000
1535.0          1.0000
1536.0          1.0000
1537.0          1.0000
1538.0          1.0000
1539.0          1.0000
1540.0          1.0000
1541.0          1.0000
1542.0          1.0000
1543.0          1.0000
1544.0          1.0000
1545.0          1.0000
1546.0          1.0000
1547.0          1.0000
1548.0          1.0000
1549.0          1.0000
1550.0          1.0000
1551.0          1.0000
1552.0          1.0000
1553.0          1.0000
1554.0          1.0000
1555.0          1.0000
1556.0          1.0000
1557.0          1.0000
1558.0          1.0000
1559.0          1.0000
1560.0          1.0000
1561.0          1.0000
1562.0          1.0000
1563.0          1.0000
1564.0          1.0000
1565.0          1.0000
1566.0          1.0000
1567.0          1.0000
1568.0          1.0000
1569.0          1.0000
1570.0          1.0000
1571.0          1.0000
1572.0          1.0000
1573.0          1.0000
1574.0          1.0000
1575.0          1.0000
1576.0          1.0000
1577.0          1.0000
1578.0          1.0000
1579.0          1.0000
1580.0          1.0000
1581.0          1.0000
1582.0          1.0000
1583.0          1.0000
1584.0          1.0000
1585.0          1.0000
1586.0          1.0000
1587.0          1.0000
1588.0          1.0000
1589.0          1.0000
1590.0          1.0000
1591.0          1.0000
1592.0          1.0000
1593.0          1.0000
1594.0          1.0000
1595.0          1.0000
1596.0          1.0000
1597.0          1.0000
1598.0          1.0000
1599.0          1.0000
1600.0          1.0000
1601.0          1.0000
1602.0          1.0000
1603.0          1.0000
1604.0          1.0000
1605.0          1.0000
1606.0          1.0000
1607.0          1.0000
1608.0          1.0000
1609.0          1.0000
1610.0          1.0000
1611.0          1.0000
1612.0          1.0000
1613.0          1.0000
1614.0          1.0000
1615.0          1.0000
1616.0          1.0000
1617.0          1.0000
1618.0          1.0000
1619.0          1.0000
1620.0          1.0000
1621.0          1.0000
1622.0          1.0000
1623.0          1.0000
1624.0          1.0000
1625.0          1.0000
1626.0          1.0000
1627.0          1.0000
1628.0          1.0000
1629.0          1.0000
1630.0          1.0000
1631.0          1.0000
1632.0          1.0000
1633.0          1.0000
1634.0          1.0000
1635.0          1.0000
1636.0          1.0000
1637.0          1.0000
1638.0          1.0000
1639.0          1.0000
1640.0          1.0000
1641.0          1.0000
1642.0          1.0000
1643.0          1.0000
1644.0          1.0000
1645.0          1.0000
1646.0          1.0000
1647.0          1.0000
1648.0          1.0000
1649.0          1.0000
1650.0          1.0000
1400.0          -5.7732E-15
1401.0          7.7716E-16
1402.0          1.2212E-15
1403.0          -8.8818E-16
1404.0          -5.3291E-15
1405.0          4.4409E-16
1406.0          -2.4425E-15
1407.0          -1.3323E-14
1408.0          -1.5543E-15
1409.0          -2.6423E-14
1410.0          1.8763E-14
1411.0          7.5495E-15
1412.0          8.6597E-15
1413.0          1.2768E-14
1414.0          5.9952E-15
1415.0          -1.3323E-15
1416.0          -2.2204E-15
1417.0          -2.8866E-15
1418.0          -3.1086E-15
1419.0          -1.7764E-15
1420.0          -4.4409E-16
1421.0          -8.8818E-16
1422.0          -1.5543E-15
1423.0          2.2204E-16
1424.0          -1.1102E-15
1425.0          -1.3323E-15
1426.0          2.2204E-16
1427.0          -2.2204E-16
1428.0          -1.3323E-15
1429.0          -2.6645E-15
1430.0          -3.5527E-15
1431.0          4.4409E-16
1432.0          -2.6645E-15
1433.0          0.0000
1434.0          1.9984E-15
1435.0          1.7764E-15
1436.0          1.7764E-15
1437.0          -1.9984E-15
1438.0          -4.4409E-16
1439.0          -8.8818E-16
1440.0          1.7764E-15
1441.0          2.2204E-16
1442.0          -6.6613E-16
1443.0          -1.1102E-15
1444.0          1.8874E-15
1445.0          -1.7764E-15
1446.0          2.4425E-15
1447.0          -1.5543E-15
1448.0          -2.2204E-16
1449.0          -6.6613E-16
1450.0          3.3307E-16
1451.0          0.0000
1452.0          -8.8818E-16
1453.0          1.1102E-15
1454.0          -8.8818E-16
1455.0          2.7756E-15
1456.0          -2.8866E-15
1457.0          -1.7764E-15
1458.0          8.8818E-16
1459.0          8.8818E-16
1460.0          -1.3323E-15
1461.0          1.1102E-16
1462.0          -1.1102E-15
1463.0          1.6653E-15
1464.0          1.3323E-15
1465.0          1.1102E-15
1466.0          6.6613E-16
1467.0          -2.2204E-15
1468.0          2.2204E-16
1469.0          2.2204E-16
1470.0          1.1102E-15
1471.0          1.1102E-15
1472.0          7.7716E-16
1473.0          4.4409E-16
1474.0          -8.8818E-16
1475.0          -1.7764E-15
1476.0          2.2204E-16
1477.0          3.3307E-16
1478.0          -4.4409E-16
1479.0          -6.6613E-16
1480.0          2.4425E-15
1481.0          5.5511E-16
1482.0          -6.6613E-16
1483.0          1.5543E-15
1484.0          -4.4409E-16
1485.0          2.6645E-15
1486.0          -4.4409E-16
1487.0          -1.7764E-15
1488.0          4.4409E-16
1489.0          1.8874E-15
1490.0          3.1086E-15
1491.0          3.2196E-15
1492.0          -4.4409E-16
1493.0          0.0000
1494.0          2.2204E-16
1495.0          2.4425E-15
1496.0          -4.4409E-16
1497.0          -8.8818E-16
1498.0          0.0000
1499.0          -1.7764E-15
1500.0          -1.5543E-15
1501.0          -8.8818E-16
1502.0          8.8818E-16
1503.0          -2.2204E-15
1504.0          -1.1102E-15
1505.0          -8.8818E-16
1506.0          -2.8866E-15
1507.0          -2.2204E-16
1508.0          -4.4409E-16
1509.0          2.2204E-16
1510.0          0.0000
1511.0          -1.5543E-15
1512.0          0.0000
1513.0          -2.2204E-16
1514.0          3.9968E-15
1515.0          -1.7764E-15
1516.0          -1.7764E-15
1517.0          1.9984E-15
1518.0          1.2212E-15
1519.0          1.9984E-15
1520.0          1.5543E-15
1521.0          2.2204E-16
1522.0          -1.1102E-15
1523.0          1.7764E-15
1524.0          4.4409E-16
1525.0          1.5543E-15
1526.0          -3.3307E-15
1527.0          -1.3323E-15
1528.0          -4.4409E-16
1529.0          -6.6613E-16
1530.0          2.2204E-16
1531.0          -2.8866E-15
1532.0          6.6613E-16
1533.0          1.2212E-15
1534.0          -2.2204E-16
1535.0          2.2204E-16
1536.0          -2.2204E-16
1537.0          1.1102E-16
1538.0          3.5527E-15
1539.0          -1.1102E-15
1540.0          2.2204E-15
1541.0          1.3323E-15
1542.0          -3.1086E-15
1543.0          -4.4409E-16
1544.0          1.9984E-15
1545.0          -6.6613E-16
1546.0          1.5543E-15
1547.0          1.5543E-15
1548.0          4.4409E-16
1549.0          2.6645E-15
1550.0          -6.6613E-16
1551.0          -6.6613E-16
1552.0          3.7748E-15
1553.0          2.6645E-15
1554.0          1.1102E-15
1555.0          2.2204E-16
1556.0          2.2204E-15
1557.0          -4.4409E-16
1558.0          -2.2204E-15
1559.0          -8.8818E-16
1560.0          1.4433E-15
1561.0          -1.3323E-15
1562.0          5.5511E-16
1563.0          -1.3323E-15
1564.0          3.2196E-15
1565.0          0.0000
1566.0          8.8818E-16
1567.0          1.5543E-15
1568.0          2.6645E-15
1569.0          1.3323E-15
1570.0          3.3307E-16
1571.0          1.9984E-15
1572.0          3.2196E-15
1573.0          1.4433E-15
1574.0          -2.2204E-16
1575.0          4.6629E-15
1576.0          -6.6613E-16
1577.0          1.6653E-15
1578.0          -4.4409E-16
1579.0          3.3307E-16
1580.0          -1.9984E-15
1581.0          -2.2204E-16
1582.0          4.4409E-16
1583.0          4.4409E-16
1584.0          -1.1102E-15
1585.0          -2.8866E-15
1586.0          8.8818E-16
1587.0          -2.2204E-16
1588.0          -2.2204E-16
1589.0          2.2204E-15
1590.0          -3.1086E-15
1591.0          -2.2204E-16
1592.0          2.9976E-15
1593.0          -3.9968E-15
1594.0          2.8866E-15
1595.0          -2.4425E-15
1596.0          -1.9984E-15
1597.0          1.9984E-15
1598.0          -6.6613E-16
1599.0          -8.8818E-16
1600.0          0.0000
1601.0          -8.8818E-16
1602.0          -6.6613E-16
1603.0          8.8818E-16
1604.0          6.6613E-16
1605.0          -3.9968E-15
1606.0          4.4409E-16
1607.0          -1.3323E-15
1608.0          1.1102E-16
1609.0          -1.7764E-15
1610.0          -3.1086E-15
1611.0          -2.6645E-15
1612.0          2.1094E-15
1613.0          0.0000
1614.0          0.0000
1615.0          3.1086E-15
1616.0          9.9920E-16
1617.0          -4.4409E-16
1618.0          -4.4409E-16
1619.0          -1.3323E-15
1620.0          -4.4409E-16
1621.0          -6.6613E-16
1622.0          3.7748E-15
1623.0          6.6613E-16
1624.0          3.3307E-16
1625.0          2.2204E-15
1626.0          -4.4409E-16
1627.0          1.2212E-15
1628.0          -1.5543E-15
1629.0          1.5543E-15
1630.0          -8.8818E-16
1631.0          -1.1102E-15
1632.0          2.2204E-15
1633.0          -4.4409E-16
1634.0          1.7764E-15
1635.0          3.6637E-15
1636.0          -1.3323E-15
1637.0          1.1102E-15
1638.0          1.5543E-15
1639.0          1.5543E-15
1640.0          6.6613E-16
1641.0          0.0000
1642.0          -1.1102E-15
1643.0          8.8818E-16
1644.0          4.4409E-16
1645.0          -1.3323E-15
1646.0          9.9920E-16
1647.0          -6.6613E-16
1648.0          2.2204E-16
1649.0          -6.6613E-16
1650.0          -8.8818E-16
