1400.0          0.83303
1401.0          0.83264
1402.0          0.83224
1403.0          0.83186
1404.0          0.83148
1405.0          0.83110
1406.0          0.83072
1407.0          0.83035
1408.0          0.82999
1409.0          0.82962
1410.0          0.82926
1411.0          0.82891
1412.0          0.82855
1413.0          0.82820
1414.0          0.82785
1415.0          0.82750
1416.0          0.82715
1417.0          0.82681
1418.0          0.82646
1419.0          0.82612
1420.0          0.82578
1421.0          0.82544
1422.0          0.82510
1423.0          0.82475
1424.0          0.82441
1425.0          0.82407
1426.0          0.82373
1427.0          0.82339
1428.0          0.82305
1429.0          0.82271
1430.0          0.82237
1431.0          0.82203
1432.0          0.82169
1433.0          0.82135
1434.0          0.82101
1435.0          0.82066
1436.0          0.82032
1437.0          0.81997
1438.0          0.81963
1439.0          0.81928
1440.0          0.81893
1441.0          0.81858
1442.0          0.81823
1443.0          0.81788
1444.0          0.81752
1445.0          0.81717
1446.0          0.81681
1447.0          0.81646
1448.0          0.81610
1449.0          0.81574
1450.0          0.81537
1451.0          0.81501
1452.0          0.81465
1453.0          0.81428
1454.0          0.81391
1455.0          0.81354
1456.0          0.81317
1457.0          0.81279
1458.0          0.81242
1459.0          0.81204
1460.0          0.81166
1461.0          0.81128
1462.0          0.81090
1463.0          0.81051
1464.0          0.81013
1465.0          0.80974
1466.0          0.80935
1467.0          0.80896
1468.0          0.80857
1469.0          0.80817
1470.0          0.80777
1471.0          0.80737
1472.0          0.80697
1473.0          0.80657
1474.0          0.80617
1475.0          0.80576
1476.0          0.80535
1477.0          0.80494
1478.0          0.80453
1479.0          0.80411
1480.0          0.80370
1481.0          0.80328
1482.0          0.80286
1483.0          0.80244
1484.0          0.80202
1485.0          0.80159
1486.0          0.80116
1487.0          0.80074
1488.0          0.80031
1489.0          0.79987
1490.0          0.79944
1491.0          0.79900
1492.0          0.79856
1493.0          0.79812
1494.0          0.79768
1495.0          0.79724
1496.0          0.79680
1497.0          0.79635
1498.0          0.79590
1499.0          0.79545
1500.0          0.79500
1501.0          0.79454
1502.0          0.79409
1503.0          0.79363
1504.0          0.79317
1505.0          0.79271
1506.0          0.79225
1507.0          0.79179
1508.0          0.79132
1509.0          0.79085
1510.0          0.79039
1511.0          0.78992
1512.0          0.78944
1513.0          0.78897
1514.0          0.78850
1515.0          0.78802
1516.0          0.78754
1517.0          0.78706
1518.0          0.78658
1519.0          0.78610
1520.0          0.78561
1521.0          0.78513
1522.0          0.78464
1523.0          0.78415
1524.0          0.78366
1525.0          0.78317
1526.0          0.78268
1527.0          0.78218
1528.0          0.78169
1529.0          0.78119
1530.0          0.78069
1531.0          0.78019
1532.0          0.77969
1533.0          0.77919
1534.0          0.77868
1535.0          0.77818
1536.0          0.77767
1537.0          0.77716
1538.0          0.77666
1539.0          0.77615
1540.0          0.77563
1541.0          0.77512
1542.0          0.77461
1543.0          0.77409
1544.0          0.77358
1545.0          0.77306
1546.0          0.77254
1547.0          0.77202
1548.0          0.77150
1549.0          0.77098
1550.0          0.77045
1551.0          0.76993
1552.0          0.76940
1553.0          0.76887
1554.0          0.76835
1555.0          0.76782
1556.0          0.76729
1557.0          0.76676
1558.0          0.76623
1559.0          0.76569
1560.0          0.76516
1561.0          0.76462
1562.0          0.76409
1563.0          0.76355
1564.0          0.76301
1565.0          0.76247
1566.0          0.76193
1567.0          0.76139
1568.0          0.76085
1569.0          0.76031
1570.0          0.75977
1571.0          0.75922
1572.0          0.75868
1573.0          0.75813
1574.0          0.75758
1575.0          0.75704
1576.0          0.75649
1577.0          0.75594
1578.0          0.75539
1579.0          0.75484
1580.0          0.75428
1581.0          0.75373
1582.0          0.75318
1583.0          0.75262
1584.0          0.75207
1585.0          0.75151
1586.0          0.75096
1587.0          0.75040
1588.0          0.74984
1589.0          0.74928
1590.0          0.74873
1591.0          0.74817
1592.0          0.74761
1593.0          0.74704
1594.0          0.74648
1595.0          0.74592
1596.0          0.74536
1597.0          0.74479
1598.0          0.74423
1599.0          0.74367
1600.0          0.74310
1601.0          0.74253
1602.0          0.74197
1603.0          0.74140
1604.0          0.74083
1605.0          0.74027
1606.0          0.73970
1607.0          0.73913
1608.0          0.73856
1609.0          0.73799
1610.0          0.73742
1611.0          0.73685
1612.0          0.73628
1613.0          0.73570
1614.0          0.73513
1615.0          0.73456
1616.0          0.73399
1617.0          0.73341
1618.0          0.73284
1619.0          0.73226
1620.0          0.73169
1621.0          0.73111
1622.0          0.73054
1623.0          0.72996
1624.0          0.72938
1625.0          0.72881
1626.0          0.72823
1627.0          0.72765
1628.0          0.72707
1629.0          0.72650
1630.0          0.72592
1631.0          0.72534
1632.0          0.72476
1633.0          0.72418
1634.0          0.72360
1635.0          0.72302
1636.0          0.72244
1637.0          0.72186
1638.0          0.72128
1639.0          0.72070
1640.0          0.72012
1641.0          0.71953
1642.0          0.71895
1643.0          0.71837
1644.0          0.71779
1645.0          0.71721
1646.0          0.71662
1647.0          0.71604
1648.0          0.71546
1649.0          0.71487
1650.0          0.71429
1400.0          0.16697
1401.0          0.16736
1402.0          0.16776
1403.0          0.16814
1404.0          0.16852
1405.0          0.16890
1406.0          0.16928
1407.0          0.16965
1408.0          0.17001
1409.0          0.17038
1410.0          0.17074
1411.0          0.17109
1412.0          0.17145
1413.0          0.17180
1414.0          0.17215
1415.0          0.17250
1416.0          0.17285
1417.0          0.17319
1418.0          0.17354
1419.0          0.17388
1420.0          0.17422
1421.0          0.17456
1422.0          0.17490
1423.0          0.17525
1424.0          0.17559
1425.0          0.17593
1426.0          0.17627
1427.0          0.17661
1428.0          0.17695
1429.0          0.17729
1430.0          0.17763
1431.0          0.17797
1432.0          0.17831
1433.0          0.17865
1434.0          0.17899
1435.0          0.17934
1436.0          0.17968
1437.0          0.18003
1438.0          0.18037
1439.0          0.18072
1440.0          0.18107
1441.0          0.18142
1442.0          0.18177
1443.0          0.18212
1444.0          0.18248
1445.0          0.18283
1446.0          0.18319
1447.0          0.18354
1448.0          0.18390
1449.0          0.18426
1450.0          0.18463
1451.0          0.18499
1452.0          0.18535
1453.0          0.18572
1454.0          0.18609
1455.0          0.18646
1456.0          0.18683
1457.0          0.18721
1458.0          0.18758
1459.0          0.18796
1460.0          0.18834
1461.0          0.18872
1462.0          0.18910
1463.0          0.18949
1464.0          0.18987
1465.0          0.19026
1466.0          0.19065
1467.0          0.19104
1468.0          0.19143
1469.0          0.19183
1470.0          0.19223
1471.0          0.19263
1472.0          0.19303
1473.0          0.19343
1474.0          0.19383
1475.0          0.19424
1476.0          0.19465
1477.0          0.19506
1478.0          0.19547
1479.0          0.19589
1480.0          0.19630
1481.0          0.19672
1482.0          0.19714
1483.0          0.19756
1484.0          0.19798
1485.0          0.19841
1486.0          0.19884
1487.0          0.19926
1488.0          0.19969
1489.0          0.20013
1490.0          0.20056
1491.0          0.20100
1492.0          0.20144
1493.0          0.20188
1494.0          0.20232
1495.0          0.20276
1496.0          0.20320
1497.0          0.20365
1498.0          0.20410
1499.0          0.20455
1500.0          0.20500
1501.0          0.20546
1502.0          0.20591
1503.0          0.20637
1504.0          0.20683
1505.0          0.20729
1506.0          0.20775
1507.0          0.20821
1508.0          0.20868
1509.0          0.20915
1510.0          0.20961
1511.0          0.21008
1512.0          0.21056
1513.0          0.21103
1514.0          0.21150
1515.0          0.21198
1516.0          0.21246
1517.0          0.21294
1518.0          0.21342
1519.0          0.21390
1520.0          0.21439
1521.0          0.21487
1522.0          0.21536
1523.0          0.21585
1524.0          0.21634
1525.0          0.21683
1526.0          0.21732
1527.0          0.21782
1528.0          0.21831
1529.0          0.21881
1530.0          0.21931
1531.0          0.21981
1532.0          0.22031
1533.0          0.22081
1534.0          0.22132
1535.0          0.22182
1536.0          0.22233
1537.0          0.22284
1538.0          0.22334
1539.0          0.22385
1540.0          0.22437
1541.0          0.22488
1542.0          0.22539
1543.0          0.22591
1544.0          0.22642
1545.0          0.22694
1546.0          0.22746
1547.0          0.22798
1548.0          0.22850
1549.0          0.22902
1550.0          0.22955
1551.0          0.23007
1552.0          0.23060
1553.0          0.23113
1554.0          0.23165
1555.0          0.23218
1556.0          0.23271
1557.0          0.23324
1558.0          0.23377
1559.0          0.23431
1560.0          0.23484
1561.0          0.23538
1562.0          0.23591
1563.0          0.23645
1564.0          0.23699
1565.0          0.23753
1566.0          0.23807
1567.0          0.23861
1568.0          0.23915
1569.0          0.23969
1570.0          0.24023
1571.0          0.24078
1572.0          0.24132
1573.0          0.24187
1574.0          0.24242
1575.0          0.24296
1576.0          0.24351
1577.0          0.24406
1578.0          0.24461
1579.0          0.24516
1580.0          0.24572
1581.0          0.24627
1582.0          0.24682
1583.0          0.24738
1584.0          0.24793
1585.0          0.24849
1586.0          0.24904
1587.0          0.24960
1588.0          0.25016
1589.0          0.25072
1590.0          0.25127
1591.0          0.25183
1592.0          0.25239
1593.0          0.25296
1594.0          0.25352
1595.0          0.25408
1596.0          0.25464
1597.0          0.25521
1598.0          0.25577
1599.0          0.25633
1600.0          0.25690
1601.0          0.25747
1602.0          0.25803
1603.0          0.25860
1604.0          0.25917
1605.0          0.25973
1606.0          0.26030
1607.0          0.26087
1608.0          0.26144
1609.0          0.26201
1610.0          0.26258
1611.0          0.26315
1612.0          0.26372
1613.0          0.26430
1614.0          0.26487
1615.0          0.26544
1616.0          0.26601
1617.0          0.26659
1618.0          0.26716
1619.0          0.26774
1620.0          0.26831
1621.0          0.26889
1622.0          0.26946
1623.0          0.27004
1624.0          0.27062
1625.0          0.27119
1626.0          0.27177
1627.0          0.27235
1628.0          0.27293
1629.0          0.27350
1630.0          0.27408
1631.0          0.27466
1632.0          0.27524
1633.0          0.27582
1634.0          0.27640
1635.0          0.27698
1636.0          0.27756
1637.0          0.27814
1638.0          0.27872
1639.0          0.27930
1640.0          0.27988
1641.0          0.28047
1642.0          0.28105
1643.0          0.28163
1644.0          0.28221
1645.0          0.28279
1646.0          0.28338
1647.0          0.28396
1648.0          0.28454
1649.0          0.28513
1650.0          0.28571
1400.0          1.0000
1401.0          1.0000
1402.0          1.0000
1403.0          1.0000
1404.0          1.0000
1405.0          1.0000
1406.0          1.0000
1407.0          1.0000
1408.0          1.0000
1409.0          1.0000
1410.0          1.0000
1411.0          1.0000
1412.0          1.0000
1413.0          1.0000
1414.0          1.0000
1415.0          1.0000
1416.0          1.0000
1417.0          1.0000
1418.0          1.0000
1419.0          1.0000
1420.0          1.0000
1421.0          1.0000
1422.0          1.0000
1423.0          1.0000
1424.0          1.0000
1425.0          1.0000
1426.0          1.0000
1427.0          1.0000
1428.0          1.0000
1429.0          1.0000
1430.0          1.0000
1431.0          1.0000
1432.0          1.0000
1433.0          1.0000
1434.0          1.0000
1435.0          1.0000
1436.0          1.0000
1437.0          1.0000
1438.0          1.0000
1439.0          1.0000
1440.0          1.0000
1441.0          1.0000
1442.0          1.0000
1443.0          1.0000
1444.0          1.0000
1445.0          1.0000
1446.0          1.0000
1447.0          1.0000
1448.0          1.0000
1449.0          1.0000
1450.0          1.0000
1451.0          1.0000
1452.0          1.0000
1453.0          1.0000
1454.0          1.0000
1455.0          1.0000
1456.0          1.0000
1457.0          1.0000
1458.0          1.0000
1459.0          1.0000
1460.0          1.0000
1461.0          1.0000
1462.0          1.0000
1463.0          1.0000
1464.0          1.0000
1465.0          1.0000
1466.0          1.0000
1467.0          1.0000
1468.0          1.0000
1469.0          1.0000
1470.0          1.0000
1471.0          1.0000
1472.0          1.0000
1473.0          1.0000
1474.0          1.0000
1475.0          1.0000
1476.0          1.0000
1477.0          1.0000
1478.0          1.0000
1479.0          1.0000
1480.0          1.0000
1481.0          1.0000
1482.0          1.0000
1483.0          1.0000
1484.0          1.0000
1485.0          1.0000
1486.0          1.0000
1487.0          1.0000
1488.0          1.0000
1489.0          1.0000
1490.0          1.0000
1491.0          1.0000
1492.0          1.0000
1493.0          1.0000
1494.0          1.0000
1495.0          1.0000
1496.0          1.0000
1497.0          1.0000
1498.0          1.0000
1499.0          1.0000
1500.0          1.0000
1501.0          1.0000
1502.0          1.0000
1503.0          1.0000
1504.0          1.0000
1505.0          1.0000
1506.0          1.0000
1507.0          1.0000
1508.0          1.0000
1509.0          1.0000
1510.0          1.0000
1511.0          1.0000
1512.0          1.0000
1513.0          1.0000
1514.0          1.0000
1515.0          1.0000
1516.0          1.0000
1517.0          1.0000
1518.0          1.0000
1519.0          1.0000
1520.0          1.0000
1521.0          1.0000
1522.0          1.0000
1523.0          1.0000
1524.0          1.0000
1525.0          1.0000
1526.0          1.0000
1527.0          1.0000
1528.0          1.0000
1529.0          1.0000
1530.0          1.0000
1531.0          1.0000
1532.0          1.0000
1533.0          1.0000
1534.0          1.0000
1535.0          1.0000
1536.0          1.0000
1537.0          1.0000
1538.0          1.0000
1539.0          1.0000
1540.0          1.0000
1541.0          1.0000
1542.0          1.0000
1543.0          1.0000
1544.0          1.0000
1545.0          1.0000
1546.0          1.0000
1547.0          1.0000
1548.0          1.0000
1549.0          1.0000
1550.0          1.0000
1551.0          1.0000
1552.0          1.0000
1553.0          1.0000
1554.0          1.0000
1555.0          1.0000
1556.0          1.0000
1557.0          1.0000
1558.0          1.0000
1559.0          1.0000
1560.0          1.0000
1561.0          1.0000
1562.0          1.0000
1563.0          1.0000
1564.0          1.0000
1565.0          1.0000
1566.0          1.0000
1567.0          1.0000
1568.0          1.0000
1569.0          1.0000
1570.0          1.0000
1571.0          1.0000
1572.0          1.0000
1573.0          1.0000
1574.0          1.0000
1575.0          1.0000
1576.0          1.0000
1577.0          1.0000
1578.0          1.0000
1579.0          1.0000
1580.0          1.0000
1581.0          1.0000
1582.0          1.0000
1583.0          1.0000
1584.0          1.0000
1585.0          1.0000
1586.0          1.0000
1587.0          1.0000
1588.0          1.0000
1589.0          1.0000
1590.0          1.0000
1591.0          1.0000
1592.0          1.0000
1593.0          1.0000
1594.0          1.0000
1595.0          1.0000
1596.0          1.0000
1597.0          1.0000
1598.0          1.0000
1599.0          1.0000
1600.0          1.0000
1601.0          1.0000
1602.0          1.0000
1603.0          1.0000
1604.0          1.0000
1605.0          1.0000
1606.0          1.0000
1607.0          1.0000
1608.0          1.0000
1609.0          1.0000
1610.0          1.0000
1611.0          1.0000
1612.0          1.0000
1613.0          1.0000
1614.0          1.0000
1615.0          1.0000
1616.0          1.0000
1617.0          1.0000
1618.0          1.0000
1619.0          1.0000
1620.0          1.0000
1621.0          1.0000
1622.0          1.0000
1623.0          1.0000
1624.0          1.0000
1625.0          1.0000
1626.0          1.0000
1627.0          1.0000
1628.0          1.0000
1629.0          1.0000
1630.0          1.0000
1631.0          1.0000
1632.0          1.0000
1633.0          1.0000
1634.0          1.0000
1635.0          1.0000
1636.0          1.0000
1637.0          1.0000
1638.0          1.0000
1639.0          1.0000
1640.0          1.0000
1641.0          1.0000
1642.0          1.0000
1643.0          1.0000
1644.0          1.0000
1645.0          1.0000
1646.0          1.0000
1647.0          1.0000
1648.0          1.0000
1649.0          1.0000
1650.0          1.0000
1400.0          2.1094E-15
1401.0          -1.7764E-15
1402.0          0.0000
1403.0          9.9920E-16
1404.0          2.8866E-15
1405.0          1.1102E-15
1406.0          -1.3323E-15
1407.0          0.0000
1408.0          -1.9984E-15
1409.0          -4.2188E-15
1410.0          6.6613E-16
1411.0          -6.6613E-16
1412.0          1.1102E-16
1413.0          1.3323E-15
1414.0          -2.2204E-16
1415.0          4.4409E-16
1416.0          -1.1102E-15
1417.0          -3.1086E-15
1418.0          -2.2204E-15
1419.0          -2.2204E-15
1420.0          -2.2204E-16
1421.0          -8.8818E-16
1422.0          4.4409E-16
1423.0          3.9968E-15
1424.0          2.6645E-15
1425.0          -2.4425E-15
1426.0          -2.2204E-16
1427.0          1.3323E-15
1428.0          -1.5543E-15
1429.0          2.8866E-15
1430.0          -4.4409E-15
1431.0          -6.6613E-16
1432.0          -1.9984E-15
1433.0          3.1086E-15
1434.0          8.8818E-16
1435.0          -4.4409E-16
1436.0          -6.6613E-16
1437.0          -1.3323E-15
1438.0          -2.2204E-16
1439.0          2.9976E-15
1440.0          1.7764E-15
1441.0          0.0000
1442.0          -1.1102E-15
1443.0          -4.4409E-16
1444.0          1.1102E-15
1445.0          2.8866E-15
1446.0          1.8874E-15
1447.0          2.2204E-15
1448.0          -2.2204E-16
1449.0          -4.4409E-16
1450.0          -8.8818E-16
1451.0          2.3315E-15
1452.0          -2.8866E-15
1453.0          0.0000
1454.0          -2.2204E-15
1455.0          -4.4409E-16
1456.0          0.0000
1457.0          -2.2204E-16
1458.0          -5.1070E-15
1459.0          -8.8818E-16
1460.0          1.4433E-15
1461.0          6.6613E-16
1462.0          -4.4409E-16
1463.0          -2.4425E-15
1464.0          2.3315E-15
1465.0          -3.1086E-15
1466.0          4.4409E-16
1467.0          -4.4409E-15
1468.0          -1.5543E-15
1469.0          -6.6613E-16
1470.0          -2.2204E-16
1471.0          1.1102E-15
1472.0          -6.6613E-16
1473.0          1.3323E-15
1474.0          -3.7748E-15
1475.0          -2.6645E-15
1476.0          8.8818E-16
1477.0          -1.9984E-15
1478.0          -3.5527E-15
1479.0          -2.6645E-15
1480.0          5.5511E-16
1481.0          -2.6645E-15
1482.0          6.6613E-16
1483.0          -1.5543E-15
1484.0          1.1102E-15
1485.0          1.3323E-15
1486.0          2.2204E-15
1487.0          3.4417E-15
1488.0          8.8818E-16
1489.0          -2.4425E-15
1490.0          2.7756E-15
1491.0          1.9984E-15
1492.0          7.7716E-16
1493.0          1.7764E-15
1494.0          -2.8866E-15
1495.0          -1.3323E-15
1496.0          3.3307E-16
1497.0          0.0000
1498.0          -6.6613E-16
1499.0          0.0000
1500.0          7.7716E-16
1501.0          1.7764E-15
1502.0          -6.6613E-16
1503.0          -6.6613E-16
1504.0          6.6613E-16
1505.0          -8.8818E-16
1506.0          2.8866E-15
1507.0          -2.2204E-16
1508.0          1.9984E-15
1509.0          1.7764E-15
1510.0          -1.9984E-15
1511.0          -1.7764E-15
1512.0          0.0000
1513.0          -1.1102E-15
1514.0          2.2204E-16
1515.0          -2.6645E-15
1516.0          1.3323E-15
1517.0          -6.6613E-16
1518.0          1.1102E-15
1519.0          1.5543E-15
1520.0          -1.5543E-15
1521.0          6.6613E-16
1522.0          1.1102E-15
1523.0          9.9920E-16
1524.0          2.8866E-15
1525.0          6.6613E-16
1526.0          -1.3323E-15
1527.0          0.0000
1528.0          -1.9984E-15
1529.0          2.6645E-15
1530.0          -1.5543E-15
1531.0          5.5511E-16
1532.0          -6.6613E-16
1533.0          1.7764E-15
1534.0          -1.9984E-15
1535.0          -8.8818E-16
1536.0          -2.4425E-15
1537.0          6.6613E-16
1538.0          3.8858E-15
1539.0          1.2212E-15
1540.0          2.5535E-15
1541.0          3.3307E-16
1542.0          2.2204E-16
1543.0          2.3315E-15
1544.0          3.3307E-16
1545.0          -2.2204E-15
1546.0          9.9920E-16
1547.0          -1.7764E-15
1548.0          7.7716E-16
1549.0          2.5535E-15
1550.0          2.2204E-15
1551.0          2.4425E-15
1552.0          -4.4409E-15
1553.0          -8.8818E-16
1554.0          2.2204E-15
1555.0          1.2212E-15
1556.0          -4.4409E-16
1557.0          -3.9968E-15
1558.0          -2.2204E-16
1559.0          -8.8818E-16
1560.0          -1.9984E-15
1561.0          -2.2204E-16
1562.0          4.4409E-16
1563.0          2.2204E-16
1564.0          3.7748E-15
1565.0          1.6653E-15
1566.0          2.1094E-15
1567.0          2.2204E-16
1568.0          -2.2204E-15
1569.0          -2.2204E-15
1570.0          -2.2204E-15
1571.0          1.9984E-15
1572.0          3.3307E-16
1573.0          -1.3323E-15
1574.0          -1.3323E-15
1575.0          5.5511E-16
1576.0          9.9920E-16
1577.0          2.2204E-16
1578.0          -1.1102E-15
1579.0          8.8818E-16
1580.0          2.8866E-15
1581.0          2.1094E-15
1582.0          -4.4409E-16
1583.0          5.5511E-15
1584.0          -1.9984E-15
1585.0          -6.6613E-16
1586.0          1.5543E-15
1587.0          -8.8818E-16
1588.0          1.5543E-15
1589.0          -5.7732E-15
1590.0          -2.2204E-16
1591.0          2.6645E-15
1592.0          0.0000
1593.0          8.8818E-16
1594.0          1.1102E-15
1595.0          3.9968E-15
1596.0          -2.8866E-15
1597.0          -2.2204E-15
1598.0          4.2188E-15
1599.0          -6.6613E-16
1600.0          -3.5527E-15
1601.0          -4.2188E-15
1602.0          3.3307E-15
1603.0          -8.8818E-16
1604.0          3.2196E-15
1605.0          -1.5543E-15
1606.0          -2.6645E-15
1607.0          -2.4425E-15
1608.0          -1.1102E-15
1609.0          1.3323E-15
1610.0          0.0000
1611.0          2.2204E-16
1612.0          4.4409E-16
1613.0          8.8818E-16
1614.0          4.6629E-15
1615.0          2.4425E-15
1616.0          1.7764E-15
1617.0          -1.1102E-15
1618.0          -2.6645E-15
1619.0          4.6629E-15
1620.0          2.7756E-15
1621.0          2.4425E-15
1622.0          1.1102E-15
1623.0          2.4425E-15
1624.0          -8.8818E-16
1625.0          -6.6613E-16
1626.0          1.2212E-15
1627.0          -2.6645E-15
1628.0          -3.5527E-15
1629.0          -1.9984E-15
1630.0          2.4425E-15
1631.0          9.9920E-16
1632.0          -1.1102E-15
1633.0          1.8874E-15
1634.0          1.3323E-15
1635.0          -4.4409E-16
1636.0          -1.1102E-15
1637.0          -6.6613E-16
1638.0          -1.3323E-15
1639.0          -5.3291E-15
1640.0          0.0000
1641.0          -1.7764E-15
1642.0          2.2204E-16
1643.0          1.2212E-15
1644.0          7.7716E-16
1645.0          -3.1086E-15
1646.0          -1.3323E-15
1647.0          0.0000
1648.0          2.9976E-15
1649.0          2.2204E-15
1650.0          4.6629E-15
