1400.0          0.048343
1401.0          0.048927
1402.0          0.049521
1403.0          0.050124
1404.0          0.050737
1405.0          0.051360
1406.0          0.051991
1407.0          0.052632
1408.0          0.053283
1409.0          0.053942
1410.0          0.054610
1411.0          0.055287
1412.0          0.055972
1413.0          0.056667
1414.0          0.057370
1415.0          0.058081
1416.0          0.058800
1417.0          0.059528
1418.0          0.060264
1419.0          0.061008
1420.0          0.061760
1421.0          0.062519
1422.0          0.063286
1423.0          0.064061
1424.0          0.064844
1425.0          0.065633
1426.0          0.066431
1427.0          0.067235
1428.0          0.068046
1429.0          0.068864
1430.0          0.069690
1431.0          0.070522
1432.0          0.071360
1433.0          0.072206
1434.0          0.073057
1435.0          0.073916
1436.0          0.074780
1437.0          0.075651
1438.0          0.076527
1439.0          0.077410
1440.0          0.078299
1441.0          0.079193
1442.0          0.080093
1443.0          0.080999
1444.0          0.081910
1445.0          0.082827
1446.0          0.083749
1447.0          0.084677
1448.0          0.085609
1449.0          0.086546
1450.0          0.087489
1451.0          0.088436
1452.0          0.089388
1453.0          0.090345
1454.0          0.091306
1455.0          0.092272
1456.0          0.093243
1457.0          0.094217
1458.0          0.095196
1459.0          0.096179
1460.0          0.097166
1461.0          0.098157
1462.0          0.099152
1463.0          0.10015
1464.0          0.10115
1465.0          0.10216
1466.0          0.10317
1467.0          0.10418
1468.0          0.10520
1469.0          0.10622
1470.0          0.10724
1471.0          0.10827
1472.0          0.10930
1473.0          0.11033
1474.0          0.11137
1475.0          0.11240
1476.0          0.11345
1477.0          0.11449
1478.0          0.11554
1479.0          0.11658
1480.0          0.11764
1481.0          0.11869
1482.0          0.11975
1483.0          0.12080
1484.0          0.12186
1485.0          0.12293
1486.0          0.12399
1487.0          0.12506
1488.0          0.12613
1489.0          0.12720
1490.0          0.12827
1491.0          0.12934
1492.0          0.13042
1493.0          0.13150
1494.0          0.13258
1495.0          0.13366
1496.0          0.13474
1497.0          0.13582
1498.0          0.13690
1499.0          0.13799
1500.0          0.13908
1501.0          0.14016
1502.0          0.14125
1503.0          0.14234
1504.0          0.14343
1505.0          0.14452
1506.0          0.14562
1507.0          0.14671
1508.0          0.14780
1509.0          0.14890
1510.0          0.14999
1511.0          0.15109
1512.0          0.15218
1513.0          0.15328
1514.0          0.15437
1515.0          0.15547
1516.0          0.15657
1517.0          0.15767
1518.0          0.15876
1519.0          0.15986
1520.0          0.16096
1521.0          0.16206
1522.0          0.16315
1523.0          0.16425
1524.0          0.16535
1525.0          0.16645
1526.0          0.16754
1527.0          0.16864
1528.0          0.16974
1529.0          0.17083
1530.0          0.17193
1531.0          0.17302
1532.0          0.17412
1533.0          0.17521
1534.0          0.17631
1535.0          0.17740
1536.0          0.17849
1537.0          0.17959
1538.0          0.18068
1539.0          0.18177
1540.0          0.18286
1541.0          0.18395
1542.0          0.18504
1543.0          0.18612
1544.0          0.18721
1545.0          0.18830
1546.0          0.18938
1547.0          0.19046
1548.0          0.19155
1549.0          0.19263
1550.0          0.19371
1551.0          0.19479
1552.0          0.19587
1553.0          0.19694
1554.0          0.19802
1555.0          0.19910
1556.0          0.20017
1557.0          0.20124
1558.0          0.20231
1559.0          0.20338
1560.0          0.20445
1561.0          0.20552
1562.0          0.20658
1563.0          0.20764
1564.0          0.20871
1565.0          0.20977
1566.0          0.21083
1567.0          0.21188
1568.0          0.21294
1569.0          0.21399
1570.0          0.21505
1571.0          0.21610
1572.0          0.21715
1573.0          0.21820
1574.0          0.21924
1575.0          0.22029
1576.0          0.22133
1577.0          0.22237
1578.0          0.22341
1579.0          0.22445
1580.0          0.22548
1581.0          0.22652
1582.0          0.22755
1583.0          0.22858
1584.0          0.22961
1585.0          0.23063
1586.0          0.23166
1587.0          0.23268
1588.0          0.23370
1589.0          0.23472
1590.0          0.23573
1591.0          0.23675
1592.0          0.23776
1593.0          0.23877
1594.0          0.23978
1595.0          0.24079
1596.0          0.24179
1597.0          0.24279
1598.0          0.24379
1599.0          0.24479
1600.0          0.24578
1601.0          0.24678
1602.0          0.24777
1603.0          0.24876
1604.0          0.24975
1605.0          0.25073
1606.0          0.25171
1607.0          0.25269
1608.0          0.25367
1609.0          0.25465
1610.0          0.25562
1611.0          0.25659
1612.0          0.25756
1613.0          0.25853
1614.0          0.25949
1615.0          0.26046
1616.0          0.26142
1617.0          0.26238
1618.0          0.26333
1619.0          0.26428
1620.0          0.26524
1621.0          0.26618
1622.0          0.26713
1623.0          0.26807
1624.0          0.26902
1625.0          0.26996
1626.0          0.27089
1627.0          0.27183
1628.0          0.27276
1629.0          0.27369
1630.0          0.27462
1631.0          0.27554
1632.0          0.27646
1633.0          0.27739
1634.0          0.27830
1635.0          0.27922
1636.0          0.28013
1637.0          0.28104
1638.0          0.28195
1639.0          0.28286
1640.0          0.28376
1641.0          0.28466
1642.0          0.28556
1643.0          0.28646
1644.0          0.28735
1645.0          0.28824
1646.0          0.28913
1647.0          0.29002
1648.0          0.29090
1649.0          0.29178
1650.0          0.29266
1400.0          0.95166
1401.0          0.95107
1402.0          0.95048
1403.0          0.94988
1404.0          0.94926
1405.0          0.94864
1406.0          0.94801
1407.0          0.94737
1408.0          0.94672
1409.0          0.94606
1410.0          0.94539
1411.0          0.94471
1412.0          0.94403
1413.0          0.94333
1414.0          0.94263
1415.0          0.94192
1416.0          0.94120
1417.0          0.94047
1418.0          0.93974
1419.0          0.93899
1420.0          0.93824
1421.0          0.93748
1422.0          0.93671
1423.0          0.93594
1424.0          0.93516
1425.0          0.93437
1426.0          0.93357
1427.0          0.93277
1428.0          0.93195
1429.0          0.93114
1430.0          0.93031
1431.0          0.92948
1432.0          0.92864
1433.0          0.92779
1434.0          0.92694
1435.0          0.92608
1436.0          0.92522
1437.0          0.92435
1438.0          0.92347
1439.0          0.92259
1440.0          0.92170
1441.0          0.92081
1442.0          0.91991
1443.0          0.91900
1444.0          0.91809
1445.0          0.91717
1446.0          0.91625
1447.0          0.91532
1448.0          0.91439
1449.0          0.91345
1450.0          0.91251
1451.0          0.91156
1452.0          0.91061
1453.0          0.90965
1454.0          0.90869
1455.0          0.90773
1456.0          0.90676
1457.0          0.90578
1458.0          0.90480
1459.0          0.90382
1460.0          0.90283
1461.0          0.90184
1462.0          0.90085
1463.0          0.89985
1464.0          0.89885
1465.0          0.89784
1466.0          0.89683
1467.0          0.89582
1468.0          0.89480
1469.0          0.89378
1470.0          0.89276
1471.0          0.89173
1472.0          0.89070
1473.0          0.88967
1474.0          0.88863
1475.0          0.88760
1476.0          0.88655
1477.0          0.88551
1478.0          0.88446
1479.0          0.88342
1480.0          0.88236
1481.0          0.88131
1482.0          0.88025
1483.0          0.87920
1484.0          0.87814
1485.0          0.87707
1486.0          0.87601
1487.0          0.87494
1488.0          0.87387
1489.0          0.87280
1490.0          0.87173
1491.0          0.87066
1492.0          0.86958
1493.0          0.86850
1494.0          0.86742
1495.0          0.86634
1496.0          0.86526
1497.0          0.86418
1498.0          0.86310
1499.0          0.86201
1500.0          0.86092
1501.0          0.85984
1502.0          0.85875
1503.0          0.85766
1504.0          0.85657
1505.0          0.85548
1506.0          0.85438
1507.0          0.85329
1508.0          0.85220
1509.0          0.85110
1510.0          0.85001
1511.0          0.84891
1512.0          0.84782
1513.0          0.84672
1514.0          0.84563
1515.0          0.84453
1516.0          0.84343
1517.0          0.84233
1518.0          0.84124
1519.0          0.84014
1520.0          0.83904
1521.0          0.83794
1522.0          0.83685
1523.0          0.83575
1524.0          0.83465
1525.0          0.83355
1526.0          0.83246
1527.0          0.83136
1528.0          0.83026
1529.0          0.82917
1530.0          0.82807
1531.0          0.82698
1532.0          0.82588
1533.0          0.82479
1534.0          0.82369
1535.0          0.82260
1536.0          0.82151
1537.0          0.82041
1538.0          0.81932
1539.0          0.81823
1540.0          0.81714
1541.0          0.81605
1542.0          0.81496
1543.0          0.81388
1544.0          0.81279
1545.0          0.81170
1546.0          0.81062
1547.0          0.80954
1548.0          0.80845
1549.0          0.80737
1550.0          0.80629
1551.0          0.80521
1552.0          0.80413
1553.0          0.80306
1554.0          0.80198
1555.0          0.80090
1556.0          0.79983
1557.0          0.79876
1558.0          0.79769
1559.0          0.79662
1560.0          0.79555
1561.0          0.79448
1562.0          0.79342
1563.0          0.79236
1564.0          0.79129
1565.0          0.79023
1566.0          0.78917
1567.0          0.78812
1568.0          0.78706
1569.0          0.78601
1570.0          0.78495
1571.0          0.78390
1572.0          0.78285
1573.0          0.78180
1574.0          0.78076
1575.0          0.77971
1576.0          0.77867
1577.0          0.77763
1578.0          0.77659
1579.0          0.77555
1580.0          0.77452
1581.0          0.77348
1582.0          0.77245
1583.0          0.77142
1584.0          0.77039
1585.0          0.76937
1586.0          0.76834
1587.0          0.76732
1588.0          0.76630
1589.0          0.76528
1590.0          0.76427
1591.0          0.76325
1592.0          0.76224
1593.0          0.76123
1594.0          0.76022
1595.0          0.75921
1596.0          0.75821
1597.0          0.75721
1598.0          0.75621
1599.0          0.75521
1600.0          0.75422
1601.0          0.75322
1602.0          0.75223
1603.0          0.75124
1604.0          0.75025
1605.0          0.74927
1606.0          0.74829
1607.0          0.74731
1608.0          0.74633
1609.0          0.74535
1610.0          0.74438
1611.0          0.74341
1612.0          0.74244
1613.0          0.74147
1614.0          0.74051
1615.0          0.73954
1616.0          0.73858
1617.0          0.73762
1618.0          0.73667
1619.0          0.73572
1620.0          0.73476
1621.0          0.73382
1622.0          0.73287
1623.0          0.73193
1624.0          0.73098
1625.0          0.73004
1626.0          0.72911
1627.0          0.72817
1628.0          0.72724
1629.0          0.72631
1630.0          0.72538
1631.0          0.72446
1632.0          0.72354
1633.0          0.72261
1634.0          0.72170
1635.0          0.72078
1636.0          0.71987
1637.0          0.71896
1638.0          0.71805
1639.0          0.71714
1640.0          0.71624
1641.0          0.71534
1642.0          0.71444
1643.0          0.71354
1644.0          0.71265
1645.0          0.71176
1646.0          0.71087
1647.0          0.70998
1648.0          0.70910
1649.0          0.70822
1650.0          0.70734
1400.0          1.0000
1401.0          1.0000
1402.0          1.0000
1403.0          1.0000
1404.0          1.0000
1405.0          1.0000
1406.0          1.0000
1407.0          1.0000
1408.0          1.0000
1409.0          1.0000
1410.0          1.0000
1411.0          1.0000
1412.0          1.0000
1413.0          1.0000
1414.0          1.0000
1415.0          1.0000
1416.0          1.0000
1417.0          1.0000
1418.0          1.0000
1419.0          1.0000
1420.0          1.0000
1421.0          1.0000
1422.0          1.0000
1423.0          1.0000
1424.0          1.0000
1425.0          1.0000
1426.0          1.0000
1427.0          1.0000
1428.0          1.0000
1429.0          1.0000
1430.0          1.0000
1431.0          1.0000
1432.0          1.0000
1433.0          1.0000
1434.0          1.0000
1435.0          1.0000
1436.0          1.0000
1437.0          1.0000
1438.0          1.0000
1439.0          1.0000
1440.0          1.0000
1441.0          1.0000
1442.0          1.0000
1443.0          1.0000
1444.0          1.0000
1445.0          1.0000
1446.0          1.0000
1447.0          1.0000
1448.0          1.0000
1449.0          1.0000
1450.0          1.0000
1451.0          1.0000
1452.0          1.0000
1453.0          1.0000
1454.0          1.0000
1455.0          1.0000
1456.0          1.0000
1457.0          1.0000
1458.0          1.0000
1459.0          1.0000
1460.0          1.0000
1461.0          1.0000
1462.0          1.0000
1463.0          1.0000
1464.0          1.0000
1465.0          1.0000
1466.0          1.0000
1467.0          1.0000
1468.0          1.0000
1469.0          1.0000
1470.0          1.0000
1471.0          1.0000
1472.0          1.0000
1473.0          1.0000
1474.0          1.0000
1475.0          1.0000
1476.0          1.0000
1477.0          1.0000
1478.0          1.0000
1479.0          1.0000
1480.0          1.0000
1481.0          1.0000
1482.0          1.0000
1483.0          1.0000
1484.0          1.0000
1485.0          1.0000
1486.0          1.0000
1487.0          1.0000
1488.0          1.0000
1489.0          1.0000
1490.0          1.0000
1491.0          1.0000
1492.0          1.0000
1493.0          1.0000
1494.0          1.0000
1495.0          1.0000
1496.0          1.0000
1497.0          1.0000
1498.0          1.0000
1499.0          1.0000
1500.0          1.0000
1501.0          1.0000
1502.0          1.0000
1503.0          1.0000
1504.0          1.0000
1505.0          1.0000
1506.0          1.0000
1507.0          1.0000
1508.0          1.0000
1509.0          1.0000
1510.0          1.0000
1511.0          1.0000
1512.0          1.0000
1513.0          1.0000
1514.0          1.0000
1515.0          1.0000
1516.0          1.0000
1517.0          1.0000
1518.0          1.0000
1519.0          1.0000
1520.0          1.0000
1521.0          1.0000
1522.0          1.0000
1523.0          1.0000
1524.0          1.0000
1525.0          1.0000
1526.0          1.0000
1527.0          1.0000
1528.0          1.0000
1529.0          1.0000
1530.0          1.0000
1531.0          1.0000
1532.0          1.0000
1533.0          1.0000
1534.0          1.0000
1535.0          1.0000
1536.0          1.0000
1537.0          1.0000
1538.0          1.0000
1539.0          1.0000
1540.0          1.0000
1541.0          1.0000
1542.0          1.0000
1543.0          1.0000
1544.0          1.0000
1545.0          1.0000
1546.0          1.0000
1547.0          1.0000
1548.0          1.0000
1549.0          1.0000
1550.0          1.0000
1551.0          1.0000
1552.0          1.0000
1553.0          1.0000
1554.0          1.0000
1555.0          1.0000
1556.0          1.0000
1557.0          1.0000
1558.0          1.0000
1559.0          1.0000
1560.0          1.0000
1561.0          1.0000
1562.0          1.0000
1563.0          1.0000
1564.0          1.0000
1565.0          1.0000
1566.0          1.0000
1567.0          1.0000
1568.0          1.0000
1569.0          1.0000
1570.0          1.0000
1571.0          1.0000
1572.0          1.0000
1573.0          1.0000
1574.0          1.0000
1575.0          1.0000
1576.0          1.0000
1577.0          1.0000
1578.0          1.0000
1579.0          1.0000
1580.0          1.0000
1581.0          1.0000
1582.0          1.0000
1583.0          1.0000
1584.0          1.0000
1585.0          1.0000
1586.0          1.0000
1587.0          1.0000
1588.0          1.0000
1589.0          1.0000
1590.0          1.0000
1591.0          1.0000
1592.0          1.0000
1593.0          1.0000
1594.0          1.0000
1595.0          1.0000
1596.0          1.0000
1597.0          1.0000
1598.0          1.0000
1599.0          1.0000
1600.0          1.0000
1601.0          1.0000
1602.0          1.0000
1603.0          1.0000
1604.0          1.0000
1605.0          1.0000
1606.0          1.0000
1607.0          1.0000
1608.0          1.0000
1609.0          1.0000
1610.0          1.0000
1611.0          1.0000
1612.0          1.0000
1613.0          1.0000
1614.0          1.0000
1615.0          1.0000
1616.0          1.0000
1617.0          1.0000
1618.0          1.0000
1619.0          1.0000
1620.0          1.0000
1621.0          1.0000
1622.0          1.0000
1623.0          1.0000
1624.0          1.0000
1625.0          1.0000
1626.0          1.0000
1627.0          1.0000
1628.0          1.0000
1629.0          1.0000
1630.0          1.0000
1631.0          1.0000
1632.0          1.0000
1633.0          1.0000
1634.0          1.0000
1635.0          1.0000
1636.0          1.0000
1637.0          1.0000
1638.0          1.0000
1639.0          1.0000
1640.0          1.0000
1641.0          1.0000
1642.0          1.0000
1643.0          1.0000
1644.0          1.0000
1645.0          1.0000
1646.0          1.0000
1647.0          1.0000
1648.0          1.0000
1649.0          1.0000
1650.0          1.0000
1400.0          1.8874E-15
1401.0          8.8818E-16
1402.0          -6.6613E-16
1403.0          2.3315E-15
1404.0          1.1102E-16
1405.0          8.8818E-16
1406.0          6.6613E-16
1407.0          1.7764E-15
1408.0          1.1102E-16
1409.0          3.3307E-16
1410.0          1.3323E-15
1411.0          0.0000
1412.0          0.0000
1413.0          4.4409E-16
1414.0          2.9976E-15
1415.0          0.0000
1416.0          -1.7764E-15
1417.0          1.2212E-15
1418.0          1.3323E-15
1419.0          8.8818E-16
1420.0          -2.2204E-16
1421.0          -2.2204E-16
1422.0          3.3307E-15
1423.0          2.2204E-15
1424.0          -3.7748E-15
1425.0          2.2204E-16
1426.0          1.7764E-15
1427.0          4.4409E-16
1428.0          -2.2204E-15
1429.0          -2.4425E-15
1430.0          2.2204E-16
1431.0          4.4409E-16
1432.0          5.5511E-16
1433.0          4.4409E-16
1434.0          5.5511E-16
1435.0          1.4433E-15
1436.0          1.1102E-15
1437.0          1.4433E-15
1438.0          2.2204E-16
1439.0          3.1086E-15
1440.0          -8.8818E-16
1441.0          -4.4409E-16
1442.0          1.2212E-15
1443.0          3.3307E-15
1444.0          -2.2204E-16
1445.0          -6.6613E-16
1446.0          4.4409E-16
1447.0          -1.5543E-15
1448.0          4.9960E-15
1449.0          -8.8818E-16
1450.0          3.4417E-15
1451.0          1.3323E-15
1452.0          -2.8866E-15
1453.0          5.5511E-16
1454.0          1.3323E-15
1455.0          -1.5543E-15
1456.0          2.9976E-15
1457.0          -1.9984E-15
1458.0          3.9968E-15
1459.0          -2.2204E-16
1460.0          1.4433E-15
1461.0          -4.4409E-16
1462.0          0.0000
1463.0          1.6653E-15
1464.0          0.0000
1465.0          -1.3323E-15
1466.0          3.3307E-15
1467.0          9.9920E-16
1468.0          -2.2204E-16
1469.0          3.3307E-16
1470.0          4.4409E-16
1471.0          -1.9984E-15
1472.0          -4.4409E-16
1473.0          -1.5543E-15
1474.0          -3.3307E-15
1475.0          -1.1102E-15
1476.0          0.0000
1477.0          -1.3323E-15
1478.0          2.2204E-16
1479.0          5.5511E-16
1480.0          3.3307E-16
1481.0          -3.3307E-15
1482.0          4.4409E-16
1483.0          5.5511E-16
1484.0          1.3323E-15
1485.0          -2.4425E-15
1486.0          -8.8818E-16
1487.0          -1.7764E-15
1488.0          -2.2204E-15
1489.0          -2.6645E-15
1490.0          -4.4409E-16
1491.0          5.5511E-16
1492.0          -2.2204E-16
1493.0          -1.5543E-15
1494.0          1.8874E-15
1495.0          2.3315E-15
1496.0          -1.7764E-15
1497.0          -2.2204E-16
1498.0          -6.6613E-16
1499.0          -1.3323E-15
1500.0          -2.8866E-15
1501.0          2.1094E-15
1502.0          -2.2204E-16
1503.0          1.1102E-15
1504.0          -1.7764E-15
1505.0          1.4433E-15
1506.0          1.1102E-16
1507.0          2.6645E-15
1508.0          -6.6613E-16
1509.0          -2.2204E-16
1510.0          8.8818E-16
1511.0          2.2204E-15
1512.0          1.8874E-15
1513.0          -3.9968E-15
1514.0          0.0000
1515.0          8.8818E-16
1516.0          1.1102E-16
1517.0          -1.1102E-15
1518.0          -4.4409E-16
1519.0          1.7764E-15
1520.0          -1.7764E-15
1521.0          1.5543E-15
1522.0          -4.4409E-16
1523.0          2.2204E-16
1524.0          4.4409E-16
1525.0          -2.2204E-16
1526.0          2.2204E-16
1527.0          -2.6645E-15
1528.0          1.1102E-15
1529.0          -5.5511E-15
1530.0          -1.9984E-15
1531.0          -4.4409E-16
1532.0          3.3307E-16
1533.0          2.4425E-15
1534.0          1.1102E-16
1535.0          -4.4409E-16
1536.0          -1.7764E-15
1537.0          9.9920E-16
1538.0          -2.6645E-15
1539.0          -1.3323E-15
1540.0          4.7740E-15
1541.0          -1.5543E-15
1542.0          -8.8818E-16
1543.0          2.4425E-15
1544.0          6.6613E-16
1545.0          2.5535E-15
1546.0          4.6629E-15
1547.0          9.9920E-16
1548.0          -1.3323E-15
1549.0          -3.7748E-15
1550.0          2.2204E-15
1551.0          -1.3323E-15
1552.0          6.6613E-16
1553.0          8.8818E-16
1554.0          -1.5543E-15
1555.0          -2.2204E-16
1556.0          2.2204E-15
1557.0          4.4409E-16
1558.0          2.2204E-16
1559.0          1.5543E-15
1560.0          -8.8818E-16
1561.0          5.5511E-16
1562.0          -1.7764E-15
1563.0          1.7764E-15
1564.0          -6.6613E-16
1565.0          -1.3323E-15
1566.0          -1.3323E-15
1567.0          3.3307E-16
1568.0          -1.3323E-15
1569.0          7.7716E-16
1570.0          -2.2204E-15
1571.0          2.4425E-15
1572.0          1.1102E-16
1573.0          -1.3323E-15
1574.0          -2.2204E-16
1575.0          -1.1102E-15
1576.0          -2.2204E-16
1577.0          7.7716E-16
1578.0          2.1094E-15
1579.0          -1.5543E-15
1580.0          -1.5543E-15
1581.0          -1.3323E-15
1582.0          6.6613E-16
1583.0          1.7764E-15
1584.0          -8.8818E-16
1585.0          0.0000
1586.0          -1.3323E-15
1587.0          1.2212E-15
1588.0          2.3315E-15
1589.0          -2.6645E-15
1590.0          0.0000
1591.0          -2.8866E-15
1592.0          1.3323E-15
1593.0          3.2196E-15
1594.0          -1.5543E-15
1595.0          6.6613E-16
1596.0          6.6613E-16
1597.0          6.6613E-16
1598.0          1.9984E-15
1599.0          1.6653E-15
1600.0          -2.8866E-15
1601.0          3.1086E-15
1602.0          -1.9984E-15
1603.0          2.9976E-15
1604.0          -2.6645E-15
1605.0          -8.8818E-16
1606.0          4.4409E-15
1607.0          5.3291E-15
1608.0          1.9984E-15
1609.0          -3.5527E-15
1610.0          -1.7764E-15
1611.0          -4.4409E-15
1612.0          0.0000
1613.0          1.7764E-15
1614.0          -1.3323E-15
1615.0          2.5535E-15
1616.0          4.2188E-15
1617.0          -1.7764E-15
1618.0          3.7748E-15
1619.0          9.5479E-15
1620.0          -4.2188E-15
1621.0          1.2657E-14
1622.0          -7.7716E-15
1623.0          -4.4409E-16
1624.0          6.6613E-15
1625.0          -3.5527E-15
1626.0          5.7732E-15
1627.0          1.0214E-14
1628.0          -6.6613E-16
1629.0          -6.4393E-15
1630.0          -3.5527E-15
1631.0          7.7716E-15
1632.0          2.2204E-16
1633.0          -2.6645E-15
1634.0          4.4409E-15
1635.0          -1.7764E-15
1636.0          -8.8818E-16
1637.0          -1.7764E-15
1638.0          1.9984E-15
1639.0          -5.3291E-15
1640.0          -7.5495E-15
1641.0          -8.8818E-16
1642.0          -1.9984E-15
1643.0          2.3315E-15
1644.0          -4.4409E-16
1645.0          -1.3323E-15
1646.0          5.5511E-15
1647.0          -2.6645E-15
1648.0          2.2204E-15
1649.0          2.1094E-15
1650.0          5.5511E-16
