1400.0          0.77520
1401.0          0.77446
1402.0          0.77373
1403.0          0.77300
1404.0          0.77227
1405.0          0.77154
1406.0          0.77081
1407.0          0.77008
1408.0          0.76935
1409.0          0.76862
1410.0          0.76790
1411.0          0.76717
1412.0          0.76645
1413.0          0.76572
1414.0          0.76500
1415.0          0.76428
1416.0          0.76355
1417.0          0.76283
1418.0          0.76211
1419.0          0.76139
1420.0          0.76068
1421.0          0.75996
1422.0          0.75924
1423.0          0.75852
1424.0          0.75781
1425.0          0.75710
1426.0          0.75638
1427.0          0.75567
1428.0          0.75496
1429.0          0.75424
1430.0          0.75353
1431.0          0.75282
1432.0          0.75211
1433.0          0.75141
1434.0          0.75070
1435.0          0.74999
1436.0          0.74929
1437.0          0.74858
1438.0          0.74787
1439.0          0.74717
1440.0          0.74647
1441.0          0.74577
1442.0          0.74506
1443.0          0.74436
1444.0          0.74366
1445.0          0.74296
1446.0          0.74226
1447.0          0.74157
1448.0          0.74087
1449.0          0.74017
1450.0          0.73947
1451.0          0.73878
1452.0          0.73808
1453.0          0.73739
1454.0          0.73670
1455.0          0.73601
1456.0          0.73531
1457.0          0.73462
1458.0          0.73393
1459.0          0.73324
1460.0          0.73255
1461.0          0.73187
1462.0          0.73118
1463.0          0.73049
1464.0          0.72980
1465.0          0.72912
1466.0          0.72843
1467.0          0.72775
1468.0          0.72707
1469.0          0.72638
1470.0          0.72570
1471.0          0.72502
1472.0          0.72434
1473.0          0.72366
1474.0          0.72298
1475.0          0.72230
1476.0          0.72163
1477.0          0.72095
1478.0          0.72027
1479.0          0.71960
1480.0          0.71892
1481.0          0.71825
1482.0          0.71757
1483.0          0.71690
1484.0          0.71623
1485.0          0.71556
1486.0          0.71489
1487.0          0.71422
1488.0          0.71355
1489.0          0.71288
1490.0          0.71221
1491.0          0.71154
1492.0          0.71087
1493.0          0.71021
1494.0          0.70954
1495.0          0.70888
1496.0          0.70821
1497.0          0.70755
1498.0          0.70689
1499.0          0.70623
1500.0          0.70557
1501.0          0.70490
1502.0          0.70425
1503.0          0.70359
1504.0          0.70293
1505.0          0.70227
1506.0          0.70161
1507.0          0.70096
1508.0          0.70030
1509.0          0.69964
1510.0          0.69899
1511.0          0.69834
1512.0          0.69768
1513.0          0.69703
1514.0          0.69638
1515.0          0.69573
1516.0          0.69508
1517.0          0.69443
1518.0          0.69378
1519.0          0.69313
1520.0          0.69248
1521.0          0.69184
1522.0          0.69119
1523.0          0.69054
1524.0          0.68990
1525.0          0.68926
1526.0          0.68861
1527.0          0.68797
1528.0          0.68733
1529.0          0.68669
1530.0          0.68604
1531.0          0.68540
1532.0          0.68477
1533.0          0.68413
1534.0          0.68349
1535.0          0.68285
1536.0          0.68221
1537.0          0.68158
1538.0          0.68094
1539.0          0.68031
1540.0          0.67967
1541.0          0.67904
1542.0          0.67841
1543.0          0.67778
1544.0          0.67714
1545.0          0.67651
1546.0          0.67588
1547.0          0.67525
1548.0          0.67463
1549.0          0.67400
1550.0          0.67337
1551.0          0.67274
1552.0          0.67212
1553.0          0.67149
1554.0          0.67087
1555.0          0.67025
1556.0          0.66962
1557.0          0.66900
1558.0          0.66838
1559.0          0.66776
1560.0          0.66714
1561.0          0.66652
1562.0          0.66590
1563.0          0.66528
1564.0          0.66466
1565.0          0.66404
1566.0          0.66343
1567.0          0.66281
1568.0          0.66220
1569.0          0.66158
1570.0          0.66097
1571.0          0.66036
1572.0          0.65974
1573.0          0.65913
1574.0          0.65852
1575.0          0.65791
1576.0          0.65730
1577.0          0.65669
1578.0          0.65609
1579.0          0.65548
1580.0          0.65487
1581.0          0.65427
1582.0          0.65366
1583.0          0.65305
1584.0          0.65245
1585.0          0.65185
1586.0          0.65124
1587.0          0.65064
1588.0          0.65004
1589.0          0.64944
1590.0          0.64884
1591.0          0.64824
1592.0          0.64764
1593.0          0.64704
1594.0          0.64645
1595.0          0.64585
1596.0          0.64525
1597.0          0.64466
1598.0          0.64406
1599.0          0.64347
1600.0          0.64288
1601.0          0.64228
1602.0          0.64169
1603.0          0.64110
1604.0          0.64051
1605.0          0.63992
1606.0          0.63933
1607.0          0.63874
1608.0          0.63815
1609.0          0.63757
1610.0          0.63698
1611.0          0.63639
1612.0          0.63581
1613.0          0.63522
1614.0          0.63464
1615.0          0.63406
1616.0          0.63348
1617.0          0.63289
1618.0          0.63231
1619.0          0.63173
1620.0          0.63115
1621.0          0.63057
1622.0          0.62999
1623.0          0.62942
1624.0          0.62884
1625.0          0.62826
1626.0          0.62769
1627.0          0.62711
1628.0          0.62654
1629.0          0.62596
1630.0          0.62539
1631.0          0.62482
1632.0          0.62425
1633.0          0.62367
1634.0          0.62310
1635.0          0.62253
1636.0          0.62196
1637.0          0.62140
1638.0          0.62083
1639.0          0.62026
1640.0          0.61969
1641.0          0.61913
1642.0          0.61856
1643.0          0.61800
1644.0          0.61743
1645.0          0.61687
1646.0          0.61631
1647.0          0.61575
1648.0          0.61519
1649.0          0.61462
1650.0          0.61406
1400.0          0.22480
1401.0          0.22554
1402.0          0.22627
1403.0          0.22700
1404.0          0.22773
1405.0          0.22846
1406.0          0.22919
1407.0          0.22992
1408.0          0.23065
1409.0          0.23138
1410.0          0.23210
1411.0          0.23283
1412.0          0.23355
1413.0          0.23428
1414.0          0.23500
1415.0          0.23572
1416.0          0.23645
1417.0          0.23717
1418.0          0.23789
1419.0          0.23861
1420.0          0.23932
1421.0          0.24004
1422.0          0.24076
1423.0          0.24148
1424.0          0.24219
1425.0          0.24290
1426.0          0.24362
1427.0          0.24433
1428.0          0.24504
1429.0          0.24576
1430.0          0.24647
1431.0          0.24718
1432.0          0.24789
1433.0          0.24859
1434.0          0.24930
1435.0          0.25001
1436.0          0.25071
1437.0          0.25142
1438.0          0.25213
1439.0          0.25283
1440.0          0.25353
1441.0          0.25423
1442.0          0.25494
1443.0          0.25564
1444.0          0.25634
1445.0          0.25704
1446.0          0.25774
1447.0          0.25843
1448.0          0.25913
1449.0          0.25983
1450.0          0.26053
1451.0          0.26122
1452.0          0.26192
1453.0          0.26261
1454.0          0.26330
1455.0          0.26399
1456.0          0.26469
1457.0          0.26538
1458.0          0.26607
1459.0          0.26676
1460.0          0.26745
1461.0          0.26813
1462.0          0.26882
1463.0          0.26951
1464.0          0.27020
1465.0          0.27088
1466.0          0.27157
1467.0          0.27225
1468.0          0.27293
1469.0          0.27362
1470.0          0.27430
1471.0          0.27498
1472.0          0.27566
1473.0          0.27634
1474.0          0.27702
1475.0          0.27770
1476.0          0.27837
1477.0          0.27905
1478.0          0.27973
1479.0          0.28040
1480.0          0.28108
1481.0          0.28175
1482.0          0.28243
1483.0          0.28310
1484.0          0.28377
1485.0          0.28444
1486.0          0.28511
1487.0          0.28578
1488.0          0.28645
1489.0          0.28712
1490.0          0.28779
1491.0          0.28846
1492.0          0.28913
1493.0          0.28979
1494.0          0.29046
1495.0          0.29112
1496.0          0.29179
1497.0          0.29245
1498.0          0.29311
1499.0          0.29377
1500.0          0.29443
1501.0          0.29510
1502.0          0.29575
1503.0          0.29641
1504.0          0.29707
1505.0          0.29773
1506.0          0.29839
1507.0          0.29904
1508.0          0.29970
1509.0          0.30036
1510.0          0.30101
1511.0          0.30166
1512.0          0.30232
1513.0          0.30297
1514.0          0.30362
1515.0          0.30427
1516.0          0.30492
1517.0          0.30557
1518.0          0.30622
1519.0          0.30687
1520.0          0.30752
1521.0          0.30816
1522.0          0.30881
1523.0          0.30946
1524.0          0.31010
1525.0          0.31074
1526.0          0.31139
1527.0          0.31203
1528.0          0.31267
1529.0          0.31331
1530.0          0.31396
1531.0          0.31460
1532.0          0.31523
1533.0          0.31587
1534.0          0.31651
1535.0          0.31715
1536.0          0.31779
1537.0          0.31842
1538.0          0.31906
1539.0          0.31969
1540.0          0.32033
1541.0          0.32096
1542.0          0.32159
1543.0          0.32222
1544.0          0.32286
1545.0          0.32349
1546.0          0.32412
1547.0          0.32475
1548.0          0.32537
1549.0          0.32600
1550.0          0.32663
1551.0          0.32726
1552.0          0.32788
1553.0          0.32851
1554.0          0.32913
1555.0          0.32975
1556.0          0.33038
1557.0          0.33100
1558.0          0.33162
1559.0          0.33224
1560.0          0.33286
1561.0          0.33348
1562.0          0.33410
1563.0          0.33472
1564.0          0.33534
1565.0          0.33596
1566.0          0.33657
1567.0          0.33719
1568.0          0.33780
1569.0          0.33842
1570.0          0.33903
1571.0          0.33964
1572.0          0.34026
1573.0          0.34087
1574.0          0.34148
1575.0          0.34209
1576.0          0.34270
1577.0          0.34331
1578.0          0.34391
1579.0          0.34452
1580.0          0.34513
1581.0          0.34573
1582.0          0.34634
1583.0          0.34695
1584.0          0.34755
1585.0          0.34815
1586.0          0.34876
1587.0          0.34936
1588.0          0.34996
1589.0          0.35056
1590.0          0.35116
1591.0          0.35176
1592.0          0.35236
1593.0          0.35296
1594.0          0.35355
1595.0          0.35415
1596.0          0.35475
1597.0          0.35534
1598.0          0.35594
1599.0          0.35653
1600.0          0.35712
1601.0          0.35772
1602.0          0.35831
1603.0          0.35890
1604.0          0.35949
1605.0          0.36008
1606.0          0.36067
1607.0          0.36126
1608.0          0.36185
1609.0          0.36243
1610.0          0.36302
1611.0          0.36361
1612.0          0.36419
1613.0          0.36478
1614.0          0.36536
1615.0          0.36594
1616.0          0.36652
1617.0          0.36711
1618.0          0.36769
1619.0          0.36827
1620.0          0.36885
1621.0          0.36943
1622.0          0.37001
1623.0          0.37058
1624.0          0.37116
1625.0          0.37174
1626.0          0.37231
1627.0          0.37289
1628.0          0.37346
1629.0          0.37404
1630.0          0.37461
1631.0          0.37518
1632.0          0.37575
1633.0          0.37633
1634.0          0.37690
1635.0          0.37747
1636.0          0.37804
1637.0          0.37860
1638.0          0.37917
1639.0          0.37974
1640.0          0.38031
1641.0          0.38087
1642.0          0.38144
1643.0          0.38200
1644.0          0.38257
1645.0          0.38313
1646.0          0.38369
1647.0          0.38425
1648.0          0.38481
1649.0          0.38538
1650.0          0.38594
1400.0          1.0000
1401.0          1.0000
1402.0          1.0000
1403.0          1.0000
1404.0          1.0000
1405.0          1.0000
1406.0          1.0000
1407.0          1.0000
1408.0          1.0000
1409.0          1.0000
1410.0          1.0000
1411.0          1.0000
1412.0          1.0000
1413.0          1.0000
1414.0          1.0000
1415.0          1.0000
1416.0          1.0000
1417.0          1.0000
1418.0          1.0000
1419.0          1.0000
1420.0          1.0000
1421.0          1.0000
1422.0          1.0000
1423.0          1.0000
1424.0          1.0000
1425.0          1.0000
1426.0          1.0000
1427.0          1.0000
1428.0          1.0000
1429.0          1.0000
1430.0          1.0000
1431.0          1.0000
1432.0          1.0000
1433.0          1.0000
1434.0          1.0000
1435.0          1.0000
1436.0          1.0000
1437.0          1.0000
1438.0          1.0000
1439.0          1.0000
1440.0          1.0000
1441.0          1.0000
1442.0          1.0000
1443.0          1.0000
1444.0          1.0000
1445.0          1.0000
1446.0          1.0000
1447.0          1.0000
1448.0          1.0000
1449.0          1.0000
1450.0          1.0000
1451.0          1.0000
1452.0          1.0000
1453.0          1.0000
1454.0          1.0000
1455.0          1.0000
1456.0          1.0000
1457.0          1.0000
1458.0          1.0000
1459.0          1.0000
1460.0          1.0000
1461.0          1.0000
1462.0          1.0000
1463.0          1.0000
1464.0          1.0000
1465.0          1.0000
1466.0          1.0000
1467.0          1.0000
1468.0          1.0000
1469.0          1.0000
1470.0          1.0000
1471.0          1.0000
1472.0          1.0000
1473.0          1.0000
1474.0          1.0000
1475.0          1.0000
1476.0          1.0000
1477.0          1.0000
1478.0          1.0000
1479.0          1.0000
1480.0          1.0000
1481.0          1.0000
1482.0          1.0000
1483.0          1.0000
1484.0          1.0000
1485.0          1.0000
1486.0          1.0000
1487.0          1.0000
1488.0          1.0000
1489.0          1.0000
1490.0          1.0000
1491.0          1.0000
1492.0          1.0000
1493.0          1.0000
1494.0          1.0000
1495.0          1.0000
1496.0          1.0000
1497.0          1.0000
1498.0          1.0000
1499.0          1.0000
1500.0          1.0000
1501.0          1.0000
1502.0          1.0000
1503.0          1.0000
1504.0          1.0000
1505.0          1.0000
1506.0          1.0000
1507.0          1.0000
1508.0          1.0000
1509.0          1.0000
1510.0          1.0000
1511.0          1.0000
1512.0          1.0000
1513.0          1.0000
1514.0          1.0000
1515.0          1.0000
1516.0          1.0000
1517.0          1.0000
1518.0          1.0000
1519.0          1.0000
1520.0          1.0000
1521.0          1.0000
1522.0          1.0000
1523.0          1.0000
1524.0          1.0000
1525.0          1.0000
1526.0          1.0000
1527.0          1.0000
1528.0          1.0000
1529.0          1.0000
1530.0          1.0000
1531.0          1.0000
1532.0          1.0000
1533.0          1.0000
1534.0          1.0000
1535.0          1.0000
1536.0          1.0000
1537.0          1.0000
1538.0          1.0000
1539.0          1.0000
1540.0          1.0000
1541.0          1.0000
1542.0          1.0000
1543.0          1.0000
1544.0          1.0000
1545.0          1.0000
1546.0          1.0000
1547.0          1.0000
1548.0          1.0000
1549.0          1.0000
1550.0          1.0000
1551.0          1.0000
1552.0          1.0000
1553.0          1.0000
1554.0          1.0000
1555.0          1.0000
1556.0          1.0000
1557.0          1.0000
1558.0          1.0000
1559.0          1.0000
1560.0          1.0000
1561.0          1.0000
1562.0          1.0000
1563.0          1.0000
1564.0          1.0000
1565.0          1.0000
1566.0          1.0000
1567.0          1.0000
1568.0          1.0000
1569.0          1.0000
1570.0          1.0000
1571.0          1.0000
1572.0          1.0000
1573.0          1.0000
1574.0          1.0000
1575.0          1.0000
1576.0          1.0000
1577.0          1.0000
1578.0          1.0000
1579.0          1.0000
1580.0          1.0000
1581.0          1.0000
1582.0          1.0000
1583.0          1.0000
1584.0          1.0000
1585.0          1.0000
1586.0          1.0000
1587.0          1.0000
1588.0          1.0000
1589.0          1.0000
1590.0          1.0000
1591.0          1.0000
1592.0          1.0000
1593.0          1.0000
1594.0          1.0000
1595.0          1.0000
1596.0          1.0000
1597.0          1.0000
1598.0          1.0000
1599.0          1.0000
1600.0          1.0000
1601.0          1.0000
1602.0          1.0000
1603.0          1.0000
1604.0          1.0000
1605.0          1.0000
1606.0          1.0000
1607.0          1.0000
1608.0          1.0000
1609.0          1.0000
1610.0          1.0000
1611.0          1.0000
1612.0          1.0000
1613.0          1.0000
1614.0          1.0000
1615.0          1.0000
1616.0          1.0000
1617.0          1.0000
1618.0          1.0000
1619.0          1.0000
1620.0          1.0000
1621.0          1.0000
1622.0          1.0000
1623.0          1.0000
1624.0          1.0000
1625.0          1.0000
1626.0          1.0000
1627.0          1.0000
1628.0          1.0000
1629.0          1.0000
1630.0          1.0000
1631.0          1.0000
1632.0          1.0000
1633.0          1.0000
1634.0          1.0000
1635.0          1.0000
1636.0          1.0000
1637.0          1.0000
1638.0          1.0000
1639.0          1.0000
1640.0          1.0000
1641.0          1.0000
1642.0          1.0000
1643.0          1.0000
1644.0          1.0000
1645.0          1.0000
1646.0          1.0000
1647.0          1.0000
1648.0          1.0000
1649.0          1.0000
1650.0          1.0000
1400.0          2.2204E-16
1401.0          -1.5543E-15
1402.0          3.3307E-15
1403.0          1.7764E-15
1404.0          -2.2204E-16
1405.0          1.6653E-15
1406.0          -1.7764E-15
1407.0          1.7764E-15
1408.0          -1.7764E-15
1409.0          7.7716E-16
1410.0          3.3307E-16
1411.0          6.6613E-16
1412.0          0.0000
1413.0          -6.6613E-16
1414.0          6.6613E-16
1415.0          -2.6645E-15
1416.0          8.8818E-16
1417.0          -3.1086E-15
1418.0          -3.9968E-15
1419.0          -2.2204E-15
1420.0          -1.1102E-15
1421.0          -8.8818E-16
1422.0          -6.6613E-16
1423.0          6.6613E-16
1424.0          1.3323E-15
1425.0          -2.2204E-15
1426.0          2.8866E-15
1427.0          1.9984E-15
1428.0          -1.9984E-15
1429.0          -8.8818E-16
1430.0          5.5511E-16
1431.0          8.8818E-16
1432.0          1.9984E-15
1433.0          -1.4433E-14
1434.0          5.5511E-15
1435.0          -3.5527E-15
1436.0          -4.4409E-16
1437.0          -3.9968E-15
1438.0          -8.8818E-16
1439.0          -5.9952E-15
1440.0          -2.6645E-15
1441.0          -1.5543E-15
1442.0          0.0000
1443.0          -2.2204E-15
1444.0          4.2188E-15
1445.0          -2.6645E-15
1446.0          3.9968E-15
1447.0          -3.9968E-15
1448.0          -8.8818E-16
1449.0          3.5527E-15
1450.0          -2.2204E-15
1451.0          6.6613E-16
1452.0          8.8818E-16
1453.0          4.4409E-16
1454.0          1.5543E-15
1455.0          -4.4409E-16
1456.0          1.4433E-15
1457.0          2.2204E-15
1458.0          0.0000
1459.0          6.6613E-16
1460.0          2.4425E-15
1461.0          0.0000
1462.0          9.9920E-16
1463.0          6.6613E-16
1464.0          2.6645E-15
1465.0          -4.4409E-16
1466.0          -1.3323E-15
1467.0          -2.2204E-15
1468.0          -1.9984E-15
1469.0          2.2204E-16
1470.0          2.2204E-16
1471.0          1.7764E-15
1472.0          4.4409E-16
1473.0          -8.8818E-16
1474.0          4.4409E-16
1475.0          2.2204E-16
1476.0          5.5511E-16
1477.0          -6.6613E-16
1478.0          4.6629E-15
1479.0          1.9984E-15
1480.0          1.3323E-15
1481.0          -1.3323E-15
1482.0          -8.8818E-16
1483.0          -4.4409E-16
1484.0          1.1102E-16
1485.0          1.1102E-15
1486.0          0.0000
1487.0          -8.8818E-16
1488.0          -1.3323E-15
1489.0          -8.8818E-16
1490.0          -3.5527E-15
1491.0          -4.4409E-16
1492.0          -2.2204E-15
1493.0          4.4409E-16
1494.0          -2.6645E-15
1495.0          2.2204E-16
1496.0          -1.1102E-15
1497.0          2.3315E-15
1498.0          -6.6613E-16
1499.0          -1.5543E-15
1500.0          -2.8866E-15
1501.0          -2.2204E-15
1502.0          -1.3323E-15
1503.0          4.4409E-16
1504.0          -8.8818E-16
1505.0          -2.4425E-15
1506.0          1.1102E-16
1507.0          -8.8818E-16
1508.0          9.9920E-16
1509.0          0.0000
1510.0          -1.5543E-15
1511.0          1.7764E-15
1512.0          -1.9984E-15
1513.0          -2.6645E-15
1514.0          0.0000
1515.0          1.7764E-15
1516.0          8.8818E-16
1517.0          2.4425E-15
1518.0          -2.8866E-15
1519.0          -1.1102E-15
1520.0          -1.3323E-15
1521.0          1.4433E-15
1522.0          -4.4409E-16
1523.0          6.6613E-16
1524.0          6.6613E-16
1525.0          5.5511E-16
1526.0          -8.8818E-16
1527.0          2.7756E-15
1528.0          -6.6613E-16
1529.0          6.6613E-16
1530.0          4.4409E-16
1531.0          1.9984E-15
1532.0          -6.6613E-16
1533.0          3.5527E-15
1534.0          -8.8818E-16
1535.0          -6.6613E-16
1536.0          -1.1102E-15
1537.0          4.2188E-15
1538.0          6.6613E-16
1539.0          4.4409E-16
1540.0          -4.4409E-16
1541.0          4.4409E-16
1542.0          -1.5543E-15
1543.0          -1.7764E-15
1544.0          -2.2204E-15
1545.0          5.5511E-16
1546.0          1.1102E-16
1547.0          -1.7764E-15
1548.0          1.3323E-15
1549.0          6.6613E-16
1550.0          -2.2204E-16
1551.0          -1.5543E-15
1552.0          1.4433E-15
1553.0          4.4409E-16
1554.0          -1.1102E-15
1555.0          4.4409E-16
1556.0          -4.4409E-16
1557.0          -3.1086E-15
1558.0          0.0000
1559.0          1.3323E-15
1560.0          -7.7716E-15
1561.0          -3.9968E-15
1562.0          9.9920E-16
1563.0          3.5527E-15
1564.0          8.8818E-16
1565.0          2.2204E-15
1566.0          1.9984E-15
1567.0          -4.4409E-16
1568.0          -1.3323E-15
1569.0          -3.9968E-15
1570.0          2.6645E-15
1571.0          1.5543E-15
1572.0          -4.8850E-15
1573.0          1.3323E-15
1574.0          6.6613E-16
1575.0          -3.3307E-15
1576.0          -2.2204E-15
1577.0          4.4409E-16
1578.0          9.9920E-16
1579.0          -2.2204E-15
1580.0          2.2204E-16
1581.0          -1.1102E-15
1582.0          -1.3323E-15
1583.0          4.4409E-16
1584.0          -1.7764E-15
1585.0          1.5543E-15
1586.0          -2.4425E-15
1587.0          -5.3291E-15
1588.0          1.7764E-15
1589.0          3.1086E-15
1590.0          -1.5543E-15
1591.0          -1.9984E-15
1592.0          4.4409E-16
1593.0          3.3307E-15
1594.0          -3.7748E-15
1595.0          -2.6645E-15
1596.0          -8.8818E-16
1597.0          -1.3323E-15
1598.0          0.0000
1599.0          -4.6629E-15
1600.0          3.1086E-15
1601.0          -1.9984E-15
1602.0          -4.4409E-16
1603.0          -2.6645E-15
1604.0          -3.5527E-15
1605.0          3.1086E-15
1606.0          2.2204E-16
1607.0          -1.5543E-15
1608.0          -9.5479E-15
1609.0          2.6645E-15
1610.0          2.9976E-15
1611.0          8.8818E-16
1612.0          -5.1070E-15
1613.0          -8.8818E-16
1614.0          -4.4409E-16
1615.0          2.4425E-15
1616.0          -1.3323E-15
1617.0          -5.3291E-15
1618.0          1.1102E-16
1619.0          -2.4425E-15
1620.0          4.4409E-16
1621.0          7.3275E-15
1622.0          -8.8818E-16
1623.0          2.4425E-15
1624.0          2.7756E-15
1625.0          4.2188E-15
1626.0          -7.9936E-15
1627.0          1.5543E-15
1628.0          -3.1086E-15
1629.0          2.4425E-15
1630.0          -4.2188E-15
1631.0          8.8818E-16
1632.0          8.8818E-16
1633.0          -2.2204E-16
1634.0          -6.6613E-16
1635.0          -1.1102E-15
1636.0          3.3307E-15
1637.0          3.5527E-15
1638.0          1.5543E-15
1639.0          -5.3291E-15
1640.0          -4.4409E-16
1641.0          6.6613E-16
1642.0          4.4409E-16
1643.0          2.4425E-15
1644.0          2.5535E-15
1645.0          1.9984E-15
1646.0          -2.2204E-16
1647.0          -4.4409E-16
1648.0          0.0000
1649.0          2.6645E-15
1650.0          2.4425E-15
