1400.0          0.15507
1401.0          0.15411
1402.0          0.15328
1403.0          0.15256
1404.0          0.15196
1405.0          0.15145
1406.0          0.15104
1407.0          0.15071
1408.0          0.15046
1409.0          0.15028
1410.0          0.15017
1411.0          0.15012
1412.0          0.15013
1413.0          0.15019
1414.0          0.15030
1415.0          0.15046
1416.0          0.15066
1417.0          0.15091
1418.0          0.15119
1419.0          0.15151
1420.0          0.15186
1421.0          0.15225
1422.0          0.15266
1423.0          0.15311
1424.0          0.15358
1425.0          0.15408
1426.0          0.15461
1427.0          0.15515
1428.0          0.15572
1429.0          0.15631
1430.0          0.15692
1431.0          0.15755
1432.0          0.15820
1433.0          0.15886
1434.0          0.15954
1435.0          0.16024
1436.0          0.16095
1437.0          0.16168
1438.0          0.16242
1439.0          0.16317
1440.0          0.16394
1441.0          0.16472
1442.0          0.16551
1443.0          0.16631
1444.0          0.16712
1445.0          0.16794
1446.0          0.16877
1447.0          0.16961
1448.0          0.17046
1449.0          0.17132
1450.0          0.17218
1451.0          0.17306
1452.0          0.17394
1453.0          0.17482
1454.0          0.17572
1455.0          0.17662
1456.0          0.17753
1457.0          0.17844
1458.0          0.17936
1459.0          0.18029
1460.0          0.18122
1461.0          0.18215
1462.0          0.18309
1463.0          0.18404
1464.0          0.18499
1465.0          0.18594
1466.0          0.18690
1467.0          0.18786
1468.0          0.18882
1469.0          0.18979
1470.0          0.19076
1471.0          0.19174
1472.0          0.19272
1473.0          0.19370
1474.0          0.19468
1475.0          0.19566
1476.0          0.19665
1477.0          0.19764
1478.0          0.19863
1479.0          0.19962
1480.0          0.20062
1481.0          0.20161
1482.0          0.20261
1483.0          0.20361
1484.0          0.20461
1485.0          0.20561
1486.0          0.20661
1487.0          0.20761
1488.0          0.20861
1489.0          0.20961
1490.0          0.21062
1491.0          0.21162
1492.0          0.21262
1493.0          0.21363
1494.0          0.21463
1495.0          0.21563
1496.0          0.21663
1497.0          0.21764
1498.0          0.21864
1499.0          0.21964
1500.0          0.22064
1501.0          0.22164
1502.0          0.22263
1503.0          0.22363
1504.0          0.22462
1505.0          0.22562
1506.0          0.22661
1507.0          0.22760
1508.0          0.22859
1509.0          0.22957
1510.0          0.23056
1511.0          0.23154
1512.0          0.23252
1513.0          0.23350
1514.0          0.23447
1515.0          0.23544
1516.0          0.23641
1517.0          0.23738
1518.0          0.23834
1519.0          0.23930
1520.0          0.24026
1521.0          0.24121
1522.0          0.24216
1523.0          0.24311
1524.0          0.24405
1525.0          0.24499
1526.0          0.24592
1527.0          0.24685
1528.0          0.24777
1529.0          0.24869
1530.0          0.24961
1531.0          0.25052
1532.0          0.25142
1533.0          0.25232
1534.0          0.25321
1535.0          0.25410
1536.0          0.25498
1537.0          0.25585
1538.0          0.25672
1539.0          0.25757
1540.0          0.25843
1541.0          0.25927
1542.0          0.26010
1543.0          0.26093
1544.0          0.26175
1545.0          0.26256
1546.0          0.26336
1547.0          0.26414
1548.0          0.26492
1549.0          0.26569
1550.0          0.26644
1551.0          0.26719
1552.0          0.26791
1553.0          0.26863
1554.0          0.26933
1555.0          0.27001
1556.0          0.27068
1557.0          0.27133
1558.0          0.27197
1559.0          0.27258
1560.0          0.27317
1561.0          0.27375
1562.0          0.27429
1563.0          0.27482
1564.0          0.27531
1565.0          0.27578
1566.0          0.27621
1567.0          0.27661
1568.0          0.27698
1569.0          0.27731
1570.0          0.27759
1571.0          0.27783
1572.0          0.27801
1573.0          0.27814
1574.0          0.27821
1575.0          0.27821
1576.0          0.27814
1577.0          0.27798
1578.0          0.27773
1579.0          0.27738
1580.0          0.27691
1581.0          0.27631
1582.0          0.27555
1583.0          0.27462
1584.0          0.27349
1585.0          0.27213
1586.0          0.27049
1587.0          0.26853
1588.0          0.26619
1589.0          0.26337
1590.0          0.25998
1591.0          0.25588
1592.0          0.25087
1593.0          0.24470
1594.0          0.23699
1595.0          0.22720
1596.0          0.21450
1597.0          0.19757
1598.0          0.17423
1599.0          0.14070
1600.0          0.090914
1601.0          0.023303
1602.0          0.088294
1603.0          0.94004
1604.0          0.85990
1605.0          0.67865
1606.0          0.58285
1607.0          0.52784
1608.0          0.49297
1609.0          0.46919
1610.0          0.45210
1611.0          0.43933
1612.0          0.42950
1613.0          0.42175
1614.0          0.41554
1615.0          0.41049
1616.0          0.40634
1617.0          0.40290
1618.0          0.40002
1619.0          0.39761
1620.0          0.39557
1621.0          0.39386
1622.0          0.39241
1623.0          0.39120
1624.0          0.39017
1625.0          0.38932
1626.0          0.38861
1627.0          0.38803
1628.0          0.38756
1629.0          0.38719
1630.0          0.38691
1631.0          0.38671
1632.0          0.38658
1633.0          0.38651
1634.0          0.38649
1635.0          0.38653
1636.0          0.38661
1637.0          0.38674
1638.0          0.38690
1639.0          0.38710
1640.0          0.38733
1641.0          0.38759
1642.0          0.38787
1643.0          0.38818
1644.0          0.38851
1645.0          0.38887
1646.0          0.38924
1647.0          0.38963
1648.0          0.39003
1649.0          0.39045
1650.0          0.39089
1400.0          0.84493
1401.0          0.84589
1402.0          0.84672
1403.0          0.84744
1404.0          0.84804
1405.0          0.84855
1406.0          0.84896
1407.0          0.84929
1408.0          0.84954
1409.0          0.84972
1410.0          0.84983
1411.0          0.84988
1412.0          0.84987
1413.0          0.84981
1414.0          0.84970
1415.0          0.84954
1416.0          0.84934
1417.0          0.84909
1418.0          0.84881
1419.0          0.84849
1420.0          0.84814
1421.0          0.84775
1422.0          0.84734
1423.0          0.84689
1424.0          0.84642
1425.0          0.84592
1426.0          0.84539
1427.0          0.84485
1428.0          0.84428
1429.0          0.84369
1430.0          0.84308
1431.0          0.84245
1432.0          0.84180
1433.0          0.84114
1434.0          0.84046
1435.0          0.83976
1436.0          0.83905
1437.0          0.83832
1438.0          0.83758
1439.0          0.83683
1440.0          0.83606
1441.0          0.83528
1442.0          0.83449
1443.0          0.83369
1444.0          0.83288
1445.0          0.83206
1446.0          0.83123
1447.0          0.83039
1448.0          0.82954
1449.0          0.82868
1450.0          0.82782
1451.0          0.82694
1452.0          0.82606
1453.0          0.82518
1454.0          0.82428
1455.0          0.82338
1456.0          0.82247
1457.0          0.82156
1458.0          0.82064
1459.0          0.81971
1460.0          0.81878
1461.0          0.81785
1462.0          0.81691
1463.0          0.81596
1464.0          0.81501
1465.0          0.81406
1466.0          0.81310
1467.0          0.81214
1468.0          0.81118
1469.0          0.81021
1470.0          0.80924
1471.0          0.80826
1472.0          0.80728
1473.0          0.80630
1474.0          0.80532
1475.0          0.80434
1476.0          0.80335
1477.0          0.80236
1478.0          0.80137
1479.0          0.80038
1480.0          0.79938
1481.0          0.79839
1482.0          0.79739
1483.0          0.79639
1484.0          0.79539
1485.0          0.79439
1486.0          0.79339
1487.0          0.79239
1488.0          0.79139
1489.0          0.79039
1490.0          0.78938
1491.0          0.78838
1492.0          0.78738
1493.0          0.78637
1494.0          0.78537
1495.0          0.78437
1496.0          0.78337
1497.0          0.78236
1498.0          0.78136
1499.0          0.78036
1500.0          0.77936
1501.0          0.77836
1502.0          0.77737
1503.0          0.77637
1504.0          0.77538
1505.0          0.77438
1506.0          0.77339
1507.0          0.77240
1508.0          0.77141
1509.0          0.77043
1510.0          0.76944
1511.0          0.76846
1512.0          0.76748
1513.0          0.76650
1514.0          0.76553
1515.0          0.76456
1516.0          0.76359
1517.0          0.76262
1518.0          0.76166
1519.0          0.76070
1520.0          0.75974
1521.0          0.75879
1522.0          0.75784
1523.0          0.75689
1524.0          0.75595
1525.0          0.75501
1526.0          0.75408
1527.0          0.75315
1528.0          0.75223
1529.0          0.75131
1530.0          0.75039
1531.0          0.74948
1532.0          0.74858
1533.0          0.74768
1534.0          0.74679
1535.0          0.74590
1536.0          0.74502
1537.0          0.74415
1538.0          0.74328
1539.0          0.74243
1540.0          0.74157
1541.0          0.74073
1542.0          0.73990
1543.0          0.73907
1544.0          0.73825
1545.0          0.73744
1546.0          0.73664
1547.0          0.73586
1548.0          0.73508
1549.0          0.73431
1550.0          0.73356
1551.0          0.73281
1552.0          0.73209
1553.0          0.73137
1554.0          0.73067
1555.0          0.72999
1556.0          0.72932
1557.0          0.72867
1558.0          0.72803
1559.0          0.72742
1560.0          0.72683
1561.0          0.72625
1562.0          0.72571
1563.0          0.72518
1564.0          0.72469
1565.0          0.72422
1566.0          0.72379
1567.0          0.72339
1568.0          0.72302
1569.0          0.72269
1570.0          0.72241
1571.0          0.72217
1572.0          0.72199
1573.0          0.72186
1574.0          0.72179
1575.0          0.72179
1576.0          0.72186
1577.0          0.72202
1578.0          0.72227
1579.0          0.72262
1580.0          0.72309
1581.0          0.72369
1582.0          0.72445
1583.0          0.72538
1584.0          0.72651
1585.0          0.72787
1586.0          0.72951
1587.0          0.73147
1588.0          0.73381
1589.0          0.73663
1590.0          0.74002
1591.0          0.74412
1592.0          0.74913
1593.0          0.75530
1594.0          0.76301
1595.0          0.77280
1596.0          0.78550
1597.0          0.80243
1598.0          0.82577
1599.0          0.85930
1600.0          0.90909
1601.0          0.97670
1602.0          0.91171
1603.0          0.059963
1604.0          0.14010
1605.0          0.32135
1606.0          0.41715
1607.0          0.47216
1608.0          0.50703
1609.0          0.53081
1610.0          0.54790
1611.0          0.56067
1612.0          0.57050
1613.0          0.57825
1614.0          0.58446
1615.0          0.58951
1616.0          0.59366
1617.0          0.59710
1618.0          0.59998
1619.0          0.60239
1620.0          0.60443
1621.0          0.60614
1622.0          0.60759
1623.0          0.60880
1624.0          0.60983
1625.0          0.61068
1626.0          0.61139
1627.0          0.61197
1628.0          0.61244
1629.0          0.61281
1630.0          0.61309
1631.0          0.61329
1632.0          0.61342
1633.0          0.61349
1634.0          0.61351
1635.0          0.61347
1636.0          0.61339
1637.0          0.61326
1638.0          0.61310
1639.0          0.61290
1640.0          0.61267
1641.0          0.61241
1642.0          0.61213
1643.0          0.61182
1644.0          0.61149
1645.0          0.61113
1646.0          0.61076
1647.0          0.61037
1648.0          0.60997
1649.0          0.60955
1650.0          0.60911
1400.0          1.0000
1401.0          1.0000
1402.0          1.0000
1403.0          1.0000
1404.0          1.0000
1405.0          1.0000
1406.0          1.0000
1407.0          1.0000
1408.0          1.0000
1409.0          1.0000
1410.0          1.0000
1411.0          1.0000
1412.0          1.0000
1413.0          1.0000
1414.0          1.0000
1415.0          1.0000
1416.0          1.0000
1417.0          1.0000
1418.0          1.0000
1419.0          1.0000
1420.0          1.0000
1421.0          1.0000
1422.0          1.0000
1423.0          1.0000
1424.0          1.0000
1425.0          1.0000
1426.0          1.0000
1427.0          1.0000
1428.0          1.0000
1429.0          1.0000
1430.0          1.0000
1431.0          1.0000
1432.0          1.0000
1433.0          1.0000
1434.0          1.0000
1435.0          1.0000
1436.0          1.0000
1437.0          1.0000
1438.0          1.0000
1439.0          1.0000
1440.0          1.0000
1441.0          1.0000
1442.0          1.0000
1443.0          1.0000
1444.0          1.0000
1445.0          1.0000
1446.0          1.0000
1447.0          1.0000
1448.0          1.0000
1449.0          1.0000
1450.0          1.0000
1451.0          1.0000
1452.0          1.0000
1453.0          1.0000
1454.0          1.0000
1455.0          1.0000
1456.0          1.0000
1457.0          1.0000
1458.0          1.0000
1459.0          1.0000
1460.0          1.0000
1461.0          1.0000
1462.0          1.0000
1463.0          1.0000
1464.0          1.0000
1465.0          1.0000
1466.0          1.0000
1467.0          1.0000
1468.0          1.0000
1469.0          1.0000
1470.0          1.0000
1471.0          1.0000
1472.0          1.0000
1473.0          1.0000
1474.0          1.0000
1475.0          1.0000
1476.0          1.0000
1477.0          1.0000
1478.0          1.0000
1479.0          1.0000
1480.0          1.0000
1481.0          1.0000
1482.0          1.0000
1483.0          1.0000
1484.0          1.0000
1485.0          1.0000
1486.0          1.0000
1487.0          1.0000
1488.0          1.0000
1489.0          1.0000
1490.0          1.0000
1491.0          1.0000
1492.0          1.0000
1493.0          1.0000
1494.0          1.0000
1495.0          1.0000
1496.0          1.0000
1497.0          1.0000
1498.0          1.0000
1499.0          1.0000
1500.0          1.0000
1501.0          1.0000
1502.0          1.0000
1503.0          1.0000
1504.0          1.0000
1505.0          1.0000
1506.0          1.0000
1507.0          1.0000
1508.0          1.0000
1509.0          1.0000
1510.0          1.0000
1511.0          1.0000
1512.0          1.0000
1513.0          1.0000
1514.0          1.0000
1515.0          1.0000
1516.0          1.0000
1517.0          1.0000
1518.0          1.0000
1519.0          1.0000
1520.0          1.0000
1521.0          1.0000
1522.0          1.0000
1523.0          1.0000
1524.0          1.0000
1525.0          1.0000
1526.0          1.0000
1527.0          1.0000
1528.0          1.0000
1529.0          1.0000
1530.0          1.0000
1531.0          1.0000
1532.0          1.0000
1533.0          1.0000
1534.0          1.0000
1535.0          1.0000
1536.0          1.0000
1537.0          1.0000
1538.0          1.0000
1539.0          1.0000
1540.0          1.0000
1541.0          1.0000
1542.0          1.0000
1543.0          1.0000
1544.0          1.0000
1545.0          1.0000
1546.0          1.0000
1547.0          1.0000
1548.0          1.0000
1549.0          1.0000
1550.0          1.0000
1551.0          1.0000
1552.0          1.0000
1553.0          1.0000
1554.0          1.0000
1555.0          1.0000
1556.0          1.0000
1557.0          1.0000
1558.0          1.0000
1559.0          1.0000
1560.0          1.0000
1561.0          1.0000
1562.0          1.0000
1563.0          1.0000
1564.0          1.0000
1565.0          1.0000
1566.0          1.0000
1567.0          1.0000
1568.0          1.0000
1569.0          1.0000
1570.0          1.0000
1571.0          1.0000
1572.0          1.0000
1573.0          1.0000
1574.0          1.0000
1575.0          1.0000
1576.0          1.0000
1577.0          1.0000
1578.0          1.0000
1579.0          1.0000
1580.0          1.0000
1581.0          1.0000
1582.0          1.0000
1583.0          1.0000
1584.0          1.0000
1585.0          1.0000
1586.0          1.0000
1587.0          1.0000
1588.0          1.0000
1589.0          1.0000
1590.0          1.0000
1591.0          1.0000
1592.0          1.0000
1593.0          1.0000
1594.0          1.0000
1595.0          1.0000
1596.0          1.0000
1597.0          1.0000
1598.0          1.0000
1599.0          1.0000
1600.0          1.0000
1601.0          1.0000
1602.0          1.0000
1603.0          1.0000
1604.0          1.0000
1605.0          1.0000
1606.0          1.0000
1607.0          1.0000
1608.0          1.0000
1609.0          1.0000
1610.0          1.0000
1611.0          1.0000
1612.0          1.0000
1613.0          1.0000
1614.0          1.0000
1615.0          1.0000
1616.0          1.0000
1617.0          1.0000
1618.0          1.0000
1619.0          1.0000
1620.0          1.0000
1621.0          1.0000
1622.0          1.0000
1623.0          1.0000
1624.0          1.0000
1625.0          1.0000
1626.0          1.0000
1627.0          1.0000
1628.0          1.0000
1629.0          1.0000
1630.0          1.0000
1631.0          1.0000
1632.0          1.0000
1633.0          1.0000
1634.0          1.0000
1635.0          1.0000
1636.0          1.0000
1637.0          1.0000
1638.0          1.0000
1639.0          1.0000
1640.0          1.0000
1641.0          1.0000
1642.0          1.0000
1643.0          1.0000
1644.0          1.0000
1645.0          1.0000
1646.0          1.0000
1647.0          1.0000
1648.0          1.0000
1649.0          1.0000
1650.0          1.0000
1400.0          4.4409E-16
1401.0          2.5535E-15
1402.0          -2.2204E-16
1403.0          3.2196E-15
1404.0          -3.7748E-15
1405.0          2.4425E-15
1406.0          -1.7764E-15
1407.0          3.3307E-16
1408.0          1.5543E-15
1409.0          4.4409E-16
1410.0          -3.1086E-15
1411.0          -1.7764E-15
1412.0          -8.8818E-16
1413.0          -1.7764E-15
1414.0          -8.8818E-16
1415.0          -1.3323E-15
1416.0          -1.3323E-15
1417.0          2.2204E-15
1418.0          -2.2204E-16
1419.0          3.3307E-16
1420.0          1.6653E-15
1421.0          -2.2204E-15
1422.0          9.9920E-16
1423.0          -2.8866E-15
1424.0          2.3315E-15
1425.0          -8.8818E-16
1426.0          1.4433E-15
1427.0          1.3323E-15
1428.0          -4.4409E-16
1429.0          5.5511E-16
1430.0          2.6645E-15
1431.0          -2.2204E-16
1432.0          1.8874E-15
1433.0          1.3323E-15
1434.0          1.1102E-15
1435.0          -2.6645E-15
1436.0          6.6613E-15
1437.0          1.3323E-15
1438.0          -4.4409E-16
1439.0          -1.3323E-15
1440.0          7.7716E-16
1441.0          -1.5543E-15
1442.0          1.4433E-15
1443.0          4.4409E-16
1444.0          -8.8818E-16
1445.0          -1.3323E-15
1446.0          5.5511E-16
1447.0          -8.8818E-16
1448.0          3.3307E-16
1449.0          2.2204E-15
1450.0          1.2212E-15
1451.0          -2.2204E-16
1452.0          2.3315E-15
1453.0          -6.6613E-16
1454.0          -6.6613E-16
1455.0          0.0000
1456.0          -1.3323E-15
1457.0          -6.6613E-16
1458.0          2.2204E-16
1459.0          0.0000
1460.0          -1.7764E-15
1461.0          1.6653E-15
1462.0          -8.8818E-16
1463.0          9.9920E-16
1464.0          1.2212E-15
1465.0          -4.4409E-16
1466.0          -1.9984E-15
1467.0          0.0000
1468.0          1.3323E-15
1469.0          1.3323E-15
1470.0          2.1094E-15
1471.0          -1.5543E-15
1472.0          -1.5543E-15
1473.0          2.4425E-15
1474.0          1.2212E-15
1475.0          0.0000
1476.0          -1.7764E-15
1477.0          -6.6613E-16
1478.0          -3.3307E-15
1479.0          -2.2204E-16
1480.0          1.9984E-15
1481.0          3.3307E-15
1482.0          8.8818E-16
1483.0          4.4409E-16
1484.0          6.6613E-16
1485.0          1.4433E-15
1486.0          -2.2204E-16
1487.0          -8.8818E-16
1488.0          3.3307E-16
1489.0          0.0000
1490.0          -3.7748E-15
1491.0          1.5543E-15
1492.0          1.1102E-16
1493.0          1.1102E-15
1494.0          -4.4409E-16
1495.0          -4.4409E-16
1496.0          -1.7764E-15
1497.0          1.8874E-15
1498.0          3.6637E-15
1499.0          -4.4409E-16
1500.0          -8.8818E-16
1501.0          -4.4409E-16
1502.0          1.7764E-15
1503.0          1.6653E-15
1504.0          3.7748E-15
1505.0          -4.4409E-16
1506.0          1.4433E-15
1507.0          -1.1102E-15
1508.0          -1.7764E-15
1509.0          -4.4409E-16
1510.0          4.1078E-15
1511.0          2.1094E-15
1512.0          1.1102E-15
1513.0          -3.3307E-15
1514.0          -4.4409E-16
1515.0          -8.8818E-16
1516.0          2.3315E-15
1517.0          -6.6613E-16
1518.0          -3.9968E-15
1519.0          3.3307E-16
1520.0          -2.8866E-15
1521.0          9.9920E-16
1522.0          4.4409E-16
1523.0          2.8866E-15
1524.0          2.1094E-15
1525.0          9.9920E-16
1526.0          9.9920E-16
1527.0          -3.7748E-15
1528.0          -2.6645E-15
1529.0          4.4409E-15
1530.0          7.7716E-16
1531.0          1.3323E-15
1532.0          2.2204E-15
1533.0          -2.2204E-16
1534.0          4.4409E-16
1535.0          -1.5543E-15
1536.0          0.0000
1537.0          -4.4409E-16
1538.0          -2.8866E-15
1539.0          -1.1102E-15
1540.0          -1.3323E-15
1541.0          2.2204E-16
1542.0          -2.2204E-16
1543.0          -4.4409E-16
1544.0          1.8874E-15
1545.0          -2.2204E-15
1546.0          -1.3323E-15
1547.0          -1.9984E-15
1548.0          -1.1102E-15
1549.0          -2.2204E-15
1550.0          -2.2204E-16
1551.0          -2.2204E-16
1552.0          -2.8866E-15
1553.0          -4.4409E-16
1554.0          6.6613E-16
1555.0          -1.5543E-15
1556.0          2.2204E-15
1557.0          4.4409E-16
1558.0          -1.3323E-15
1559.0          -1.7764E-15
1560.0          -1.1102E-15
1561.0          1.6653E-15
1562.0          2.8866E-15
1563.0          8.8818E-16
1564.0          1.3323E-15
1565.0          -2.2204E-16
1566.0          2.5535E-15
1567.0          6.6613E-16
1568.0          -6.6613E-16
1569.0          4.4409E-16
1570.0          -1.5543E-15
1571.0          -6.6613E-16
1572.0          4.4409E-16
1573.0          2.4425E-15
1574.0          -2.2204E-15
1575.0          4.4409E-16
1576.0          -2.6645E-15
1577.0          4.4409E-16
1578.0          1.9984E-15
1579.0          -2.2204E-16
1580.0          -1.7764E-15
1581.0          -3.5527E-15
1582.0          -1.9984E-15
1583.0          -3.5527E-15
1584.0          -2.4425E-15
1585.0          1.9984E-15
1586.0          2.2204E-16
1587.0          5.5511E-16
1588.0          6.6613E-16
1589.0          -3.1086E-15
1590.0          2.6645E-15
1591.0          -1.7764E-15
1592.0          1.7764E-15
1593.0          9.9920E-16
1594.0          2.3315E-15
1595.0          -2.4425E-15
1596.0          -1.3323E-15
1597.0          -3.5527E-15
1598.0          4.3299E-15
1599.0          -6.8834E-15
1600.0          -7.7716E-15
1601.0          -3.4195E-14
1602.0          7.7716E-16
1603.0          -7.2609E-14
1604.0          -2.2649E-14
1605.0          -1.4211E-14
1606.0          1.8874E-15
1607.0          -4.2188E-15
1608.0          2.6645E-15
1609.0          1.1102E-15
1610.0          2.9976E-15
1611.0          -4.4409E-15
1612.0          -3.1086E-15
1613.0          -2.2204E-15
1614.0          -2.2204E-15
1615.0          -3.1086E-15
1616.0          1.7764E-15
1617.0          3.7748E-15
1618.0          3.5527E-15
1619.0          -1.5543E-15
1620.0          -2.4425E-15
1621.0          -1.7764E-15
1622.0          2.4425E-15
1623.0          -6.6613E-16
1624.0          2.2204E-16
1625.0          4.4409E-16
1626.0          4.2188E-15
1627.0          1.1102E-15
1628.0          6.6613E-16
1629.0          -1.5543E-15
1630.0          3.1086E-15
1631.0          -9.5479E-15
1632.0          -8.8818E-16
1633.0          1.5543E-15
1634.0          1.1102E-15
1635.0          -2.2204E-16
1636.0          9.9920E-16
1637.0          1.5765E-14
1638.0          1.0658E-14
1639.0          -1.0214E-14
1640.0          3.6637E-15
1641.0          -9.3259E-15
1642.0          2.8866E-15
1643.0          5.1070E-15
1644.0          7.1054E-15
1645.0          -1.9984E-15
1646.0          2.2204E-16
1647.0          -2.2204E-16
1648.0          7.4385E-15
1649.0          -5.3291E-15
1650.0          -7.1054E-15
