1400.0          0.50035
1401.0          0.50051
1402.0          0.50067
1403.0          0.50082
1404.0          0.50097
1405.0          0.50112
1406.0          0.50127
1407.0          0.50141
1408.0          0.50155
1409.0          0.50169
1410.0          0.50182
1411.0          0.50195
1412.0          0.50208
1413.0          0.50221
1414.0          0.50233
1415.0          0.50245
1416.0          0.50257
1417.0          0.50268
1418.0          0.50280
1419.0          0.50291
1420.0          0.50302
1421.0          0.50312
1422.0          0.50322
1423.0          0.50332
1424.0          0.50342
1425.0          0.50351
1426.0          0.50361
1427.0          0.50370
1428.0          0.50378
1429.0          0.50387
1430.0          0.50395
1431.0          0.50403
1432.0          0.50411
1433.0          0.50419
1434.0          0.50426
1435.0          0.50433
1436.0          0.50440
1437.0          0.50447
1438.0          0.50453
1439.0          0.50460
1440.0          0.50466
1441.0          0.50471
1442.0          0.50477
1443.0          0.50482
1444.0          0.50487
1445.0          0.50492
1446.0          0.50497
1447.0          0.50502
1448.0          0.50506
1449.0          0.50510
1450.0          0.50514
1451.0          0.50518
1452.0          0.50521
1453.0          0.50525
1454.0          0.50528
1455.0          0.50531
1456.0          0.50533
1457.0          0.50536
1458.0          0.50538
1459.0          0.50541
1460.0          0.50543
1461.0          0.50544
1462.0          0.50546
1463.0          0.50547
1464.0          0.50549
1465.0          0.50550
1466.0          0.50551
1467.0          0.50551
1468.0          0.50552
1469.0          0.50552
1470.0          0.50552
1471.0          0.50553
1472.0          0.50552
1473.0          0.50552
1474.0          0.50552
1475.0          0.50551
1476.0          0.50550
1477.0          0.50549
1478.0          0.50548
1479.0          0.50547
1480.0          0.50545
1481.0          0.50544
1482.0          0.50542
1483.0          0.50540
1484.0          0.50538
1485.0          0.50536
1486.0          0.50533
1487.0          0.50531
1488.0          0.50528
1489.0          0.50525
1490.0          0.50522
1491.0          0.50519
1492.0          0.50516
1493.0          0.50513
1494.0          0.50509
1495.0          0.50505
1496.0          0.50502
1497.0          0.50498
1498.0          0.50493
1499.0          0.50489
1500.0          0.50485
1501.0          0.50480
1502.0          0.50476
1503.0          0.50471
1504.0          0.50466
1505.0          0.50461
1506.0          0.50456
1507.0          0.50450
1508.0          0.50445
1509.0          0.50439
1510.0          0.50434
1511.0          0.50428
1512.0          0.50422
1513.0          0.50416
1514.0          0.50410
1515.0          0.50404
1516.0          0.50397
1517.0          0.50391
1518.0          0.50384
1519.0          0.50377
1520.0          0.50370
1521.0          0.50363
1522.0          0.50356
1523.0          0.50349
1524.0          0.50342
1525.0          0.50334
1526.0          0.50326
1527.0          0.50319
1528.0          0.50311
1529.0          0.50303
1530.0          0.50295
1531.0          0.50287
1532.0          0.50279
1533.0          0.50270
1534.0          0.50262
1535.0          0.50253
1536.0          0.50245
1537.0          0.50236
1538.0          0.50227
1539.0          0.50218
1540.0          0.50209
1541.0          0.50200
1542.0          0.50191
1543.0          0.50182
1544.0          0.50172
1545.0          0.50163
1546.0          0.50153
1547.0          0.50143
1548.0          0.50133
1549.0          0.50124
1550.0          0.50114
1551.0          0.50103
1552.0          0.50093
1553.0          0.50083
1554.0          0.50073
1555.0          0.50062
1556.0          0.50052
1557.0          0.50041
1558.0          0.50030
1559.0          0.50020
1560.0          0.50009
1561.0          0.49998
1562.0          0.49987
1563.0          0.49975
1564.0          0.49964
1565.0          0.49953
1566.0          0.49942
1567.0          0.49930
1568.0          0.49919
1569.0          0.49907
1570.0          0.49895
1571.0          0.49883
1572.0          0.49872
1573.0          0.49860
1574.0          0.49848
1575.0          0.49836
1576.0          0.49823
1577.0          0.49811
1578.0          0.49799
1579.0          0.49786
1580.0          0.49774
1581.0          0.49761
1582.0          0.49749
1583.0          0.49736
1584.0          0.49723
1585.0          0.49711
1586.0          0.49698
1587.0          0.49685
1588.0          0.49672
1589.0          0.49659
1590.0          0.49645
1591.0          0.49632
1592.0          0.49619
1593.0          0.49606
1594.0          0.49592
1595.0          0.49579
1596.0          0.49565
1597.0          0.49551
1598.0          0.49538
1599.0          0.49524
1600.0          0.49510
1601.0          0.49496
1602.0          0.49482
1603.0          0.49468
1604.0          0.49454
1605.0          0.49440
1606.0          0.49426
1607.0          0.49412
1608.0          0.49397
1609.0          0.49383
1610.0          0.49369
1611.0          0.49354
1612.0          0.49340
1613.0          0.49325
1614.0          0.49310
1615.0          0.49296
1616.0          0.49281
1617.0          0.49266
1618.0          0.49251
1619.0          0.49236
1620.0          0.49221
1621.0          0.49206
1622.0          0.49191
1623.0          0.49176
1624.0          0.49161
1625.0          0.49146
1626.0          0.49130
1627.0          0.49115
1628.0          0.49100
1629.0          0.49084
1630.0          0.49069
1631.0          0.49053
1632.0          0.49038
1633.0          0.49022
1634.0          0.49006
1635.0          0.48991
1636.0          0.48975
1637.0          0.48959
1638.0          0.48943
1639.0          0.48927
1640.0          0.48911
1641.0          0.48895
1642.0          0.48879
1643.0          0.48863
1644.0          0.48847
1645.0          0.48831
1646.0          0.48814
1647.0          0.48798
1648.0          0.48782
1649.0          0.48765
1650.0          0.48749
1400.0          0.49965
1401.0          0.49949
1402.0          0.49933
1403.0          0.49918
1404.0          0.49903
1405.0          0.49888
1406.0          0.49873
1407.0          0.49859
1408.0          0.49845
1409.0          0.49831
1410.0          0.49818
1411.0          0.49805
1412.0          0.49792
1413.0          0.49779
1414.0          0.49767
1415.0          0.49755
1416.0          0.49743
1417.0          0.49732
1418.0          0.49720
1419.0          0.49709
1420.0          0.49698
1421.0          0.49688
1422.0          0.49678
1423.0          0.49668
1424.0          0.49658
1425.0          0.49649
1426.0          0.49639
1427.0          0.49630
1428.0          0.49622
1429.0          0.49613
1430.0          0.49605
1431.0          0.49597
1432.0          0.49589
1433.0          0.49581
1434.0          0.49574
1435.0          0.49567
1436.0          0.49560
1437.0          0.49553
1438.0          0.49547
1439.0          0.49540
1440.0          0.49534
1441.0          0.49529
1442.0          0.49523
1443.0          0.49518
1444.0          0.49513
1445.0          0.49508
1446.0          0.49503
1447.0          0.49498
1448.0          0.49494
1449.0          0.49490
1450.0          0.49486
1451.0          0.49482
1452.0          0.49479
1453.0          0.49475
1454.0          0.49472
1455.0          0.49469
1456.0          0.49467
1457.0          0.49464
1458.0          0.49462
1459.0          0.49459
1460.0          0.49457
1461.0          0.49456
1462.0          0.49454
1463.0          0.49453
1464.0          0.49451
1465.0          0.49450
1466.0          0.49449
1467.0          0.49449
1468.0          0.49448
1469.0          0.49448
1470.0          0.49448
1471.0          0.49447
1472.0          0.49448
1473.0          0.49448
1474.0          0.49448
1475.0          0.49449
1476.0          0.49450
1477.0          0.49451
1478.0          0.49452
1479.0          0.49453
1480.0          0.49455
1481.0          0.49456
1482.0          0.49458
1483.0          0.49460
1484.0          0.49462
1485.0          0.49464
1486.0          0.49467
1487.0          0.49469
1488.0          0.49472
1489.0          0.49475
1490.0          0.49478
1491.0          0.49481
1492.0          0.49484
1493.0          0.49487
1494.0          0.49491
1495.0          0.49495
1496.0          0.49498
1497.0          0.49502
1498.0          0.49507
1499.0          0.49511
1500.0          0.49515
1501.0          0.49520
1502.0          0.49524
1503.0          0.49529
1504.0          0.49534
1505.0          0.49539
1506.0          0.49544
1507.0          0.49550
1508.0          0.49555
1509.0          0.49561
1510.0          0.49566
1511.0          0.49572
1512.0          0.49578
1513.0          0.49584
1514.0          0.49590
1515.0          0.49596
1516.0          0.49603
1517.0          0.49609
1518.0          0.49616
1519.0          0.49623
1520.0          0.49630
1521.0          0.49637
1522.0          0.49644
1523.0          0.49651
1524.0          0.49658
1525.0          0.49666
1526.0          0.49674
1527.0          0.49681
1528.0          0.49689
1529.0          0.49697
1530.0          0.49705
1531.0          0.49713
1532.0          0.49721
1533.0          0.49730
1534.0          0.49738
1535.0          0.49747
1536.0          0.49755
1537.0          0.49764
1538.0          0.49773
1539.0          0.49782
1540.0          0.49791
1541.0          0.49800
1542.0          0.49809
1543.0          0.49818
1544.0          0.49828
1545.0          0.49837
1546.0          0.49847
1547.0          0.49857
1548.0          0.49867
1549.0          0.49876
1550.0          0.49886
1551.0          0.49897
1552.0          0.49907
1553.0          0.49917
1554.0          0.49927
1555.0          0.49938
1556.0          0.49948
1557.0          0.49959
1558.0          0.49970
1559.0          0.49980
1560.0          0.49991
1561.0          0.50002
1562.0          0.50013
1563.0          0.50025
1564.0          0.50036
1565.0          0.50047
1566.0          0.50058
1567.0          0.50070
1568.0          0.50081
1569.0          0.50093
1570.0          0.50105
1571.0          0.50117
1572.0          0.50128
1573.0          0.50140
1574.0          0.50152
1575.0          0.50164
1576.0          0.50177
1577.0          0.50189
1578.0          0.50201
1579.0          0.50214
1580.0          0.50226
1581.0          0.50239
1582.0          0.50251
1583.0          0.50264
1584.0          0.50277
1585.0          0.50289
1586.0          0.50302
1587.0          0.50315
1588.0          0.50328
1589.0          0.50341
1590.0          0.50355
1591.0          0.50368
1592.0          0.50381
1593.0          0.50394
1594.0          0.50408
1595.0          0.50421
1596.0          0.50435
1597.0          0.50449
1598.0          0.50462
1599.0          0.50476
1600.0          0.50490
1601.0          0.50504
1602.0          0.50518
1603.0          0.50532
1604.0          0.50546
1605.0          0.50560
1606.0          0.50574
1607.0          0.50588
1608.0          0.50603
1609.0          0.50617
1610.0          0.50631
1611.0          0.50646
1612.0          0.50660
1613.0          0.50675
1614.0          0.50690
1615.0          0.50704
1616.0          0.50719
1617.0          0.50734
1618.0          0.50749
1619.0          0.50764
1620.0          0.50779
1621.0          0.50794
1622.0          0.50809
1623.0          0.50824
1624.0          0.50839
1625.0          0.50854
1626.0          0.50870
1627.0          0.50885
1628.0          0.50900
1629.0          0.50916
1630.0          0.50931
1631.0          0.50947
1632.0          0.50962
1633.0          0.50978
1634.0          0.50994
1635.0          0.51009
1636.0          0.51025
1637.0          0.51041
1638.0          0.51057
1639.0          0.51073
1640.0          0.51089
1641.0          0.51105
1642.0          0.51121
1643.0          0.51137
1644.0          0.51153
1645.0          0.51169
1646.0          0.51186
1647.0          0.51202
1648.0          0.51218
1649.0          0.51235
1650.0          0.51251
1400.0          1.0000
1401.0          1.0000
1402.0          1.0000
1403.0          1.0000
1404.0          1.0000
1405.0          1.0000
1406.0          1.0000
1407.0          1.0000
1408.0          1.0000
1409.0          1.0000
1410.0          1.0000
1411.0          1.0000
1412.0          1.0000
1413.0          1.0000
1414.0          1.0000
1415.0          1.0000
1416.0          1.0000
1417.0          1.0000
1418.0          1.0000
1419.0          1.0000
1420.0          1.0000
1421.0          1.0000
1422.0          1.0000
1423.0          1.0000
1424.0          1.0000
1425.0          1.0000
1426.0          1.0000
1427.0          1.0000
1428.0          1.0000
1429.0          1.0000
1430.0          1.0000
1431.0          1.0000
1432.0          1.0000
1433.0          1.0000
1434.0          1.0000
1435.0          1.0000
1436.0          1.0000
1437.0          1.0000
1438.0          1.0000
1439.0          1.0000
1440.0          1.0000
1441.0          1.0000
1442.0          1.0000
1443.0          1.0000
1444.0          1.0000
1445.0          1.0000
1446.0          1.0000
1447.0          1.0000
1448.0          1.0000
1449.0          1.0000
1450.0          1.0000
1451.0          1.0000
1452.0          1.0000
1453.0          1.0000
1454.0          1.0000
1455.0          1.0000
1456.0          1.0000
1457.0          1.0000
1458.0          1.0000
1459.0          1.0000
1460.0          1.0000
1461.0          1.0000
1462.0          1.0000
1463.0          1.0000
1464.0          1.0000
1465.0          1.0000
1466.0          1.0000
1467.0          1.0000
1468.0          1.0000
1469.0          1.0000
1470.0          1.0000
1471.0          1.0000
1472.0          1.0000
1473.0          1.0000
1474.0          1.0000
1475.0          1.0000
1476.0          1.0000
1477.0          1.0000
1478.0          1.0000
1479.0          1.0000
1480.0          1.0000
1481.0          1.0000
1482.0          1.0000
1483.0          1.0000
1484.0          1.0000
1485.0          1.0000
1486.0          1.0000
1487.0          1.0000
1488.0          1.0000
1489.0          1.0000
1490.0          1.0000
1491.0          1.0000
1492.0          1.0000
1493.0          1.0000
1494.0          1.0000
1495.0          1.0000
1496.0          1.0000
1497.0          1.0000
1498.0          1.0000
1499.0          1.0000
1500.0          1.0000
1501.0          1.0000
1502.0          1.0000
1503.0          1.0000
1504.0          1.0000
1505.0          1.0000
1506.0          1.0000
1507.0          1.0000
1508.0          1.0000
1509.0          1.0000
1510.0          1.0000
1511.0          1.0000
1512.0          1.0000
1513.0          1.0000
1514.0          1.0000
1515.0          1.0000
1516.0          1.0000
1517.0          1.0000
1518.0          1.0000
1519.0          1.0000
1520.0          1.0000
1521.0          1.0000
1522.0          1.0000
1523.0          1.0000
1524.0          1.0000
1525.0          1.0000
1526.0          1.0000
1527.0          1.0000
1528.0          1.0000
1529.0          1.0000
1530.0          1.0000
1531.0          1.0000
1532.0          1.0000
1533.0          1.0000
1534.0          1.0000
1535.0          1.0000
1536.0          1.0000
1537.0          1.0000
1538.0          1.0000
1539.0          1.0000
1540.0          1.0000
1541.0          1.0000
1542.0          1.0000
1543.0          1.0000
1544.0          1.0000
1545.0          1.0000
1546.0          1.0000
1547.0          1.0000
1548.0          1.0000
1549.0          1.0000
1550.0          1.0000
1551.0          1.0000
1552.0          1.0000
1553.0          1.0000
1554.0          1.0000
1555.0          1.0000
1556.0          1.0000
1557.0          1.0000
1558.0          1.0000
1559.0          1.0000
1560.0          1.0000
1561.0          1.0000
1562.0          1.0000
1563.0          1.0000
1564.0          1.0000
1565.0          1.0000
1566.0          1.0000
1567.0          1.0000
1568.0          1.0000
1569.0          1.0000
1570.0          1.0000
1571.0          1.0000
1572.0          1.0000
1573.0          1.0000
1574.0          1.0000
1575.0          1.0000
1576.0          1.0000
1577.0          1.0000
1578.0          1.0000
1579.0          1.0000
1580.0          1.0000
1581.0          1.0000
1582.0          1.0000
1583.0          1.0000
1584.0          1.0000
1585.0          1.0000
1586.0          1.0000
1587.0          1.0000
1588.0          1.0000
1589.0          1.0000
1590.0          1.0000
1591.0          1.0000
1592.0          1.0000
1593.0          1.0000
1594.0          1.0000
1595.0          1.0000
1596.0          1.0000
1597.0          1.0000
1598.0          1.0000
1599.0          1.0000
1600.0          1.0000
1601.0          1.0000
1602.0          1.0000
1603.0          1.0000
1604.0          1.0000
1605.0          1.0000
1606.0          1.0000
1607.0          1.0000
1608.0          1.0000
1609.0          1.0000
1610.0          1.0000
1611.0          1.0000
1612.0          1.0000
1613.0          1.0000
1614.0          1.0000
1615.0          1.0000
1616.0          1.0000
1617.0          1.0000
1618.0          1.0000
1619.0          1.0000
1620.0          1.0000
1621.0          1.0000
1622.0          1.0000
1623.0          1.0000
1624.0          1.0000
1625.0          1.0000
1626.0          1.0000
1627.0          1.0000
1628.0          1.0000
1629.0          1.0000
1630.0          1.0000
1631.0          1.0000
1632.0          1.0000
1633.0          1.0000
1634.0          1.0000
1635.0          1.0000
1636.0          1.0000
1637.0          1.0000
1638.0          1.0000
1639.0          1.0000
1640.0          1.0000
1641.0          1.0000
1642.0          1.0000
1643.0          1.0000
1644.0          1.0000
1645.0          1.0000
1646.0          1.0000
1647.0          1.0000
1648.0          1.0000
1649.0          1.0000
1650.0          1.0000
1400.0          1.6653E-15
1401.0          -3.7748E-15
1402.0          -2.2204E-16
1403.0          -8.8818E-16
1404.0          -6.6613E-16
1405.0          -1.3323E-15
1406.0          1.3323E-15
1407.0          7.7716E-16
1408.0          2.2204E-16
1409.0          -4.4409E-16
1410.0          1.5543E-15
1411.0          8.8818E-16
1412.0          2.2204E-15
1413.0          6.6613E-16
1414.0          -4.4409E-16
1415.0          -1.7764E-15
1416.0          4.4409E-16
1417.0          -2.6645E-15
1418.0          6.6613E-16
1419.0          3.6637E-15
1420.0          1.5543E-15
1421.0          -4.2188E-15
1422.0          4.4409E-16
1423.0          2.4425E-15
1424.0          4.4409E-16
1425.0          8.8818E-16
1426.0          8.8818E-16
1427.0          1.3323E-15
1428.0          2.8866E-15
1429.0          -1.5543E-15
1430.0          -4.4409E-16
1431.0          -8.8818E-16
1432.0          -1.3323E-15
1433.0          1.4433E-15
1434.0          -2.2204E-15
1435.0          4.4409E-16
1436.0          -1.1102E-15
1437.0          6.6613E-16
1438.0          6.6613E-16
1439.0          3.7748E-15
1440.0          -1.7764E-15
1441.0          9.9920E-16
1442.0          -1.3323E-15
1443.0          -5.9952E-15
1444.0          3.3307E-16
1445.0          -2.2204E-15
1446.0          1.7764E-15
1447.0          2.3315E-15
1448.0          1.3323E-15
1449.0          -4.4409E-16
1450.0          3.3307E-15
1451.0          0.0000
1452.0          -3.1086E-15
1453.0          -8.8818E-16
1454.0          -2.2204E-16
1455.0          2.2204E-16
1456.0          2.8866E-15
1457.0          -6.6613E-16
1458.0          3.3307E-15
1459.0          3.3307E-15
1460.0          -1.1102E-15
1461.0          2.2204E-15
1462.0          -1.3323E-15
1463.0          -2.6645E-15
1464.0          4.6629E-15
1465.0          -1.3323E-15
1466.0          -2.2204E-15
1467.0          -1.1102E-15
1468.0          5.2180E-15
1469.0          1.9984E-15
1470.0          -6.6613E-16
1471.0          3.5527E-15
1472.0          2.4425E-15
1473.0          4.4409E-16
1474.0          5.5511E-16
1475.0          2.5535E-15
1476.0          6.6613E-16
1477.0          2.6645E-15
1478.0          -1.5543E-15
1479.0          4.8850E-15
1480.0          3.7748E-15
1481.0          2.3315E-15
1482.0          4.3299E-15
1483.0          -8.8818E-16
1484.0          1.3323E-15
1485.0          -2.6645E-15
1486.0          2.2204E-16
1487.0          2.6645E-15
1488.0          1.1102E-15
1489.0          -2.6645E-15
1490.0          -2.4425E-15
1491.0          3.3307E-16
1492.0          8.8818E-16
1493.0          -4.4409E-16
1494.0          3.7748E-15
1495.0          2.5535E-15
1496.0          0.0000
1497.0          -3.9968E-15
1498.0          -4.4409E-15
1499.0          4.4409E-15
1500.0          2.2204E-16
1501.0          3.5527E-15
1502.0          1.9984E-15
1503.0          1.1102E-15
1504.0          -2.2204E-16
1505.0          -4.2188E-15
1506.0          -8.8818E-16
1507.0          6.6613E-16
1508.0          3.3307E-15
1509.0          1.1102E-15
1510.0          1.4433E-15
1511.0          4.4409E-16
1512.0          1.3323E-15
1513.0          -8.8818E-16
1514.0          3.4417E-15
1515.0          -1.3323E-15
1516.0          1.7764E-15
1517.0          1.3323E-15
1518.0          -6.6613E-16
1519.0          9.9920E-16
1520.0          8.8818E-16
1521.0          -4.2188E-15
1522.0          1.4433E-15
1523.0          -6.6613E-16
1524.0          -5.5511E-15
1525.0          -1.7764E-15
1526.0          -8.8818E-16
1527.0          5.5511E-16
1528.0          2.2204E-16
1529.0          -1.3323E-15
1530.0          -3.9968E-15
1531.0          4.4409E-16
1532.0          -1.3323E-15
1533.0          -1.1102E-15
1534.0          2.9976E-15
1535.0          -2.2204E-16
1536.0          0.0000
1537.0          3.5527E-15
1538.0          -1.9984E-15
1539.0          1.3323E-15
1540.0          6.6613E-16
1541.0          -4.4409E-16
1542.0          4.4409E-16
1543.0          -1.3323E-15
1544.0          -1.1102E-15
1545.0          -2.6645E-15
1546.0          1.3323E-15
1547.0          -8.8818E-16
1548.0          -3.7748E-15
1549.0          2.9976E-15
1550.0          -1.3323E-15
1551.0          7.7716E-16
1552.0          6.6613E-16
1553.0          4.1078E-15
1554.0          -1.3323E-15
1555.0          -4.2188E-15
1556.0          2.2204E-15
1557.0          3.8858E-15
1558.0          1.1102E-15
1559.0          0.0000
1560.0          2.2204E-15
1561.0          -2.2204E-16
1562.0          2.2204E-16
1563.0          -1.3323E-15
1564.0          0.0000
1565.0          -6.6613E-16
1566.0          2.2204E-16
1567.0          2.4425E-15
1568.0          -2.2204E-16
1569.0          -2.2204E-15
1570.0          1.8874E-15
1571.0          -1.3323E-15
1572.0          -2.2204E-15
1573.0          -1.5543E-15
1574.0          1.3323E-15
1575.0          -2.2204E-16
1576.0          -2.8866E-15
1577.0          3.3307E-15
1578.0          -6.6613E-16
1579.0          4.4409E-16
1580.0          -3.5527E-15
1581.0          -1.5543E-15
1582.0          2.6645E-15
1583.0          -1.7764E-15
1584.0          1.7764E-15
1585.0          0.0000
1586.0          2.1094E-15
1587.0          4.5519E-15
1588.0          2.8866E-15
1589.0          -1.1102E-15
1590.0          4.4409E-16
1591.0          4.3299E-15
1592.0          -2.2204E-16
1593.0          1.1102E-16
1594.0          9.9920E-16
1595.0          4.4409E-16
1596.0          2.2204E-16
1597.0          5.8842E-15
1598.0          8.8818E-16
1599.0          -4.8850E-15
1600.0          5.5511E-15
1601.0          -2.2204E-16
1602.0          -1.9984E-15
1603.0          -4.4409E-16
1604.0          3.1086E-15
1605.0          -3.5527E-15
1606.0          -4.4409E-16
1607.0          3.5527E-15
1608.0          2.7756E-15
1609.0          4.4409E-16
1610.0          -2.2204E-15
1611.0          -2.4425E-15
1612.0          -8.8818E-16
1613.0          1.1102E-15
1614.0          3.3307E-16
1615.0          1.9984E-15
1616.0          -6.4393E-15
1617.0          -3.3307E-15
1618.0          3.1086E-15
1619.0          -2.2204E-15
1620.0          6.2172E-15
1621.0          0.0000
1622.0          -8.8818E-16
1623.0          -2.6645E-15
1624.0          1.8874E-15
1625.0          8.8818E-16
1626.0          1.3323E-15
1627.0          -6.6613E-16
1628.0          1.5543E-15
1629.0          2.6645E-15
1630.0          -1.5543E-15
1631.0          -1.9984E-15
1632.0          -2.2204E-15
1633.0          6.6613E-16
1634.0          -1.7764E-15
1635.0          0.0000
1636.0          4.4409E-16
1637.0          1.1102E-15
1638.0          -2.6645E-15
1639.0          -3.3307E-15
1640.0          -2.2204E-15
1641.0          -3.5527E-15
1642.0          1.1102E-15
1643.0          -1.3323E-15
1644.0          0.0000
1645.0          6.6613E-16
1646.0          -4.4409E-16
1647.0          2.2204E-15
1648.0          3.5527E-15
1649.0          1.1102E-16
1650.0          1.1102E-15
