1400.0          0.089176
1401.0          0.090168
1402.0          0.091167
1403.0          0.092171
1404.0          0.093180
1405.0          0.094194
1406.0          0.095214
1407.0          0.096239
1408.0          0.097268
1409.0          0.098303
1410.0          0.099343
1411.0          0.10039
1412.0          0.10144
1413.0          0.10249
1414.0          0.10355
1415.0          0.10461
1416.0          0.10568
1417.0          0.10675
1418.0          0.10782
1419.0          0.10890
1420.0          0.10998
1421.0          0.11107
1422.0          0.11216
1423.0          0.11325
1424.0          0.11435
1425.0          0.11545
1426.0          0.11655
1427.0          0.11766
1428.0          0.11877
1429.0          0.11988
1430.0          0.12100
1431.0          0.12212
1432.0          0.12324
1433.0          0.12437
1434.0          0.12549
1435.0          0.12663
1436.0          0.12776
1437.0          0.12889
1438.0          0.13003
1439.0          0.13117
1440.0          0.13231
1441.0          0.13346
1442.0          0.13460
1443.0          0.13575
1444.0          0.13690
1445.0          0.13805
1446.0          0.13921
1447.0          0.14036
1448.0          0.14152
1449.0          0.14268
1450.0          0.14384
1451.0          0.14500
1452.0          0.14616
1453.0          0.14733
1454.0          0.14849
1455.0          0.14966
1456.0          0.15083
1457.0          0.15200
1458.0          0.15317
1459.0          0.15434
1460.0          0.15551
1461.0          0.15668
1462.0          0.15785
1463.0          0.15903
1464.0          0.16020
1465.0          0.16138
1466.0          0.16255
1467.0          0.16373
1468.0          0.16490
1469.0          0.16608
1470.0          0.16726
1471.0          0.16843
1472.0          0.16961
1473.0          0.17079
1474.0          0.17196
1475.0          0.17314
1476.0          0.17432
1477.0          0.17549
1478.0          0.17667
1479.0          0.17785
1480.0          0.17902
1481.0          0.18020
1482.0          0.18137
1483.0          0.18255
1484.0          0.18372
1485.0          0.18490
1486.0          0.18607
1487.0          0.18724
1488.0          0.18841
1489.0          0.18959
1490.0          0.19076
1491.0          0.19193
1492.0          0.19310
1493.0          0.19426
1494.0          0.19543
1495.0          0.19660
1496.0          0.19776
1497.0          0.19893
1498.0          0.20009
1499.0          0.20126
1500.0          0.20242
1501.0          0.20358
1502.0          0.20474
1503.0          0.20589
1504.0          0.20705
1505.0          0.20821
1506.0          0.20936
1507.0          0.21051
1508.0          0.21166
1509.0          0.21281
1510.0          0.21396
1511.0          0.21511
1512.0          0.21625
1513.0          0.21740
1514.0          0.21854
1515.0          0.21968
1516.0          0.22082
1517.0          0.22196
1518.0          0.22309
1519.0          0.22423
1520.0          0.22536
1521.0          0.22649
1522.0          0.22762
1523.0          0.22875
1524.0          0.22987
1525.0          0.23100
1526.0          0.23212
1527.0          0.23324
1528.0          0.23435
1529.0          0.23547
1530.0          0.23658
1531.0          0.23770
1532.0          0.23881
1533.0          0.23991
1534.0          0.24102
1535.0          0.24212
1536.0          0.24322
1537.0          0.24432
1538.0          0.24542
1539.0          0.24652
1540.0          0.24761
1541.0          0.24870
1542.0          0.24979
1543.0          0.25088
1544.0          0.25196
1545.0          0.25304
1546.0          0.25412
1547.0          0.25520
1548.0          0.25628
1549.0          0.25735
1550.0          0.25842
1551.0          0.25949
1552.0          0.26055
1553.0          0.26162
1554.0          0.26268
1555.0          0.26374
1556.0          0.26479
1557.0          0.26585
1558.0          0.26690
1559.0          0.26795
1560.0          0.26900
1561.0          0.27004
1562.0          0.27108
1563.0          0.27212
1564.0          0.27316
1565.0          0.27419
1566.0          0.27523
1567.0          0.27626
1568.0          0.27728
1569.0          0.27831
1570.0          0.27933
1571.0          0.28035
1572.0          0.28137
1573.0          0.28238
1574.0          0.28339
1575.0          0.28440
1576.0          0.28541
1577.0          0.28641
1578.0          0.28741
1579.0          0.28841
1580.0          0.28941
1581.0          0.29040
1582.0          0.29140
1583.0          0.29238
1584.0          0.29337
1585.0          0.29435
1586.0          0.29533
1587.0          0.29631
1588.0          0.29729
1589.0          0.29826
1590.0          0.29923
1591.0          0.30020
1592.0          0.30116
1593.0          0.30213
1594.0          0.30309
1595.0          0.30404
1596.0          0.30500
1597.0          0.30595
1598.0          0.30690
1599.0          0.30784
1600.0          0.30879
1601.0          0.30973
1602.0          0.31067
1603.0          0.31160
1604.0          0.31254
1605.0          0.31347
1606.0          0.31439
1607.0          0.31532
1608.0          0.31624
1609.0          0.31716
1610.0          0.31808
1611.0          0.31899
1612.0          0.31990
1613.0          0.32081
1614.0          0.32172
1615.0          0.32262
1616.0          0.32352
1617.0          0.32442
1618.0          0.32532
1619.0          0.32621
1620.0          0.32710
1621.0          0.32799
1622.0          0.32887
1623.0          0.32976
1624.0          0.33063
1625.0          0.33151
1626.0          0.33239
1627.0          0.33326
1628.0          0.33413
1629.0          0.33499
1630.0          0.33586
1631.0          0.33672
1632.0          0.33758
1633.0          0.33843
1634.0          0.33928
1635.0          0.34013
1636.0          0.34098
1637.0          0.34183
1638.0          0.34267
1639.0          0.34351
1640.0          0.34435
1641.0          0.34518
1642.0          0.34601
1643.0          0.34684
1644.0          0.34767
1645.0          0.34849
1646.0          0.34932
1647.0          0.35013
1648.0          0.35095
1649.0          0.35176
1650.0          0.35258
1400.0          0.91082
1401.0          0.90983
1402.0          0.90883
1403.0          0.90783
1404.0          0.90682
1405.0          0.90581
1406.0          0.90479
1407.0          0.90376
1408.0          0.90273
1409.0          0.90170
1410.0          0.90066
1411.0          0.89961
1412.0          0.89856
1413.0          0.89751
1414.0          0.89645
1415.0          0.89539
1416.0          0.89432
1417.0          0.89325
1418.0          0.89218
1419.0          0.89110
1420.0          0.89002
1421.0          0.88893
1422.0          0.88784
1423.0          0.88675
1424.0          0.88565
1425.0          0.88455
1426.0          0.88345
1427.0          0.88234
1428.0          0.88123
1429.0          0.88012
1430.0          0.87900
1431.0          0.87788
1432.0          0.87676
1433.0          0.87563
1434.0          0.87451
1435.0          0.87337
1436.0          0.87224
1437.0          0.87111
1438.0          0.86997
1439.0          0.86883
1440.0          0.86769
1441.0          0.86654
1442.0          0.86540
1443.0          0.86425
1444.0          0.86310
1445.0          0.86195
1446.0          0.86079
1447.0          0.85964
1448.0          0.85848
1449.0          0.85732
1450.0          0.85616
1451.0          0.85500
1452.0          0.85384
1453.0          0.85267
1454.0          0.85151
1455.0          0.85034
1456.0          0.84917
1457.0          0.84800
1458.0          0.84683
1459.0          0.84566
1460.0          0.84449
1461.0          0.84332
1462.0          0.84215
1463.0          0.84097
1464.0          0.83980
1465.0          0.83862
1466.0          0.83745
1467.0          0.83627
1468.0          0.83510
1469.0          0.83392
1470.0          0.83274
1471.0          0.83157
1472.0          0.83039
1473.0          0.82921
1474.0          0.82804
1475.0          0.82686
1476.0          0.82568
1477.0          0.82451
1478.0          0.82333
1479.0          0.82215
1480.0          0.82098
1481.0          0.81980
1482.0          0.81863
1483.0          0.81745
1484.0          0.81628
1485.0          0.81510
1486.0          0.81393
1487.0          0.81276
1488.0          0.81159
1489.0          0.81041
1490.0          0.80924
1491.0          0.80807
1492.0          0.80690
1493.0          0.80574
1494.0          0.80457
1495.0          0.80340
1496.0          0.80224
1497.0          0.80107
1498.0          0.79991
1499.0          0.79874
1500.0          0.79758
1501.0          0.79642
1502.0          0.79526
1503.0          0.79411
1504.0          0.79295
1505.0          0.79179
1506.0          0.79064
1507.0          0.78949
1508.0          0.78834
1509.0          0.78719
1510.0          0.78604
1511.0          0.78489
1512.0          0.78375
1513.0          0.78260
1514.0          0.78146
1515.0          0.78032
1516.0          0.77918
1517.0          0.77804
1518.0          0.77691
1519.0          0.77577
1520.0          0.77464
1521.0          0.77351
1522.0          0.77238
1523.0          0.77125
1524.0          0.77013
1525.0          0.76900
1526.0          0.76788
1527.0          0.76676
1528.0          0.76565
1529.0          0.76453
1530.0          0.76342
1531.0          0.76230
1532.0          0.76119
1533.0          0.76009
1534.0          0.75898
1535.0          0.75788
1536.0          0.75678
1537.0          0.75568
1538.0          0.75458
1539.0          0.75348
1540.0          0.75239
1541.0          0.75130
1542.0          0.75021
1543.0          0.74912
1544.0          0.74804
1545.0          0.74696
1546.0          0.74588
1547.0          0.74480
1548.0          0.74372
1549.0          0.74265
1550.0          0.74158
1551.0          0.74051
1552.0          0.73945
1553.0          0.73838
1554.0          0.73732
1555.0          0.73626
1556.0          0.73521
1557.0          0.73415
1558.0          0.73310
1559.0          0.73205
1560.0          0.73100
1561.0          0.72996
1562.0          0.72892
1563.0          0.72788
1564.0          0.72684
1565.0          0.72581
1566.0          0.72477
1567.0          0.72374
1568.0          0.72272
1569.0          0.72169
1570.0          0.72067
1571.0          0.71965
1572.0          0.71863
1573.0          0.71762
1574.0          0.71661
1575.0          0.71560
1576.0          0.71459
1577.0          0.71359
1578.0          0.71259
1579.0          0.71159
1580.0          0.71059
1581.0          0.70960
1582.0          0.70860
1583.0          0.70762
1584.0          0.70663
1585.0          0.70565
1586.0          0.70467
1587.0          0.70369
1588.0          0.70271
1589.0          0.70174
1590.0          0.70077
1591.0          0.69980
1592.0          0.69884
1593.0          0.69787
1594.0          0.69691
1595.0          0.69596
1596.0          0.69500
1597.0          0.69405
1598.0          0.69310
1599.0          0.69216
1600.0          0.69121
1601.0          0.69027
1602.0          0.68933
1603.0          0.68840
1604.0          0.68746
1605.0          0.68653
1606.0          0.68561
1607.0          0.68468
1608.0          0.68376
1609.0          0.68284
1610.0          0.68192
1611.0          0.68101
1612.0          0.68010
1613.0          0.67919
1614.0          0.67828
1615.0          0.67738
1616.0          0.67648
1617.0          0.67558
1618.0          0.67468
1619.0          0.67379
1620.0          0.67290
1621.0          0.67201
1622.0          0.67113
1623.0          0.67024
1624.0          0.66937
1625.0          0.66849
1626.0          0.66761
1627.0          0.66674
1628.0          0.66587
1629.0          0.66501
1630.0          0.66414
1631.0          0.66328
1632.0          0.66242
1633.0          0.66157
1634.0          0.66072
1635.0          0.65987
1636.0          0.65902
1637.0          0.65817
1638.0          0.65733
1639.0          0.65649
1640.0          0.65565
1641.0          0.65482
1642.0          0.65399
1643.0          0.65316
1644.0          0.65233
1645.0          0.65151
1646.0          0.65068
1647.0          0.64987
1648.0          0.64905
1649.0          0.64824
1650.0          0.64742
1400.0          1.0000
1401.0          1.0000
1402.0          1.0000
1403.0          1.0000
1404.0          1.0000
1405.0          1.0000
1406.0          1.0000
1407.0          1.0000
1408.0          1.0000
1409.0          1.0000
1410.0          1.0000
1411.0          1.0000
1412.0          1.0000
1413.0          1.0000
1414.0          1.0000
1415.0          1.0000
1416.0          1.0000
1417.0          1.0000
1418.0          1.0000
1419.0          1.0000
1420.0          1.0000
1421.0          1.0000
1422.0          1.0000
1423.0          1.0000
1424.0          1.0000
1425.0          1.0000
1426.0          1.0000
1427.0          1.0000
1428.0          1.0000
1429.0          1.0000
1430.0          1.0000
1431.0          1.0000
1432.0          1.0000
1433.0          1.0000
1434.0          1.0000
1435.0          1.0000
1436.0          1.0000
1437.0          1.0000
1438.0          1.0000
1439.0          1.0000
1440.0          1.0000
1441.0          1.0000
1442.0          1.0000
1443.0          1.0000
1444.0          1.0000
1445.0          1.0000
1446.0          1.0000
1447.0          1.0000
1448.0          1.0000
1449.0          1.0000
1450.0          1.0000
1451.0          1.0000
1452.0          1.0000
1453.0          1.0000
1454.0          1.0000
1455.0          1.0000
1456.0          1.0000
1457.0          1.0000
1458.0          1.0000
1459.0          1.0000
1460.0          1.0000
1461.0          1.0000
1462.0          1.0000
1463.0          1.0000
1464.0          1.0000
1465.0          1.0000
1466.0          1.0000
1467.0          1.0000
1468.0          1.0000
1469.0          1.0000
1470.0          1.0000
1471.0          1.0000
1472.0          1.0000
1473.0          1.0000
1474.0          1.0000
1475.0          1.0000
1476.0          1.0000
1477.0          1.0000
1478.0          1.0000
1479.0          1.0000
1480.0          1.0000
1481.0          1.0000
1482.0          1.0000
1483.0          1.0000
1484.0          1.0000
1485.0          1.0000
1486.0          1.0000
1487.0          1.0000
1488.0          1.0000
1489.0          1.0000
1490.0          1.0000
1491.0          1.0000
1492.0          1.0000
1493.0          1.0000
1494.0          1.0000
1495.0          1.0000
1496.0          1.0000
1497.0          1.0000
1498.0          1.0000
1499.0          1.0000
1500.0          1.0000
1501.0          1.0000
1502.0          1.0000
1503.0          1.0000
1504.0          1.0000
1505.0          1.0000
1506.0          1.0000
1507.0          1.0000
1508.0          1.0000
1509.0          1.0000
1510.0          1.0000
1511.0          1.0000
1512.0          1.0000
1513.0          1.0000
1514.0          1.0000
1515.0          1.0000
1516.0          1.0000
1517.0          1.0000
1518.0          1.0000
1519.0          1.0000
1520.0          1.0000
1521.0          1.0000
1522.0          1.0000
1523.0          1.0000
1524.0          1.0000
1525.0          1.0000
1526.0          1.0000
1527.0          1.0000
1528.0          1.0000
1529.0          1.0000
1530.0          1.0000
1531.0          1.0000
1532.0          1.0000
1533.0          1.0000
1534.0          1.0000
1535.0          1.0000
1536.0          1.0000
1537.0          1.0000
1538.0          1.0000
1539.0          1.0000
1540.0          1.0000
1541.0          1.0000
1542.0          1.0000
1543.0          1.0000
1544.0          1.0000
1545.0          1.0000
1546.0          1.0000
1547.0          1.0000
1548.0          1.0000
1549.0          1.0000
1550.0          1.0000
1551.0          1.0000
1552.0          1.0000
1553.0          1.0000
1554.0          1.0000
1555.0          1.0000
1556.0          1.0000
1557.0          1.0000
1558.0          1.0000
1559.0          1.0000
1560.0          1.0000
1561.0          1.0000
1562.0          1.0000
1563.0          1.0000
1564.0          1.0000
1565.0          1.0000
1566.0          1.0000
1567.0          1.0000
1568.0          1.0000
1569.0          1.0000
1570.0          1.0000
1571.0          1.0000
1572.0          1.0000
1573.0          1.0000
1574.0          1.0000
1575.0          1.0000
1576.0          1.0000
1577.0          1.0000
1578.0          1.0000
1579.0          1.0000
1580.0          1.0000
1581.0          1.0000
1582.0          1.0000
1583.0          1.0000
1584.0          1.0000
1585.0          1.0000
1586.0          1.0000
1587.0          1.0000
1588.0          1.0000
1589.0          1.0000
1590.0          1.0000
1591.0          1.0000
1592.0          1.0000
1593.0          1.0000
1594.0          1.0000
1595.0          1.0000
1596.0          1.0000
1597.0          1.0000
1598.0          1.0000
1599.0          1.0000
1600.0          1.0000
1601.0          1.0000
1602.0          1.0000
1603.0          1.0000
1604.0          1.0000
1605.0          1.0000
1606.0          1.0000
1607.0          1.0000
1608.0          1.0000
1609.0          1.0000
1610.0          1.0000
1611.0          1.0000
1612.0          1.0000
1613.0          1.0000
1614.0          1.0000
1615.0          1.0000
1616.0          1.0000
1617.0          1.0000
1618.0          1.0000
1619.0          1.0000
1620.0          1.0000
1621.0          1.0000
1622.0          1.0000
1623.0          1.0000
1624.0          1.0000
1625.0          1.0000
1626.0          1.0000
1627.0          1.0000
1628.0          1.0000
1629.0          1.0000
1630.0          1.0000
1631.0          1.0000
1632.0          1.0000
1633.0          1.0000
1634.0          1.0000
1635.0          1.0000
1636.0          1.0000
1637.0          1.0000
1638.0          1.0000
1639.0          1.0000
1640.0          1.0000
1641.0          1.0000
1642.0          1.0000
1643.0          1.0000
1644.0          1.0000
1645.0          1.0000
1646.0          1.0000
1647.0          1.0000
1648.0          1.0000
1649.0          1.0000
1650.0          1.0000
1400.0          9.9920E-16
1401.0          2.2204E-16
1402.0          -1.9984E-15
1403.0          -6.6613E-16
1404.0          -2.8866E-15
1405.0          -2.6645E-15
1406.0          4.4409E-16
1407.0          -2.8866E-15
1408.0          -2.2204E-16
1409.0          1.9984E-15
1410.0          3.3307E-16
1411.0          -4.4409E-16
1412.0          4.4409E-16
1413.0          4.4409E-16
1414.0          1.1102E-16
1415.0          -1.3323E-15
1416.0          1.4433E-15
1417.0          4.9960E-15
1418.0          0.0000
1419.0          1.1102E-16
1420.0          -1.7764E-15
1421.0          4.4409E-16
1422.0          6.6613E-16
1423.0          -8.8818E-16
1424.0          1.7764E-15
1425.0          3.5527E-15
1426.0          -1.3323E-15
1427.0          -1.1102E-15
1428.0          1.6653E-15
1429.0          2.1094E-15
1430.0          -4.4409E-16
1431.0          -8.8818E-16
1432.0          1.2212E-15
1433.0          -1.7764E-15
1434.0          1.4433E-15
1435.0          -4.4409E-16
1436.0          3.1086E-15
1437.0          8.8818E-16
1438.0          8.8818E-16
1439.0          -4.4409E-16
1440.0          1.9984E-15
1441.0          2.4425E-15
1442.0          -3.7748E-15
1443.0          -4.4409E-16
1444.0          2.1094E-15
1445.0          -4.4409E-16
1446.0          3.3307E-16
1447.0          1.3323E-15
1448.0          -2.2204E-16
1449.0          1.2212E-15
1450.0          -1.3323E-15
1451.0          0.0000
1452.0          3.3307E-16
1453.0          1.5543E-15
1454.0          -1.7764E-15
1455.0          1.9984E-15
1456.0          5.5511E-16
1457.0          -1.7764E-15
1458.0          -1.1102E-15
1459.0          1.5543E-15
1460.0          -3.5527E-15
1461.0          -1.3323E-15
1462.0          -2.2204E-15
1463.0          9.9920E-16
1464.0          -2.6645E-15
1465.0          -2.4425E-15
1466.0          1.6653E-15
1467.0          4.4409E-16
1468.0          1.3323E-15
1469.0          -2.2204E-15
1470.0          3.9968E-15
1471.0          0.0000
1472.0          6.6613E-16
1473.0          -1.3323E-15
1474.0          -2.2204E-15
1475.0          -1.5543E-15
1476.0          2.3315E-15
1477.0          3.7748E-15
1478.0          1.3323E-15
1479.0          0.0000
1480.0          2.2204E-16
1481.0          3.5527E-15
1482.0          -4.4409E-16
1483.0          -3.1086E-15
1484.0          -8.8818E-16
1485.0          -4.4409E-16
1486.0          1.5543E-15
1487.0          0.0000
1488.0          2.2204E-15
1489.0          4.4409E-16
1490.0          -8.8818E-16
1491.0          8.8818E-16
1492.0          3.3307E-16
1493.0          0.0000
1494.0          4.3299E-15
1495.0          -1.3323E-15
1496.0          -4.4409E-16
1497.0          2.2204E-15
1498.0          4.4409E-16
1499.0          -1.9984E-15
1500.0          1.9984E-15
1501.0          -8.8818E-16
1502.0          5.5511E-16
1503.0          1.1102E-16
1504.0          1.8874E-15
1505.0          2.4425E-15
1506.0          -1.5543E-15
1507.0          7.7716E-16
1508.0          -8.8818E-16
1509.0          -4.4409E-16
1510.0          5.5511E-16
1511.0          -1.9984E-15
1512.0          -4.4409E-16
1513.0          -1.3323E-15
1514.0          -1.7764E-15
1515.0          0.0000
1516.0          -2.2204E-16
1517.0          2.2204E-16
1518.0          0.0000
1519.0          -1.1102E-15
1520.0          -2.2204E-16
1521.0          -1.9984E-15
1522.0          -1.7764E-15
1523.0          -8.8818E-16
1524.0          1.1102E-15
1525.0          -8.8818E-16
1526.0          -2.2204E-16
1527.0          1.3323E-15
1528.0          5.5511E-16
1529.0          3.6637E-15
1530.0          -2.2204E-16
1531.0          9.9920E-16
1532.0          -1.7764E-15
1533.0          -4.4409E-16
1534.0          -2.2204E-15
1535.0          -8.8818E-16
1536.0          1.3323E-15
1537.0          -4.4409E-16
1538.0          -1.5543E-15
1539.0          1.2212E-15
1540.0          -3.1086E-15
1541.0          -3.1086E-15
1542.0          6.6613E-16
1543.0          -1.5543E-15
1544.0          -2.2204E-15
1545.0          -8.8818E-16
1546.0          -2.8866E-15
1547.0          3.3307E-15
1548.0          -4.4409E-16
1549.0          0.0000
1550.0          3.7748E-15
1551.0          -1.9984E-15
1552.0          -1.7764E-15
1553.0          5.5511E-16
1554.0          2.2204E-16
1555.0          -3.5527E-15
1556.0          4.2188E-15
1557.0          -8.8818E-16
1558.0          6.6613E-16
1559.0          -4.4409E-16
1560.0          1.5543E-15
1561.0          -1.3323E-15
1562.0          2.2204E-15
1563.0          -4.4409E-16
1564.0          1.9984E-15
1565.0          -1.5543E-15
1566.0          -2.2204E-16
1567.0          2.2204E-16
1568.0          2.1094E-15
1569.0          1.6653E-15
1570.0          -2.8866E-15
1571.0          5.3291E-15
1572.0          1.3323E-15
1573.0          4.5519E-15
1574.0          -3.1086E-15
1575.0          -1.3323E-15
1576.0          1.3323E-15
1577.0          6.6613E-16
1578.0          8.8818E-16
1579.0          -2.2204E-16
1580.0          -1.5543E-15
1581.0          -6.6613E-16
1582.0          -8.8818E-16
1583.0          4.4409E-16
1584.0          0.0000
1585.0          -2.2204E-16
1586.0          -8.8818E-16
1587.0          -2.2204E-16
1588.0          2.2204E-16
1589.0          7.7716E-16
1590.0          1.2212E-15
1591.0          0.0000
1592.0          -6.6613E-16
1593.0          -1.7764E-15
1594.0          -6.6613E-16
1595.0          3.1086E-15
1596.0          -2.6645E-15
1597.0          1.1102E-15
1598.0          2.6645E-15
1599.0          -4.4409E-16
1600.0          1.1102E-15
1601.0          2.2204E-16
1602.0          -8.8818E-16
1603.0          1.8874E-15
1604.0          -2.4425E-15
1605.0          -2.6645E-15
1606.0          2.4425E-15
1607.0          2.8866E-15
1608.0          1.1102E-15
1609.0          6.4393E-15
1610.0          -1.5543E-15
1611.0          -2.6645E-15
1612.0          1.1102E-16
1613.0          -3.1086E-15
1614.0          -1.5543E-15
1615.0          -4.8850E-15
1616.0          -1.7764E-15
1617.0          0.0000
1618.0          -1.3323E-15
1619.0          -1.9984E-15
1620.0          -4.2188E-15
1621.0          -2.2204E-15
1622.0          3.1086E-15
1623.0          -2.2204E-16
1624.0          -1.9984E-15
1625.0          5.1070E-15
1626.0          9.9920E-16
1627.0          3.3307E-16
1628.0          -2.2204E-15
1629.0          -6.6613E-16
1630.0          2.2204E-16
1631.0          -2.6645E-15
1632.0          8.8818E-16
1633.0          5.1070E-15
1634.0          -3.9968E-15
1635.0          -2.2204E-16
1636.0          1.5543E-15
1637.0          0.0000
1638.0          3.9968E-15
1639.0          1.7764E-15
1640.0          6.6613E-16
1641.0          -1.9984E-15
1642.0          -2.6645E-15
1643.0          -3.5527E-15
1644.0          3.1086E-15
1645.0          -8.8818E-16
1646.0          -2.6645E-15
1647.0          2.5535E-15
1648.0          0.0000
1649.0          -1.7764E-15
1650.0          -1.3323E-15
