1400.0          0.32507
1401.0          0.32575
1402.0          0.32643
1403.0          0.32710
1404.0          0.32776
1405.0          0.32843
1406.0          0.32909
1407.0          0.32974
1408.0          0.33039
1409.0          0.33104
1410.0          0.33169
1411.0          0.33233
1412.0          0.33297
1413.0          0.33361
1414.0          0.33424
1415.0          0.33487
1416.0          0.33549
1417.0          0.33611
1418.0          0.33673
1419.0          0.33735
1420.0          0.33796
1421.0          0.33856
1422.0          0.33917
1423.0          0.33977
1424.0          0.34037
1425.0          0.34096
1426.0          0.34156
1427.0          0.34214
1428.0          0.34273
1429.0          0.34331
1430.0          0.34389
1431.0          0.34446
1432.0          0.34504
1433.0          0.34561
1434.0          0.34617
1435.0          0.34673
1436.0          0.34729
1437.0          0.34785
1438.0          0.34840
1439.0          0.34895
1440.0          0.34950
1441.0          0.35005
1442.0          0.35059
1443.0          0.35113
1444.0          0.35166
1445.0          0.35219
1446.0          0.35272
1447.0          0.35325
1448.0          0.35377
1449.0          0.35429
1450.0          0.35481
1451.0          0.35532
1452.0          0.35583
1453.0          0.35634
1454.0          0.35685
1455.0          0.35735
1456.0          0.35785
1457.0          0.35835
1458.0          0.35884
1459.0          0.35933
1460.0          0.35982
1461.0          0.36031
1462.0          0.36079
1463.0          0.36127
1464.0          0.36175
1465.0          0.36223
1466.0          0.36270
1467.0          0.36317
1468.0          0.36363
1469.0          0.36410
1470.0          0.36456
1471.0          0.36502
1472.0          0.36547
1473.0          0.36593
1474.0          0.36638
1475.0          0.36683
1476.0          0.36727
1477.0          0.36771
1478.0          0.36816
1479.0          0.36859
1480.0          0.36903
1481.0          0.36946
1482.0          0.36989
1483.0          0.37032
1484.0          0.37074
1485.0          0.37117
1486.0          0.37159
1487.0          0.37201
1488.0          0.37242
1489.0          0.37283
1490.0          0.37324
1491.0          0.37365
1492.0          0.37406
1493.0          0.37446
1494.0          0.37486
1495.0          0.37526
1496.0          0.37566
1497.0          0.37605
1498.0          0.37644
1499.0          0.37683
1500.0          0.37722
1501.0          0.37760
1502.0          0.37799
1503.0          0.37837
1504.0          0.37874
1505.0          0.37912
1506.0          0.37949
1507.0          0.37986
1508.0          0.38023
1509.0          0.38060
1510.0          0.38096
1511.0          0.38132
1512.0          0.38168
1513.0          0.38204
1514.0          0.38240
1515.0          0.38275
1516.0          0.38310
1517.0          0.38345
1518.0          0.38380
1519.0          0.38414
1520.0          0.38449
1521.0          0.38483
1522.0          0.38517
1523.0          0.38550
1524.0          0.38584
1525.0          0.38617
1526.0          0.38650
1527.0          0.38683
1528.0          0.38716
1529.0          0.38748
1530.0          0.38780
1531.0          0.38812
1532.0          0.38844
1533.0          0.38876
1534.0          0.38907
1535.0          0.38938
1536.0          0.38970
1537.0          0.39000
1538.0          0.39031
1539.0          0.39062
1540.0          0.39092
1541.0          0.39122
1542.0          0.39152
1543.0          0.39182
1544.0          0.39211
1545.0          0.39240
1546.0          0.39270
1547.0          0.39299
1548.0          0.39327
1549.0          0.39356
1550.0          0.39384
1551.0          0.39413
1552.0          0.39441
1553.0          0.39469
1554.0          0.39496
1555.0          0.39524
1556.0          0.39551
1557.0          0.39579
1558.0          0.39606
1559.0          0.39632
1560.0          0.39659
1561.0          0.39686
1562.0          0.39712
1563.0          0.39738
1564.0          0.39764
1565.0          0.39790
1566.0          0.39815
1567.0          0.39841
1568.0          0.39866
1569.0          0.39891
1570.0          0.39916
1571.0          0.39941
1572.0          0.39966
1573.0          0.39990
1574.0          0.40015
1575.0          0.40039
1576.0          0.40063
1577.0          0.40087
1578.0          0.40110
1579.0          0.40134
1580.0          0.40157
1581.0          0.40180
1582.0          0.40204
1583.0          0.40226
1584.0          0.40249
1585.0          0.40272
1586.0          0.40294
1587.0          0.40317
1588.0          0.40339
1589.0          0.40361
1590.0          0.40383
1591.0          0.40404
1592.0          0.40426
1593.0          0.40447
1594.0          0.40468
1595.0          0.40490
1596.0          0.40510
1597.0          0.40531
1598.0          0.40552
1599.0          0.40572
1600.0          0.40593
1601.0          0.40613
1602.0          0.40633
1603.0          0.40653
1604.0          0.40673
1605.0          0.40693
1606.0          0.40712
1607.0          0.40732
1608.0          0.40751
1609.0          0.40770
1610.0          0.40789
1611.0          0.40808
1612.0          0.40827
1613.0          0.40845
1614.0          0.40864
1615.0          0.40882
1616.0          0.40900
1617.0          0.40918
1618.0          0.40936
1619.0          0.40954
1620.0          0.40972
1621.0          0.40989
1622.0          0.41006
1623.0          0.41024
1624.0          0.41041
1625.0          0.41058
1626.0          0.41075
1627.0          0.41092
1628.0          0.41108
1629.0          0.41125
1630.0          0.41141
1631.0          0.41157
1632.0          0.41174
1633.0          0.41190
1634.0          0.41206
1635.0          0.41221
1636.0          0.41237
1637.0          0.41253
1638.0          0.41268
1639.0          0.41283
1640.0          0.41298
1641.0          0.41313
1642.0          0.41328
1643.0          0.41343
1644.0          0.41358
1645.0          0.41373
1646.0          0.41387
1647.0          0.41401
1648.0          0.41416
1649.0          0.41430
1650.0          0.41444
1400.0          0.67493
1401.0          0.67425
1402.0          0.67357
1403.0          0.67290
1404.0          0.67224
1405.0          0.67157
1406.0          0.67091
1407.0          0.67026
1408.0          0.66961
1409.0          0.66896
1410.0          0.66831
1411.0          0.66767
1412.0          0.66703
1413.0          0.66639
1414.0          0.66576
1415.0          0.66513
1416.0          0.66451
1417.0          0.66389
1418.0          0.66327
1419.0          0.66265
1420.0          0.66204
1421.0          0.66144
1422.0          0.66083
1423.0          0.66023
1424.0          0.65963
1425.0          0.65904
1426.0          0.65844
1427.0          0.65786
1428.0          0.65727
1429.0          0.65669
1430.0          0.65611
1431.0          0.65554
1432.0          0.65496
1433.0          0.65439
1434.0          0.65383
1435.0          0.65327
1436.0          0.65271
1437.0          0.65215
1438.0          0.65160
1439.0          0.65105
1440.0          0.65050
1441.0          0.64995
1442.0          0.64941
1443.0          0.64887
1444.0          0.64834
1445.0          0.64781
1446.0          0.64728
1447.0          0.64675
1448.0          0.64623
1449.0          0.64571
1450.0          0.64519
1451.0          0.64468
1452.0          0.64417
1453.0          0.64366
1454.0          0.64315
1455.0          0.64265
1456.0          0.64215
1457.0          0.64165
1458.0          0.64116
1459.0          0.64067
1460.0          0.64018
1461.0          0.63969
1462.0          0.63921
1463.0          0.63873
1464.0          0.63825
1465.0          0.63777
1466.0          0.63730
1467.0          0.63683
1468.0          0.63637
1469.0          0.63590
1470.0          0.63544
1471.0          0.63498
1472.0          0.63453
1473.0          0.63407
1474.0          0.63362
1475.0          0.63317
1476.0          0.63273
1477.0          0.63229
1478.0          0.63184
1479.0          0.63141
1480.0          0.63097
1481.0          0.63054
1482.0          0.63011
1483.0          0.62968
1484.0          0.62926
1485.0          0.62883
1486.0          0.62841
1487.0          0.62799
1488.0          0.62758
1489.0          0.62717
1490.0          0.62676
1491.0          0.62635
1492.0          0.62594
1493.0          0.62554
1494.0          0.62514
1495.0          0.62474
1496.0          0.62434
1497.0          0.62395
1498.0          0.62356
1499.0          0.62317
1500.0          0.62278
1501.0          0.62240
1502.0          0.62201
1503.0          0.62163
1504.0          0.62126
1505.0          0.62088
1506.0          0.62051
1507.0          0.62014
1508.0          0.61977
1509.0          0.61940
1510.0          0.61904
1511.0          0.61868
1512.0          0.61832
1513.0          0.61796
1514.0          0.61760
1515.0          0.61725
1516.0          0.61690
1517.0          0.61655
1518.0          0.61620
1519.0          0.61586
1520.0          0.61551
1521.0          0.61517
1522.0          0.61483
1523.0          0.61450
1524.0          0.61416
1525.0          0.61383
1526.0          0.61350
1527.0          0.61317
1528.0          0.61284
1529.0          0.61252
1530.0          0.61220
1531.0          0.61188
1532.0          0.61156
1533.0          0.61124
1534.0          0.61093
1535.0          0.61062
1536.0          0.61030
1537.0          0.61000
1538.0          0.60969
1539.0          0.60938
1540.0          0.60908
1541.0          0.60878
1542.0          0.60848
1543.0          0.60818
1544.0          0.60789
1545.0          0.60760
1546.0          0.60730
1547.0          0.60701
1548.0          0.60673
1549.0          0.60644
1550.0          0.60616
1551.0          0.60587
1552.0          0.60559
1553.0          0.60531
1554.0          0.60504
1555.0          0.60476
1556.0          0.60449
1557.0          0.60421
1558.0          0.60394
1559.0          0.60368
1560.0          0.60341
1561.0          0.60314
1562.0          0.60288
1563.0          0.60262
1564.0          0.60236
1565.0          0.60210
1566.0          0.60185
1567.0          0.60159
1568.0          0.60134
1569.0          0.60109
1570.0          0.60084
1571.0          0.60059
1572.0          0.60034
1573.0          0.60010
1574.0          0.59985
1575.0          0.59961
1576.0          0.59937
1577.0          0.59913
1578.0          0.59890
1579.0          0.59866
1580.0          0.59843
1581.0          0.59820
1582.0          0.59796
1583.0          0.59774
1584.0          0.59751
1585.0          0.59728
1586.0          0.59706
1587.0          0.59683
1588.0          0.59661
1589.0          0.59639
1590.0          0.59617
1591.0          0.59596
1592.0          0.59574
1593.0          0.59553
1594.0          0.59532
1595.0          0.59510
1596.0          0.59490
1597.0          0.59469
1598.0          0.59448
1599.0          0.59428
1600.0          0.59407
1601.0          0.59387
1602.0          0.59367
1603.0          0.59347
1604.0          0.59327
1605.0          0.59307
1606.0          0.59288
1607.0          0.59268
1608.0          0.59249
1609.0          0.59230
1610.0          0.59211
1611.0          0.59192
1612.0          0.59173
1613.0          0.59155
1614.0          0.59136
1615.0          0.59118
1616.0          0.59100
1617.0          0.59082
1618.0          0.59064
1619.0          0.59046
1620.0          0.59028
1621.0          0.59011
1622.0          0.58994
1623.0          0.58976
1624.0          0.58959
1625.0          0.58942
1626.0          0.58925
1627.0          0.58908
1628.0          0.58892
1629.0          0.58875
1630.0          0.58859
1631.0          0.58843
1632.0          0.58826
1633.0          0.58810
1634.0          0.58794
1635.0          0.58779
1636.0          0.58763
1637.0          0.58747
1638.0          0.58732
1639.0          0.58717
1640.0          0.58702
1641.0          0.58687
1642.0          0.58672
1643.0          0.58657
1644.0          0.58642
1645.0          0.58627
1646.0          0.58613
1647.0          0.58599
1648.0          0.58584
1649.0          0.58570
1650.0          0.58556
1400.0          1.0000
1401.0          1.0000
1402.0          1.0000
1403.0          1.0000
1404.0          1.0000
1405.0          1.0000
1406.0          1.0000
1407.0          1.0000
1408.0          1.0000
1409.0          1.0000
1410.0          1.0000
1411.0          1.0000
1412.0          1.0000
1413.0          1.0000
1414.0          1.0000
1415.0          1.0000
1416.0          1.0000
1417.0          1.0000
1418.0          1.0000
1419.0          1.0000
1420.0          1.0000
1421.0          1.0000
1422.0          1.0000
1423.0          1.0000
1424.0          1.0000
1425.0          1.0000
1426.0          1.0000
1427.0          1.0000
1428.0          1.0000
1429.0          1.0000
1430.0          1.0000
1431.0          1.0000
1432.0          1.0000
1433.0          1.0000
1434.0          1.0000
1435.0          1.0000
1436.0          1.0000
1437.0          1.0000
1438.0          1.0000
1439.0          1.0000
1440.0          1.0000
1441.0          1.0000
1442.0          1.0000
1443.0          1.0000
1444.0          1.0000
1445.0          1.0000
1446.0          1.0000
1447.0          1.0000
1448.0          1.0000
1449.0          1.0000
1450.0          1.0000
1451.0          1.0000
1452.0          1.0000
1453.0          1.0000
1454.0          1.0000
1455.0          1.0000
1456.0          1.0000
1457.0          1.0000
1458.0          1.0000
1459.0          1.0000
1460.0          1.0000
1461.0          1.0000
1462.0          1.0000
1463.0          1.0000
1464.0          1.0000
1465.0          1.0000
1466.0          1.0000
1467.0          1.0000
1468.0          1.0000
1469.0          1.0000
1470.0          1.0000
1471.0          1.0000
1472.0          1.0000
1473.0          1.0000
1474.0          1.0000
1475.0          1.0000
1476.0          1.0000
1477.0          1.0000
1478.0          1.0000
1479.0          1.0000
1480.0          1.0000
1481.0          1.0000
1482.0          1.0000
1483.0          1.0000
1484.0          1.0000
1485.0          1.0000
1486.0          1.0000
1487.0          1.0000
1488.0          1.0000
1489.0          1.0000
1490.0          1.0000
1491.0          1.0000
1492.0          1.0000
1493.0          1.0000
1494.0          1.0000
1495.0          1.0000
1496.0          1.0000
1497.0          1.0000
1498.0          1.0000
1499.0          1.0000
1500.0          1.0000
1501.0          1.0000
1502.0          1.0000
1503.0          1.0000
1504.0          1.0000
1505.0          1.0000
1506.0          1.0000
1507.0          1.0000
1508.0          1.0000
1509.0          1.0000
1510.0          1.0000
1511.0          1.0000
1512.0          1.0000
1513.0          1.0000
1514.0          1.0000
1515.0          1.0000
1516.0          1.0000
1517.0          1.0000
1518.0          1.0000
1519.0          1.0000
1520.0          1.0000
1521.0          1.0000
1522.0          1.0000
1523.0          1.0000
1524.0          1.0000
1525.0          1.0000
1526.0          1.0000
1527.0          1.0000
1528.0          1.0000
1529.0          1.0000
1530.0          1.0000
1531.0          1.0000
1532.0          1.0000
1533.0          1.0000
1534.0          1.0000
1535.0          1.0000
1536.0          1.0000
1537.0          1.0000
1538.0          1.0000
1539.0          1.0000
1540.0          1.0000
1541.0          1.0000
1542.0          1.0000
1543.0          1.0000
1544.0          1.0000
1545.0          1.0000
1546.0          1.0000
1547.0          1.0000
1548.0          1.0000
1549.0          1.0000
1550.0          1.0000
1551.0          1.0000
1552.0          1.0000
1553.0          1.0000
1554.0          1.0000
1555.0          1.0000
1556.0          1.0000
1557.0          1.0000
1558.0          1.0000
1559.0          1.0000
1560.0          1.0000
1561.0          1.0000
1562.0          1.0000
1563.0          1.0000
1564.0          1.0000
1565.0          1.0000
1566.0          1.0000
1567.0          1.0000
1568.0          1.0000
1569.0          1.0000
1570.0          1.0000
1571.0          1.0000
1572.0          1.0000
1573.0          1.0000
1574.0          1.0000
1575.0          1.0000
1576.0          1.0000
1577.0          1.0000
1578.0          1.0000
1579.0          1.0000
1580.0          1.0000
1581.0          1.0000
1582.0          1.0000
1583.0          1.0000
1584.0          1.0000
1585.0          1.0000
1586.0          1.0000
1587.0          1.0000
1588.0          1.0000
1589.0          1.0000
1590.0          1.0000
1591.0          1.0000
1592.0          1.0000
1593.0          1.0000
1594.0          1.0000
1595.0          1.0000
1596.0          1.0000
1597.0          1.0000
1598.0          1.0000
1599.0          1.0000
1600.0          1.0000
1601.0          1.0000
1602.0          1.0000
1603.0          1.0000
1604.0          1.0000
1605.0          1.0000
1606.0          1.0000
1607.0          1.0000
1608.0          1.0000
1609.0          1.0000
1610.0          1.0000
1611.0          1.0000
1612.0          1.0000
1613.0          1.0000
1614.0          1.0000
1615.0          1.0000
1616.0          1.0000
1617.0          1.0000
1618.0          1.0000
1619.0          1.0000
1620.0          1.0000
1621.0          1.0000
1622.0          1.0000
1623.0          1.0000
1624.0          1.0000
1625.0          1.0000
1626.0          1.0000
1627.0          1.0000
1628.0          1.0000
1629.0          1.0000
1630.0          1.0000
1631.0          1.0000
1632.0          1.0000
1633.0          1.0000
1634.0          1.0000
1635.0          1.0000
1636.0          1.0000
1637.0          1.0000
1638.0          1.0000
1639.0          1.0000
1640.0          1.0000
1641.0          1.0000
1642.0          1.0000
1643.0          1.0000
1644.0          1.0000
1645.0          1.0000
1646.0          1.0000
1647.0          1.0000
1648.0          1.0000
1649.0          1.0000
1650.0          1.0000
1400.0          -4.2188E-15
1401.0          -2.2204E-15
1402.0          2.5535E-15
1403.0          1.1102E-16
1404.0          2.2204E-16
1405.0          -2.2204E-16
1406.0          7.7716E-16
1407.0          6.6613E-16
1408.0          2.2204E-16
1409.0          -2.4425E-15
1410.0          -2.2204E-15
1411.0          2.9976E-15
1412.0          0.0000
1413.0          -1.7764E-15
1414.0          9.9920E-16
1415.0          -1.5543E-15
1416.0          2.6645E-15
1417.0          -1.7764E-15
1418.0          3.3307E-15
1419.0          2.2204E-16
1420.0          0.0000
1421.0          -4.4409E-16
1422.0          2.2204E-15
1423.0          -1.7764E-15
1424.0          -2.2204E-16
1425.0          -1.3323E-15
1426.0          6.6613E-16
1427.0          3.9968E-15
1428.0          -1.3323E-15
1429.0          2.6645E-15
1430.0          -8.8818E-16
1431.0          -6.6613E-16
1432.0          0.0000
1433.0          0.0000
1434.0          6.6613E-16
1435.0          0.0000
1436.0          -2.2204E-16
1437.0          -8.8818E-16
1438.0          -1.3323E-15
1439.0          2.5535E-15
1440.0          3.3307E-16
1441.0          -6.6613E-16
1442.0          -3.5527E-15
1443.0          2.2204E-15
1444.0          1.5543E-15
1445.0          1.7764E-15
1446.0          -1.3323E-15
1447.0          6.6613E-16
1448.0          -3.7748E-15
1449.0          1.5543E-15
1450.0          2.1094E-15
1451.0          1.3323E-15
1452.0          1.5543E-15
1453.0          2.2204E-16
1454.0          -3.1086E-15
1455.0          -1.3323E-15
1456.0          -1.7764E-15
1457.0          -2.6645E-15
1458.0          0.0000
1459.0          -1.5543E-15
1460.0          -1.7764E-15
1461.0          -6.6613E-16
1462.0          2.7756E-15
1463.0          1.6653E-15
1464.0          -4.4409E-16
1465.0          8.8818E-16
1466.0          3.4417E-15
1467.0          4.4409E-16
1468.0          8.8818E-16
1469.0          -8.8818E-16
1470.0          -2.2204E-16
1471.0          2.2204E-15
1472.0          6.6613E-16
1473.0          -1.5543E-15
1474.0          -4.4409E-16
1475.0          -2.2204E-15
1476.0          -2.4425E-15
1477.0          0.0000
1478.0          0.0000
1479.0          6.6613E-16
1480.0          -1.1102E-15
1481.0          2.4425E-15
1482.0          -2.4425E-15
1483.0          1.1102E-15
1484.0          4.4409E-16
1485.0          -4.4409E-16
1486.0          -2.2204E-16
1487.0          2.2204E-16
1488.0          8.8818E-16
1489.0          2.2204E-15
1490.0          -8.8818E-16
1491.0          2.2204E-15
1492.0          -1.1102E-15
1493.0          -2.4425E-15
1494.0          -3.7748E-15
1495.0          1.3323E-15
1496.0          2.2204E-16
1497.0          -1.3323E-15
1498.0          1.4433E-15
1499.0          2.4425E-15
1500.0          -2.2204E-16
1501.0          4.4409E-16
1502.0          8.8818E-16
1503.0          -8.8818E-16
1504.0          3.1086E-15
1505.0          1.7764E-15
1506.0          -1.1102E-15
1507.0          3.5527E-15
1508.0          2.9976E-15
1509.0          -2.2204E-16
1510.0          1.1102E-15
1511.0          -1.7764E-15
1512.0          3.3307E-16
1513.0          -4.2188E-15
1514.0          -2.2204E-16
1515.0          2.4425E-15
1516.0          -1.9984E-15
1517.0          -2.2204E-16
1518.0          -8.8818E-16
1519.0          5.5511E-16
1520.0          -8.8818E-16
1521.0          2.6645E-15
1522.0          -2.2204E-16
1523.0          2.2204E-16
1524.0          6.6613E-16
1525.0          -3.7748E-15
1526.0          -1.7764E-15
1527.0          1.7764E-15
1528.0          -2.4425E-15
1529.0          6.6613E-16
1530.0          6.6613E-16
1531.0          -1.7764E-15
1532.0          -8.8818E-16
1533.0          -2.6645E-15
1534.0          -3.3307E-15
1535.0          1.5543E-15
1536.0          1.4433E-15
1537.0          -3.9968E-15
1538.0          -8.8818E-16
1539.0          1.7764E-15
1540.0          -3.3307E-15
1541.0          1.2212E-15
1542.0          -8.8818E-16
1543.0          -4.4409E-16
1544.0          1.1102E-16
1545.0          1.7764E-15
1546.0          1.5543E-15
1547.0          -1.5543E-15
1548.0          -1.3323E-15
1549.0          -1.3323E-15
1550.0          -1.3323E-15
1551.0          1.7764E-15
1552.0          7.7716E-16
1553.0          2.2204E-15
1554.0          6.6613E-16
1555.0          2.2204E-16
1556.0          -8.8818E-16
1557.0          1.5543E-15
1558.0          1.7764E-15
1559.0          -6.6613E-16
1560.0          4.4409E-15
1561.0          -2.2204E-16
1562.0          -8.8818E-16
1563.0          -4.4409E-16
1564.0          -2.2204E-16
1565.0          1.9984E-15
1566.0          6.6613E-16
1567.0          0.0000
1568.0          3.1086E-15
1569.0          -4.4409E-16
1570.0          1.9984E-15
1571.0          1.3323E-15
1572.0          -8.8818E-16
1573.0          3.1086E-15
1574.0          2.7756E-15
1575.0          -1.5543E-15
1576.0          8.8818E-16
1577.0          6.2172E-15
1578.0          -3.3307E-15
1579.0          -4.4409E-16
1580.0          8.8818E-16
1581.0          4.4409E-15
1582.0          -3.9968E-15
1583.0          1.3323E-15
1584.0          1.8874E-15
1585.0          3.6637E-15
1586.0          6.6613E-16
1587.0          -4.4409E-16
1588.0          4.4409E-16
1589.0          9.9920E-16
1590.0          1.4433E-15
1591.0          1.5543E-15
1592.0          -1.3323E-15
1593.0          1.1102E-15
1594.0          -1.7764E-15
1595.0          -6.6613E-16
1596.0          -1.7764E-15
1597.0          1.9984E-15
1598.0          8.8818E-16
1599.0          -4.4409E-16
1600.0          -2.2204E-16
1601.0          -1.5543E-15
1602.0          8.8818E-16
1603.0          1.3323E-15
1604.0          1.9984E-15
1605.0          1.1102E-15
1606.0          3.9968E-15
1607.0          -8.8818E-16
1608.0          -4.4409E-16
1609.0          3.5527E-15
1610.0          -1.5543E-15
1611.0          2.2204E-16
1612.0          4.4409E-16
1613.0          3.1086E-15
1614.0          6.6613E-16
1615.0          2.4425E-15
1616.0          2.4425E-15
1617.0          0.0000
1618.0          1.6653E-15
1619.0          4.4409E-16
1620.0          -2.2204E-15
1621.0          -4.4409E-16
1622.0          5.5511E-16
1623.0          -4.4409E-16
1624.0          1.5543E-15
1625.0          -4.4409E-16
1626.0          -1.9984E-15
1627.0          -6.6613E-16
1628.0          8.8818E-16
1629.0          -4.4409E-16
1630.0          2.2204E-16
1631.0          -2.2204E-15
1632.0          -1.5543E-15
1633.0          -4.4409E-16
1634.0          -2.6645E-15
1635.0          -4.4409E-16
1636.0          1.5543E-15
1637.0          8.8818E-16
1638.0          -1.7764E-15
1639.0          -8.8818E-16
1640.0          2.2204E-16
1641.0          2.2204E-16
1642.0          8.8818E-16
1643.0          -8.8818E-16
1644.0          -4.4409E-16
1645.0          1.1102E-16
1646.0          0.0000
1647.0          -8.8818E-16
1648.0          3.3307E-16
1649.0          -1.3323E-15
1650.0          -8.8818E-16
