1400.0          0.037022
1401.0          0.037317
1402.0          0.037605
1403.0          0.037885
1404.0          0.038154
1405.0          0.038413
1406.0          0.038660
1407.0          0.038894
1408.0          0.039114
1409.0          0.039320
1410.0          0.039509
1411.0          0.039683
1412.0          0.039839
1413.0          0.039977
1414.0          0.040097
1415.0          0.040199
1416.0          0.040283
1417.0          0.040351
1418.0          0.040404
1419.0          0.040447
1420.0          0.040483
1421.0          0.040519
1422.0          0.040566
1423.0          0.040637
1424.0          0.040753
1425.0          0.040939
1426.0          0.041234
1427.0          0.041691
1428.0          0.042384
1429.0          0.043420
1430.0          0.044951
1431.0          0.047196
1432.0          0.050480
1433.0          0.055285
1434.0          0.062342
1435.0          0.072782
1436.0          0.088381
1437.0          0.11197
1438.0          0.14810
1439.0          0.20398
1440.0          0.29043
1441.0          0.42070
1442.0          0.60126
1443.0          0.80674
1444.0          0.96178
1445.0          0.99671
1446.0          0.92560
1447.0          0.81151
1448.0          0.69919
1449.0          0.60475
1450.0          0.52968
1451.0          0.47093
1452.0          0.42486
1453.0          0.38840
1454.0          0.35923
1455.0          0.33560
1456.0          0.31624
1457.0          0.30022
1458.0          0.28684
1459.0          0.27556
1460.0          0.26599
1461.0          0.25782
1462.0          0.25081
1463.0          0.24476
1464.0          0.23952
1465.0          0.23497
1466.0          0.23102
1467.0          0.22756
1468.0          0.22455
1469.0          0.22192
1470.0          0.21963
1471.0          0.21763
1472.0          0.21589
1473.0          0.21438
1474.0          0.21308
1475.0          0.21197
1476.0          0.21102
1477.0          0.21022
1478.0          0.20956
1479.0          0.20902
1480.0          0.20859
1481.0          0.20827
1482.0          0.20803
1483.0          0.20789
1484.0          0.20782
1485.0          0.20782
1486.0          0.20789
1487.0          0.20802
1488.0          0.20821
1489.0          0.20845
1490.0          0.20874
1491.0          0.20908
1492.0          0.20946
1493.0          0.20987
1494.0          0.21033
1495.0          0.21081
1496.0          0.21133
1497.0          0.21188
1498.0          0.21246
1499.0          0.21307
1500.0          0.21370
1501.0          0.21435
1502.0          0.21502
1503.0          0.21572
1504.0          0.21643
1505.0          0.21717
1506.0          0.21792
1507.0          0.21868
1508.0          0.21946
1509.0          0.22026
1510.0          0.22107
1511.0          0.22189
1512.0          0.22272
1513.0          0.22357
1514.0          0.22442
1515.0          0.22529
1516.0          0.22616
1517.0          0.22705
1518.0          0.22794
1519.0          0.22884
1520.0          0.22975
1521.0          0.23066
1522.0          0.23158
1523.0          0.23251
1524.0          0.23344
1525.0          0.23438
1526.0          0.23533
1527.0          0.23628
1528.0          0.23723
1529.0          0.23819
1530.0          0.23915
1531.0          0.24012
1532.0          0.24109
1533.0          0.24206
1534.0          0.24304
1535.0          0.24401
1536.0          0.24499
1537.0          0.24598
1538.0          0.24696
1539.0          0.24795
1540.0          0.24894
1541.0          0.24993
1542.0          0.25092
1543.0          0.25191
1544.0          0.25291
1545.0          0.25390
1546.0          0.25490
1547.0          0.25590
1548.0          0.25689
1549.0          0.25789
1550.0          0.25889
1551.0          0.25989
1552.0          0.26089
1553.0          0.26189
1554.0          0.26288
1555.0          0.26388
1556.0          0.26488
1557.0          0.26588
1558.0          0.26687
1559.0          0.26787
1560.0          0.26886
1561.0          0.26986
1562.0          0.27085
1563.0          0.27184
1564.0          0.27284
1565.0          0.27383
1566.0          0.27481
1567.0          0.27580
1568.0          0.27679
1569.0          0.27777
1570.0          0.27876
1571.0          0.27974
1572.0          0.28072
1573.0          0.28170
1574.0          0.28268
1575.0          0.28366
1576.0          0.28463
1577.0          0.28560
1578.0          0.28657
1579.0          0.28754
1580.0          0.28851
1581.0          0.28947
1582.0          0.29044
1583.0          0.29140
1584.0          0.29235
1585.0          0.29331
1586.0          0.29427
1587.0          0.29522
1588.0          0.29617
1589.0          0.29712
1590.0          0.29806
1591.0          0.29900
1592.0          0.29995
1593.0          0.30088
1594.0          0.30182
1595.0          0.30275
1596.0          0.30368
1597.0          0.30461
1598.0          0.30554
1599.0          0.30646
1600.0          0.30738
1601.0          0.30830
1602.0          0.30922
1603.0          0.31013
1604.0          0.31104
1605.0          0.31195
1606.0          0.31286
1607.0          0.31376
1608.0          0.31466
1609.0          0.31556
1610.0          0.31645
1611.0          0.31735
1612.0          0.31823
1613.0          0.31912
1614.0          0.32001
1615.0          0.32089
1616.0          0.32177
1617.0          0.32264
1618.0          0.32351
1619.0          0.32438
1620.0          0.32525
1621.0          0.32612
1622.0          0.32698
1623.0          0.32784
1624.0          0.32869
1625.0          0.32955
1626.0          0.33040
1627.0          0.33124
1628.0          0.33209
1629.0          0.33293
1630.0          0.33377
1631.0          0.33460
1632.0          0.33544
1633.0          0.33627
1634.0          0.33709
1635.0          0.33792
1636.0          0.33874
1637.0          0.33956
1638.0          0.34037
1639.0          0.34119
1640.0          0.34200
1641.0          0.34280
1642.0          0.34361
1643.0          0.34441
1644.0          0.34521
1645.0          0.34600
1646.0          0.34680
1647.0          0.34758
1648.0          0.34837
1649.0          0.34916
1650.0          0.34994
1400.0          0.96298
1401.0          0.96268
1402.0          0.96239
1403.0          0.96212
1404.0          0.96185
1405.0          0.96159
1406.0          0.96134
1407.0          0.96111
1408.0          0.96089
1409.0          0.96068
1410.0          0.96049
1411.0          0.96032
1412.0          0.96016
1413.0          0.96002
1414.0          0.95990
1415.0          0.95980
1416.0          0.95972
1417.0          0.95965
1418.0          0.95960
1419.0          0.95955
1420.0          0.95952
1421.0          0.95948
1422.0          0.95943
1423.0          0.95936
1424.0          0.95925
1425.0          0.95906
1426.0          0.95877
1427.0          0.95831
1428.0          0.95762
1429.0          0.95658
1430.0          0.95505
1431.0          0.95280
1432.0          0.94952
1433.0          0.94472
1434.0          0.93766
1435.0          0.92722
1436.0          0.91162
1437.0          0.88803
1438.0          0.85190
1439.0          0.79602
1440.0          0.70957
1441.0          0.57930
1442.0          0.39874
1443.0          0.19326
1444.0          0.038216
1445.0          0.0032908
1446.0          0.074405
1447.0          0.18849
1448.0          0.30081
1449.0          0.39525
1450.0          0.47032
1451.0          0.52907
1452.0          0.57514
1453.0          0.61160
1454.0          0.64077
1455.0          0.66440
1456.0          0.68376
1457.0          0.69978
1458.0          0.71316
1459.0          0.72444
1460.0          0.73401
1461.0          0.74218
1462.0          0.74919
1463.0          0.75524
1464.0          0.76048
1465.0          0.76503
1466.0          0.76898
1467.0          0.77244
1468.0          0.77545
1469.0          0.77808
1470.0          0.78037
1471.0          0.78237
1472.0          0.78411
1473.0          0.78562
1474.0          0.78692
1475.0          0.78803
1476.0          0.78898
1477.0          0.78978
1478.0          0.79044
1479.0          0.79098
1480.0          0.79141
1481.0          0.79173
1482.0          0.79197
1483.0          0.79211
1484.0          0.79218
1485.0          0.79218
1486.0          0.79211
1487.0          0.79198
1488.0          0.79179
1489.0          0.79155
1490.0          0.79126
1491.0          0.79092
1492.0          0.79054
1493.0          0.79013
1494.0          0.78967
1495.0          0.78919
1496.0          0.78867
1497.0          0.78812
1498.0          0.78754
1499.0          0.78693
1500.0          0.78630
1501.0          0.78565
1502.0          0.78498
1503.0          0.78428
1504.0          0.78357
1505.0          0.78283
1506.0          0.78208
1507.0          0.78132
1508.0          0.78054
1509.0          0.77974
1510.0          0.77893
1511.0          0.77811
1512.0          0.77728
1513.0          0.77643
1514.0          0.77558
1515.0          0.77471
1516.0          0.77384
1517.0          0.77295
1518.0          0.77206
1519.0          0.77116
1520.0          0.77025
1521.0          0.76934
1522.0          0.76842
1523.0          0.76749
1524.0          0.76656
1525.0          0.76562
1526.0          0.76467
1527.0          0.76372
1528.0          0.76277
1529.0          0.76181
1530.0          0.76085
1531.0          0.75988
1532.0          0.75891
1533.0          0.75794
1534.0          0.75696
1535.0          0.75599
1536.0          0.75501
1537.0          0.75402
1538.0          0.75304
1539.0          0.75205
1540.0          0.75106
1541.0          0.75007
1542.0          0.74908
1543.0          0.74809
1544.0          0.74709
1545.0          0.74610
1546.0          0.74510
1547.0          0.74410
1548.0          0.74311
1549.0          0.74211
1550.0          0.74111
1551.0          0.74011
1552.0          0.73911
1553.0          0.73811
1554.0          0.73712
1555.0          0.73612
1556.0          0.73512
1557.0          0.73412
1558.0          0.73313
1559.0          0.73213
1560.0          0.73114
1561.0          0.73014
1562.0          0.72915
1563.0          0.72816
1564.0          0.72716
1565.0          0.72617
1566.0          0.72519
1567.0          0.72420
1568.0          0.72321
1569.0          0.72223
1570.0          0.72124
1571.0          0.72026
1572.0          0.71928
1573.0          0.71830
1574.0          0.71732
1575.0          0.71634
1576.0          0.71537
1577.0          0.71440
1578.0          0.71343
1579.0          0.71246
1580.0          0.71149
1581.0          0.71053
1582.0          0.70956
1583.0          0.70860
1584.0          0.70765
1585.0          0.70669
1586.0          0.70573
1587.0          0.70478
1588.0          0.70383
1589.0          0.70288
1590.0          0.70194
1591.0          0.70100
1592.0          0.70005
1593.0          0.69912
1594.0          0.69818
1595.0          0.69725
1596.0          0.69632
1597.0          0.69539
1598.0          0.69446
1599.0          0.69354
1600.0          0.69262
1601.0          0.69170
1602.0          0.69078
1603.0          0.68987
1604.0          0.68896
1605.0          0.68805
1606.0          0.68714
1607.0          0.68624
1608.0          0.68534
1609.0          0.68444
1610.0          0.68355
1611.0          0.68265
1612.0          0.68177
1613.0          0.68088
1614.0          0.67999
1615.0          0.67911
1616.0          0.67823
1617.0          0.67736
1618.0          0.67649
1619.0          0.67562
1620.0          0.67475
1621.0          0.67388
1622.0          0.67302
1623.0          0.67216
1624.0          0.67131
1625.0          0.67045
1626.0          0.66960
1627.0          0.66876
1628.0          0.66791
1629.0          0.66707
1630.0          0.66623
1631.0          0.66540
1632.0          0.66456
1633.0          0.66373
1634.0          0.66291
1635.0          0.66208
1636.0          0.66126
1637.0          0.66044
1638.0          0.65963
1639.0          0.65881
1640.0          0.65800
1641.0          0.65720
1642.0          0.65639
1643.0          0.65559
1644.0          0.65479
1645.0          0.65400
1646.0          0.65320
1647.0          0.65242
1648.0          0.65163
1649.0          0.65084
1650.0          0.65006
1400.0          1.0000
1401.0          1.0000
1402.0          1.0000
1403.0          1.0000
1404.0          1.0000
1405.0          1.0000
1406.0          1.0000
1407.0          1.0000
1408.0          1.0000
1409.0          1.0000
1410.0          1.0000
1411.0          1.0000
1412.0          1.0000
1413.0          1.0000
1414.0          1.0000
1415.0          1.0000
1416.0          1.0000
1417.0          1.0000
1418.0          1.0000
1419.0          1.0000
1420.0          1.0000
1421.0          1.0000
1422.0          1.0000
1423.0          1.0000
1424.0          1.0000
1425.0          1.0000
1426.0          1.0000
1427.0          1.0000
1428.0          1.0000
1429.0          1.0000
1430.0          1.0000
1431.0          1.0000
1432.0          1.0000
1433.0          1.0000
1434.0          1.0000
1435.0          1.0000
1436.0          1.0000
1437.0          1.0000
1438.0          1.0000
1439.0          1.0000
1440.0          1.0000
1441.0          1.0000
1442.0          1.0000
1443.0          1.0000
1444.0          1.0000
1445.0          1.0000
1446.0          1.0000
1447.0          1.0000
1448.0          1.0000
1449.0          1.0000
1450.0          1.0000
1451.0          1.0000
1452.0          1.0000
1453.0          1.0000
1454.0          1.0000
1455.0          1.0000
1456.0          1.0000
1457.0          1.0000
1458.0          1.0000
1459.0          1.0000
1460.0          1.0000
1461.0          1.0000
1462.0          1.0000
1463.0          1.0000
1464.0          1.0000
1465.0          1.0000
1466.0          1.0000
1467.0          1.0000
1468.0          1.0000
1469.0          1.0000
1470.0          1.0000
1471.0          1.0000
1472.0          1.0000
1473.0          1.0000
1474.0          1.0000
1475.0          1.0000
1476.0          1.0000
1477.0          1.0000
1478.0          1.0000
1479.0          1.0000
1480.0          1.0000
1481.0          1.0000
1482.0          1.0000
1483.0          1.0000
1484.0          1.0000
1485.0          1.0000
1486.0          1.0000
1487.0          1.0000
1488.0          1.0000
1489.0          1.0000
1490.0          1.0000
1491.0          1.0000
1492.0          1.0000
1493.0          1.0000
1494.0          1.0000
1495.0          1.0000
1496.0          1.0000
1497.0          1.0000
1498.0          1.0000
1499.0          1.0000
1500.0          1.0000
1501.0          1.0000
1502.0          1.0000
1503.0          1.0000
1504.0          1.0000
1505.0          1.0000
1506.0          1.0000
1507.0          1.0000
1508.0          1.0000
1509.0          1.0000
1510.0          1.0000
1511.0          1.0000
1512.0          1.0000
1513.0          1.0000
1514.0          1.0000
1515.0          1.0000
1516.0          1.0000
1517.0          1.0000
1518.0          1.0000
1519.0          1.0000
1520.0          1.0000
1521.0          1.0000
1522.0          1.0000
1523.0          1.0000
1524.0          1.0000
1525.0          1.0000
1526.0          1.0000
1527.0          1.0000
1528.0          1.0000
1529.0          1.0000
1530.0          1.0000
1531.0          1.0000
1532.0          1.0000
1533.0          1.0000
1534.0          1.0000
1535.0          1.0000
1536.0          1.0000
1537.0          1.0000
1538.0          1.0000
1539.0          1.0000
1540.0          1.0000
1541.0          1.0000
1542.0          1.0000
1543.0          1.0000
1544.0          1.0000
1545.0          1.0000
1546.0          1.0000
1547.0          1.0000
1548.0          1.0000
1549.0          1.0000
1550.0          1.0000
1551.0          1.0000
1552.0          1.0000
1553.0          1.0000
1554.0          1.0000
1555.0          1.0000
1556.0          1.0000
1557.0          1.0000
1558.0          1.0000
1559.0          1.0000
1560.0          1.0000
1561.0          1.0000
1562.0          1.0000
1563.0          1.0000
1564.0          1.0000
1565.0          1.0000
1566.0          1.0000
1567.0          1.0000
1568.0          1.0000
1569.0          1.0000
1570.0          1.0000
1571.0          1.0000
1572.0          1.0000
1573.0          1.0000
1574.0          1.0000
1575.0          1.0000
1576.0          1.0000
1577.0          1.0000
1578.0          1.0000
1579.0          1.0000
1580.0          1.0000
1581.0          1.0000
1582.0          1.0000
1583.0          1.0000
1584.0          1.0000
1585.0          1.0000
1586.0          1.0000
1587.0          1.0000
1588.0          1.0000
1589.0          1.0000
1590.0          1.0000
1591.0          1.0000
1592.0          1.0000
1593.0          1.0000
1594.0          1.0000
1595.0          1.0000
1596.0          1.0000
1597.0          1.0000
1598.0          1.0000
1599.0          1.0000
1600.0          1.0000
1601.0          1.0000
1602.0          1.0000
1603.0          1.0000
1604.0          1.0000
1605.0          1.0000
1606.0          1.0000
1607.0          1.0000
1608.0          1.0000
1609.0          1.0000
1610.0          1.0000
1611.0          1.0000
1612.0          1.0000
1613.0          1.0000
1614.0          1.0000
1615.0          1.0000
1616.0          1.0000
1617.0          1.0000
1618.0          1.0000
1619.0          1.0000
1620.0          1.0000
1621.0          1.0000
1622.0          1.0000
1623.0          1.0000
1624.0          1.0000
1625.0          1.0000
1626.0          1.0000
1627.0          1.0000
1628.0          1.0000
1629.0          1.0000
1630.0          1.0000
1631.0          1.0000
1632.0          1.0000
1633.0          1.0000
1634.0          1.0000
1635.0          1.0000
1636.0          1.0000
1637.0          1.0000
1638.0          1.0000
1639.0          1.0000
1640.0          1.0000
1641.0          1.0000
1642.0          1.0000
1643.0          1.0000
1644.0          1.0000
1645.0          1.0000
1646.0          1.0000
1647.0          1.0000
1648.0          1.0000
1649.0          1.0000
1650.0          1.0000
1400.0          1.8874E-15
1401.0          0.0000
1402.0          -1.1102E-15
1403.0          -3.1086E-15
1404.0          -2.4425E-15
1405.0          -1.9984E-15
1406.0          1.9984E-15
1407.0          -3.5527E-15
1408.0          0.0000
1409.0          1.4433E-15
1410.0          1.8874E-15
1411.0          3.5527E-15
1412.0          3.3307E-16
1413.0          1.6653E-15
1414.0          -1.3323E-15
1415.0          -2.2204E-16
1416.0          -1.5543E-15
1417.0          1.7764E-15
1418.0          1.1102E-16
1419.0          -2.2204E-16
1420.0          -2.6645E-15
1421.0          6.6613E-16
1422.0          -2.4425E-15
1423.0          -1.5543E-15
1424.0          1.4433E-15
1425.0          -4.4409E-16
1426.0          -2.2204E-15
1427.0          1.6653E-15
1428.0          -8.8818E-16
1429.0          -4.4409E-15
1430.0          -2.2204E-16
1431.0          -4.4409E-16
1432.0          -2.2204E-16
1433.0          -1.5543E-15
1434.0          1.9984E-15
1435.0          -6.4393E-15
1436.0          -2.1094E-14
1437.0          -1.2879E-14
1438.0          5.5511E-15
1439.0          -5.1070E-15
1440.0          -2.6645E-14
1441.0          -1.0658E-14
1442.0          1.0658E-14
1443.0          2.8200E-14
1444.0          2.6090E-14
1445.0          -4.3077E-14
1446.0          6.2172E-15
1447.0          2.4980E-14
1448.0          -1.3545E-14
1449.0          1.7764E-14
1450.0          1.7764E-15
1451.0          -1.1768E-14
1452.0          -1.7764E-15
1453.0          4.6629E-15
1454.0          -8.8818E-15
1455.0          -3.5527E-15
1456.0          -4.4409E-15
1457.0          -7.5495E-15
1458.0          1.7764E-15
1459.0          2.8866E-15
1460.0          -3.1086E-15
1461.0          -2.2204E-15
1462.0          -8.8818E-16
1463.0          -3.1086E-15
1464.0          -1.7764E-15
1465.0          -2.2204E-16
1466.0          -2.2204E-15
1467.0          1.7764E-15
1468.0          0.0000
1469.0          -3.5527E-15
1470.0          -4.4409E-16
1471.0          -4.4409E-15
1472.0          -4.4409E-16
1473.0          -8.8818E-16
1474.0          3.3307E-15
1475.0          7.7716E-16
1476.0          2.2204E-16
1477.0          9.9920E-16
1478.0          1.2212E-15
1479.0          2.5535E-15
1480.0          -3.9968E-15
1481.0          2.2204E-16
1482.0          2.1094E-15
1483.0          1.5543E-15
1484.0          -1.9984E-15
1485.0          -1.1102E-15
1486.0          2.2204E-16
1487.0          -1.1102E-15
1488.0          -6.6613E-16
1489.0          1.4433E-15
1490.0          -6.6613E-16
1491.0          -1.1102E-15
1492.0          -8.8818E-16
1493.0          1.8874E-15
1494.0          1.8874E-15
1495.0          3.9968E-15
1496.0          1.8874E-15
1497.0          -1.7764E-15
1498.0          -2.6645E-15
1499.0          2.2204E-16
1500.0          -2.2204E-15
1501.0          1.7764E-15
1502.0          -2.4425E-15
1503.0          7.7716E-16
1504.0          -4.4409E-16
1505.0          4.4409E-16
1506.0          -5.3291E-15
1507.0          1.9984E-15
1508.0          -4.4409E-16
1509.0          2.5535E-15
1510.0          9.9920E-16
1511.0          2.2204E-16
1512.0          -1.7764E-15
1513.0          -1.1102E-15
1514.0          2.6645E-15
1515.0          2.2204E-16
1516.0          -2.4425E-15
1517.0          -2.6645E-15
1518.0          2.6645E-15
1519.0          2.2204E-16
1520.0          6.6613E-16
1521.0          0.0000
1522.0          -1.7764E-15
1523.0          -4.4409E-16
1524.0          -1.9984E-15
1525.0          -6.6613E-16
1526.0          2.6645E-15
1527.0          2.4425E-15
1528.0          2.3315E-15
1529.0          2.8866E-15
1530.0          -1.9984E-15
1531.0          -3.3307E-15
1532.0          1.4433E-15
1533.0          8.8818E-16
1534.0          8.8818E-16
1535.0          -2.2204E-16
1536.0          -3.1086E-15
1537.0          -6.6613E-16
1538.0          -6.6613E-16
1539.0          6.6613E-16
1540.0          1.7764E-15
1541.0          2.2204E-15
1542.0          -2.2204E-16
1543.0          0.0000
1544.0          8.8818E-16
1545.0          -1.5543E-15
1546.0          1.1102E-15
1547.0          -1.7764E-15
1548.0          -1.5543E-15
1549.0          -1.1102E-15
1550.0          1.2212E-15
1551.0          -1.7764E-15
1552.0          -1.5543E-15
1553.0          -1.1102E-15
1554.0          2.8866E-15
1555.0          -2.6645E-15
1556.0          9.9920E-16
1557.0          -8.8818E-16
1558.0          -1.3323E-15
1559.0          1.1102E-15
1560.0          2.4425E-15
1561.0          -4.4409E-16
1562.0          -2.4425E-15
1563.0          4.4409E-16
1564.0          -1.5543E-15
1565.0          5.5511E-15
1566.0          -6.6613E-16
1567.0          6.5503E-15
1568.0          -4.4409E-16
1569.0          8.8818E-16
1570.0          5.5511E-16
1571.0          9.9920E-16
1572.0          1.1102E-15
1573.0          2.8866E-15
1574.0          -1.1102E-15
1575.0          -8.8818E-16
1576.0          -8.8818E-16
1577.0          3.1086E-15
1578.0          -2.4425E-15
1579.0          2.1094E-15
1580.0          1.4433E-15
1581.0          -2.2204E-16
1582.0          -1.9984E-15
1583.0          -2.4425E-15
1584.0          1.5543E-15
1585.0          6.6613E-16
1586.0          3.1086E-15
1587.0          -1.9984E-15
1588.0          -2.6645E-15
1589.0          4.4409E-16
1590.0          -1.3323E-15
1591.0          5.5511E-16
1592.0          1.3323E-15
1593.0          -8.8818E-16
1594.0          1.7764E-15
1595.0          -1.3323E-15
1596.0          -2.4425E-15
1597.0          3.7748E-15
1598.0          1.9984E-15
1599.0          -1.3323E-15
1600.0          -1.1102E-15
1601.0          1.4433E-15
1602.0          1.1102E-15
1603.0          2.6645E-15
1604.0          -4.4409E-16
1605.0          -2.2204E-15
1606.0          -2.2204E-15
1607.0          4.4409E-16
1608.0          -2.2204E-16
1609.0          1.1102E-15
1610.0          4.4409E-16
1611.0          1.5543E-15
1612.0          1.1102E-15
1613.0          2.2204E-16
1614.0          8.8818E-16
1615.0          1.3323E-15
1616.0          -3.1086E-15
1617.0          1.2212E-15
1618.0          2.2204E-16
1619.0          2.4425E-15
1620.0          2.2204E-15
1621.0          -3.5527E-15
1622.0          2.2204E-16
1623.0          -8.8818E-16
1624.0          -1.1102E-15
1625.0          8.8818E-16
1626.0          0.0000
1627.0          -4.4409E-15
1628.0          8.8818E-16
1629.0          -6.6613E-16
1630.0          -4.4409E-16
1631.0          1.7764E-15
1632.0          0.0000
1633.0          2.2204E-16
1634.0          -8.8818E-16
1635.0          2.5535E-15
1636.0          -1.5543E-15
1637.0          0.0000
1638.0          1.3323E-15
1639.0          -1.3323E-15
1640.0          -8.8818E-16
1641.0          1.9984E-15
1642.0          -3.5527E-15
1643.0          -1.9984E-15
1644.0          -2.2204E-16
1645.0          -3.5527E-15
1646.0          -2.2204E-15
1647.0          3.8858E-15
1648.0          4.4409E-16
1649.0          -1.1102E-15
1650.0          6.6613E-16
