1400.0          0.80178
1401.0          0.83420
1402.0          0.86770
1403.0          0.90137
1404.0          0.93374
1405.0          0.96272
1406.0          0.98546
1407.0          0.99841
1408.0          0.99763
1409.0          0.97941
1410.0          0.94126
1411.0          0.88292
1412.0          0.80696
1413.0          0.71850
1414.0          0.62411
1415.0          0.53029
1416.0          0.44223
1417.0          0.36327
1418.0          0.29492
1419.0          0.23733
1420.0          0.18976
1421.0          0.15106
1422.0          0.11991
1423.0          0.095046
1424.0          0.075329
1425.0          0.059782
1426.0          0.047591
1427.0          0.038089
1428.0          0.030734
1429.0          0.025092
1430.0          0.020814
1431.0          0.017623
1432.0          0.015297
1433.0          0.013657
1434.0          0.012562
1435.0          0.011899
1436.0          0.011576
1437.0          0.011520
1438.0          0.011672
1439.0          0.011985
1440.0          0.012421
1441.0          0.012949
1442.0          0.013544
1443.0          0.014186
1444.0          0.014860
1445.0          0.015552
1446.0          0.016252
1447.0          0.016952
1448.0          0.017645
1449.0          0.018326
1450.0          0.018992
1451.0          0.019639
1452.0          0.020265
1453.0          0.020868
1454.0          0.021448
1455.0          0.022003
1456.0          0.022533
1457.0          0.023038
1458.0          0.023518
1459.0          0.023974
1460.0          0.024405
1461.0          0.024813
1462.0          0.025198
1463.0          0.025560
1464.0          0.025901
1465.0          0.026222
1466.0          0.026522
1467.0          0.026803
1468.0          0.027067
1469.0          0.027312
1470.0          0.027541
1471.0          0.027755
1472.0          0.027954
1473.0          0.028138
1474.0          0.028309
1475.0          0.028468
1476.0          0.028615
1477.0          0.028751
1478.0          0.028877
1479.0          0.028993
1480.0          0.029100
1481.0          0.029199
1482.0          0.029290
1483.0          0.029374
1484.0          0.029452
1485.0          0.029524
1486.0          0.029591
1487.0          0.029653
1488.0          0.029711
1489.0          0.029765
1490.0          0.029816
1491.0          0.029864
1492.0          0.029910
1493.0          0.029954
1494.0          0.029996
1495.0          0.030037
1496.0          0.030078
1497.0          0.030118
1498.0          0.030159
1499.0          0.030200
1500.0          0.030241
1501.0          0.030284
1502.0          0.030328
1503.0          0.030373
1504.0          0.030421
1505.0          0.030470
1506.0          0.030522
1507.0          0.030577
1508.0          0.030635
1509.0          0.030696
1510.0          0.030760
1511.0          0.030828
1512.0          0.030900
1513.0          0.030976
1514.0          0.031056
1515.0          0.031140
1516.0          0.031229
1517.0          0.031323
1518.0          0.031422
1519.0          0.031525
1520.0          0.031634
1521.0          0.031748
1522.0          0.031867
1523.0          0.031992
1524.0          0.032123
1525.0          0.032260
1526.0          0.032402
1527.0          0.032550
1528.0          0.032705
1529.0          0.032865
1530.0          0.033032
1531.0          0.033205
1532.0          0.033385
1533.0          0.033571
1534.0          0.033764
1535.0          0.033963
1536.0          0.034169
1537.0          0.034382
1538.0          0.034601
1539.0          0.034827
1540.0          0.035060
1541.0          0.035301
1542.0          0.035548
1543.0          0.035801
1544.0          0.036062
1545.0          0.036330
1546.0          0.036605
1547.0          0.036887
1548.0          0.037177
1549.0          0.037473
1550.0          0.037776
1551.0          0.038087
1552.0          0.038404
1553.0          0.038729
1554.0          0.039061
1555.0          0.039400
1556.0          0.039746
1557.0          0.040099
1558.0          0.040459
1559.0          0.040826
1560.0          0.041201
1561.0          0.041582
1562.0          0.041971
1563.0          0.042366
1564.0          0.042768
1565.0          0.043178
1566.0          0.043594
1567.0          0.044017
1568.0          0.044447
1569.0          0.044884
1570.0          0.045328
1571.0          0.045778
1572.0          0.046235
1573.0          0.046699
1574.0          0.047169
1575.0          0.047646
1576.0          0.048130
1577.0          0.048620
1578.0          0.049116
1579.0          0.049619
1580.0          0.050129
1581.0          0.050644
1582.0          0.051166
1583.0          0.051694
1584.0          0.052228
1585.0          0.052768
1586.0          0.053314
1587.0          0.053867
1588.0          0.054425
1589.0          0.054988
1590.0          0.055558
1591.0          0.056133
1592.0          0.056714
1593.0          0.057301
1594.0          0.057892
1595.0          0.058490
1596.0          0.059092
1597.0          0.059700
1598.0          0.060313
1599.0          0.060932
1600.0          0.061555
1601.0          0.062183
1602.0          0.062816
1603.0          0.063454
1604.0          0.064096
1605.0          0.064743
1606.0          0.065395
1607.0          0.066051
1608.0          0.066711
1609.0          0.067375
1610.0          0.068044
1611.0          0.068716
1612.0          0.069393
1613.0          0.070073
1614.0          0.070758
1615.0          0.071445
1616.0          0.072137
1617.0          0.072831
1618.0          0.073529
1619.0          0.074230
1620.0          0.074934
1621.0          0.075641
1622.0          0.076351
1623.0          0.077064
1624.0          0.077779
1625.0          0.078496
1626.0          0.079216
1627.0          0.079938
1628.0          0.080662
1629.0          0.081387
1630.0          0.082115
1631.0          0.082844
1632.0          0.083574
1633.0          0.084305
1634.0          0.085038
1635.0          0.085771
1636.0          0.086505
1637.0          0.087239
1638.0          0.087974
1639.0          0.088709
1640.0          0.089443
1641.0          0.090177
1642.0          0.090910
1643.0          0.091643
1644.0          0.092374
1645.0          0.093104
1646.0          0.093832
1647.0          0.094558
1648.0          0.095282
1649.0          0.096004
1650.0          0.096722
1400.0          0.19822
1401.0          0.16580
1402.0          0.13230
1403.0          0.098633
1404.0          0.066261
1405.0          0.037282
1406.0          0.014541
1407.0          0.0015865
1408.0          0.0023668
1409.0          0.020586
1410.0          0.058737
1411.0          0.11708
1412.0          0.19304
1413.0          0.28150
1414.0          0.37589
1415.0          0.46971
1416.0          0.55777
1417.0          0.63673
1418.0          0.70508
1419.0          0.76267
1420.0          0.81024
1421.0          0.84894
1422.0          0.88009
1423.0          0.90495
1424.0          0.92467
1425.0          0.94022
1426.0          0.95241
1427.0          0.96191
1428.0          0.96927
1429.0          0.97491
1430.0          0.97919
1431.0          0.98238
1432.0          0.98470
1433.0          0.98634
1434.0          0.98744
1435.0          0.98810
1436.0          0.98842
1437.0          0.98848
1438.0          0.98833
1439.0          0.98802
1440.0          0.98758
1441.0          0.98705
1442.0          0.98646
1443.0          0.98581
1444.0          0.98514
1445.0          0.98445
1446.0          0.98375
1447.0          0.98305
1448.0          0.98236
1449.0          0.98167
1450.0          0.98101
1451.0          0.98036
1452.0          0.97974
1453.0          0.97913
1454.0          0.97855
1455.0          0.97800
1456.0          0.97747
1457.0          0.97696
1458.0          0.97648
1459.0          0.97603
1460.0          0.97559
1461.0          0.97519
1462.0          0.97480
1463.0          0.97444
1464.0          0.97410
1465.0          0.97378
1466.0          0.97348
1467.0          0.97320
1468.0          0.97293
1469.0          0.97269
1470.0          0.97246
1471.0          0.97225
1472.0          0.97205
1473.0          0.97186
1474.0          0.97169
1475.0          0.97153
1476.0          0.97139
1477.0          0.97125
1478.0          0.97112
1479.0          0.97101
1480.0          0.97090
1481.0          0.97080
1482.0          0.97071
1483.0          0.97063
1484.0          0.97055
1485.0          0.97048
1486.0          0.97041
1487.0          0.97035
1488.0          0.97029
1489.0          0.97024
1490.0          0.97018
1491.0          0.97014
1492.0          0.97009
1493.0          0.97005
1494.0          0.97000
1495.0          0.96996
1496.0          0.96992
1497.0          0.96988
1498.0          0.96984
1499.0          0.96980
1500.0          0.96976
1501.0          0.96972
1502.0          0.96967
1503.0          0.96963
1504.0          0.96958
1505.0          0.96953
1506.0          0.96948
1507.0          0.96942
1508.0          0.96936
1509.0          0.96930
1510.0          0.96924
1511.0          0.96917
1512.0          0.96910
1513.0          0.96902
1514.0          0.96894
1515.0          0.96886
1516.0          0.96877
1517.0          0.96868
1518.0          0.96858
1519.0          0.96847
1520.0          0.96837
1521.0          0.96825
1522.0          0.96813
1523.0          0.96801
1524.0          0.96788
1525.0          0.96774
1526.0          0.96760
1527.0          0.96745
1528.0          0.96730
1529.0          0.96713
1530.0          0.96697
1531.0          0.96679
1532.0          0.96662
1533.0          0.96643
1534.0          0.96624
1535.0          0.96604
1536.0          0.96583
1537.0          0.96562
1538.0          0.96540
1539.0          0.96517
1540.0          0.96494
1541.0          0.96470
1542.0          0.96445
1543.0          0.96420
1544.0          0.96394
1545.0          0.96367
1546.0          0.96339
1547.0          0.96311
1548.0          0.96282
1549.0          0.96253
1550.0          0.96222
1551.0          0.96191
1552.0          0.96160
1553.0          0.96127
1554.0          0.96094
1555.0          0.96060
1556.0          0.96025
1557.0          0.95990
1558.0          0.95954
1559.0          0.95917
1560.0          0.95880
1561.0          0.95842
1562.0          0.95803
1563.0          0.95763
1564.0          0.95723
1565.0          0.95682
1566.0          0.95641
1567.0          0.95598
1568.0          0.95555
1569.0          0.95512
1570.0          0.95467
1571.0          0.95422
1572.0          0.95376
1573.0          0.95330
1574.0          0.95283
1575.0          0.95235
1576.0          0.95187
1577.0          0.95138
1578.0          0.95088
1579.0          0.95038
1580.0          0.94987
1581.0          0.94936
1582.0          0.94883
1583.0          0.94831
1584.0          0.94777
1585.0          0.94723
1586.0          0.94669
1587.0          0.94613
1588.0          0.94558
1589.0          0.94501
1590.0          0.94444
1591.0          0.94387
1592.0          0.94329
1593.0          0.94270
1594.0          0.94211
1595.0          0.94151
1596.0          0.94091
1597.0          0.94030
1598.0          0.93969
1599.0          0.93907
1600.0          0.93845
1601.0          0.93782
1602.0          0.93718
1603.0          0.93655
1604.0          0.93590
1605.0          0.93526
1606.0          0.93461
1607.0          0.93395
1608.0          0.93329
1609.0          0.93262
1610.0          0.93196
1611.0          0.93128
1612.0          0.93061
1613.0          0.92993
1614.0          0.92924
1615.0          0.92855
1616.0          0.92786
1617.0          0.92717
1618.0          0.92647
1619.0          0.92577
1620.0          0.92507
1621.0          0.92436
1622.0          0.92365
1623.0          0.92294
1624.0          0.92222
1625.0          0.92150
1626.0          0.92078
1627.0          0.92006
1628.0          0.91934
1629.0          0.91861
1630.0          0.91789
1631.0          0.91716
1632.0          0.91643
1633.0          0.91569
1634.0          0.91496
1635.0          0.91423
1636.0          0.91349
1637.0          0.91276
1638.0          0.91203
1639.0          0.91129
1640.0          0.91056
1641.0          0.90982
1642.0          0.90909
1643.0          0.90836
1644.0          0.90763
1645.0          0.90690
1646.0          0.90617
1647.0          0.90544
1648.0          0.90472
1649.0          0.90400
1650.0          0.90328
1400.0          1.0000
1401.0          1.0000
1402.0          1.0000
1403.0          1.0000
1404.0          1.0000
1405.0          1.0000
1406.0          1.0000
1407.0          1.0000
1408.0          1.0000
1409.0          1.0000
1410.0          1.0000
1411.0          1.0000
1412.0          1.0000
1413.0          1.0000
1414.0          1.0000
1415.0          1.0000
1416.0          1.0000
1417.0          1.0000
1418.0          1.0000
1419.0          1.0000
1420.0          1.0000
1421.0          1.0000
1422.0          1.0000
1423.0          1.0000
1424.0          1.0000
1425.0          1.0000
1426.0          1.0000
1427.0          1.0000
1428.0          1.0000
1429.0          1.0000
1430.0          1.0000
1431.0          1.0000
1432.0          1.0000
1433.0          1.0000
1434.0          1.0000
1435.0          1.0000
1436.0          1.0000
1437.0          1.0000
1438.0          1.0000
1439.0          1.0000
1440.0          1.0000
1441.0          1.0000
1442.0          1.0000
1443.0          1.0000
1444.0          1.0000
1445.0          1.0000
1446.0          1.0000
1447.0          1.0000
1448.0          1.0000
1449.0          1.0000
1450.0          1.0000
1451.0          1.0000
1452.0          1.0000
1453.0          1.0000
1454.0          1.0000
1455.0          1.0000
1456.0          1.0000
1457.0          1.0000
1458.0          1.0000
1459.0          1.0000
1460.0          1.0000
1461.0          1.0000
1462.0          1.0000
1463.0          1.0000
1464.0          1.0000
1465.0          1.0000
1466.0          1.0000
1467.0          1.0000
1468.0          1.0000
1469.0          1.0000
1470.0          1.0000
1471.0          1.0000
1472.0          1.0000
1473.0          1.0000
1474.0          1.0000
1475.0          1.0000
1476.0          1.0000
1477.0          1.0000
1478.0          1.0000
1479.0          1.0000
1480.0          1.0000
1481.0          1.0000
1482.0          1.0000
1483.0          1.0000
1484.0          1.0000
1485.0          1.0000
1486.0          1.0000
1487.0          1.0000
1488.0          1.0000
1489.0          1.0000
1490.0          1.0000
1491.0          1.0000
1492.0          1.0000
1493.0          1.0000
1494.0          1.0000
1495.0          1.0000
1496.0          1.0000
1497.0          1.0000
1498.0          1.0000
1499.0          1.0000
1500.0          1.0000
1501.0          1.0000
1502.0          1.0000
1503.0          1.0000
1504.0          1.0000
1505.0          1.0000
1506.0          1.0000
1507.0          1.0000
1508.0          1.0000
1509.0          1.0000
1510.0          1.0000
1511.0          1.0000
1512.0          1.0000
1513.0          1.0000
1514.0          1.0000
1515.0          1.0000
1516.0          1.0000
1517.0          1.0000
1518.0          1.0000
1519.0          1.0000
1520.0          1.0000
1521.0          1.0000
1522.0          1.0000
1523.0          1.0000
1524.0          1.0000
1525.0          1.0000
1526.0          1.0000
1527.0          1.0000
1528.0          1.0000
1529.0          1.0000
1530.0          1.0000
1531.0          1.0000
1532.0          1.0000
1533.0          1.0000
1534.0          1.0000
1535.0          1.0000
1536.0          1.0000
1537.0          1.0000
1538.0          1.0000
1539.0          1.0000
1540.0          1.0000
1541.0          1.0000
1542.0          1.0000
1543.0          1.0000
1544.0          1.0000
1545.0          1.0000
1546.0          1.0000
1547.0          1.0000
1548.0          1.0000
1549.0          1.0000
1550.0          1.0000
1551.0          1.0000
1552.0          1.0000
1553.0          1.0000
1554.0          1.0000
1555.0          1.0000
1556.0          1.0000
1557.0          1.0000
1558.0          1.0000
1559.0          1.0000
1560.0          1.0000
1561.0          1.0000
1562.0          1.0000
1563.0          1.0000
1564.0          1.0000
1565.0          1.0000
1566.0          1.0000
1567.0          1.0000
1568.0          1.0000
1569.0          1.0000
1570.0          1.0000
1571.0          1.0000
1572.0          1.0000
1573.0          1.0000
1574.0          1.0000
1575.0          1.0000
1576.0          1.0000
1577.0          1.0000
1578.0          1.0000
1579.0          1.0000
1580.0          1.0000
1581.0          1.0000
1582.0          1.0000
1583.0          1.0000
1584.0          1.0000
1585.0          1.0000
1586.0          1.0000
1587.0          1.0000
1588.0          1.0000
1589.0          1.0000
1590.0          1.0000
1591.0          1.0000
1592.0          1.0000
1593.0          1.0000
1594.0          1.0000
1595.0          1.0000
1596.0          1.0000
1597.0          1.0000
1598.0          1.0000
1599.0          1.0000
1600.0          1.0000
1601.0          1.0000
1602.0          1.0000
1603.0          1.0000
1604.0          1.0000
1605.0          1.0000
1606.0          1.0000
1607.0          1.0000
1608.0          1.0000
1609.0          1.0000
1610.0          1.0000
1611.0          1.0000
1612.0          1.0000
1613.0          1.0000
1614.0          1.0000
1615.0          1.0000
1616.0          1.0000
1617.0          1.0000
1618.0          1.0000
1619.0          1.0000
1620.0          1.0000
1621.0          1.0000
1622.0          1.0000
1623.0          1.0000
1624.0          1.0000
1625.0          1.0000
1626.0          1.0000
1627.0          1.0000
1628.0          1.0000
1629.0          1.0000
1630.0          1.0000
1631.0          1.0000
1632.0          1.0000
1633.0          1.0000
1634.0          1.0000
1635.0          1.0000
1636.0          1.0000
1637.0          1.0000
1638.0          1.0000
1639.0          1.0000
1640.0          1.0000
1641.0          1.0000
1642.0          1.0000
1643.0          1.0000
1644.0          1.0000
1645.0          1.0000
1646.0          1.0000
1647.0          1.0000
1648.0          1.0000
1649.0          1.0000
1650.0          1.0000
1400.0          -4.4409E-16
1401.0          1.0103E-14
1402.0          2.3315E-15
1403.0          -1.3323E-15
1404.0          -1.7764E-15
1405.0          -2.2204E-15
1406.0          7.7716E-15
1407.0          9.5479E-15
1408.0          -3.7970E-14
1409.0          -8.8818E-16
1410.0          9.3259E-15
1411.0          -4.8850E-15
1412.0          -1.9540E-14
1413.0          3.9968E-15
1414.0          -2.3537E-14
1415.0          1.9540E-14
1416.0          -1.4655E-14
1417.0          4.3299E-14
1418.0          -4.1744E-14
1419.0          2.2315E-14
1420.0          5.9952E-15
1421.0          -5.7732E-15
1422.0          -1.5543E-15
1423.0          -7.7716E-15
1424.0          1.7542E-14
1425.0          -5.7732E-15
1426.0          -2.0428E-14
1427.0          -7.7716E-15
1428.0          -1.3545E-14
1429.0          1.3434E-14
1430.0          -4.8850E-14
1431.0          8.7708E-15
1432.0          2.2204E-16
1433.0          -6.6613E-15
1434.0          -7.7716E-15
1435.0          -1.7764E-15
1436.0          -2.4647E-14
1437.0          -1.2879E-14
1438.0          -8.8818E-16
1439.0          1.8874E-15
1440.0          8.5487E-15
1441.0          6.6613E-16
1442.0          -2.2204E-16
1443.0          -1.9984E-15
1444.0          1.2101E-14
1445.0          9.9920E-16
1446.0          1.3323E-15
1447.0          -2.8866E-15
1448.0          1.7764E-15
1449.0          1.1102E-15
1450.0          2.2204E-16
1451.0          4.4409E-15
1452.0          1.1102E-15
1453.0          5.4401E-15
1454.0          -3.5527E-15
1455.0          1.7764E-15
1456.0          -1.9984E-15
1457.0          -1.3323E-15
1458.0          -3.1086E-15
1459.0          1.1102E-16
1460.0          -4.4409E-16
1461.0          3.3307E-16
1462.0          -1.9984E-15
1463.0          -3.3307E-15
1464.0          -8.8818E-16
1465.0          -1.3323E-15
1466.0          1.3323E-15
1467.0          -8.8818E-16
1468.0          3.7748E-15
1469.0          -2.2204E-15
1470.0          9.9920E-16
1471.0          1.7764E-15
1472.0          3.6637E-15
1473.0          2.1094E-15
1474.0          2.3315E-15
1475.0          2.7756E-15
1476.0          -4.4409E-16
1477.0          3.2196E-15
1478.0          0.0000
1479.0          -1.7764E-15
1480.0          -2.2204E-16
1481.0          -1.7764E-15
1482.0          -4.6629E-15
1483.0          -1.5543E-15
1484.0          1.4433E-15
1485.0          1.1102E-16
1486.0          1.1102E-15
1487.0          2.8866E-15
1488.0          1.3323E-15
1489.0          2.4425E-15
1490.0          -6.6613E-16
1491.0          7.7716E-16
1492.0          1.8874E-15
1493.0          1.7764E-15
1494.0          -4.2188E-15
1495.0          -8.8818E-16
1496.0          -1.3323E-15
1497.0          1.9984E-15
1498.0          1.5543E-15
1499.0          -3.3307E-15
1500.0          -4.4409E-16
1501.0          -1.7764E-15
1502.0          -2.2204E-16
1503.0          8.8818E-16
1504.0          9.9920E-16
1505.0          2.1094E-15
1506.0          -8.8818E-16
1507.0          -2.4425E-15
1508.0          -1.1102E-15
1509.0          -1.7764E-15
1510.0          1.1102E-16
1511.0          1.1102E-16
1512.0          1.1102E-15
1513.0          -6.6613E-16
1514.0          3.7748E-15
1515.0          -2.2204E-15
1516.0          -2.2204E-15
1517.0          2.6645E-15
1518.0          2.1094E-15
1519.0          7.7716E-16
1520.0          -4.4409E-16
1521.0          -8.8818E-16
1522.0          -2.8866E-15
1523.0          -1.5543E-15
1524.0          -5.3291E-15
1525.0          -4.4409E-16
1526.0          -8.8818E-16
1527.0          -1.3323E-15
1528.0          -8.8818E-16
1529.0          1.1102E-16
1530.0          -3.1086E-15
1531.0          -6.6613E-16
1532.0          1.3323E-15
1533.0          -8.8818E-16
1534.0          2.2204E-16
1535.0          3.5527E-15
1536.0          1.7764E-15
1537.0          -1.3323E-15
1538.0          8.8818E-16
1539.0          1.5543E-15
1540.0          8.8818E-16
1541.0          1.5543E-15
1542.0          2.1094E-15
1543.0          9.9920E-16
1544.0          -4.4409E-16
1545.0          3.1086E-15
1546.0          3.3307E-16
1547.0          1.1102E-15
1548.0          -1.1102E-15
1549.0          -1.9984E-15
1550.0          -4.4409E-16
1551.0          5.5511E-16
1552.0          2.5535E-15
1553.0          -2.6645E-15
1554.0          1.5543E-15
1555.0          -1.1102E-15
1556.0          -1.7764E-15
1557.0          -1.7764E-15
1558.0          1.9984E-15
1559.0          -1.5543E-15
1560.0          -1.7764E-15
1561.0          -6.6613E-16
1562.0          -3.3307E-15
1563.0          -1.7764E-15
1564.0          -3.1086E-15
1565.0          1.4433E-15
1566.0          -1.7764E-15
1567.0          0.0000
1568.0          1.1102E-15
1569.0          -8.8818E-16
1570.0          1.7764E-15
1571.0          1.6653E-15
1572.0          -1.1102E-15
1573.0          -8.8818E-16
1574.0          -1.3323E-15
1575.0          -4.4409E-16
1576.0          3.3307E-15
1577.0          -6.6613E-16
1578.0          1.4433E-15
1579.0          1.3323E-15
1580.0          -3.1086E-15
1581.0          -1.9984E-15
1582.0          1.2212E-15
1583.0          -8.8818E-16
1584.0          -2.2204E-15
1585.0          -2.2204E-16
1586.0          9.9920E-16
1587.0          -2.4425E-15
1588.0          9.9920E-16
1589.0          1.3323E-15
1590.0          8.8818E-16
1591.0          -6.6613E-16
1592.0          1.1102E-16
1593.0          1.2212E-15
1594.0          -1.3323E-15
1595.0          1.9984E-15
1596.0          -3.7748E-15
1597.0          3.1086E-15
1598.0          2.4425E-15
1599.0          -2.8866E-15
1600.0          -1.5543E-15
1601.0          5.5511E-16
1602.0          0.0000
1603.0          8.8818E-16
1604.0          9.9920E-16
1605.0          1.1102E-16
1606.0          9.9920E-16
1607.0          5.5511E-16
1608.0          -1.5543E-15
1609.0          3.5527E-15
1610.0          8.8818E-16
1611.0          -8.8818E-16
1612.0          1.1102E-15
1613.0          -2.4425E-15
1614.0          -6.6613E-16
1615.0          -1.3323E-15
1616.0          -2.2204E-15
1617.0          -1.3323E-15
1618.0          2.7756E-15
1619.0          1.1102E-15
1620.0          -2.2204E-16
1621.0          1.7764E-15
1622.0          -2.4425E-15
1623.0          1.3323E-15
1624.0          -3.1086E-15
1625.0          9.9920E-16
1626.0          8.8818E-16
1627.0          3.4417E-15
1628.0          3.6637E-15
1629.0          0.0000
1630.0          9.9920E-16
1631.0          -1.9984E-15
1632.0          2.9976E-15
1633.0          -6.6613E-16
1634.0          2.4425E-15
1635.0          2.2204E-16
1636.0          -1.9984E-15
1637.0          -1.5543E-15
1638.0          1.7764E-15
1639.0          -1.9984E-15
1640.0          0.0000
1641.0          -1.7764E-15
1642.0          -3.3307E-15
1643.0          -8.8818E-16
1644.0          4.4409E-16
1645.0          -1.1102E-15
1646.0          -2.2204E-16
1647.0          -1.9984E-15
1648.0          -2.6645E-15
1649.0          1.1102E-15
1650.0          1.8874E-15
