1400.0          0.96841
1401.0          0.96748
1402.0          0.96655
1403.0          0.96562
1404.0          0.96468
1405.0          0.96374
1406.0          0.96280
1407.0          0.96187
1408.0          0.96096
1409.0          0.96006
1410.0          0.95919
1411.0          0.95837
1412.0          0.95762
1413.0          0.95697
1414.0          0.95648
1415.0          0.95626
1416.0          0.95650
1417.0          0.95764
1418.0          0.96088
1419.0          0.97087
1420.0          0.99036
1421.0          0.90139
1422.0          0.92172
1423.0          0.92697
1424.0          0.92871
1425.0          0.92911
1426.0          0.92885
1427.0          0.92820
1428.0          0.92731
1429.0          0.92625
1430.0          0.92506
1431.0          0.92378
1432.0          0.92241
1433.0          0.92098
1434.0          0.91949
1435.0          0.91794
1436.0          0.91635
1437.0          0.91471
1438.0          0.91302
1439.0          0.91129
1440.0          0.90953
1441.0          0.90772
1442.0          0.90587
1443.0          0.90399
1444.0          0.90206
1445.0          0.90009
1446.0          0.89809
1447.0          0.89604
1448.0          0.89395
1449.0          0.89182
1450.0          0.88965
1451.0          0.88743
1452.0          0.88517
1453.0          0.88286
1454.0          0.88050
1455.0          0.87809
1456.0          0.87563
1457.0          0.87311
1458.0          0.87053
1459.0          0.86789
1460.0          0.86518
1461.0          0.86240
1462.0          0.85953
1463.0          0.85656
1464.0          0.85349
1465.0          0.85027
1466.0          0.84689
1467.0          0.84329
1468.0          0.83935
1469.0          0.83490
1470.0          0.82952
1471.0          0.82205
1472.0          0.80786
1473.0          0.72500
1474.0          0.87269
1475.0          0.84251
1476.0          0.83195
1477.0          0.82516
1478.0          0.81968
1479.0          0.81478
1480.0          0.81018
1481.0          0.80572
1482.0          0.80132
1483.0          0.79694
1484.0          0.79254
1485.0          0.78811
1486.0          0.78363
1487.0          0.77909
1488.0          0.77447
1489.0          0.76977
1490.0          0.76498
1491.0          0.76011
1492.0          0.75513
1493.0          0.75004
1494.0          0.74485
1495.0          0.73954
1496.0          0.73411
1497.0          0.72855
1498.0          0.72287
1499.0          0.71705
1500.0          0.71108
1501.0          0.70498
1502.0          0.69872
1503.0          0.69230
1504.0          0.68572
1505.0          0.67897
1506.0          0.67204
1507.0          0.66494
1508.0          0.65764
1509.0          0.65016
1510.0          0.64247
1511.0          0.63457
1512.0          0.62646
1513.0          0.61813
1514.0          0.60956
1515.0          0.60076
1516.0          0.59171
1517.0          0.58241
1518.0          0.57285
1519.0          0.56302
1520.0          0.55292
1521.0          0.54252
1522.0          0.53184
1523.0          0.52085
1524.0          0.50956
1525.0          0.49795
1526.0          0.48602
1527.0          0.47376
1528.0          0.46117
1529.0          0.44824
1530.0          0.43497
1531.0          0.42136
1532.0          0.40740
1533.0          0.39309
1534.0          0.37845
1535.0          0.36347
1536.0          0.34817
1537.0          0.33255
1538.0          0.31663
1539.0          0.30043
1540.0          0.28397
1541.0          0.26729
1542.0          0.25042
1543.0          0.23341
1544.0          0.21629
1545.0          0.19914
1546.0          0.18202
1547.0          0.16500
1548.0          0.14817
1549.0          0.13163
1550.0          0.11548
1551.0          0.099832
1552.0          0.084825
1553.0          0.070591
1554.0          0.057276
1555.0          0.045031
1556.0          0.034015
1557.0          0.024391
1558.0          0.016318
1559.0          0.0099574
1560.0          0.0054599
1561.0          0.0029672
1562.0          0.0026054
1563.0          0.0044818
1564.0          0.0086800
1565.0          0.015257
1566.0          0.024238
1567.0          0.035619
1568.0          0.049360
1569.0          0.065388
1570.0          0.083597
1571.0          0.10385
1572.0          0.12598
1573.0          0.14981
1574.0          0.17513
1575.0          0.20172
1576.0          0.22936
1577.0          0.25781
1578.0          0.28686
1579.0          0.31628
1580.0          0.34588
1581.0          0.37545
1582.0          0.40481
1583.0          0.43382
1584.0          0.46234
1585.0          0.49024
1586.0          0.51742
1587.0          0.54380
1588.0          0.56931
1589.0          0.59391
1590.0          0.61756
1591.0          0.64023
1592.0          0.66191
1593.0          0.68261
1594.0          0.70233
1595.0          0.72108
1596.0          0.73888
1597.0          0.75575
1598.0          0.77172
1599.0          0.78683
1600.0          0.80110
1601.0          0.81456
1602.0          0.82725
1603.0          0.83921
1604.0          0.85046
1605.0          0.86105
1606.0          0.87100
1607.0          0.88035
1608.0          0.88912
1609.0          0.89736
1610.0          0.90508
1611.0          0.91232
1612.0          0.91910
1613.0          0.92544
1614.0          0.93138
1615.0          0.93694
1616.0          0.94213
1617.0          0.94697
1618.0          0.95150
1619.0          0.95572
1620.0          0.95965
1621.0          0.96332
1622.0          0.96672
1623.0          0.96989
1624.0          0.97283
1625.0          0.97555
1626.0          0.97808
1627.0          0.98041
1628.0          0.98256
1629.0          0.98455
1630.0          0.98637
1631.0          0.98805
1632.0          0.98958
1633.0          0.99098
1634.0          0.99225
1635.0          0.99340
1636.0          0.99443
1637.0          0.99536
1638.0          0.99619
1639.0          0.99692
1640.0          0.99757
1641.0          0.99812
1642.0          0.99860
1643.0          0.99900
1644.0          0.99933
1645.0          0.99958
1646.0          0.99978
1647.0          0.99991
1648.0          0.99998
1649.0          1.0000
1650.0          0.99997
1400.0          0.031591
1401.0          0.032516
1402.0          0.033447
1403.0          0.034383
1404.0          0.035321
1405.0          0.036260
1406.0          0.037196
1407.0          0.038125
1408.0          0.039042
1409.0          0.039939
1410.0          0.040806
1411.0          0.041628
1412.0          0.042381
1413.0          0.043030
1414.0          0.043518
1415.0          0.043741
1416.0          0.043501
1417.0          0.042360
1418.0          0.039120
1419.0          0.029126
1420.0          0.0096355
1421.0          0.098606
1422.0          0.078282
1423.0          0.073034
1424.0          0.071287
1425.0          0.070886
1426.0          0.071150
1427.0          0.071796
1428.0          0.072687
1429.0          0.073748
1430.0          0.074935
1431.0          0.076221
1432.0          0.077586
1433.0          0.079020
1434.0          0.080512
1435.0          0.082059
1436.0          0.083654
1437.0          0.085295
1438.0          0.086979
1439.0          0.088706
1440.0          0.090473
1441.0          0.092281
1442.0          0.094128
1443.0          0.096014
1444.0          0.097940
1445.0          0.099906
1446.0          0.10191
1447.0          0.10396
1448.0          0.10605
1449.0          0.10818
1450.0          0.11035
1451.0          0.11257
1452.0          0.11483
1453.0          0.11714
1454.0          0.11950
1455.0          0.12191
1456.0          0.12437
1457.0          0.12689
1458.0          0.12947
1459.0          0.13211
1460.0          0.13482
1461.0          0.13760
1462.0          0.14047
1463.0          0.14344
1464.0          0.14651
1465.0          0.14973
1466.0          0.15311
1467.0          0.15671
1468.0          0.16065
1469.0          0.16510
1470.0          0.17048
1471.0          0.17795
1472.0          0.19214
1473.0          0.27500
1474.0          0.12731
1475.0          0.15749
1476.0          0.16805
1477.0          0.17484
1478.0          0.18032
1479.0          0.18522
1480.0          0.18982
1481.0          0.19428
1482.0          0.19868
1483.0          0.20306
1484.0          0.20746
1485.0          0.21189
1486.0          0.21637
1487.0          0.22091
1488.0          0.22553
1489.0          0.23023
1490.0          0.23502
1491.0          0.23989
1492.0          0.24487
1493.0          0.24996
1494.0          0.25515
1495.0          0.26046
1496.0          0.26589
1497.0          0.27145
1498.0          0.27713
1499.0          0.28295
1500.0          0.28892
1501.0          0.29502
1502.0          0.30128
1503.0          0.30770
1504.0          0.31428
1505.0          0.32103
1506.0          0.32796
1507.0          0.33506
1508.0          0.34236
1509.0          0.34984
1510.0          0.35753
1511.0          0.36543
1512.0          0.37354
1513.0          0.38187
1514.0          0.39044
1515.0          0.39924
1516.0          0.40829
1517.0          0.41759
1518.0          0.42715
1519.0          0.43698
1520.0          0.44708
1521.0          0.45748
1522.0          0.46816
1523.0          0.47915
1524.0          0.49044
1525.0          0.50205
1526.0          0.51398
1527.0          0.52624
1528.0          0.53883
1529.0          0.55176
1530.0          0.56503
1531.0          0.57864
1532.0          0.59260
1533.0          0.60691
1534.0          0.62155
1535.0          0.63653
1536.0          0.65183
1537.0          0.66745
1538.0          0.68337
1539.0          0.69957
1540.0          0.71603
1541.0          0.73271
1542.0          0.74958
1543.0          0.76659
1544.0          0.78371
1545.0          0.80086
1546.0          0.81798
1547.0          0.83500
1548.0          0.85183
1549.0          0.86837
1550.0          0.88452
1551.0          0.90017
1552.0          0.91517
1553.0          0.92941
1554.0          0.94272
1555.0          0.95497
1556.0          0.96598
1557.0          0.97561
1558.0          0.98368
1559.0          0.99004
1560.0          0.99454
1561.0          0.99703
1562.0          0.99739
1563.0          0.99552
1564.0          0.99132
1565.0          0.98474
1566.0          0.97576
1567.0          0.96438
1568.0          0.95064
1569.0          0.93461
1570.0          0.91640
1571.0          0.89615
1572.0          0.87402
1573.0          0.85019
1574.0          0.82487
1575.0          0.79828
1576.0          0.77064
1577.0          0.74219
1578.0          0.71314
1579.0          0.68372
1580.0          0.65412
1581.0          0.62455
1582.0          0.59519
1583.0          0.56618
1584.0          0.53766
1585.0          0.50976
1586.0          0.48258
1587.0          0.45620
1588.0          0.43069
1589.0          0.40609
1590.0          0.38244
1591.0          0.35977
1592.0          0.33809
1593.0          0.31739
1594.0          0.29767
1595.0          0.27892
1596.0          0.26112
1597.0          0.24425
1598.0          0.22828
1599.0          0.21317
1600.0          0.19890
1601.0          0.18544
1602.0          0.17275
1603.0          0.16079
1604.0          0.14954
1605.0          0.13895
1606.0          0.12900
1607.0          0.11965
1608.0          0.11088
1609.0          0.10264
1610.0          0.094922
1611.0          0.087684
1612.0          0.080904
1613.0          0.074557
1614.0          0.068618
1615.0          0.063064
1616.0          0.057873
1617.0          0.053025
1618.0          0.048500
1619.0          0.044280
1620.0          0.040347
1621.0          0.036684
1622.0          0.033277
1623.0          0.030111
1624.0          0.027172
1625.0          0.024446
1626.0          0.021922
1627.0          0.019589
1628.0          0.017435
1629.0          0.015451
1630.0          0.013626
1631.0          0.011952
1632.0          0.010421
1633.0          0.0090241
1634.0          0.0077541
1635.0          0.0066040
1636.0          0.0055672
1637.0          0.0046375
1638.0          0.0038089
1639.0          0.0030761
1640.0          0.0024337
1641.0          0.0018769
1642.0          0.0014010
1643.0          0.0010017
1644.0          6.7497E-4
1645.0          4.1683E-4
1646.0          2.2368E-4
1647.0          9.2073E-5
1648.0          1.8768E-5
1649.0          7.0004E-7
1650.0          3.4976E-5
1400.0          1.0000
1401.0          1.0000
1402.0          1.0000
1403.0          1.0000
1404.0          1.0000
1405.0          1.0000
1406.0          1.0000
1407.0          1.0000
1408.0          1.0000
1409.0          1.0000
1410.0          1.0000
1411.0          1.0000
1412.0          1.0000
1413.0          1.0000
1414.0          1.0000
1415.0          1.0000
1416.0          1.0000
1417.0          1.0000
1418.0          1.0000
1419.0          1.0000
1420.0          1.0000
1421.0          1.0000
1422.0          1.0000
1423.0          1.0000
1424.0          1.0000
1425.0          1.0000
1426.0          1.0000
1427.0          1.0000
1428.0          1.0000
1429.0          1.0000
1430.0          1.0000
1431.0          1.0000
1432.0          1.0000
1433.0          1.0000
1434.0          1.0000
1435.0          1.0000
1436.0          1.0000
1437.0          1.0000
1438.0          1.0000
1439.0          1.0000
1440.0          1.0000
1441.0          1.0000
1442.0          1.0000
1443.0          1.0000
1444.0          1.0000
1445.0          1.0000
1446.0          1.0000
1447.0          1.0000
1448.0          1.0000
1449.0          1.0000
1450.0          1.0000
1451.0          1.0000
1452.0          1.0000
1453.0          1.0000
1454.0          1.0000
1455.0          1.0000
1456.0          1.0000
1457.0          1.0000
1458.0          1.0000
1459.0          1.0000
1460.0          1.0000
1461.0          1.0000
1462.0          1.0000
1463.0          1.0000
1464.0          1.0000
1465.0          1.0000
1466.0          1.0000
1467.0          1.0000
1468.0          1.0000
1469.0          1.0000
1470.0          1.0000
1471.0          1.0000
1472.0          1.0000
1473.0          1.0000
1474.0          1.0000
1475.0          1.0000
1476.0          1.0000
1477.0          1.0000
1478.0          1.0000
1479.0          1.0000
1480.0          1.0000
1481.0          1.0000
1482.0          1.0000
1483.0          1.0000
1484.0          1.0000
1485.0          1.0000
1486.0          1.0000
1487.0          1.0000
1488.0          1.0000
1489.0          1.0000
1490.0          1.0000
1491.0          1.0000
1492.0          1.0000
1493.0          1.0000
1494.0          1.0000
1495.0          1.0000
1496.0          1.0000
1497.0          1.0000
1498.0          1.0000
1499.0          1.0000
1500.0          1.0000
1501.0          1.0000
1502.0          1.0000
1503.0          1.0000
1504.0          1.0000
1505.0          1.0000
1506.0          1.0000
1507.0          1.0000
1508.0          1.0000
1509.0          1.0000
1510.0          1.0000
1511.0          1.0000
1512.0          1.0000
1513.0          1.0000
1514.0          1.0000
1515.0          1.0000
1516.0          1.0000
1517.0          1.0000
1518.0          1.0000
1519.0          1.0000
1520.0          1.0000
1521.0          1.0000
1522.0          1.0000
1523.0          1.0000
1524.0          1.0000
1525.0          1.0000
1526.0          1.0000
1527.0          1.0000
1528.0          1.0000
1529.0          1.0000
1530.0          1.0000
1531.0          1.0000
1532.0          1.0000
1533.0          1.0000
1534.0          1.0000
1535.0          1.0000
1536.0          1.0000
1537.0          1.0000
1538.0          1.0000
1539.0          1.0000
1540.0          1.0000
1541.0          1.0000
1542.0          1.0000
1543.0          1.0000
1544.0          1.0000
1545.0          1.0000
1546.0          1.0000
1547.0          1.0000
1548.0          1.0000
1549.0          1.0000
1550.0          1.0000
1551.0          1.0000
1552.0          1.0000
1553.0          1.0000
1554.0          1.0000
1555.0          1.0000
1556.0          1.0000
1557.0          1.0000
1558.0          1.0000
1559.0          1.0000
1560.0          1.0000
1561.0          1.0000
1562.0          1.0000
1563.0          1.0000
1564.0          1.0000
1565.0          1.0000
1566.0          1.0000
1567.0          1.0000
1568.0          1.0000
1569.0          1.0000
1570.0          1.0000
1571.0          1.0000
1572.0          1.0000
1573.0          1.0000
1574.0          1.0000
1575.0          1.0000
1576.0          1.0000
1577.0          1.0000
1578.0          1.0000
1579.0          1.0000
1580.0          1.0000
1581.0          1.0000
1582.0          1.0000
1583.0          1.0000
1584.0          1.0000
1585.0          1.0000
1586.0          1.0000
1587.0          1.0000
1588.0          1.0000
1589.0          1.0000
1590.0          1.0000
1591.0          1.0000
1592.0          1.0000
1593.0          1.0000
1594.0          1.0000
1595.0          1.0000
1596.0          1.0000
1597.0          1.0000
1598.0          1.0000
1599.0          1.0000
1600.0          1.0000
1601.0          1.0000
1602.0          1.0000
1603.0          1.0000
1604.0          1.0000
1605.0          1.0000
1606.0          1.0000
1607.0          1.0000
1608.0          1.0000
1609.0          1.0000
1610.0          1.0000
1611.0          1.0000
1612.0          1.0000
1613.0          1.0000
1614.0          1.0000
1615.0          1.0000
1616.0          1.0000
1617.0          1.0000
1618.0          1.0000
1619.0          1.0000
1620.0          1.0000
1621.0          1.0000
1622.0          1.0000
1623.0          1.0000
1624.0          1.0000
1625.0          1.0000
1626.0          1.0000
1627.0          1.0000
1628.0          1.0000
1629.0          1.0000
1630.0          1.0000
1631.0          1.0000
1632.0          1.0000
1633.0          1.0000
1634.0          1.0000
1635.0          1.0000
1636.0          1.0000
1637.0          1.0000
1638.0          1.0000
1639.0          1.0000
1640.0          1.0000
1641.0          1.0000
1642.0          1.0000
1643.0          1.0000
1644.0          1.0000
1645.0          1.0000
1646.0          1.0000
1647.0          1.0000
1648.0          1.0000
1649.0          1.0000
1650.0          1.0000
1400.0          8.8818E-16
1401.0          -6.6613E-16
1402.0          2.4425E-15
1403.0          -1.1102E-15
1404.0          -1.7764E-15
1405.0          -4.4409E-16
1406.0          -1.1102E-15
1407.0          7.7716E-16
1408.0          1.8874E-15
1409.0          -2.2204E-15
1410.0          1.7764E-15
1411.0          1.7764E-15
1412.0          -2.4425E-15
1413.0          -2.6645E-15
1414.0          2.8866E-15
1415.0          4.9960E-15
1416.0          2.3315E-15
1417.0          4.7740E-15
1418.0          8.8818E-16
1419.0          -2.1316E-14
1420.0          -4.9383E-13
1421.0          1.1102E-15
1422.0          1.3434E-14
1423.0          -1.3323E-15
1424.0          2.5535E-15
1425.0          6.4393E-15
1426.0          1.2212E-15
1427.0          -2.6645E-15
1428.0          -1.7764E-15
1429.0          0.0000
1430.0          -1.7764E-15
1431.0          -8.2157E-15
1432.0          -5.3291E-15
1433.0          -4.8850E-15
1434.0          2.2204E-16
1435.0          -1.3323E-15
1436.0          1.3323E-15
1437.0          -4.4409E-16
1438.0          -2.8866E-15
1439.0          0.0000
1440.0          -8.8818E-16
1441.0          -2.6645E-15
1442.0          2.2204E-15
1443.0          1.3323E-15
1444.0          2.8866E-15
1445.0          -8.8818E-16
1446.0          5.2180E-15
1447.0          -1.7764E-15
1448.0          -2.2204E-15
1449.0          1.1102E-15
1450.0          -8.4377E-15
1451.0          2.7756E-15
1452.0          3.3307E-15
1453.0          4.9960E-15
1454.0          -4.6629E-15
1455.0          -4.4409E-16
1456.0          -6.6613E-16
1457.0          4.2188E-15
1458.0          -2.8866E-15
1459.0          -4.4409E-16
1460.0          -3.1086E-15
1461.0          3.3307E-16
1462.0          -2.8866E-15
1463.0          6.5503E-15
1464.0          -2.2204E-16
1465.0          -2.2204E-15
1466.0          1.7764E-15
1467.0          -1.9984E-15
1468.0          8.8818E-16
1469.0          -5.7732E-15
1470.0          5.2180E-15
1471.0          4.8850E-15
1472.0          -2.2204E-15
1473.0          -3.9080E-14
1474.0          1.3323E-15
1475.0          -4.4409E-16
1476.0          3.2196E-15
1477.0          0.0000
1478.0          3.4417E-15
1479.0          -1.9984E-15
1480.0          4.4409E-16
1481.0          -2.2204E-16
1482.0          1.7764E-15
1483.0          6.5503E-15
1484.0          5.5511E-16
1485.0          2.1094E-15
1486.0          -1.5543E-15
1487.0          1.6653E-15
1488.0          1.2212E-15
1489.0          -6.2172E-15
1490.0          1.1102E-15
1491.0          5.5511E-16
1492.0          3.3307E-16
1493.0          -2.2204E-16
1494.0          -1.7764E-15
1495.0          1.7764E-15
1496.0          3.3307E-16
1497.0          5.5511E-16
1498.0          9.9920E-16
1499.0          -1.1102E-15
1500.0          4.2188E-15
1501.0          -1.3323E-15
1502.0          -1.3323E-15
1503.0          -4.4409E-15
1504.0          1.9984E-15
1505.0          -1.1102E-15
1506.0          1.7764E-15
1507.0          2.4425E-15
1508.0          -3.3307E-15
1509.0          -8.8818E-16
1510.0          1.3323E-15
1511.0          0.0000
1512.0          -1.5543E-15
1513.0          1.8874E-15
1514.0          3.3307E-15
1515.0          3.3307E-16
1516.0          -1.1102E-15
1517.0          1.2212E-15
1518.0          -2.6645E-15
1519.0          3.3307E-15
1520.0          6.6613E-16
1521.0          4.2188E-15
1522.0          -4.8850E-15
1523.0          -2.4425E-15
1524.0          3.1086E-15
1525.0          1.1102E-15
1526.0          -4.4409E-16
1527.0          1.3323E-15
1528.0          2.1094E-15
1529.0          3.2196E-15
1530.0          6.3283E-15
1531.0          -3.3307E-15
1532.0          -1.3323E-15
1533.0          0.0000
1534.0          -2.2204E-16
1535.0          1.5543E-15
1536.0          5.5511E-16
1537.0          8.2157E-15
1538.0          -4.4409E-15
1539.0          -5.1070E-15
1540.0          3.5527E-15
1541.0          6.6613E-16
1542.0          5.9952E-15
1543.0          -1.1102E-15
1544.0          -1.5543E-15
1545.0          -6.6613E-16
1546.0          -2.2204E-15
1547.0          -4.4409E-16
1548.0          -4.4409E-16
1549.0          1.8874E-15
1550.0          -3.1086E-15
1551.0          -4.4409E-16
1552.0          3.7748E-15
1553.0          -4.2188E-15
1554.0          -1.5765E-14
1555.0          -1.0436E-14
1556.0          5.8842E-15
1557.0          -7.9936E-15
1558.0          3.4417E-15
1559.0          -7.7716E-15
1560.0          -4.2188E-15
1561.0          -1.7764E-15
1562.0          9.5479E-15
1563.0          -2.6645E-15
1564.0          2.9976E-15
1565.0          1.1102E-16
1566.0          -2.6645E-15
1567.0          -3.5527E-15
1568.0          -4.6629E-15
1569.0          6.3283E-15
1570.0          -8.8818E-16
1571.0          -4.4409E-15
1572.0          4.7740E-15
1573.0          1.5543E-15
1574.0          5.4401E-15
1575.0          -3.3307E-15
1576.0          1.9984E-15
1577.0          6.4393E-15
1578.0          3.3307E-16
1579.0          -6.6613E-16
1580.0          4.4409E-16
1581.0          -3.3307E-15
1582.0          -1.9984E-15
1583.0          -4.8850E-15
1584.0          3.9968E-15
1585.0          6.6613E-16
1586.0          -1.9984E-15
1587.0          3.5527E-15
1588.0          -4.4409E-16
1589.0          -5.3291E-15
1590.0          6.6613E-16
1591.0          -4.4409E-15
1592.0          -2.6645E-15
1593.0          3.5527E-15
1594.0          3.3307E-15
1595.0          -5.3291E-15
1596.0          -3.5527E-15
1597.0          2.4425E-15
1598.0          5.9952E-15
1599.0          -1.7764E-15
1600.0          -4.8850E-15
1601.0          -1.1102E-15
1602.0          1.9984E-15
1603.0          3.3307E-16
1604.0          2.2204E-16
1605.0          -3.9968E-15
1606.0          3.7748E-15
1607.0          -7.7716E-15
1608.0          2.6645E-15
1609.0          2.1094E-15
1610.0          4.9960E-15
1611.0          -3.7748E-15
1612.0          3.2196E-15
1613.0          -8.8818E-16
1614.0          2.1094E-15
1615.0          -2.2204E-16
1616.0          2.3315E-15
1617.0          -2.6645E-15
1618.0          1.2212E-15
1619.0          -1.7764E-15
1620.0          1.2212E-15
1621.0          -2.2204E-16
1622.0          -3.9968E-15
1623.0          0.0000
1624.0          8.8818E-16
1625.0          0.0000
1626.0          4.1078E-15
1627.0          4.4409E-15
1628.0          1.8874E-15
1629.0          -5.1070E-15
1630.0          2.2204E-15
1631.0          1.4433E-15
1632.0          1.4433E-15
1633.0          -8.8818E-16
1634.0          0.0000
1635.0          1.2212E-15
1636.0          3.6637E-15
1637.0          1.9984E-15
1638.0          3.1086E-15
1639.0          -1.9984E-15
1640.0          -3.3307E-15
1641.0          2.2204E-15
1642.0          1.2212E-15
1643.0          5.3291E-15
1644.0          2.6645E-15
1645.0          -3.3307E-15
1646.0          5.5511E-16
1647.0          -3.3307E-15
1648.0          1.9984E-15
1649.0          -5.1070E-15
1650.0          -4.4409E-15
