1400.0          0.056099
1401.0          0.056818
1402.0          0.057547
1403.0          0.058284
1404.0          0.059030
1405.0          0.059783
1406.0          0.060544
1407.0          0.061313
1408.0          0.062088
1409.0          0.062871
1410.0          0.063662
1411.0          0.064459
1412.0          0.065264
1413.0          0.066076
1414.0          0.066897
1415.0          0.067725
1416.0          0.068563
1417.0          0.069411
1418.0          0.070270
1419.0          0.071142
1420.0          0.072028
1421.0          0.072933
1422.0          0.073858
1423.0          0.074810
1424.0          0.075795
1425.0          0.076823
1426.0          0.077908
1427.0          0.079070
1428.0          0.080341
1429.0          0.081772
1430.0          0.083446
1431.0          0.085518
1432.0          0.088285
1433.0          0.092407
1434.0          0.099589
1435.0          0.11554
1436.0          0.17019
1437.0          0.64169
1438.0          0.30837
1439.0          0.12525
1440.0          0.099792
1441.0          0.092883
1442.0          0.090551
1443.0          0.089821
1444.0          0.089777
1445.0          0.090067
1446.0          0.090534
1447.0          0.091102
1448.0          0.091729
1449.0          0.092391
1450.0          0.093074
1451.0          0.093769
1452.0          0.094472
1453.0          0.095177
1454.0          0.095883
1455.0          0.096588
1456.0          0.097289
1457.0          0.097987
1458.0          0.098680
1459.0          0.099367
1460.0          0.10005
1461.0          0.10072
1462.0          0.10139
1463.0          0.10205
1464.0          0.10271
1465.0          0.10335
1466.0          0.10399
1467.0          0.10462
1468.0          0.10524
1469.0          0.10584
1470.0          0.10644
1471.0          0.10703
1472.0          0.10760
1473.0          0.10816
1474.0          0.10871
1475.0          0.10924
1476.0          0.10975
1477.0          0.11024
1478.0          0.11071
1479.0          0.11115
1480.0          0.11155
1481.0          0.11192
1482.0          0.11223
1483.0          0.11247
1484.0          0.11262
1485.0          0.11263
1486.0          0.11242
1487.0          0.11185
1488.0          0.11059
1489.0          0.10787
1490.0          0.10786
1491.0          0.21220
1492.0          0.13952
1493.0          0.13090
1494.0          0.12797
1495.0          0.12666
1496.0          0.12603
1497.0          0.12574
1498.0          0.12564
1499.0          0.12566
1500.0          0.12576
1501.0          0.12590
1502.0          0.12608
1503.0          0.12629
1504.0          0.12651
1505.0          0.12674
1506.0          0.12697
1507.0          0.12721
1508.0          0.12745
1509.0          0.12768
1510.0          0.12791
1511.0          0.12814
1512.0          0.12836
1513.0          0.12858
1514.0          0.12879
1515.0          0.12899
1516.0          0.12918
1517.0          0.12937
1518.0          0.12954
1519.0          0.12971
1520.0          0.12986
1521.0          0.13001
1522.0          0.13014
1523.0          0.13027
1524.0          0.13038
1525.0          0.13048
1526.0          0.13057
1527.0          0.13065
1528.0          0.13071
1529.0          0.13076
1530.0          0.13080
1531.0          0.13083
1532.0          0.13085
1533.0          0.13085
1534.0          0.13084
1535.0          0.13081
1536.0          0.13077
1537.0          0.13072
1538.0          0.13065
1539.0          0.13057
1540.0          0.13047
1541.0          0.13036
1542.0          0.13024
1543.0          0.13010
1544.0          0.12994
1545.0          0.12977
1546.0          0.12959
1547.0          0.12938
1548.0          0.12917
1549.0          0.12893
1550.0          0.12868
1551.0          0.12841
1552.0          0.12813
1553.0          0.12783
1554.0          0.12751
1555.0          0.12718
1556.0          0.12683
1557.0          0.12646
1558.0          0.12607
1559.0          0.12566
1560.0          0.12524
1561.0          0.12480
1562.0          0.12434
1563.0          0.12386
1564.0          0.12336
1565.0          0.12284
1566.0          0.12230
1567.0          0.12174
1568.0          0.12117
1569.0          0.12057
1570.0          0.11995
1571.0          0.11931
1572.0          0.11865
1573.0          0.11797
1574.0          0.11727
1575.0          0.11654
1576.0          0.11580
1577.0          0.11503
1578.0          0.11424
1579.0          0.11343
1580.0          0.11260
1581.0          0.11174
1582.0          0.11086
1583.0          0.10995
1584.0          0.10903
1585.0          0.10808
1586.0          0.10710
1587.0          0.10610
1588.0          0.10508
1589.0          0.10403
1590.0          0.10296
1591.0          0.10186
1592.0          0.10074
1593.0          0.099587
1594.0          0.098414
1595.0          0.097215
1596.0          0.095990
1597.0          0.094739
1598.0          0.093462
1599.0          0.092160
1600.0          0.090831
1601.0          0.089476
1602.0          0.088095
1603.0          0.086687
1604.0          0.085254
1605.0          0.083794
1606.0          0.082309
1607.0          0.080797
1608.0          0.079259
1609.0          0.077696
1610.0          0.076108
1611.0          0.074494
1612.0          0.072855
1613.0          0.071192
1614.0          0.069506
1615.0          0.067795
1616.0          0.066062
1617.0          0.064306
1618.0          0.062529
1619.0          0.060732
1620.0          0.058914
1621.0          0.057078
1622.0          0.055224
1623.0          0.053354
1624.0          0.051470
1625.0          0.049572
1626.0          0.047662
1627.0          0.045743
1628.0          0.043816
1629.0          0.041883
1630.0          0.039948
1631.0          0.038013
1632.0          0.036081
1633.0          0.034155
1634.0          0.032239
1635.0          0.030336
1636.0          0.028451
1637.0          0.026589
1638.0          0.024754
1639.0          0.022952
1640.0          0.021188
1641.0          0.019470
1642.0          0.017803
1643.0          0.016196
1644.0          0.014656
1645.0          0.013192
1646.0          0.011814
1647.0          0.010532
1648.0          0.0093564
1649.0          0.0082992
1650.0          0.0073732
1400.0          0.94390
1401.0          0.94318
1402.0          0.94245
1403.0          0.94172
1404.0          0.94097
1405.0          0.94022
1406.0          0.93946
1407.0          0.93869
1408.0          0.93791
1409.0          0.93713
1410.0          0.93634
1411.0          0.93554
1412.0          0.93474
1413.0          0.93392
1414.0          0.93310
1415.0          0.93227
1416.0          0.93144
1417.0          0.93059
1418.0          0.92973
1419.0          0.92886
1420.0          0.92797
1421.0          0.92707
1422.0          0.92614
1423.0          0.92519
1424.0          0.92420
1425.0          0.92318
1426.0          0.92209
1427.0          0.92093
1428.0          0.91966
1429.0          0.91823
1430.0          0.91655
1431.0          0.91448
1432.0          0.91171
1433.0          0.90759
1434.0          0.90041
1435.0          0.88446
1436.0          0.82981
1437.0          0.35831
1438.0          0.69163
1439.0          0.87475
1440.0          0.90021
1441.0          0.90712
1442.0          0.90945
1443.0          0.91018
1444.0          0.91022
1445.0          0.90993
1446.0          0.90947
1447.0          0.90890
1448.0          0.90827
1449.0          0.90761
1450.0          0.90693
1451.0          0.90623
1452.0          0.90553
1453.0          0.90482
1454.0          0.90412
1455.0          0.90341
1456.0          0.90271
1457.0          0.90201
1458.0          0.90132
1459.0          0.90063
1460.0          0.89995
1461.0          0.89928
1462.0          0.89861
1463.0          0.89795
1464.0          0.89729
1465.0          0.89665
1466.0          0.89601
1467.0          0.89538
1468.0          0.89476
1469.0          0.89416
1470.0          0.89356
1471.0          0.89297
1472.0          0.89240
1473.0          0.89184
1474.0          0.89129
1475.0          0.89076
1476.0          0.89025
1477.0          0.88976
1478.0          0.88929
1479.0          0.88885
1480.0          0.88845
1481.0          0.88808
1482.0          0.88777
1483.0          0.88753
1484.0          0.88738
1485.0          0.88737
1486.0          0.88758
1487.0          0.88815
1488.0          0.88941
1489.0          0.89213
1490.0          0.89214
1491.0          0.78780
1492.0          0.86048
1493.0          0.86910
1494.0          0.87203
1495.0          0.87334
1496.0          0.87397
1497.0          0.87426
1498.0          0.87436
1499.0          0.87434
1500.0          0.87424
1501.0          0.87410
1502.0          0.87392
1503.0          0.87371
1504.0          0.87349
1505.0          0.87326
1506.0          0.87303
1507.0          0.87279
1508.0          0.87255
1509.0          0.87232
1510.0          0.87209
1511.0          0.87186
1512.0          0.87164
1513.0          0.87142
1514.0          0.87121
1515.0          0.87101
1516.0          0.87082
1517.0          0.87063
1518.0          0.87046
1519.0          0.87029
1520.0          0.87014
1521.0          0.86999
1522.0          0.86986
1523.0          0.86973
1524.0          0.86962
1525.0          0.86952
1526.0          0.86943
1527.0          0.86935
1528.0          0.86929
1529.0          0.86924
1530.0          0.86920
1531.0          0.86917
1532.0          0.86915
1533.0          0.86915
1534.0          0.86916
1535.0          0.86919
1536.0          0.86923
1537.0          0.86928
1538.0          0.86935
1539.0          0.86943
1540.0          0.86953
1541.0          0.86964
1542.0          0.86976
1543.0          0.86990
1544.0          0.87006
1545.0          0.87023
1546.0          0.87041
1547.0          0.87062
1548.0          0.87083
1549.0          0.87107
1550.0          0.87132
1551.0          0.87159
1552.0          0.87187
1553.0          0.87217
1554.0          0.87249
1555.0          0.87282
1556.0          0.87317
1557.0          0.87354
1558.0          0.87393
1559.0          0.87434
1560.0          0.87476
1561.0          0.87520
1562.0          0.87566
1563.0          0.87614
1564.0          0.87664
1565.0          0.87716
1566.0          0.87770
1567.0          0.87826
1568.0          0.87883
1569.0          0.87943
1570.0          0.88005
1571.0          0.88069
1572.0          0.88135
1573.0          0.88203
1574.0          0.88273
1575.0          0.88346
1576.0          0.88420
1577.0          0.88497
1578.0          0.88576
1579.0          0.88657
1580.0          0.88740
1581.0          0.88826
1582.0          0.88914
1583.0          0.89005
1584.0          0.89097
1585.0          0.89192
1586.0          0.89290
1587.0          0.89390
1588.0          0.89492
1589.0          0.89597
1590.0          0.89704
1591.0          0.89814
1592.0          0.89926
1593.0          0.90041
1594.0          0.90159
1595.0          0.90279
1596.0          0.90401
1597.0          0.90526
1598.0          0.90654
1599.0          0.90784
1600.0          0.90917
1601.0          0.91052
1602.0          0.91191
1603.0          0.91331
1604.0          0.91475
1605.0          0.91621
1606.0          0.91769
1607.0          0.91920
1608.0          0.92074
1609.0          0.92230
1610.0          0.92389
1611.0          0.92551
1612.0          0.92714
1613.0          0.92881
1614.0          0.93049
1615.0          0.93220
1616.0          0.93394
1617.0          0.93569
1618.0          0.93747
1619.0          0.93927
1620.0          0.94109
1621.0          0.94292
1622.0          0.94478
1623.0          0.94665
1624.0          0.94853
1625.0          0.95043
1626.0          0.95234
1627.0          0.95426
1628.0          0.95618
1629.0          0.95812
1630.0          0.96005
1631.0          0.96199
1632.0          0.96392
1633.0          0.96584
1634.0          0.96776
1635.0          0.96966
1636.0          0.97155
1637.0          0.97341
1638.0          0.97525
1639.0          0.97705
1640.0          0.97881
1641.0          0.98053
1642.0          0.98220
1643.0          0.98380
1644.0          0.98534
1645.0          0.98681
1646.0          0.98819
1647.0          0.98947
1648.0          0.99064
1649.0          0.99170
1650.0          0.99263
1400.0          1.0000
1401.0          1.0000
1402.0          1.0000
1403.0          1.0000
1404.0          1.0000
1405.0          1.0000
1406.0          1.0000
1407.0          1.0000
1408.0          1.0000
1409.0          1.0000
1410.0          1.0000
1411.0          1.0000
1412.0          1.0000
1413.0          1.0000
1414.0          1.0000
1415.0          1.0000
1416.0          1.0000
1417.0          1.0000
1418.0          1.0000
1419.0          1.0000
1420.0          1.0000
1421.0          1.0000
1422.0          1.0000
1423.0          1.0000
1424.0          1.0000
1425.0          1.0000
1426.0          1.0000
1427.0          1.0000
1428.0          1.0000
1429.0          1.0000
1430.0          1.0000
1431.0          1.0000
1432.0          1.0000
1433.0          1.0000
1434.0          1.0000
1435.0          1.0000
1436.0          1.0000
1437.0          1.0000
1438.0          1.0000
1439.0          1.0000
1440.0          1.0000
1441.0          1.0000
1442.0          1.0000
1443.0          1.0000
1444.0          1.0000
1445.0          1.0000
1446.0          1.0000
1447.0          1.0000
1448.0          1.0000
1449.0          1.0000
1450.0          1.0000
1451.0          1.0000
1452.0          1.0000
1453.0          1.0000
1454.0          1.0000
1455.0          1.0000
1456.0          1.0000
1457.0          1.0000
1458.0          1.0000
1459.0          1.0000
1460.0          1.0000
1461.0          1.0000
1462.0          1.0000
1463.0          1.0000
1464.0          1.0000
1465.0          1.0000
1466.0          1.0000
1467.0          1.0000
1468.0          1.0000
1469.0          1.0000
1470.0          1.0000
1471.0          1.0000
1472.0          1.0000
1473.0          1.0000
1474.0          1.0000
1475.0          1.0000
1476.0          1.0000
1477.0          1.0000
1478.0          1.0000
1479.0          1.0000
1480.0          1.0000
1481.0          1.0000
1482.0          1.0000
1483.0          1.0000
1484.0          1.0000
1485.0          1.0000
1486.0          1.0000
1487.0          1.0000
1488.0          1.0000
1489.0          1.0000
1490.0          1.0000
1491.0          1.0000
1492.0          1.0000
1493.0          1.0000
1494.0          1.0000
1495.0          1.0000
1496.0          1.0000
1497.0          1.0000
1498.0          1.0000
1499.0          1.0000
1500.0          1.0000
1501.0          1.0000
1502.0          1.0000
1503.0          1.0000
1504.0          1.0000
1505.0          1.0000
1506.0          1.0000
1507.0          1.0000
1508.0          1.0000
1509.0          1.0000
1510.0          1.0000
1511.0          1.0000
1512.0          1.0000
1513.0          1.0000
1514.0          1.0000
1515.0          1.0000
1516.0          1.0000
1517.0          1.0000
1518.0          1.0000
1519.0          1.0000
1520.0          1.0000
1521.0          1.0000
1522.0          1.0000
1523.0          1.0000
1524.0          1.0000
1525.0          1.0000
1526.0          1.0000
1527.0          1.0000
1528.0          1.0000
1529.0          1.0000
1530.0          1.0000
1531.0          1.0000
1532.0          1.0000
1533.0          1.0000
1534.0          1.0000
1535.0          1.0000
1536.0          1.0000
1537.0          1.0000
1538.0          1.0000
1539.0          1.0000
1540.0          1.0000
1541.0          1.0000
1542.0          1.0000
1543.0          1.0000
1544.0          1.0000
1545.0          1.0000
1546.0          1.0000
1547.0          1.0000
1548.0          1.0000
1549.0          1.0000
1550.0          1.0000
1551.0          1.0000
1552.0          1.0000
1553.0          1.0000
1554.0          1.0000
1555.0          1.0000
1556.0          1.0000
1557.0          1.0000
1558.0          1.0000
1559.0          1.0000
1560.0          1.0000
1561.0          1.0000
1562.0          1.0000
1563.0          1.0000
1564.0          1.0000
1565.0          1.0000
1566.0          1.0000
1567.0          1.0000
1568.0          1.0000
1569.0          1.0000
1570.0          1.0000
1571.0          1.0000
1572.0          1.0000
1573.0          1.0000
1574.0          1.0000
1575.0          1.0000
1576.0          1.0000
1577.0          1.0000
1578.0          1.0000
1579.0          1.0000
1580.0          1.0000
1581.0          1.0000
1582.0          1.0000
1583.0          1.0000
1584.0          1.0000
1585.0          1.0000
1586.0          1.0000
1587.0          1.0000
1588.0          1.0000
1589.0          1.0000
1590.0          1.0000
1591.0          1.0000
1592.0          1.0000
1593.0          1.0000
1594.0          1.0000
1595.0          1.0000
1596.0          1.0000
1597.0          1.0000
1598.0          1.0000
1599.0          1.0000
1600.0          1.0000
1601.0          1.0000
1602.0          1.0000
1603.0          1.0000
1604.0          1.0000
1605.0          1.0000
1606.0          1.0000
1607.0          1.0000
1608.0          1.0000
1609.0          1.0000
1610.0          1.0000
1611.0          1.0000
1612.0          1.0000
1613.0          1.0000
1614.0          1.0000
1615.0          1.0000
1616.0          1.0000
1617.0          1.0000
1618.0          1.0000
1619.0          1.0000
1620.0          1.0000
1621.0          1.0000
1622.0          1.0000
1623.0          1.0000
1624.0          1.0000
1625.0          1.0000
1626.0          1.0000
1627.0          1.0000
1628.0          1.0000
1629.0          1.0000
1630.0          1.0000
1631.0          1.0000
1632.0          1.0000
1633.0          1.0000
1634.0          1.0000
1635.0          1.0000
1636.0          1.0000
1637.0          1.0000
1638.0          1.0000
1639.0          1.0000
1640.0          1.0000
1641.0          1.0000
1642.0          1.0000
1643.0          1.0000
1644.0          1.0000
1645.0          1.0000
1646.0          1.0000
1647.0          1.0000
1648.0          1.0000
1649.0          1.0000
1650.0          1.0000
1400.0          2.1094E-15
1401.0          -3.1086E-15
1402.0          -1.7764E-15
1403.0          -2.8866E-15
1404.0          4.5519E-15
1405.0          0.0000
1406.0          4.4409E-16
1407.0          3.4417E-15
1408.0          2.1094E-15
1409.0          7.9936E-15
1410.0          2.4425E-15
1411.0          -2.2204E-16
1412.0          -2.8866E-15
1413.0          -8.8818E-16
1414.0          2.3315E-15
1415.0          -1.7764E-15
1416.0          1.7764E-15
1417.0          -6.6613E-16
1418.0          -2.2204E-16
1419.0          -3.3307E-15
1420.0          -8.8818E-16
1421.0          -8.8818E-16
1422.0          5.5511E-16
1423.0          -6.4393E-15
1424.0          5.2180E-15
1425.0          2.8866E-15
1426.0          7.7716E-16
1427.0          -1.3323E-15
1428.0          -4.4409E-16
1429.0          -5.1070E-15
1430.0          2.2204E-16
1431.0          4.4409E-16
1432.0          -2.2204E-16
1433.0          -3.3307E-15
1434.0          -8.8818E-16
1435.0          -1.5543E-15
1436.0          3.2196E-15
1437.0          2.0206E-14
1438.0          -3.1086E-14
1439.0          -5.3291E-15
1440.0          2.6645E-15
1441.0          3.3307E-16
1442.0          7.7716E-16
1443.0          -3.1086E-15
1444.0          -1.3323E-15
1445.0          -2.2204E-16
1446.0          2.8866E-15
1447.0          1.4433E-15
1448.0          -2.8866E-15
1449.0          9.9920E-16
1450.0          7.7716E-16
1451.0          2.1094E-15
1452.0          2.7756E-15
1453.0          -8.8818E-16
1454.0          -5.5511E-15
1455.0          1.2212E-15
1456.0          -1.7764E-15
1457.0          -1.7764E-15
1458.0          9.9920E-16
1459.0          1.6653E-15
1460.0          1.7764E-15
1461.0          0.0000
1462.0          1.2212E-15
1463.0          6.6613E-16
1464.0          -4.4409E-16
1465.0          -1.3323E-15
1466.0          1.1102E-15
1467.0          1.4433E-15
1468.0          2.6645E-15
1469.0          -2.6645E-15
1470.0          1.4433E-15
1471.0          -1.5543E-15
1472.0          -8.8818E-16
1473.0          -8.8818E-16
1474.0          1.1102E-16
1475.0          9.9920E-16
1476.0          0.0000
1477.0          2.3315E-15
1478.0          4.4409E-15
1479.0          -1.1102E-15
1480.0          2.2204E-16
1481.0          -1.1102E-15
1482.0          2.5535E-15
1483.0          -1.3323E-15
1484.0          -1.3323E-15
1485.0          0.0000
1486.0          8.8818E-16
1487.0          -2.6645E-15
1488.0          1.6653E-15
1489.0          2.6645E-15
1490.0          -2.1538E-14
1491.0          7.9936E-15
1492.0          1.8874E-15
1493.0          -1.1102E-15
1494.0          1.7764E-15
1495.0          4.9960E-15
1496.0          -1.3323E-15
1497.0          -1.3323E-15
1498.0          -4.4409E-16
1499.0          -4.4409E-16
1500.0          1.7764E-15
1501.0          -8.8818E-16
1502.0          1.6653E-15
1503.0          -2.4425E-15
1504.0          -2.2204E-16
1505.0          3.1086E-15
1506.0          1.8874E-15
1507.0          -4.4409E-16
1508.0          5.5511E-16
1509.0          -2.2204E-15
1510.0          4.4409E-16
1511.0          -1.7764E-15
1512.0          -4.4409E-16
1513.0          -1.5543E-15
1514.0          5.5511E-16
1515.0          -2.2204E-16
1516.0          1.3323E-15
1517.0          4.4409E-16
1518.0          1.9984E-15
1519.0          -2.6645E-15
1520.0          -1.7764E-15
1521.0          1.6653E-15
1522.0          -2.2204E-16
1523.0          1.1102E-16
1524.0          3.3307E-15
1525.0          1.7764E-15
1526.0          4.4409E-16
1527.0          1.6653E-15
1528.0          -1.3323E-15
1529.0          0.0000
1530.0          1.5543E-15
1531.0          1.1102E-15
1532.0          -1.7764E-15
1533.0          2.8866E-15
1534.0          1.1102E-16
1535.0          -1.9984E-15
1536.0          -1.9984E-15
1537.0          2.2204E-15
1538.0          6.6613E-16
1539.0          1.3323E-15
1540.0          -6.6613E-16
1541.0          9.9920E-16
1542.0          1.8874E-15
1543.0          -2.2204E-16
1544.0          -1.9984E-15
1545.0          1.3323E-15
1546.0          4.4409E-16
1547.0          2.3315E-15
1548.0          2.3315E-15
1549.0          3.9968E-15
1550.0          -1.1102E-15
1551.0          -2.8866E-15
1552.0          1.3323E-15
1553.0          -2.8866E-15
1554.0          -4.4409E-16
1555.0          0.0000
1556.0          0.0000
1557.0          3.3307E-15
1558.0          -2.2204E-16
1559.0          -4.4409E-16
1560.0          -4.4409E-16
1561.0          -8.8818E-16
1562.0          3.1086E-15
1563.0          -1.1102E-15
1564.0          -2.2204E-16
1565.0          4.4409E-16
1566.0          -2.6645E-15
1567.0          1.7764E-15
1568.0          1.1102E-16
1569.0          1.7764E-15
1570.0          7.7716E-16
1571.0          1.1102E-15
1572.0          6.6613E-16
1573.0          1.2212E-15
1574.0          1.6653E-15
1575.0          2.8866E-15
1576.0          -2.8866E-15
1577.0          -2.2204E-15
1578.0          -3.7748E-15
1579.0          1.8874E-15
1580.0          -1.5543E-15
1581.0          4.4409E-16
1582.0          -3.5527E-15
1583.0          -1.5543E-15
1584.0          -2.2204E-15
1585.0          -4.4409E-16
1586.0          -3.1086E-15
1587.0          -2.6645E-15
1588.0          -6.6613E-16
1589.0          -1.5543E-15
1590.0          1.1102E-15
1591.0          -1.1102E-15
1592.0          -2.6645E-15
1593.0          -2.2204E-15
1594.0          -6.6613E-16
1595.0          -2.2204E-15
1596.0          -2.2204E-16
1597.0          1.9984E-15
1598.0          6.6613E-16
1599.0          -1.1102E-15
1600.0          -4.4409E-16
1601.0          -1.9984E-15
1602.0          0.0000
1603.0          -8.8818E-16
1604.0          2.3315E-15
1605.0          5.5511E-16
1606.0          4.6629E-15
1607.0          1.1102E-15
1608.0          8.8818E-16
1609.0          2.9976E-15
1610.0          -1.3323E-15
1611.0          7.7716E-16
1612.0          -1.9984E-15
1613.0          -2.6645E-15
1614.0          -2.2204E-16
1615.0          -1.9984E-15
1616.0          1.2212E-15
1617.0          1.1102E-15
1618.0          4.4409E-16
1619.0          3.5527E-15
1620.0          5.7732E-15
1621.0          6.6613E-16
1622.0          8.8818E-16
1623.0          1.2212E-15
1624.0          -2.2204E-16
1625.0          6.6613E-16
1626.0          0.0000
1627.0          2.4425E-15
1628.0          -3.7748E-15
1629.0          6.6613E-16
1630.0          4.2188E-15
1631.0          -8.8818E-16
1632.0          -1.5543E-15
1633.0          0.0000
1634.0          -8.8818E-16
1635.0          3.3307E-16
1636.0          -1.5543E-15
1637.0          -1.3323E-15
1638.0          -2.2204E-16
1639.0          0.0000
1640.0          4.4409E-16
1641.0          1.1102E-15
1642.0          -1.1102E-15
1643.0          -8.8818E-16
1644.0          0.0000
1645.0          -3.3307E-15
1646.0          1.4433E-15
1647.0          -6.6613E-16
1648.0          3.9968E-15
1649.0          -3.1086E-15
1650.0          -2.2204E-16
