1400.0          0.99996
1401.0          0.99964
1402.0          0.99894
1403.0          0.99775
1404.0          0.99593
1405.0          0.99327
1406.0          0.98937
1407.0          0.98352
1408.0          0.97433
1409.0          0.95875
1410.0          0.92941
1411.0          0.86868
1412.0          0.77614
1413.0          0.83077
1414.0          0.93782
1415.0          0.97945
1416.0          0.99382
1417.0          0.99876
1418.0          0.99999
1419.0          0.99951
1420.0          0.99815
1421.0          0.99626
1422.0          0.99404
1423.0          0.99158
1424.0          0.98894
1425.0          0.98614
1426.0          0.98321
1427.0          0.98016
1428.0          0.97701
1429.0          0.97376
1430.0          0.97042
1431.0          0.96700
1432.0          0.96349
1433.0          0.95992
1434.0          0.95628
1435.0          0.95257
1436.0          0.94881
1437.0          0.94500
1438.0          0.94114
1439.0          0.93724
1440.0          0.93330
1441.0          0.92933
1442.0          0.92532
1443.0          0.92130
1444.0          0.91725
1445.0          0.91319
1446.0          0.90912
1447.0          0.90504
1448.0          0.90096
1449.0          0.89688
1450.0          0.89280
1451.0          0.88873
1452.0          0.88467
1453.0          0.88062
1454.0          0.87659
1455.0          0.87258
1456.0          0.86859
1457.0          0.86463
1458.0          0.86069
1459.0          0.85678
1460.0          0.85291
1461.0          0.84906
1462.0          0.84525
1463.0          0.84148
1464.0          0.83774
1465.0          0.83405
1466.0          0.83039
1467.0          0.82677
1468.0          0.82320
1469.0          0.81967
1470.0          0.81619
1471.0          0.81275
1472.0          0.80936
1473.0          0.80601
1474.0          0.80271
1475.0          0.79946
1476.0          0.79625
1477.0          0.79309
1478.0          0.78998
1479.0          0.78692
1480.0          0.78390
1481.0          0.78093
1482.0          0.77801
1483.0          0.77514
1484.0          0.77232
1485.0          0.76954
1486.0          0.76681
1487.0          0.76412
1488.0          0.76148
1489.0          0.75889
1490.0          0.75634
1491.0          0.75383
1492.0          0.75138
1493.0          0.74896
1494.0          0.74659
1495.0          0.74426
1496.0          0.74197
1497.0          0.73973
1498.0          0.73753
1499.0          0.73536
1500.0          0.73324
1501.0          0.73116
1502.0          0.72912
1503.0          0.72711
1504.0          0.72514
1505.0          0.72322
1506.0          0.72132
1507.0          0.71947
1508.0          0.71764
1509.0          0.71586
1510.0          0.71411
1511.0          0.71239
1512.0          0.71070
1513.0          0.70905
1514.0          0.70743
1515.0          0.70584
1516.0          0.70428
1517.0          0.70275
1518.0          0.70126
1519.0          0.69979
1520.0          0.69835
1521.0          0.69693
1522.0          0.69555
1523.0          0.69419
1524.0          0.69286
1525.0          0.69155
1526.0          0.69027
1527.0          0.68902
1528.0          0.68779
1529.0          0.68658
1530.0          0.68540
1531.0          0.68424
1532.0          0.68310
1533.0          0.68199
1534.0          0.68089
1535.0          0.67982
1536.0          0.67877
1537.0          0.67774
1538.0          0.67673
1539.0          0.67573
1540.0          0.67476
1541.0          0.67381
1542.0          0.67287
1543.0          0.67195
1544.0          0.67106
1545.0          0.67017
1546.0          0.66931
1547.0          0.66846
1548.0          0.66762
1549.0          0.66681
1550.0          0.66601
1551.0          0.66522
1552.0          0.66445
1553.0          0.66369
1554.0          0.66295
1555.0          0.66222
1556.0          0.66150
1557.0          0.66080
1558.0          0.66011
1559.0          0.65944
1560.0          0.65877
1561.0          0.65812
1562.0          0.65748
1563.0          0.65685
1564.0          0.65624
1565.0          0.65563
1566.0          0.65504
1567.0          0.65446
1568.0          0.65388
1569.0          0.65332
1570.0          0.65277
1571.0          0.65223
1572.0          0.65169
1573.0          0.65117
1574.0          0.65065
1575.0          0.65015
1576.0          0.64965
1577.0          0.64916
1578.0          0.64868
1579.0          0.64821
1580.0          0.64775
1581.0          0.64729
1582.0          0.64685
1583.0          0.64641
1584.0          0.64597
1585.0          0.64555
1586.0          0.64513
1587.0          0.64472
1588.0          0.64431
1589.0          0.64391
1590.0          0.64352
1591.0          0.64313
1592.0          0.64275
1593.0          0.64238
1594.0          0.64201
1595.0          0.64165
1596.0          0.64129
1597.0          0.64094
1598.0          0.64060
1599.0          0.64025
1600.0          0.63992
1601.0          0.63959
1602.0          0.63926
1603.0          0.63894
1604.0          0.63862
1605.0          0.63831
1606.0          0.63800
1607.0          0.63770
1608.0          0.63740
1609.0          0.63711
1610.0          0.63681
1611.0          0.63653
1612.0          0.63624
1613.0          0.63596
1614.0          0.63569
1615.0          0.63541
1616.0          0.63515
1617.0          0.63488
1618.0          0.63462
1619.0          0.63436
1620.0          0.63410
1621.0          0.63385
1622.0          0.63359
1623.0          0.63335
1624.0          0.63310
1625.0          0.63286
1626.0          0.63262
1627.0          0.63238
1628.0          0.63215
1629.0          0.63191
1630.0          0.63168
1631.0          0.63145
1632.0          0.63123
1633.0          0.63100
1634.0          0.63078
1635.0          0.63056
1636.0          0.63034
1637.0          0.63013
1638.0          0.62991
1639.0          0.62970
1640.0          0.62949
1641.0          0.62928
1642.0          0.62907
1643.0          0.62887
1644.0          0.62866
1645.0          0.62846
1646.0          0.62826
1647.0          0.62805
1648.0          0.62785
1649.0          0.62766
1650.0          0.62746
1400.0          3.5097E-5
1401.0          3.5544E-4
1402.0          0.0010643
1403.0          0.0022542
1404.0          0.0040673
1405.0          0.0067314
1406.0          0.010635
1407.0          0.016482
1408.0          0.025670
1409.0          0.041247
1410.0          0.070593
1411.0          0.13132
1412.0          0.22386
1413.0          0.16923
1414.0          0.062184
1415.0          0.020551
1416.0          0.0061840
1417.0          0.0012353
1418.0          9.9036E-6
1419.0          4.8792E-4
1420.0          0.0018527
1421.0          0.0037359
1422.0          0.0059558
1423.0          0.0084161
1424.0          0.011062
1425.0          0.013861
1426.0          0.016791
1427.0          0.019837
1428.0          0.022990
1429.0          0.026240
1430.0          0.029580
1431.0          0.033004
1432.0          0.036506
1433.0          0.040081
1434.0          0.043722
1435.0          0.047426
1436.0          0.051187
1437.0          0.055000
1438.0          0.058860
1439.0          0.062762
1440.0          0.066702
1441.0          0.070675
1442.0          0.074676
1443.0          0.078701
1444.0          0.082746
1445.0          0.086806
1446.0          0.090877
1447.0          0.094956
1448.0          0.099038
1449.0          0.10312
1450.0          0.10720
1451.0          0.11127
1452.0          0.11533
1453.0          0.11938
1454.0          0.12341
1455.0          0.12742
1456.0          0.13141
1457.0          0.13537
1458.0          0.13931
1459.0          0.14322
1460.0          0.14709
1461.0          0.15094
1462.0          0.15475
1463.0          0.15852
1464.0          0.16226
1465.0          0.16595
1466.0          0.16961
1467.0          0.17323
1468.0          0.17680
1469.0          0.18033
1470.0          0.18381
1471.0          0.18725
1472.0          0.19064
1473.0          0.19399
1474.0          0.19729
1475.0          0.20054
1476.0          0.20375
1477.0          0.20691
1478.0          0.21002
1479.0          0.21308
1480.0          0.21610
1481.0          0.21907
1482.0          0.22199
1483.0          0.22486
1484.0          0.22768
1485.0          0.23046
1486.0          0.23319
1487.0          0.23588
1488.0          0.23852
1489.0          0.24111
1490.0          0.24366
1491.0          0.24617
1492.0          0.24862
1493.0          0.25104
1494.0          0.25341
1495.0          0.25574
1496.0          0.25803
1497.0          0.26027
1498.0          0.26247
1499.0          0.26464
1500.0          0.26676
1501.0          0.26884
1502.0          0.27088
1503.0          0.27289
1504.0          0.27486
1505.0          0.27678
1506.0          0.27868
1507.0          0.28053
1508.0          0.28236
1509.0          0.28414
1510.0          0.28589
1511.0          0.28761
1512.0          0.28930
1513.0          0.29095
1514.0          0.29257
1515.0          0.29416
1516.0          0.29572
1517.0          0.29725
1518.0          0.29874
1519.0          0.30021
1520.0          0.30165
1521.0          0.30307
1522.0          0.30445
1523.0          0.30581
1524.0          0.30714
1525.0          0.30845
1526.0          0.30973
1527.0          0.31098
1528.0          0.31221
1529.0          0.31342
1530.0          0.31460
1531.0          0.31576
1532.0          0.31690
1533.0          0.31801
1534.0          0.31911
1535.0          0.32018
1536.0          0.32123
1537.0          0.32226
1538.0          0.32327
1539.0          0.32427
1540.0          0.32524
1541.0          0.32619
1542.0          0.32713
1543.0          0.32805
1544.0          0.32894
1545.0          0.32983
1546.0          0.33069
1547.0          0.33154
1548.0          0.33238
1549.0          0.33319
1550.0          0.33399
1551.0          0.33478
1552.0          0.33555
1553.0          0.33631
1554.0          0.33705
1555.0          0.33778
1556.0          0.33850
1557.0          0.33920
1558.0          0.33989
1559.0          0.34056
1560.0          0.34123
1561.0          0.34188
1562.0          0.34252
1563.0          0.34315
1564.0          0.34376
1565.0          0.34437
1566.0          0.34496
1567.0          0.34554
1568.0          0.34612
1569.0          0.34668
1570.0          0.34723
1571.0          0.34777
1572.0          0.34831
1573.0          0.34883
1574.0          0.34935
1575.0          0.34985
1576.0          0.35035
1577.0          0.35084
1578.0          0.35132
1579.0          0.35179
1580.0          0.35225
1581.0          0.35271
1582.0          0.35315
1583.0          0.35359
1584.0          0.35403
1585.0          0.35445
1586.0          0.35487
1587.0          0.35528
1588.0          0.35569
1589.0          0.35609
1590.0          0.35648
1591.0          0.35687
1592.0          0.35725
1593.0          0.35762
1594.0          0.35799
1595.0          0.35835
1596.0          0.35871
1597.0          0.35906
1598.0          0.35940
1599.0          0.35975
1600.0          0.36008
1601.0          0.36041
1602.0          0.36074
1603.0          0.36106
1604.0          0.36138
1605.0          0.36169
1606.0          0.36200
1607.0          0.36230
1608.0          0.36260
1609.0          0.36289
1610.0          0.36319
1611.0          0.36347
1612.0          0.36376
1613.0          0.36404
1614.0          0.36431
1615.0          0.36459
1616.0          0.36485
1617.0          0.36512
1618.0          0.36538
1619.0          0.36564
1620.0          0.36590
1621.0          0.36615
1622.0          0.36641
1623.0          0.36665
1624.0          0.36690
1625.0          0.36714
1626.0          0.36738
1627.0          0.36762
1628.0          0.36785
1629.0          0.36809
1630.0          0.36832
1631.0          0.36855
1632.0          0.36877
1633.0          0.36900
1634.0          0.36922
1635.0          0.36944
1636.0          0.36966
1637.0          0.36987
1638.0          0.37009
1639.0          0.37030
1640.0          0.37051
1641.0          0.37072
1642.0          0.37093
1643.0          0.37113
1644.0          0.37134
1645.0          0.37154
1646.0          0.37174
1647.0          0.37195
1648.0          0.37215
1649.0          0.37234
1650.0          0.37254
1400.0          1.0000
1401.0          1.0000
1402.0          1.0000
1403.0          1.0000
1404.0          1.0000
1405.0          1.0000
1406.0          1.0000
1407.0          1.0000
1408.0          1.0000
1409.0          1.0000
1410.0          1.0000
1411.0          1.0000
1412.0          1.0000
1413.0          1.0000
1414.0          1.0000
1415.0          1.0000
1416.0          1.0000
1417.0          1.0000
1418.0          1.0000
1419.0          1.0000
1420.0          1.0000
1421.0          1.0000
1422.0          1.0000
1423.0          1.0000
1424.0          1.0000
1425.0          1.0000
1426.0          1.0000
1427.0          1.0000
1428.0          1.0000
1429.0          1.0000
1430.0          1.0000
1431.0          1.0000
1432.0          1.0000
1433.0          1.0000
1434.0          1.0000
1435.0          1.0000
1436.0          1.0000
1437.0          1.0000
1438.0          1.0000
1439.0          1.0000
1440.0          1.0000
1441.0          1.0000
1442.0          1.0000
1443.0          1.0000
1444.0          1.0000
1445.0          1.0000
1446.0          1.0000
1447.0          1.0000
1448.0          1.0000
1449.0          1.0000
1450.0          1.0000
1451.0          1.0000
1452.0          1.0000
1453.0          1.0000
1454.0          1.0000
1455.0          1.0000
1456.0          1.0000
1457.0          1.0000
1458.0          1.0000
1459.0          1.0000
1460.0          1.0000
1461.0          1.0000
1462.0          1.0000
1463.0          1.0000
1464.0          1.0000
1465.0          1.0000
1466.0          1.0000
1467.0          1.0000
1468.0          1.0000
1469.0          1.0000
1470.0          1.0000
1471.0          1.0000
1472.0          1.0000
1473.0          1.0000
1474.0          1.0000
1475.0          1.0000
1476.0          1.0000
1477.0          1.0000
1478.0          1.0000
1479.0          1.0000
1480.0          1.0000
1481.0          1.0000
1482.0          1.0000
1483.0          1.0000
1484.0          1.0000
1485.0          1.0000
1486.0          1.0000
1487.0          1.0000
1488.0          1.0000
1489.0          1.0000
1490.0          1.0000
1491.0          1.0000
1492.0          1.0000
1493.0          1.0000
1494.0          1.0000
1495.0          1.0000
1496.0          1.0000
1497.0          1.0000
1498.0          1.0000
1499.0          1.0000
1500.0          1.0000
1501.0          1.0000
1502.0          1.0000
1503.0          1.0000
1504.0          1.0000
1505.0          1.0000
1506.0          1.0000
1507.0          1.0000
1508.0          1.0000
1509.0          1.0000
1510.0          1.0000
1511.0          1.0000
1512.0          1.0000
1513.0          1.0000
1514.0          1.0000
1515.0          1.0000
1516.0          1.0000
1517.0          1.0000
1518.0          1.0000
1519.0          1.0000
1520.0          1.0000
1521.0          1.0000
1522.0          1.0000
1523.0          1.0000
1524.0          1.0000
1525.0          1.0000
1526.0          1.0000
1527.0          1.0000
1528.0          1.0000
1529.0          1.0000
1530.0          1.0000
1531.0          1.0000
1532.0          1.0000
1533.0          1.0000
1534.0          1.0000
1535.0          1.0000
1536.0          1.0000
1537.0          1.0000
1538.0          1.0000
1539.0          1.0000
1540.0          1.0000
1541.0          1.0000
1542.0          1.0000
1543.0          1.0000
1544.0          1.0000
1545.0          1.0000
1546.0          1.0000
1547.0          1.0000
1548.0          1.0000
1549.0          1.0000
1550.0          1.0000
1551.0          1.0000
1552.0          1.0000
1553.0          1.0000
1554.0          1.0000
1555.0          1.0000
1556.0          1.0000
1557.0          1.0000
1558.0          1.0000
1559.0          1.0000
1560.0          1.0000
1561.0          1.0000
1562.0          1.0000
1563.0          1.0000
1564.0          1.0000
1565.0          1.0000
1566.0          1.0000
1567.0          1.0000
1568.0          1.0000
1569.0          1.0000
1570.0          1.0000
1571.0          1.0000
1572.0          1.0000
1573.0          1.0000
1574.0          1.0000
1575.0          1.0000
1576.0          1.0000
1577.0          1.0000
1578.0          1.0000
1579.0          1.0000
1580.0          1.0000
1581.0          1.0000
1582.0          1.0000
1583.0          1.0000
1584.0          1.0000
1585.0          1.0000
1586.0          1.0000
1587.0          1.0000
1588.0          1.0000
1589.0          1.0000
1590.0          1.0000
1591.0          1.0000
1592.0          1.0000
1593.0          1.0000
1594.0          1.0000
1595.0          1.0000
1596.0          1.0000
1597.0          1.0000
1598.0          1.0000
1599.0          1.0000
1600.0          1.0000
1601.0          1.0000
1602.0          1.0000
1603.0          1.0000
1604.0          1.0000
1605.0          1.0000
1606.0          1.0000
1607.0          1.0000
1608.0          1.0000
1609.0          1.0000
1610.0          1.0000
1611.0          1.0000
1612.0          1.0000
1613.0          1.0000
1614.0          1.0000
1615.0          1.0000
1616.0          1.0000
1617.0          1.0000
1618.0          1.0000
1619.0          1.0000
1620.0          1.0000
1621.0          1.0000
1622.0          1.0000
1623.0          1.0000
1624.0          1.0000
1625.0          1.0000
1626.0          1.0000
1627.0          1.0000
1628.0          1.0000
1629.0          1.0000
1630.0          1.0000
1631.0          1.0000
1632.0          1.0000
1633.0          1.0000
1634.0          1.0000
1635.0          1.0000
1636.0          1.0000
1637.0          1.0000
1638.0          1.0000
1639.0          1.0000
1640.0          1.0000
1641.0          1.0000
1642.0          1.0000
1643.0          1.0000
1644.0          1.0000
1645.0          1.0000
1646.0          1.0000
1647.0          1.0000
1648.0          1.0000
1649.0          1.0000
1650.0          1.0000
1400.0          -2.4425E-15
1401.0          -6.6613E-16
1402.0          -2.2204E-16
1403.0          -4.2188E-15
1404.0          -4.4409E-16
1405.0          -8.8818E-16
1406.0          -6.4393E-15
1407.0          2.4425E-15
1408.0          -2.0872E-14
1409.0          -1.0880E-14
1410.0          -6.4393E-15
1411.0          1.1990E-14
1412.0          4.5297E-14
1413.0          1.7319E-14
1414.0          -4.7962E-14
1415.0          7.1054E-15
1416.0          4.8850E-15
1417.0          1.8874E-15
1418.0          -9.3259E-15
1419.0          1.0214E-14
1420.0          8.8818E-16
1421.0          3.4417E-15
1422.0          0.0000
1423.0          -9.5479E-15
1424.0          2.3315E-15
1425.0          1.2212E-15
1426.0          -5.5511E-15
1427.0          -3.1086E-15
1428.0          -6.6613E-16
1429.0          -2.2204E-16
1430.0          -1.3323E-15
1431.0          -5.9952E-15
1432.0          5.4401E-15
1433.0          -5.3291E-15
1434.0          8.2157E-15
1435.0          4.3299E-15
1436.0          -4.4409E-16
1437.0          -2.2204E-15
1438.0          -8.8818E-16
1439.0          1.6653E-15
1440.0          5.8842E-15
1441.0          -3.5527E-15
1442.0          -2.4425E-15
1443.0          -1.9984E-15
1444.0          -1.7764E-15
1445.0          6.2172E-15
1446.0          -6.6613E-16
1447.0          5.1070E-15
1448.0          -8.8818E-16
1449.0          2.3315E-15
1450.0          -1.7764E-15
1451.0          -6.2172E-15
1452.0          2.2204E-16
1453.0          -1.7764E-15
1454.0          -8.8818E-16
1455.0          -2.2204E-16
1456.0          -4.6629E-15
1457.0          1.3323E-15
1458.0          -2.2204E-16
1459.0          1.5543E-15
1460.0          8.8818E-16
1461.0          1.6653E-15
1462.0          8.8818E-16
1463.0          -4.2188E-15
1464.0          1.3323E-15
1465.0          -3.3307E-15
1466.0          -4.2188E-15
1467.0          8.8818E-16
1468.0          -2.4425E-15
1469.0          2.3315E-15
1470.0          -3.9968E-15
1471.0          9.9920E-16
1472.0          -2.2204E-15
1473.0          5.9952E-15
1474.0          9.9920E-16
1475.0          1.4433E-15
1476.0          6.7724E-15
1477.0          -2.6645E-15
1478.0          2.2204E-15
1479.0          -2.2204E-16
1480.0          -4.4409E-16
1481.0          -2.4425E-15
1482.0          9.9920E-16
1483.0          -2.8866E-15
1484.0          1.4433E-15
1485.0          -2.2204E-16
1486.0          0.0000
1487.0          2.3315E-15
1488.0          -1.7764E-15
1489.0          0.0000
1490.0          -2.4425E-15
1491.0          -1.1102E-15
1492.0          1.3323E-15
1493.0          8.8818E-16
1494.0          -2.2204E-16
1495.0          1.1102E-15
1496.0          4.6629E-15
1497.0          -1.1102E-15
1498.0          -2.8866E-15
1499.0          1.9984E-15
1500.0          -4.4409E-16
1501.0          2.2204E-15
1502.0          -8.8818E-16
1503.0          1.6653E-15
1504.0          -2.4425E-15
1505.0          -3.3307E-15
1506.0          1.5543E-15
1507.0          3.1086E-15
1508.0          -7.9936E-15
1509.0          -4.4409E-16
1510.0          -1.5543E-15
1511.0          -1.9984E-15
1512.0          -1.1102E-15
1513.0          0.0000
1514.0          -2.6645E-15
1515.0          -1.7764E-15
1516.0          0.0000
1517.0          5.5511E-16
1518.0          -1.1102E-15
1519.0          8.8818E-16
1520.0          4.5519E-15
1521.0          -2.2204E-15
1522.0          6.6613E-16
1523.0          1.6653E-15
1524.0          -6.6613E-16
1525.0          1.3323E-15
1526.0          -2.6645E-15
1527.0          4.8850E-15
1528.0          3.3307E-15
1529.0          1.6653E-15
1530.0          0.0000
1531.0          4.4409E-16
1532.0          -4.4409E-16
1533.0          6.6613E-16
1534.0          -2.2204E-16
1535.0          7.7716E-16
1536.0          -3.9968E-15
1537.0          -4.4409E-16
1538.0          -1.3323E-15
1539.0          1.5543E-15
1540.0          -1.5543E-15
1541.0          7.7716E-16
1542.0          -1.9984E-15
1543.0          -1.5543E-15
1544.0          6.6613E-16
1545.0          6.6613E-16
1546.0          2.2204E-16
1547.0          -4.4409E-16
1548.0          1.7764E-15
1549.0          -1.1102E-15
1550.0          3.1086E-15
1551.0          9.9920E-16
1552.0          6.6613E-16
1553.0          -3.9968E-15
1554.0          9.9920E-16
1555.0          -1.7764E-15
1556.0          0.0000
1557.0          1.3323E-15
1558.0          -3.3307E-15
1559.0          4.4409E-15
1560.0          6.6613E-16
1561.0          3.9968E-15
1562.0          -8.8818E-16
1563.0          -8.8818E-16
1564.0          -1.7764E-15
1565.0          2.3315E-15
1566.0          8.8818E-16
1567.0          -8.8818E-16
1568.0          0.0000
1569.0          3.1086E-15
1570.0          8.8818E-16
1571.0          -2.2204E-16
1572.0          1.1102E-16
1573.0          -2.2204E-16
1574.0          5.5511E-16
1575.0          -1.3323E-15
1576.0          5.5511E-16
1577.0          3.3307E-16
1578.0          2.2204E-15
1579.0          1.6653E-15
1580.0          1.5543E-15
1581.0          -4.4409E-15
1582.0          4.6629E-15
1583.0          -1.5543E-15
1584.0          1.1102E-15
1585.0          -1.1102E-15
1586.0          -2.2204E-16
1587.0          -1.7764E-15
1588.0          1.5543E-15
1589.0          -2.6645E-15
1590.0          -4.4409E-16
1591.0          1.3323E-15
1592.0          1.7764E-15
1593.0          -2.2204E-15
1594.0          8.8818E-16
1595.0          -1.1102E-15
1596.0          1.7764E-15
1597.0          4.4409E-16
1598.0          -2.6645E-15
1599.0          4.8850E-15
1600.0          5.3291E-15
1601.0          -4.4409E-16
1602.0          3.5527E-15
1603.0          -2.2204E-16
1604.0          -2.4425E-15
1605.0          7.7716E-16
1606.0          -1.3323E-15
1607.0          3.1086E-15
1608.0          3.3307E-15
1609.0          -4.4409E-16
1610.0          -2.2204E-16
1611.0          2.2204E-16
1612.0          4.4409E-16
1613.0          2.2204E-16
1614.0          1.2212E-15
1615.0          -8.8818E-16
1616.0          4.4409E-15
1617.0          -3.9968E-15
1618.0          3.5527E-15
1619.0          1.1102E-15
1620.0          6.2172E-15
1621.0          4.6629E-15
1622.0          -1.5543E-15
1623.0          -1.3323E-15
1624.0          -1.1102E-15
1625.0          1.5543E-15
1626.0          3.5527E-15
1627.0          -1.1102E-15
1628.0          1.9984E-15
1629.0          1.1102E-16
1630.0          1.7764E-15
1631.0          -1.9984E-15
1632.0          2.2204E-15
1633.0          2.2204E-16
1634.0          -3.1086E-15
1635.0          -4.4409E-15
1636.0          -1.3323E-15
1637.0          1.3323E-15
1638.0          -8.8818E-16
1639.0          -2.2204E-16
1640.0          5.1070E-15
1641.0          3.1086E-15
1642.0          -8.8818E-16
1643.0          -2.8866E-15
1644.0          -1.3323E-15
1645.0          0.0000
1646.0          -2.2204E-15
1647.0          -6.6613E-16
1648.0          -2.2204E-16
1649.0          3.8858E-15
1650.0          2.2204E-15
