1400.0          0.13210
1401.0          0.13324
1402.0          0.13437
1403.0          0.13551
1404.0          0.13665
1405.0          0.13779
1406.0          0.13893
1407.0          0.14007
1408.0          0.14121
1409.0          0.14236
1410.0          0.14350
1411.0          0.14464
1412.0          0.14579
1413.0          0.14694
1414.0          0.14808
1415.0          0.14923
1416.0          0.15038
1417.0          0.15152
1418.0          0.15267
1419.0          0.15382
1420.0          0.15497
1421.0          0.15612
1422.0          0.15727
1423.0          0.15841
1424.0          0.15956
1425.0          0.16071
1426.0          0.16186
1427.0          0.16301
1428.0          0.16415
1429.0          0.16530
1430.0          0.16645
1431.0          0.16759
1432.0          0.16874
1433.0          0.16989
1434.0          0.17103
1435.0          0.17218
1436.0          0.17332
1437.0          0.17446
1438.0          0.17560
1439.0          0.17674
1440.0          0.17788
1441.0          0.17902
1442.0          0.18016
1443.0          0.18130
1444.0          0.18244
1445.0          0.18357
1446.0          0.18471
1447.0          0.18584
1448.0          0.18697
1449.0          0.18810
1450.0          0.18923
1451.0          0.19036
1452.0          0.19149
1453.0          0.19261
1454.0          0.19373
1455.0          0.19486
1456.0          0.19598
1457.0          0.19710
1458.0          0.19822
1459.0          0.19933
1460.0          0.20045
1461.0          0.20156
1462.0          0.20267
1463.0          0.20378
1464.0          0.20489
1465.0          0.20599
1466.0          0.20710
1467.0          0.20820
1468.0          0.20930
1469.0          0.21040
1470.0          0.21150
1471.0          0.21259
1472.0          0.21369
1473.0          0.21478
1474.0          0.21587
1475.0          0.21695
1476.0          0.21804
1477.0          0.21912
1478.0          0.22020
1479.0          0.22128
1480.0          0.22236
1481.0          0.22343
1482.0          0.22451
1483.0          0.22558
1484.0          0.22664
1485.0          0.22771
1486.0          0.22877
1487.0          0.22984
1488.0          0.23089
1489.0          0.23195
1490.0          0.23301
1491.0          0.23406
1492.0          0.23511
1493.0          0.23615
1494.0          0.23720
1495.0          0.23824
1496.0          0.23928
1497.0          0.24032
1498.0          0.24136
1499.0          0.24239
1500.0          0.24342
1501.0          0.24445
1502.0          0.24547
1503.0          0.24649
1504.0          0.24752
1505.0          0.24853
1506.0          0.24955
1507.0          0.25056
1508.0          0.25157
1509.0          0.25258
1510.0          0.25358
1511.0          0.25459
1512.0          0.25559
1513.0          0.25658
1514.0          0.25758
1515.0          0.25857
1516.0          0.25956
1517.0          0.26055
1518.0          0.26153
1519.0          0.26251
1520.0          0.26349
1521.0          0.26447
1522.0          0.26544
1523.0          0.26641
1524.0          0.26738
1525.0          0.26835
1526.0          0.26931
1527.0          0.27027
1528.0          0.27123
1529.0          0.27218
1530.0          0.27313
1531.0          0.27408
1532.0          0.27503
1533.0          0.27597
1534.0          0.27691
1535.0          0.27785
1536.0          0.27879
1537.0          0.27972
1538.0          0.28065
1539.0          0.28158
1540.0          0.28250
1541.0          0.28342
1542.0          0.28434
1543.0          0.28526
1544.0          0.28617
1545.0          0.28708
1546.0          0.28799
1547.0          0.28890
1548.0          0.28980
1549.0          0.29070
1550.0          0.29160
1551.0          0.29249
1552.0          0.29338
1553.0          0.29427
1554.0          0.29516
1555.0          0.29604
1556.0          0.29692
1557.0          0.29780
1558.0          0.29867
1559.0          0.29954
1560.0          0.30041
1561.0          0.30128
1562.0          0.30214
1563.0          0.30301
1564.0          0.30386
1565.0          0.30472
1566.0          0.30557
1567.0          0.30642
1568.0          0.30727
1569.0          0.30811
1570.0          0.30896
1571.0          0.30980
1572.0          0.31063
1573.0          0.31147
1574.0          0.31230
1575.0          0.31312
1576.0          0.31395
1577.0          0.31477
1578.0          0.31559
1579.0          0.31641
1580.0          0.31722
1581.0          0.31804
1582.0          0.31885
1583.0          0.31965
1584.0          0.32046
1585.0          0.32126
1586.0          0.32206
1587.0          0.32285
1588.0          0.32364
1589.0          0.32443
1590.0          0.32522
1591.0          0.32601
1592.0          0.32679
1593.0          0.32757
1594.0          0.32835
1595.0          0.32912
1596.0          0.32989
1597.0          0.33066
1598.0          0.33143
1599.0          0.33219
1600.0          0.33295
1601.0          0.33371
1602.0          0.33447
1603.0          0.33522
1604.0          0.33597
1605.0          0.33672
1606.0          0.33746
1607.0          0.33821
1608.0          0.33895
1609.0          0.33968
1610.0          0.34042
1611.0          0.34115
1612.0          0.34188
1613.0          0.34261
1614.0          0.34333
1615.0          0.34406
1616.0          0.34478
1617.0          0.34549
1618.0          0.34621
1619.0          0.34692
1620.0          0.34763
1621.0          0.34834
1622.0          0.34904
1623.0          0.34974
1624.0          0.35044
1625.0          0.35114
1626.0          0.35183
1627.0          0.35253
1628.0          0.35321
1629.0          0.35390
1630.0          0.35459
1631.0          0.35527
1632.0          0.35595
1633.0          0.35663
1634.0          0.35730
1635.0          0.35797
1636.0          0.35864
1637.0          0.35931
1638.0          0.35997
1639.0          0.36064
1640.0          0.36130
1641.0          0.36196
1642.0          0.36261
1643.0          0.36326
1644.0          0.36391
1645.0          0.36456
1646.0          0.36521
1647.0          0.36585
1648.0          0.36649
1649.0          0.36713
1650.0          0.36777
1400.0          0.86790
1401.0          0.86676
1402.0          0.86563
1403.0          0.86449
1404.0          0.86335
1405.0          0.86221
1406.0          0.86107
1407.0          0.85993
1408.0          0.85879
1409.0          0.85764
1410.0          0.85650
1411.0          0.85536
1412.0          0.85421
1413.0          0.85306
1414.0          0.85192
1415.0          0.85077
1416.0          0.84962
1417.0          0.84848
1418.0          0.84733
1419.0          0.84618
1420.0          0.84503
1421.0          0.84388
1422.0          0.84273
1423.0          0.84159
1424.0          0.84044
1425.0          0.83929
1426.0          0.83814
1427.0          0.83699
1428.0          0.83585
1429.0          0.83470
1430.0          0.83355
1431.0          0.83241
1432.0          0.83126
1433.0          0.83011
1434.0          0.82897
1435.0          0.82782
1436.0          0.82668
1437.0          0.82554
1438.0          0.82440
1439.0          0.82326
1440.0          0.82212
1441.0          0.82098
1442.0          0.81984
1443.0          0.81870
1444.0          0.81756
1445.0          0.81643
1446.0          0.81529
1447.0          0.81416
1448.0          0.81303
1449.0          0.81190
1450.0          0.81077
1451.0          0.80964
1452.0          0.80851
1453.0          0.80739
1454.0          0.80627
1455.0          0.80514
1456.0          0.80402
1457.0          0.80290
1458.0          0.80178
1459.0          0.80067
1460.0          0.79955
1461.0          0.79844
1462.0          0.79733
1463.0          0.79622
1464.0          0.79511
1465.0          0.79401
1466.0          0.79290
1467.0          0.79180
1468.0          0.79070
1469.0          0.78960
1470.0          0.78850
1471.0          0.78741
1472.0          0.78631
1473.0          0.78522
1474.0          0.78413
1475.0          0.78305
1476.0          0.78196
1477.0          0.78088
1478.0          0.77980
1479.0          0.77872
1480.0          0.77764
1481.0          0.77657
1482.0          0.77549
1483.0          0.77442
1484.0          0.77336
1485.0          0.77229
1486.0          0.77123
1487.0          0.77016
1488.0          0.76911
1489.0          0.76805
1490.0          0.76699
1491.0          0.76594
1492.0          0.76489
1493.0          0.76385
1494.0          0.76280
1495.0          0.76176
1496.0          0.76072
1497.0          0.75968
1498.0          0.75864
1499.0          0.75761
1500.0          0.75658
1501.0          0.75555
1502.0          0.75453
1503.0          0.75351
1504.0          0.75248
1505.0          0.75147
1506.0          0.75045
1507.0          0.74944
1508.0          0.74843
1509.0          0.74742
1510.0          0.74642
1511.0          0.74541
1512.0          0.74441
1513.0          0.74342
1514.0          0.74242
1515.0          0.74143
1516.0          0.74044
1517.0          0.73945
1518.0          0.73847
1519.0          0.73749
1520.0          0.73651
1521.0          0.73553
1522.0          0.73456
1523.0          0.73359
1524.0          0.73262
1525.0          0.73165
1526.0          0.73069
1527.0          0.72973
1528.0          0.72877
1529.0          0.72782
1530.0          0.72687
1531.0          0.72592
1532.0          0.72497
1533.0          0.72403
1534.0          0.72309
1535.0          0.72215
1536.0          0.72121
1537.0          0.72028
1538.0          0.71935
1539.0          0.71842
1540.0          0.71750
1541.0          0.71658
1542.0          0.71566
1543.0          0.71474
1544.0          0.71383
1545.0          0.71292
1546.0          0.71201
1547.0          0.71110
1548.0          0.71020
1549.0          0.70930
1550.0          0.70840
1551.0          0.70751
1552.0          0.70662
1553.0          0.70573
1554.0          0.70484
1555.0          0.70396
1556.0          0.70308
1557.0          0.70220
1558.0          0.70133
1559.0          0.70046
1560.0          0.69959
1561.0          0.69872
1562.0          0.69786
1563.0          0.69699
1564.0          0.69614
1565.0          0.69528
1566.0          0.69443
1567.0          0.69358
1568.0          0.69273
1569.0          0.69189
1570.0          0.69104
1571.0          0.69020
1572.0          0.68937
1573.0          0.68853
1574.0          0.68770
1575.0          0.68688
1576.0          0.68605
1577.0          0.68523
1578.0          0.68441
1579.0          0.68359
1580.0          0.68278
1581.0          0.68196
1582.0          0.68115
1583.0          0.68035
1584.0          0.67954
1585.0          0.67874
1586.0          0.67794
1587.0          0.67715
1588.0          0.67636
1589.0          0.67557
1590.0          0.67478
1591.0          0.67399
1592.0          0.67321
1593.0          0.67243
1594.0          0.67165
1595.0          0.67088
1596.0          0.67011
1597.0          0.66934
1598.0          0.66857
1599.0          0.66781
1600.0          0.66705
1601.0          0.66629
1602.0          0.66553
1603.0          0.66478
1604.0          0.66403
1605.0          0.66328
1606.0          0.66254
1607.0          0.66179
1608.0          0.66105
1609.0          0.66032
1610.0          0.65958
1611.0          0.65885
1612.0          0.65812
1613.0          0.65739
1614.0          0.65667
1615.0          0.65594
1616.0          0.65522
1617.0          0.65451
1618.0          0.65379
1619.0          0.65308
1620.0          0.65237
1621.0          0.65166
1622.0          0.65096
1623.0          0.65026
1624.0          0.64956
1625.0          0.64886
1626.0          0.64817
1627.0          0.64747
1628.0          0.64679
1629.0          0.64610
1630.0          0.64541
1631.0          0.64473
1632.0          0.64405
1633.0          0.64337
1634.0          0.64270
1635.0          0.64203
1636.0          0.64136
1637.0          0.64069
1638.0          0.64003
1639.0          0.63936
1640.0          0.63870
1641.0          0.63804
1642.0          0.63739
1643.0          0.63674
1644.0          0.63609
1645.0          0.63544
1646.0          0.63479
1647.0          0.63415
1648.0          0.63351
1649.0          0.63287
1650.0          0.63223
1400.0          1.0000
1401.0          1.0000
1402.0          1.0000
1403.0          1.0000
1404.0          1.0000
1405.0          1.0000
1406.0          1.0000
1407.0          1.0000
1408.0          1.0000
1409.0          1.0000
1410.0          1.0000
1411.0          1.0000
1412.0          1.0000
1413.0          1.0000
1414.0          1.0000
1415.0          1.0000
1416.0          1.0000
1417.0          1.0000
1418.0          1.0000
1419.0          1.0000
1420.0          1.0000
1421.0          1.0000
1422.0          1.0000
1423.0          1.0000
1424.0          1.0000
1425.0          1.0000
1426.0          1.0000
1427.0          1.0000
1428.0          1.0000
1429.0          1.0000
1430.0          1.0000
1431.0          1.0000
1432.0          1.0000
1433.0          1.0000
1434.0          1.0000
1435.0          1.0000
1436.0          1.0000
1437.0          1.0000
1438.0          1.0000
1439.0          1.0000
1440.0          1.0000
1441.0          1.0000
1442.0          1.0000
1443.0          1.0000
1444.0          1.0000
1445.0          1.0000
1446.0          1.0000
1447.0          1.0000
1448.0          1.0000
1449.0          1.0000
1450.0          1.0000
1451.0          1.0000
1452.0          1.0000
1453.0          1.0000
1454.0          1.0000
1455.0          1.0000
1456.0          1.0000
1457.0          1.0000
1458.0          1.0000
1459.0          1.0000
1460.0          1.0000
1461.0          1.0000
1462.0          1.0000
1463.0          1.0000
1464.0          1.0000
1465.0          1.0000
1466.0          1.0000
1467.0          1.0000
1468.0          1.0000
1469.0          1.0000
1470.0          1.0000
1471.0          1.0000
1472.0          1.0000
1473.0          1.0000
1474.0          1.0000
1475.0          1.0000
1476.0          1.0000
1477.0          1.0000
1478.0          1.0000
1479.0          1.0000
1480.0          1.0000
1481.0          1.0000
1482.0          1.0000
1483.0          1.0000
1484.0          1.0000
1485.0          1.0000
1486.0          1.0000
1487.0          1.0000
1488.0          1.0000
1489.0          1.0000
1490.0          1.0000
1491.0          1.0000
1492.0          1.0000
1493.0          1.0000
1494.0          1.0000
1495.0          1.0000
1496.0          1.0000
1497.0          1.0000
1498.0          1.0000
1499.0          1.0000
1500.0          1.0000
1501.0          1.0000
1502.0          1.0000
1503.0          1.0000
1504.0          1.0000
1505.0          1.0000
1506.0          1.0000
1507.0          1.0000
1508.0          1.0000
1509.0          1.0000
1510.0          1.0000
1511.0          1.0000
1512.0          1.0000
1513.0          1.0000
1514.0          1.0000
1515.0          1.0000
1516.0          1.0000
1517.0          1.0000
1518.0          1.0000
1519.0          1.0000
1520.0          1.0000
1521.0          1.0000
1522.0          1.0000
1523.0          1.0000
1524.0          1.0000
1525.0          1.0000
1526.0          1.0000
1527.0          1.0000
1528.0          1.0000
1529.0          1.0000
1530.0          1.0000
1531.0          1.0000
1532.0          1.0000
1533.0          1.0000
1534.0          1.0000
1535.0          1.0000
1536.0          1.0000
1537.0          1.0000
1538.0          1.0000
1539.0          1.0000
1540.0          1.0000
1541.0          1.0000
1542.0          1.0000
1543.0          1.0000
1544.0          1.0000
1545.0          1.0000
1546.0          1.0000
1547.0          1.0000
1548.0          1.0000
1549.0          1.0000
1550.0          1.0000
1551.0          1.0000
1552.0          1.0000
1553.0          1.0000
1554.0          1.0000
1555.0          1.0000
1556.0          1.0000
1557.0          1.0000
1558.0          1.0000
1559.0          1.0000
1560.0          1.0000
1561.0          1.0000
1562.0          1.0000
1563.0          1.0000
1564.0          1.0000
1565.0          1.0000
1566.0          1.0000
1567.0          1.0000
1568.0          1.0000
1569.0          1.0000
1570.0          1.0000
1571.0          1.0000
1572.0          1.0000
1573.0          1.0000
1574.0          1.0000
1575.0          1.0000
1576.0          1.0000
1577.0          1.0000
1578.0          1.0000
1579.0          1.0000
1580.0          1.0000
1581.0          1.0000
1582.0          1.0000
1583.0          1.0000
1584.0          1.0000
1585.0          1.0000
1586.0          1.0000
1587.0          1.0000
1588.0          1.0000
1589.0          1.0000
1590.0          1.0000
1591.0          1.0000
1592.0          1.0000
1593.0          1.0000
1594.0          1.0000
1595.0          1.0000
1596.0          1.0000
1597.0          1.0000
1598.0          1.0000
1599.0          1.0000
1600.0          1.0000
1601.0          1.0000
1602.0          1.0000
1603.0          1.0000
1604.0          1.0000
1605.0          1.0000
1606.0          1.0000
1607.0          1.0000
1608.0          1.0000
1609.0          1.0000
1610.0          1.0000
1611.0          1.0000
1612.0          1.0000
1613.0          1.0000
1614.0          1.0000
1615.0          1.0000
1616.0          1.0000
1617.0          1.0000
1618.0          1.0000
1619.0          1.0000
1620.0          1.0000
1621.0          1.0000
1622.0          1.0000
1623.0          1.0000
1624.0          1.0000
1625.0          1.0000
1626.0          1.0000
1627.0          1.0000
1628.0          1.0000
1629.0          1.0000
1630.0          1.0000
1631.0          1.0000
1632.0          1.0000
1633.0          1.0000
1634.0          1.0000
1635.0          1.0000
1636.0          1.0000
1637.0          1.0000
1638.0          1.0000
1639.0          1.0000
1640.0          1.0000
1641.0          1.0000
1642.0          1.0000
1643.0          1.0000
1644.0          1.0000
1645.0          1.0000
1646.0          1.0000
1647.0          1.0000
1648.0          1.0000
1649.0          1.0000
1650.0          1.0000
1400.0          5.5511E-16
1401.0          -6.6613E-16
1402.0          8.8818E-16
1403.0          -2.8866E-15
1404.0          8.8818E-16
1405.0          1.8874E-15
1406.0          2.2204E-15
1407.0          7.7716E-16
1408.0          1.3323E-15
1409.0          -2.2204E-16
1410.0          3.3307E-16
1411.0          -8.8818E-16
1412.0          -2.2204E-15
1413.0          0.0000
1414.0          1.3323E-15
1415.0          -2.8866E-15
1416.0          -2.6645E-15
1417.0          3.7748E-15
1418.0          2.2204E-16
1419.0          -1.5543E-15
1420.0          2.2204E-16
1421.0          1.1102E-16
1422.0          2.4425E-15
1423.0          -8.8818E-16
1424.0          6.6613E-16
1425.0          -1.1102E-15
1426.0          2.1094E-15
1427.0          4.1078E-15
1428.0          0.0000
1429.0          -2.2204E-15
1430.0          -1.5543E-15
1431.0          1.3323E-15
1432.0          -6.6613E-16
1433.0          2.2204E-16
1434.0          1.5543E-15
1435.0          1.8874E-15
1436.0          1.1102E-15
1437.0          -1.3323E-15
1438.0          -4.4409E-16
1439.0          -1.1102E-15
1440.0          2.2204E-16
1441.0          2.9976E-15
1442.0          -1.5543E-15
1443.0          2.6645E-15
1444.0          -2.2204E-15
1445.0          1.9984E-15
1446.0          6.6613E-16
1447.0          2.3315E-15
1448.0          2.3315E-15
1449.0          1.5543E-15
1450.0          -1.5543E-15
1451.0          -4.4409E-16
1452.0          0.0000
1453.0          -2.2204E-16
1454.0          3.5527E-15
1455.0          3.3307E-16
1456.0          -2.2204E-16
1457.0          0.0000
1458.0          -1.7764E-15
1459.0          8.8818E-16
1460.0          0.0000
1461.0          -1.1102E-15
1462.0          -1.7764E-15
1463.0          1.7764E-15
1464.0          -1.3323E-15
1465.0          6.6613E-16
1466.0          -8.8818E-16
1467.0          2.2204E-16
1468.0          1.1102E-15
1469.0          2.2204E-15
1470.0          1.2212E-15
1471.0          -3.3307E-15
1472.0          1.1102E-16
1473.0          -4.4409E-16
1474.0          -6.6613E-16
1475.0          -6.6613E-16
1476.0          -1.7764E-15
1477.0          7.7716E-16
1478.0          1.1102E-16
1479.0          4.4409E-16
1480.0          6.6613E-16
1481.0          1.7764E-15
1482.0          -2.6645E-15
1483.0          -1.1102E-15
1484.0          -2.8866E-15
1485.0          2.1094E-15
1486.0          -4.4409E-16
1487.0          -8.8818E-16
1488.0          -1.1102E-15
1489.0          2.4425E-15
1490.0          2.2204E-16
1491.0          -2.2204E-16
1492.0          0.0000
1493.0          7.7716E-16
1494.0          2.9976E-15
1495.0          -1.3323E-15
1496.0          -1.3323E-15
1497.0          4.4409E-16
1498.0          1.7764E-15
1499.0          -2.2204E-15
1500.0          -1.5543E-15
1501.0          3.3307E-16
1502.0          1.9984E-15
1503.0          1.3323E-15
1504.0          6.6613E-16
1505.0          -2.2204E-15
1506.0          1.1102E-15
1507.0          1.9984E-15
1508.0          2.8866E-15
1509.0          4.4409E-16
1510.0          -4.4409E-16
1511.0          7.7716E-16
1512.0          0.0000
1513.0          -2.2204E-15
1514.0          -1.5543E-15
1515.0          -1.5543E-15
1516.0          4.4409E-16
1517.0          -2.2204E-16
1518.0          -6.6613E-16
1519.0          -2.6645E-15
1520.0          3.1086E-15
1521.0          2.2204E-15
1522.0          1.7764E-15
1523.0          -1.5543E-15
1524.0          1.4433E-15
1525.0          7.7716E-16
1526.0          -1.9984E-15
1527.0          6.6613E-16
1528.0          5.3291E-15
1529.0          1.9984E-15
1530.0          -1.5543E-15
1531.0          -1.3323E-15
1532.0          -1.5543E-15
1533.0          2.2204E-15
1534.0          9.9920E-16
1535.0          2.2204E-15
1536.0          -8.8818E-16
1537.0          4.4409E-16
1538.0          1.8874E-15
1539.0          -1.7764E-15
1540.0          0.0000
1541.0          4.4409E-16
1542.0          -2.8866E-15
1543.0          1.1102E-15
1544.0          5.5511E-16
1545.0          -2.2204E-15
1546.0          -8.8818E-16
1547.0          -1.7764E-15
1548.0          1.1102E-15
1549.0          0.0000
1550.0          1.3323E-15
1551.0          8.8818E-16
1552.0          -1.3323E-15
1553.0          1.2212E-15
1554.0          3.1086E-15
1555.0          0.0000
1556.0          -2.4425E-15
1557.0          8.8818E-16
1558.0          2.6645E-15
1559.0          -1.7764E-15
1560.0          -8.8818E-16
1561.0          -1.3323E-15
1562.0          1.5543E-15
1563.0          2.2204E-16
1564.0          -4.4409E-16
1565.0          -1.7764E-15
1566.0          3.9968E-15
1567.0          2.2204E-16
1568.0          2.4425E-15
1569.0          2.2204E-15
1570.0          1.9984E-15
1571.0          1.5543E-15
1572.0          2.5535E-15
1573.0          -3.3307E-15
1574.0          -1.7764E-15
1575.0          2.2204E-16
1576.0          -2.4425E-15
1577.0          0.0000
1578.0          1.1102E-15
1579.0          -8.8818E-16
1580.0          -6.6613E-16
1581.0          6.6613E-16
1582.0          -8.8818E-16
1583.0          0.0000
1584.0          6.6613E-16
1585.0          -1.3323E-15
1586.0          4.4409E-16
1587.0          3.7748E-15
1588.0          0.0000
1589.0          1.5543E-15
1590.0          5.5511E-16
1591.0          -1.5543E-15
1592.0          2.6645E-15
1593.0          1.7764E-15
1594.0          1.1102E-15
1595.0          1.8874E-15
1596.0          1.1102E-15
1597.0          -4.4409E-16
1598.0          6.2172E-15
1599.0          4.4409E-16
1600.0          3.2196E-15
1601.0          9.9920E-16
1602.0          1.5543E-15
1603.0          3.3307E-16
1604.0          3.7748E-15
1605.0          -1.5543E-15
1606.0          -4.4409E-16
1607.0          -3.5527E-15
1608.0          5.5511E-16
1609.0          -6.6613E-16
1610.0          2.2204E-16
1611.0          1.7764E-15
1612.0          2.2204E-16
1613.0          8.8818E-16
1614.0          3.3307E-15
1615.0          3.3307E-16
1616.0          -3.9968E-15
1617.0          3.9968E-15
1618.0          -3.1086E-15
1619.0          3.6637E-15
1620.0          3.3307E-15
1621.0          -2.2204E-15
1622.0          -1.9984E-15
1623.0          3.1086E-15
1624.0          1.1102E-15
1625.0          2.4425E-15
1626.0          8.8818E-16
1627.0          -1.5543E-15
1628.0          -8.8818E-16
1629.0          -8.8818E-16
1630.0          8.8818E-16
1631.0          6.6613E-16
1632.0          -4.4409E-15
1633.0          -1.1102E-15
1634.0          -4.4409E-16
1635.0          2.2204E-16
1636.0          -2.6645E-15
1637.0          3.1086E-15
1638.0          2.2204E-16
1639.0          3.3307E-16
1640.0          4.4409E-16
1641.0          -8.8818E-16
1642.0          6.6613E-16
1643.0          -4.4409E-16
1644.0          8.8818E-16
1645.0          -1.1102E-15
1646.0          -1.5543E-15
1647.0          -6.6613E-16
1648.0          -1.5543E-15
1649.0          -1.7764E-15
1650.0          8.8818E-16
