1400.0          0.12482
1401.0          0.12538
1402.0          0.12599
1403.0          0.12665
1404.0          0.12737
1405.0          0.12815
1406.0          0.12899
1407.0          0.12989
1408.0          0.13086
1409.0          0.13189
1410.0          0.13300
1411.0          0.13419
1412.0          0.13545
1413.0          0.13680
1414.0          0.13823
1415.0          0.13976
1416.0          0.14138
1417.0          0.14310
1418.0          0.14493
1419.0          0.14687
1420.0          0.14892
1421.0          0.15110
1422.0          0.15341
1423.0          0.15585
1424.0          0.15844
1425.0          0.16118
1426.0          0.16408
1427.0          0.16715
1428.0          0.17039
1429.0          0.17382
1430.0          0.17745
1431.0          0.18128
1432.0          0.18533
1433.0          0.18961
1434.0          0.19414
1435.0          0.19892
1436.0          0.20397
1437.0          0.20930
1438.0          0.21493
1439.0          0.22087
1440.0          0.22714
1441.0          0.23376
1442.0          0.24074
1443.0          0.24810
1444.0          0.25586
1445.0          0.26403
1446.0          0.27264
1447.0          0.28171
1448.0          0.29124
1449.0          0.30127
1450.0          0.31181
1451.0          0.32287
1452.0          0.33448
1453.0          0.34664
1454.0          0.35939
1455.0          0.37271
1456.0          0.38664
1457.0          0.40117
1458.0          0.41631
1459.0          0.43207
1460.0          0.44843
1461.0          0.46539
1462.0          0.48294
1463.0          0.50107
1464.0          0.51973
1465.0          0.53892
1466.0          0.55858
1467.0          0.57867
1468.0          0.59914
1469.0          0.61993
1470.0          0.64097
1471.0          0.66218
1472.0          0.68348
1473.0          0.70478
1474.0          0.72600
1475.0          0.74702
1476.0          0.76775
1477.0          0.78809
1478.0          0.80793
1479.0          0.82717
1480.0          0.84572
1481.0          0.86347
1482.0          0.88035
1483.0          0.89627
1484.0          0.91117
1485.0          0.92498
1486.0          0.93766
1487.0          0.94917
1488.0          0.95948
1489.0          0.96859
1490.0          0.97649
1491.0          0.98320
1492.0          0.98872
1493.0          0.99310
1494.0          0.99637
1495.0          0.99856
1496.0          0.99975
1497.0          0.99997
1498.0          0.99929
1499.0          0.99776
1500.0          0.99546
1501.0          0.99244
1502.0          0.98877
1503.0          0.98450
1504.0          0.97970
1505.0          0.97443
1506.0          0.96874
1507.0          0.96268
1508.0          0.95631
1509.0          0.94966
1510.0          0.94279
1511.0          0.93572
1512.0          0.92851
1513.0          0.92118
1514.0          0.91377
1515.0          0.90630
1516.0          0.89880
1517.0          0.89128
1518.0          0.88378
1519.0          0.87631
1520.0          0.86888
1521.0          0.86151
1522.0          0.85421
1523.0          0.84700
1524.0          0.83987
1525.0          0.83285
1526.0          0.82593
1527.0          0.81912
1528.0          0.81243
1529.0          0.80586
1530.0          0.79942
1531.0          0.79309
1532.0          0.78690
1533.0          0.78083
1534.0          0.77489
1535.0          0.76908
1536.0          0.76340
1537.0          0.75785
1538.0          0.75242
1539.0          0.74712
1540.0          0.74194
1541.0          0.73688
1542.0          0.73195
1543.0          0.72713
1544.0          0.72243
1545.0          0.71785
1546.0          0.71337
1547.0          0.70901
1548.0          0.70476
1549.0          0.70061
1550.0          0.69657
1551.0          0.69262
1552.0          0.68878
1553.0          0.68503
1554.0          0.68138
1555.0          0.67782
1556.0          0.67435
1557.0          0.67097
1558.0          0.66768
1559.0          0.66446
1560.0          0.66133
1561.0          0.65828
1562.0          0.65531
1563.0          0.65241
1564.0          0.64958
1565.0          0.64683
1566.0          0.64414
1567.0          0.64153
1568.0          0.63898
1569.0          0.63649
1570.0          0.63407
1571.0          0.63171
1572.0          0.62940
1573.0          0.62716
1574.0          0.62497
1575.0          0.62284
1576.0          0.62076
1577.0          0.61873
1578.0          0.61675
1579.0          0.61483
1580.0          0.61295
1581.0          0.61112
1582.0          0.60933
1583.0          0.60759
1584.0          0.60589
1585.0          0.60423
1586.0          0.60261
1587.0          0.60104
1588.0          0.59950
1589.0          0.59800
1590.0          0.59654
1591.0          0.59512
1592.0          0.59373
1593.0          0.59237
1594.0          0.59105
1595.0          0.58976
1596.0          0.58850
1597.0          0.58727
1598.0          0.58607
1599.0          0.58491
1600.0          0.58377
1601.0          0.58266
1602.0          0.58157
1603.0          0.58052
1604.0          0.57948
1605.0          0.57848
1606.0          0.57750
1607.0          0.57654
1608.0          0.57561
1609.0          0.57469
1610.0          0.57381
1611.0          0.57294
1612.0          0.57209
1613.0          0.57127
1614.0          0.57046
1615.0          0.56968
1616.0          0.56891
1617.0          0.56817
1618.0          0.56744
1619.0          0.56673
1620.0          0.56604
1621.0          0.56536
1622.0          0.56470
1623.0          0.56406
1624.0          0.56343
1625.0          0.56282
1626.0          0.56222
1627.0          0.56164
1628.0          0.56108
1629.0          0.56052
1630.0          0.55999
1631.0          0.55946
1632.0          0.55895
1633.0          0.55845
1634.0          0.55796
1635.0          0.55749
1636.0          0.55703
1637.0          0.55658
1638.0          0.55614
1639.0          0.55571
1640.0          0.55529
1641.0          0.55488
1642.0          0.55449
1643.0          0.55410
1644.0          0.55373
1645.0          0.55336
1646.0          0.55300
1647.0          0.55266
1648.0          0.55232
1649.0          0.55199
1650.0          0.55167
1400.0          0.87518
1401.0          0.87462
1402.0          0.87401
1403.0          0.87335
1404.0          0.87263
1405.0          0.87185
1406.0          0.87101
1407.0          0.87011
1408.0          0.86914
1409.0          0.86811
1410.0          0.86700
1411.0          0.86581
1412.0          0.86455
1413.0          0.86320
1414.0          0.86177
1415.0          0.86024
1416.0          0.85862
1417.0          0.85690
1418.0          0.85507
1419.0          0.85313
1420.0          0.85108
1421.0          0.84890
1422.0          0.84659
1423.0          0.84415
1424.0          0.84156
1425.0          0.83882
1426.0          0.83592
1427.0          0.83285
1428.0          0.82961
1429.0          0.82618
1430.0          0.82255
1431.0          0.81872
1432.0          0.81467
1433.0          0.81039
1434.0          0.80586
1435.0          0.80108
1436.0          0.79603
1437.0          0.79070
1438.0          0.78507
1439.0          0.77913
1440.0          0.77286
1441.0          0.76624
1442.0          0.75926
1443.0          0.75190
1444.0          0.74414
1445.0          0.73597
1446.0          0.72736
1447.0          0.71829
1448.0          0.70876
1449.0          0.69873
1450.0          0.68819
1451.0          0.67713
1452.0          0.66552
1453.0          0.65336
1454.0          0.64061
1455.0          0.62729
1456.0          0.61336
1457.0          0.59883
1458.0          0.58369
1459.0          0.56793
1460.0          0.55157
1461.0          0.53461
1462.0          0.51706
1463.0          0.49893
1464.0          0.48027
1465.0          0.46108
1466.0          0.44142
1467.0          0.42133
1468.0          0.40086
1469.0          0.38007
1470.0          0.35903
1471.0          0.33782
1472.0          0.31652
1473.0          0.29522
1474.0          0.27400
1475.0          0.25298
1476.0          0.23225
1477.0          0.21191
1478.0          0.19207
1479.0          0.17283
1480.0          0.15428
1481.0          0.13653
1482.0          0.11965
1483.0          0.10373
1484.0          0.088834
1485.0          0.075022
1486.0          0.062344
1487.0          0.050834
1488.0          0.040518
1489.0          0.031409
1490.0          0.023507
1491.0          0.016804
1492.0          0.011278
1493.0          0.0069006
1494.0          0.0036347
1495.0          0.0014357
1496.0          2.5300E-4
1497.0          3.1752E-5
1498.0          7.1333E-4
1499.0          0.0022367
1500.0          0.0045396
1501.0          0.0075589
1502.0          0.011232
1503.0          0.015498
1504.0          0.020296
1505.0          0.025568
1506.0          0.031260
1507.0          0.037319
1508.0          0.043695
1509.0          0.050341
1510.0          0.057215
1511.0          0.064276
1512.0          0.071488
1513.0          0.078816
1514.0          0.086229
1515.0          0.093701
1516.0          0.10120
1517.0          0.10872
1518.0          0.11622
1519.0          0.12369
1520.0          0.13112
1521.0          0.13849
1522.0          0.14579
1523.0          0.15300
1524.0          0.16013
1525.0          0.16715
1526.0          0.17407
1527.0          0.18088
1528.0          0.18757
1529.0          0.19414
1530.0          0.20058
1531.0          0.20691
1532.0          0.21310
1533.0          0.21917
1534.0          0.22511
1535.0          0.23092
1536.0          0.23660
1537.0          0.24215
1538.0          0.24758
1539.0          0.25288
1540.0          0.25806
1541.0          0.26312
1542.0          0.26805
1543.0          0.27287
1544.0          0.27757
1545.0          0.28215
1546.0          0.28663
1547.0          0.29099
1548.0          0.29524
1549.0          0.29939
1550.0          0.30343
1551.0          0.30738
1552.0          0.31122
1553.0          0.31497
1554.0          0.31862
1555.0          0.32218
1556.0          0.32565
1557.0          0.32903
1558.0          0.33232
1559.0          0.33554
1560.0          0.33867
1561.0          0.34172
1562.0          0.34469
1563.0          0.34759
1564.0          0.35042
1565.0          0.35317
1566.0          0.35586
1567.0          0.35847
1568.0          0.36102
1569.0          0.36351
1570.0          0.36593
1571.0          0.36829
1572.0          0.37060
1573.0          0.37284
1574.0          0.37503
1575.0          0.37716
1576.0          0.37924
1577.0          0.38127
1578.0          0.38325
1579.0          0.38517
1580.0          0.38705
1581.0          0.38888
1582.0          0.39067
1583.0          0.39241
1584.0          0.39411
1585.0          0.39577
1586.0          0.39739
1587.0          0.39896
1588.0          0.40050
1589.0          0.40200
1590.0          0.40346
1591.0          0.40488
1592.0          0.40627
1593.0          0.40763
1594.0          0.40895
1595.0          0.41024
1596.0          0.41150
1597.0          0.41273
1598.0          0.41393
1599.0          0.41509
1600.0          0.41623
1601.0          0.41734
1602.0          0.41843
1603.0          0.41948
1604.0          0.42052
1605.0          0.42152
1606.0          0.42250
1607.0          0.42346
1608.0          0.42439
1609.0          0.42531
1610.0          0.42619
1611.0          0.42706
1612.0          0.42791
1613.0          0.42873
1614.0          0.42954
1615.0          0.43032
1616.0          0.43109
1617.0          0.43183
1618.0          0.43256
1619.0          0.43327
1620.0          0.43396
1621.0          0.43464
1622.0          0.43530
1623.0          0.43594
1624.0          0.43657
1625.0          0.43718
1626.0          0.43778
1627.0          0.43836
1628.0          0.43892
1629.0          0.43948
1630.0          0.44001
1631.0          0.44054
1632.0          0.44105
1633.0          0.44155
1634.0          0.44204
1635.0          0.44251
1636.0          0.44297
1637.0          0.44342
1638.0          0.44386
1639.0          0.44429
1640.0          0.44471
1641.0          0.44512
1642.0          0.44551
1643.0          0.44590
1644.0          0.44627
1645.0          0.44664
1646.0          0.44700
1647.0          0.44734
1648.0          0.44768
1649.0          0.44801
1650.0          0.44833
1400.0          1.0000
1401.0          1.0000
1402.0          1.0000
1403.0          1.0000
1404.0          1.0000
1405.0          1.0000
1406.0          1.0000
1407.0          1.0000
1408.0          1.0000
1409.0          1.0000
1410.0          1.0000
1411.0          1.0000
1412.0          1.0000
1413.0          1.0000
1414.0          1.0000
1415.0          1.0000
1416.0          1.0000
1417.0          1.0000
1418.0          1.0000
1419.0          1.0000
1420.0          1.0000
1421.0          1.0000
1422.0          1.0000
1423.0          1.0000
1424.0          1.0000
1425.0          1.0000
1426.0          1.0000
1427.0          1.0000
1428.0          1.0000
1429.0          1.0000
1430.0          1.0000
1431.0          1.0000
1432.0          1.0000
1433.0          1.0000
1434.0          1.0000
1435.0          1.0000
1436.0          1.0000
1437.0          1.0000
1438.0          1.0000
1439.0          1.0000
1440.0          1.0000
1441.0          1.0000
1442.0          1.0000
1443.0          1.0000
1444.0          1.0000
1445.0          1.0000
1446.0          1.0000
1447.0          1.0000
1448.0          1.0000
1449.0          1.0000
1450.0          1.0000
1451.0          1.0000
1452.0          1.0000
1453.0          1.0000
1454.0          1.0000
1455.0          1.0000
1456.0          1.0000
1457.0          1.0000
1458.0          1.0000
1459.0          1.0000
1460.0          1.0000
1461.0          1.0000
1462.0          1.0000
1463.0          1.0000
1464.0          1.0000
1465.0          1.0000
1466.0          1.0000
1467.0          1.0000
1468.0          1.0000
1469.0          1.0000
1470.0          1.0000
1471.0          1.0000
1472.0          1.0000
1473.0          1.0000
1474.0          1.0000
1475.0          1.0000
1476.0          1.0000
1477.0          1.0000
1478.0          1.0000
1479.0          1.0000
1480.0          1.0000
1481.0          1.0000
1482.0          1.0000
1483.0          1.0000
1484.0          1.0000
1485.0          1.0000
1486.0          1.0000
1487.0          1.0000
1488.0          1.0000
1489.0          1.0000
1490.0          1.0000
1491.0          1.0000
1492.0          1.0000
1493.0          1.0000
1494.0          1.0000
1495.0          1.0000
1496.0          1.0000
1497.0          1.0000
1498.0          1.0000
1499.0          1.0000
1500.0          1.0000
1501.0          1.0000
1502.0          1.0000
1503.0          1.0000
1504.0          1.0000
1505.0          1.0000
1506.0          1.0000
1507.0          1.0000
1508.0          1.0000
1509.0          1.0000
1510.0          1.0000
1511.0          1.0000
1512.0          1.0000
1513.0          1.0000
1514.0          1.0000
1515.0          1.0000
1516.0          1.0000
1517.0          1.0000
1518.0          1.0000
1519.0          1.0000
1520.0          1.0000
1521.0          1.0000
1522.0          1.0000
1523.0          1.0000
1524.0          1.0000
1525.0          1.0000
1526.0          1.0000
1527.0          1.0000
1528.0          1.0000
1529.0          1.0000
1530.0          1.0000
1531.0          1.0000
1532.0          1.0000
1533.0          1.0000
1534.0          1.0000
1535.0          1.0000
1536.0          1.0000
1537.0          1.0000
1538.0          1.0000
1539.0          1.0000
1540.0          1.0000
1541.0          1.0000
1542.0          1.0000
1543.0          1.0000
1544.0          1.0000
1545.0          1.0000
1546.0          1.0000
1547.0          1.0000
1548.0          1.0000
1549.0          1.0000
1550.0          1.0000
1551.0          1.0000
1552.0          1.0000
1553.0          1.0000
1554.0          1.0000
1555.0          1.0000
1556.0          1.0000
1557.0          1.0000
1558.0          1.0000
1559.0          1.0000
1560.0          1.0000
1561.0          1.0000
1562.0          1.0000
1563.0          1.0000
1564.0          1.0000
1565.0          1.0000
1566.0          1.0000
1567.0          1.0000
1568.0          1.0000
1569.0          1.0000
1570.0          1.0000
1571.0          1.0000
1572.0          1.0000
1573.0          1.0000
1574.0          1.0000
1575.0          1.0000
1576.0          1.0000
1577.0          1.0000
1578.0          1.0000
1579.0          1.0000
1580.0          1.0000
1581.0          1.0000
1582.0          1.0000
1583.0          1.0000
1584.0          1.0000
1585.0          1.0000
1586.0          1.0000
1587.0          1.0000
1588.0          1.0000
1589.0          1.0000
1590.0          1.0000
1591.0          1.0000
1592.0          1.0000
1593.0          1.0000
1594.0          1.0000
1595.0          1.0000
1596.0          1.0000
1597.0          1.0000
1598.0          1.0000
1599.0          1.0000
1600.0          1.0000
1601.0          1.0000
1602.0          1.0000
1603.0          1.0000
1604.0          1.0000
1605.0          1.0000
1606.0          1.0000
1607.0          1.0000
1608.0          1.0000
1609.0          1.0000
1610.0          1.0000
1611.0          1.0000
1612.0          1.0000
1613.0          1.0000
1614.0          1.0000
1615.0          1.0000
1616.0          1.0000
1617.0          1.0000
1618.0          1.0000
1619.0          1.0000
1620.0          1.0000
1621.0          1.0000
1622.0          1.0000
1623.0          1.0000
1624.0          1.0000
1625.0          1.0000
1626.0          1.0000
1627.0          1.0000
1628.0          1.0000
1629.0          1.0000
1630.0          1.0000
1631.0          1.0000
1632.0          1.0000
1633.0          1.0000
1634.0          1.0000
1635.0          1.0000
1636.0          1.0000
1637.0          1.0000
1638.0          1.0000
1639.0          1.0000
1640.0          1.0000
1641.0          1.0000
1642.0          1.0000
1643.0          1.0000
1644.0          1.0000
1645.0          1.0000
1646.0          1.0000
1647.0          1.0000
1648.0          1.0000
1649.0          1.0000
1650.0          1.0000
1400.0          -1.7764E-15
1401.0          3.2196E-15
1402.0          -2.2204E-16
1403.0          1.5543E-15
1404.0          -1.7764E-15
1405.0          1.5543E-15
1406.0          -1.7764E-15
1407.0          -4.4409E-16
1408.0          1.1102E-15
1409.0          4.4409E-16
1410.0          1.5543E-15
1411.0          -1.9984E-15
1412.0          -2.8866E-15
1413.0          -3.5527E-15
1414.0          3.3307E-16
1415.0          -6.6613E-16
1416.0          1.4433E-15
1417.0          3.1086E-15
1418.0          -4.4409E-16
1419.0          1.9984E-15
1420.0          1.4433E-15
1421.0          1.3323E-15
1422.0          -6.6613E-16
1423.0          1.7764E-15
1424.0          -4.4409E-16
1425.0          -2.2204E-16
1426.0          -1.3323E-15
1427.0          2.3315E-15
1428.0          -1.1102E-15
1429.0          -4.4409E-16
1430.0          1.5543E-15
1431.0          -2.4425E-15
1432.0          0.0000
1433.0          2.1094E-15
1434.0          6.6613E-16
1435.0          -1.5543E-15
1436.0          2.4425E-15
1437.0          1.4433E-15
1438.0          1.2212E-15
1439.0          9.9920E-16
1440.0          3.7748E-15
1441.0          -1.3323E-15
1442.0          -6.6613E-16
1443.0          -6.6613E-16
1444.0          -2.2204E-16
1445.0          2.8866E-15
1446.0          2.3315E-15
1447.0          -2.2204E-16
1448.0          -2.6645E-15
1449.0          -1.9984E-15
1450.0          1.5543E-15
1451.0          1.3323E-15
1452.0          -3.1086E-15
1453.0          -1.1102E-15
1454.0          1.9984E-15
1455.0          1.9984E-15
1456.0          2.4425E-15
1457.0          -1.5543E-15
1458.0          -2.8866E-15
1459.0          -5.5511E-15
1460.0          -2.6645E-15
1461.0          3.9968E-15
1462.0          -2.8866E-15
1463.0          3.9968E-15
1464.0          3.3307E-16
1465.0          -8.8818E-16
1466.0          -1.5543E-15
1467.0          5.2180E-15
1468.0          3.9968E-15
1469.0          1.8874E-15
1470.0          -3.9968E-15
1471.0          9.5479E-15
1472.0          -6.8834E-15
1473.0          2.9976E-15
1474.0          2.6645E-15
1475.0          -2.6645E-15
1476.0          4.2188E-15
1477.0          -2.2204E-16
1478.0          -4.6629E-15
1479.0          5.5511E-16
1480.0          -2.8866E-15
1481.0          1.4433E-15
1482.0          -1.1102E-15
1483.0          -1.1102E-14
1484.0          -5.9952E-15
1485.0          0.0000
1486.0          2.2204E-15
1487.0          0.0000
1488.0          5.6621E-15
1489.0          2.2204E-15
1490.0          1.9984E-15
1491.0          0.0000
1492.0          9.9920E-16
1493.0          -1.9984E-15
1494.0          1.6653E-15
1495.0          3.8858E-15
1496.0          -1.3323E-15
1497.0          -3.3307E-15
1498.0          -2.2204E-16
1499.0          2.6645E-15
1500.0          6.5503E-15
1501.0          3.3307E-16
1502.0          2.2204E-16
1503.0          -6.6613E-16
1504.0          4.4409E-16
1505.0          1.9984E-15
1506.0          -3.1086E-15
1507.0          2.2204E-16
1508.0          2.5535E-15
1509.0          6.6613E-16
1510.0          2.9976E-15
1511.0          -1.9984E-15
1512.0          1.8874E-15
1513.0          1.3323E-15
1514.0          2.2204E-15
1515.0          1.9984E-15
1516.0          1.8874E-15
1517.0          6.1062E-15
1518.0          0.0000
1519.0          5.2180E-15
1520.0          -1.1102E-15
1521.0          -8.4377E-15
1522.0          -1.1102E-15
1523.0          -1.1102E-15
1524.0          1.2212E-15
1525.0          2.8866E-15
1526.0          8.2157E-15
1527.0          4.4409E-16
1528.0          -6.6613E-16
1529.0          2.7756E-15
1530.0          2.8866E-15
1531.0          3.1086E-15
1532.0          -1.3323E-15
1533.0          -6.6613E-16
1534.0          3.9968E-15
1535.0          -1.7764E-15
1536.0          -1.7764E-15
1537.0          2.1094E-15
1538.0          -4.4409E-16
1539.0          1.1102E-16
1540.0          6.6613E-16
1541.0          -8.8818E-16
1542.0          -6.2172E-15
1543.0          4.4409E-15
1544.0          1.3323E-15
1545.0          0.0000
1546.0          -1.1102E-15
1547.0          1.7764E-15
1548.0          -6.6613E-16
1549.0          -8.8818E-16
1550.0          -1.1102E-15
1551.0          -3.9968E-15
1552.0          3.7748E-15
1553.0          2.6645E-15
1554.0          -2.2204E-15
1555.0          2.2204E-16
1556.0          3.3307E-15
1557.0          -2.4425E-15
1558.0          2.4425E-15
1559.0          -1.1102E-15
1560.0          3.3307E-15
1561.0          -3.3307E-15
1562.0          -1.9984E-15
1563.0          1.7764E-15
1564.0          1.1102E-15
1565.0          2.1094E-15
1566.0          1.9984E-15
1567.0          -5.3291E-15
1568.0          3.4417E-15
1569.0          1.3323E-15
1570.0          2.2204E-15
1571.0          4.4409E-16
1572.0          -3.5527E-15
1573.0          -3.3307E-15
1574.0          1.2212E-15
1575.0          3.3307E-16
1576.0          -1.7764E-15
1577.0          1.3323E-15
1578.0          -1.1102E-15
1579.0          2.6645E-15
1580.0          -2.2204E-15
1581.0          5.5511E-16
1582.0          4.4409E-16
1583.0          1.7764E-15
1584.0          -3.1086E-15
1585.0          1.7764E-15
1586.0          -1.5543E-15
1587.0          -1.5543E-15
1588.0          2.2204E-15
1589.0          -8.8818E-16
1590.0          1.1102E-15
1591.0          -4.2188E-15
1592.0          -1.7764E-15
1593.0          8.8818E-16
1594.0          -1.5543E-15
1595.0          -8.8818E-16
1596.0          5.5511E-16
1597.0          -2.6645E-15
1598.0          -8.8818E-16
1599.0          -1.3323E-15
1600.0          8.8818E-16
1601.0          7.7716E-16
1602.0          1.1102E-16
1603.0          -8.8818E-16
1604.0          2.1094E-15
1605.0          1.1102E-15
1606.0          4.4409E-16
1607.0          -2.2204E-15
1608.0          -1.5543E-15
1609.0          6.6613E-16
1610.0          1.3323E-15
1611.0          3.1086E-15
1612.0          -8.8818E-16
1613.0          -1.3323E-15
1614.0          6.6613E-16
1615.0          -1.9984E-15
1616.0          -1.5543E-15
1617.0          1.6653E-15
1618.0          -3.5527E-15
1619.0          3.3307E-16
1620.0          3.9968E-15
1621.0          1.3323E-15
1622.0          -1.3323E-15
1623.0          0.0000
1624.0          -5.7732E-15
1625.0          5.7732E-15
1626.0          -3.1086E-15
1627.0          -1.9984E-15
1628.0          -3.3307E-15
1629.0          -4.4409E-16
1630.0          -2.2204E-16
1631.0          -8.8818E-16
1632.0          1.9984E-15
1633.0          7.6605E-15
1634.0          5.5511E-16
1635.0          0.0000
1636.0          -8.8818E-16
1637.0          5.5511E-16
1638.0          0.0000
1639.0          1.1990E-14
1640.0          1.7764E-14
1641.0          4.8850E-15
1642.0          7.4385E-15
1643.0          -1.3323E-15
1644.0          -5.3291E-15
1645.0          1.0880E-14
1646.0          -1.2212E-14
1647.0          -1.5543E-15
1648.0          -2.6645E-15
1649.0          3.1086E-15
1650.0          3.4417E-15
