1400.0          0.037870
1401.0          0.037595
1402.0          0.037334
1403.0          0.037086
1404.0          0.036852
1405.0          0.036633
1406.0          0.036426
1407.0          0.036234
1408.0          0.036055
1409.0          0.035890
1410.0          0.035739
1411.0          0.035601
1412.0          0.035476
1413.0          0.035365
1414.0          0.035268
1415.0          0.035184
1416.0          0.035113
1417.0          0.035056
1418.0          0.035012
1419.0          0.034981
1420.0          0.034964
1421.0          0.034959
1422.0          0.034968
1423.0          0.034990
1424.0          0.035024
1425.0          0.035072
1426.0          0.035132
1427.0          0.035205
1428.0          0.035291
1429.0          0.035390
1430.0          0.035501
1431.0          0.035625
1432.0          0.035761
1433.0          0.035910
1434.0          0.036071
1435.0          0.036245
1436.0          0.036430
1437.0          0.036628
1438.0          0.036838
1439.0          0.037060
1440.0          0.037294
1441.0          0.037539
1442.0          0.037797
1443.0          0.038066
1444.0          0.038347
1445.0          0.038640
1446.0          0.038944
1447.0          0.039259
1448.0          0.039586
1449.0          0.039924
1450.0          0.040274
1451.0          0.040634
1452.0          0.041006
1453.0          0.041388
1454.0          0.041781
1455.0          0.042185
1456.0          0.042600
1457.0          0.043026
1458.0          0.043462
1459.0          0.043908
1460.0          0.044365
1461.0          0.044832
1462.0          0.045309
1463.0          0.045797
1464.0          0.046294
1465.0          0.046802
1466.0          0.047319
1467.0          0.047846
1468.0          0.048383
1469.0          0.048929
1470.0          0.049485
1471.0          0.050051
1472.0          0.050625
1473.0          0.051209
1474.0          0.051802
1475.0          0.052404
1476.0          0.053016
1477.0          0.053636
1478.0          0.054265
1479.0          0.054902
1480.0          0.055548
1481.0          0.056203
1482.0          0.056866
1483.0          0.057538
1484.0          0.058218
1485.0          0.058905
1486.0          0.059602
1487.0          0.060306
1488.0          0.061018
1489.0          0.061737
1490.0          0.062465
1491.0          0.063200
1492.0          0.063943
1493.0          0.064693
1494.0          0.065451
1495.0          0.066216
1496.0          0.066988
1497.0          0.067767
1498.0          0.068553
1499.0          0.069346
1500.0          0.070146
1501.0          0.070953
1502.0          0.071766
1503.0          0.072586
1504.0          0.073413
1505.0          0.074245
1506.0          0.075085
1507.0          0.075930
1508.0          0.076782
1509.0          0.077639
1510.0          0.078503
1511.0          0.079372
1512.0          0.080248
1513.0          0.081129
1514.0          0.082015
1515.0          0.082908
1516.0          0.083805
1517.0          0.084708
1518.0          0.085617
1519.0          0.086530
1520.0          0.087449
1521.0          0.088373
1522.0          0.089302
1523.0          0.090235
1524.0          0.091174
1525.0          0.092117
1526.0          0.093065
1527.0          0.094017
1528.0          0.094974
1529.0          0.095935
1530.0          0.096901
1531.0          0.097871
1532.0          0.098845
1533.0          0.099823
1534.0          0.10081
1535.0          0.10179
1536.0          0.10278
1537.0          0.10378
1538.0          0.10477
1539.0          0.10577
1540.0          0.10678
1541.0          0.10779
1542.0          0.10880
1543.0          0.10981
1544.0          0.11083
1545.0          0.11185
1546.0          0.11288
1547.0          0.11391
1548.0          0.11494
1549.0          0.11597
1550.0          0.11701
1551.0          0.11805
1552.0          0.11909
1553.0          0.12014
1554.0          0.12118
1555.0          0.12223
1556.0          0.12329
1557.0          0.12434
1558.0          0.12540
1559.0          0.12646
1560.0          0.12752
1561.0          0.12858
1562.0          0.12965
1563.0          0.13072
1564.0          0.13179
1565.0          0.13286
1566.0          0.13394
1567.0          0.13501
1568.0          0.13609
1569.0          0.13717
1570.0          0.13825
1571.0          0.13933
1572.0          0.14041
1573.0          0.14150
1574.0          0.14259
1575.0          0.14367
1576.0          0.14476
1577.0          0.14585
1578.0          0.14695
1579.0          0.14804
1580.0          0.14913
1581.0          0.15023
1582.0          0.15132
1583.0          0.15242
1584.0          0.15352
1585.0          0.15462
1586.0          0.15572
1587.0          0.15682
1588.0          0.15792
1589.0          0.15902
1590.0          0.16012
1591.0          0.16122
1592.0          0.16233
1593.0          0.16343
1594.0          0.16453
1595.0          0.16564
1596.0          0.16674
1597.0          0.16785
1598.0          0.16895
1599.0          0.17006
1600.0          0.17116
1601.0          0.17227
1602.0          0.17337
1603.0          0.17448
1604.0          0.17559
1605.0          0.17669
1606.0          0.17780
1607.0          0.17890
1608.0          0.18001
1609.0          0.18111
1610.0          0.18222
1611.0          0.18332
1612.0          0.18442
1613.0          0.18553
1614.0          0.18663
1615.0          0.18773
1616.0          0.18883
1617.0          0.18994
1618.0          0.19104
1619.0          0.19214
1620.0          0.19324
1621.0          0.19434
1622.0          0.19544
1623.0          0.19653
1624.0          0.19763
1625.0          0.19873
1626.0          0.19982
1627.0          0.20092
1628.0          0.20201
1629.0          0.20311
1630.0          0.20420
1631.0          0.20529
1632.0          0.20638
1633.0          0.20747
1634.0          0.20856
1635.0          0.20964
1636.0          0.21073
1637.0          0.21182
1638.0          0.21290
1639.0          0.21398
1640.0          0.21506
1641.0          0.21614
1642.0          0.21722
1643.0          0.21830
1644.0          0.21938
1645.0          0.22045
1646.0          0.22153
1647.0          0.22260
1648.0          0.22367
1649.0          0.22474
1650.0          0.22581
1400.0          0.96213
1401.0          0.96241
1402.0          0.96267
1403.0          0.96291
1404.0          0.96315
1405.0          0.96337
1406.0          0.96357
1407.0          0.96377
1408.0          0.96394
1409.0          0.96411
1410.0          0.96426
1411.0          0.96440
1412.0          0.96452
1413.0          0.96463
1414.0          0.96473
1415.0          0.96482
1416.0          0.96489
1417.0          0.96494
1418.0          0.96499
1419.0          0.96502
1420.0          0.96504
1421.0          0.96504
1422.0          0.96503
1423.0          0.96501
1424.0          0.96498
1425.0          0.96493
1426.0          0.96487
1427.0          0.96479
1428.0          0.96471
1429.0          0.96461
1430.0          0.96450
1431.0          0.96438
1432.0          0.96424
1433.0          0.96409
1434.0          0.96393
1435.0          0.96376
1436.0          0.96357
1437.0          0.96337
1438.0          0.96316
1439.0          0.96294
1440.0          0.96271
1441.0          0.96246
1442.0          0.96220
1443.0          0.96193
1444.0          0.96165
1445.0          0.96136
1446.0          0.96106
1447.0          0.96074
1448.0          0.96041
1449.0          0.96008
1450.0          0.95973
1451.0          0.95937
1452.0          0.95899
1453.0          0.95861
1454.0          0.95822
1455.0          0.95781
1456.0          0.95740
1457.0          0.95697
1458.0          0.95654
1459.0          0.95609
1460.0          0.95564
1461.0          0.95517
1462.0          0.95469
1463.0          0.95420
1464.0          0.95371
1465.0          0.95320
1466.0          0.95268
1467.0          0.95215
1468.0          0.95162
1469.0          0.95107
1470.0          0.95051
1471.0          0.94995
1472.0          0.94937
1473.0          0.94879
1474.0          0.94820
1475.0          0.94760
1476.0          0.94698
1477.0          0.94636
1478.0          0.94574
1479.0          0.94510
1480.0          0.94445
1481.0          0.94380
1482.0          0.94313
1483.0          0.94246
1484.0          0.94178
1485.0          0.94109
1486.0          0.94040
1487.0          0.93969
1488.0          0.93898
1489.0          0.93826
1490.0          0.93754
1491.0          0.93680
1492.0          0.93606
1493.0          0.93531
1494.0          0.93455
1495.0          0.93378
1496.0          0.93301
1497.0          0.93223
1498.0          0.93145
1499.0          0.93065
1500.0          0.92985
1501.0          0.92905
1502.0          0.92823
1503.0          0.92741
1504.0          0.92659
1505.0          0.92575
1506.0          0.92492
1507.0          0.92407
1508.0          0.92322
1509.0          0.92236
1510.0          0.92150
1511.0          0.92063
1512.0          0.91975
1513.0          0.91887
1514.0          0.91798
1515.0          0.91709
1516.0          0.91619
1517.0          0.91529
1518.0          0.91438
1519.0          0.91347
1520.0          0.91255
1521.0          0.91163
1522.0          0.91070
1523.0          0.90976
1524.0          0.90883
1525.0          0.90788
1526.0          0.90694
1527.0          0.90598
1528.0          0.90503
1529.0          0.90406
1530.0          0.90310
1531.0          0.90213
1532.0          0.90115
1533.0          0.90018
1534.0          0.89919
1535.0          0.89821
1536.0          0.89722
1537.0          0.89622
1538.0          0.89523
1539.0          0.89423
1540.0          0.89322
1541.0          0.89221
1542.0          0.89120
1543.0          0.89019
1544.0          0.88917
1545.0          0.88815
1546.0          0.88712
1547.0          0.88609
1548.0          0.88506
1549.0          0.88403
1550.0          0.88299
1551.0          0.88195
1552.0          0.88091
1553.0          0.87986
1554.0          0.87882
1555.0          0.87777
1556.0          0.87671
1557.0          0.87566
1558.0          0.87460
1559.0          0.87354
1560.0          0.87248
1561.0          0.87142
1562.0          0.87035
1563.0          0.86928
1564.0          0.86821
1565.0          0.86714
1566.0          0.86606
1567.0          0.86499
1568.0          0.86391
1569.0          0.86283
1570.0          0.86175
1571.0          0.86067
1572.0          0.85959
1573.0          0.85850
1574.0          0.85741
1575.0          0.85633
1576.0          0.85524
1577.0          0.85415
1578.0          0.85305
1579.0          0.85196
1580.0          0.85087
1581.0          0.84977
1582.0          0.84868
1583.0          0.84758
1584.0          0.84648
1585.0          0.84538
1586.0          0.84428
1587.0          0.84318
1588.0          0.84208
1589.0          0.84098
1590.0          0.83988
1591.0          0.83878
1592.0          0.83767
1593.0          0.83657
1594.0          0.83547
1595.0          0.83436
1596.0          0.83326
1597.0          0.83215
1598.0          0.83105
1599.0          0.82994
1600.0          0.82884
1601.0          0.82773
1602.0          0.82663
1603.0          0.82552
1604.0          0.82441
1605.0          0.82331
1606.0          0.82220
1607.0          0.82110
1608.0          0.81999
1609.0          0.81889
1610.0          0.81778
1611.0          0.81668
1612.0          0.81558
1613.0          0.81447
1614.0          0.81337
1615.0          0.81227
1616.0          0.81117
1617.0          0.81006
1618.0          0.80896
1619.0          0.80786
1620.0          0.80676
1621.0          0.80566
1622.0          0.80456
1623.0          0.80347
1624.0          0.80237
1625.0          0.80127
1626.0          0.80018
1627.0          0.79908
1628.0          0.79799
1629.0          0.79689
1630.0          0.79580
1631.0          0.79471
1632.0          0.79362
1633.0          0.79253
1634.0          0.79144
1635.0          0.79036
1636.0          0.78927
1637.0          0.78818
1638.0          0.78710
1639.0          0.78602
1640.0          0.78494
1641.0          0.78386
1642.0          0.78278
1643.0          0.78170
1644.0          0.78062
1645.0          0.77955
1646.0          0.77847
1647.0          0.77740
1648.0          0.77633
1649.0          0.77526
1650.0          0.77419
1400.0          1.0000
1401.0          1.0000
1402.0          1.0000
1403.0          1.0000
1404.0          1.0000
1405.0          1.0000
1406.0          1.0000
1407.0          1.0000
1408.0          1.0000
1409.0          1.0000
1410.0          1.0000
1411.0          1.0000
1412.0          1.0000
1413.0          1.0000
1414.0          1.0000
1415.0          1.0000
1416.0          1.0000
1417.0          1.0000
1418.0          1.0000
1419.0          1.0000
1420.0          1.0000
1421.0          1.0000
1422.0          1.0000
1423.0          1.0000
1424.0          1.0000
1425.0          1.0000
1426.0          1.0000
1427.0          1.0000
1428.0          1.0000
1429.0          1.0000
1430.0          1.0000
1431.0          1.0000
1432.0          1.0000
1433.0          1.0000
1434.0          1.0000
1435.0          1.0000
1436.0          1.0000
1437.0          1.0000
1438.0          1.0000
1439.0          1.0000
1440.0          1.0000
1441.0          1.0000
1442.0          1.0000
1443.0          1.0000
1444.0          1.0000
1445.0          1.0000
1446.0          1.0000
1447.0          1.0000
1448.0          1.0000
1449.0          1.0000
1450.0          1.0000
1451.0          1.0000
1452.0          1.0000
1453.0          1.0000
1454.0          1.0000
1455.0          1.0000
1456.0          1.0000
1457.0          1.0000
1458.0          1.0000
1459.0          1.0000
1460.0          1.0000
1461.0          1.0000
1462.0          1.0000
1463.0          1.0000
1464.0          1.0000
1465.0          1.0000
1466.0          1.0000
1467.0          1.0000
1468.0          1.0000
1469.0          1.0000
1470.0          1.0000
1471.0          1.0000
1472.0          1.0000
1473.0          1.0000
1474.0          1.0000
1475.0          1.0000
1476.0          1.0000
1477.0          1.0000
1478.0          1.0000
1479.0          1.0000
1480.0          1.0000
1481.0          1.0000
1482.0          1.0000
1483.0          1.0000
1484.0          1.0000
1485.0          1.0000
1486.0          1.0000
1487.0          1.0000
1488.0          1.0000
1489.0          1.0000
1490.0          1.0000
1491.0          1.0000
1492.0          1.0000
1493.0          1.0000
1494.0          1.0000
1495.0          1.0000
1496.0          1.0000
1497.0          1.0000
1498.0          1.0000
1499.0          1.0000
1500.0          1.0000
1501.0          1.0000
1502.0          1.0000
1503.0          1.0000
1504.0          1.0000
1505.0          1.0000
1506.0          1.0000
1507.0          1.0000
1508.0          1.0000
1509.0          1.0000
1510.0          1.0000
1511.0          1.0000
1512.0          1.0000
1513.0          1.0000
1514.0          1.0000
1515.0          1.0000
1516.0          1.0000
1517.0          1.0000
1518.0          1.0000
1519.0          1.0000
1520.0          1.0000
1521.0          1.0000
1522.0          1.0000
1523.0          1.0000
1524.0          1.0000
1525.0          1.0000
1526.0          1.0000
1527.0          1.0000
1528.0          1.0000
1529.0          1.0000
1530.0          1.0000
1531.0          1.0000
1532.0          1.0000
1533.0          1.0000
1534.0          1.0000
1535.0          1.0000
1536.0          1.0000
1537.0          1.0000
1538.0          1.0000
1539.0          1.0000
1540.0          1.0000
1541.0          1.0000
1542.0          1.0000
1543.0          1.0000
1544.0          1.0000
1545.0          1.0000
1546.0          1.0000
1547.0          1.0000
1548.0          1.0000
1549.0          1.0000
1550.0          1.0000
1551.0          1.0000
1552.0          1.0000
1553.0          1.0000
1554.0          1.0000
1555.0          1.0000
1556.0          1.0000
1557.0          1.0000
1558.0          1.0000
1559.0          1.0000
1560.0          1.0000
1561.0          1.0000
1562.0          1.0000
1563.0          1.0000
1564.0          1.0000
1565.0          1.0000
1566.0          1.0000
1567.0          1.0000
1568.0          1.0000
1569.0          1.0000
1570.0          1.0000
1571.0          1.0000
1572.0          1.0000
1573.0          1.0000
1574.0          1.0000
1575.0          1.0000
1576.0          1.0000
1577.0          1.0000
1578.0          1.0000
1579.0          1.0000
1580.0          1.0000
1581.0          1.0000
1582.0          1.0000
1583.0          1.0000
1584.0          1.0000
1585.0          1.0000
1586.0          1.0000
1587.0          1.0000
1588.0          1.0000
1589.0          1.0000
1590.0          1.0000
1591.0          1.0000
1592.0          1.0000
1593.0          1.0000
1594.0          1.0000
1595.0          1.0000
1596.0          1.0000
1597.0          1.0000
1598.0          1.0000
1599.0          1.0000
1600.0          1.0000
1601.0          1.0000
1602.0          1.0000
1603.0          1.0000
1604.0          1.0000
1605.0          1.0000
1606.0          1.0000
1607.0          1.0000
1608.0          1.0000
1609.0          1.0000
1610.0          1.0000
1611.0          1.0000
1612.0          1.0000
1613.0          1.0000
1614.0          1.0000
1615.0          1.0000
1616.0          1.0000
1617.0          1.0000
1618.0          1.0000
1619.0          1.0000
1620.0          1.0000
1621.0          1.0000
1622.0          1.0000
1623.0          1.0000
1624.0          1.0000
1625.0          1.0000
1626.0          1.0000
1627.0          1.0000
1628.0          1.0000
1629.0          1.0000
1630.0          1.0000
1631.0          1.0000
1632.0          1.0000
1633.0          1.0000
1634.0          1.0000
1635.0          1.0000
1636.0          1.0000
1637.0          1.0000
1638.0          1.0000
1639.0          1.0000
1640.0          1.0000
1641.0          1.0000
1642.0          1.0000
1643.0          1.0000
1644.0          1.0000
1645.0          1.0000
1646.0          1.0000
1647.0          1.0000
1648.0          1.0000
1649.0          1.0000
1650.0          1.0000
1400.0          -1.3323E-15
1401.0          0.0000
1402.0          -2.2204E-15
1403.0          -1.1102E-15
1404.0          -2.2204E-15
1405.0          -1.9984E-15
1406.0          -1.3323E-15
1407.0          1.1102E-16
1408.0          1.5543E-15
1409.0          1.1102E-16
1410.0          3.7748E-15
1411.0          1.8874E-15
1412.0          6.6613E-16
1413.0          -4.4409E-16
1414.0          -8.8818E-16
1415.0          4.4409E-16
1416.0          2.5535E-15
1417.0          3.4417E-15
1418.0          -2.6645E-15
1419.0          0.0000
1420.0          3.3307E-16
1421.0          8.8818E-16
1422.0          -4.4409E-15
1423.0          -4.4409E-16
1424.0          3.6637E-15
1425.0          -1.1102E-15
1426.0          0.0000
1427.0          -8.8818E-16
1428.0          1.2212E-15
1429.0          1.5543E-15
1430.0          -1.5543E-15
1431.0          -4.4409E-16
1432.0          3.2196E-15
1433.0          -1.1102E-15
1434.0          -1.1102E-15
1435.0          -1.5543E-15
1436.0          7.7716E-16
1437.0          4.4409E-16
1438.0          1.1102E-16
1439.0          -1.3323E-15
1440.0          -1.1102E-15
1441.0          -4.4409E-15
1442.0          -4.4409E-16
1443.0          -8.8818E-16
1444.0          -2.2204E-16
1445.0          -8.8818E-16
1446.0          -6.6613E-16
1447.0          -8.8818E-16
1448.0          1.5543E-15
1449.0          0.0000
1450.0          -8.8818E-16
1451.0          1.6653E-15
1452.0          2.2204E-15
1453.0          -1.7764E-15
1454.0          -3.9968E-15
1455.0          1.4433E-15
1456.0          1.9984E-15
1457.0          2.2204E-16
1458.0          -1.1102E-15
1459.0          -1.7764E-15
1460.0          3.6637E-15
1461.0          2.6645E-15
1462.0          -3.7748E-15
1463.0          -2.2204E-15
1464.0          1.1102E-16
1465.0          2.4425E-15
1466.0          2.4425E-15
1467.0          -2.2204E-16
1468.0          -8.8818E-16
1469.0          2.5535E-15
1470.0          1.7764E-15
1471.0          -1.7764E-15
1472.0          -6.6613E-16
1473.0          1.7764E-15
1474.0          -1.7764E-15
1475.0          0.0000
1476.0          -2.2204E-15
1477.0          1.9984E-15
1478.0          2.5535E-15
1479.0          -2.2204E-16
1480.0          -1.3323E-15
1481.0          1.1102E-15
1482.0          1.1102E-15
1483.0          -2.8866E-15
1484.0          8.8818E-16
1485.0          0.0000
1486.0          -1.7764E-15
1487.0          1.1102E-16
1488.0          1.6653E-15
1489.0          1.5543E-15
1490.0          3.6637E-15
1491.0          2.2204E-16
1492.0          -1.3323E-15
1493.0          3.3307E-16
1494.0          -3.1086E-15
1495.0          -2.2204E-16
1496.0          6.6613E-16
1497.0          -4.6629E-15
1498.0          4.4409E-16
1499.0          2.5535E-15
1500.0          1.2212E-15
1501.0          -8.8818E-16
1502.0          -1.9984E-15
1503.0          -6.6613E-16
1504.0          -1.5543E-15
1505.0          0.0000
1506.0          -2.8866E-15
1507.0          4.4409E-16
1508.0          -1.7764E-15
1509.0          2.2204E-16
1510.0          -1.7764E-15
1511.0          8.8818E-16
1512.0          2.8866E-15
1513.0          7.7716E-16
1514.0          2.2204E-15
1515.0          1.1102E-15
1516.0          -3.1086E-15
1517.0          -1.5543E-15
1518.0          3.8858E-15
1519.0          2.5535E-15
1520.0          -4.4409E-16
1521.0          -1.3323E-15
1522.0          -4.4409E-16
1523.0          1.6653E-15
1524.0          2.6645E-15
1525.0          -1.3323E-15
1526.0          1.7764E-15
1527.0          7.7716E-16
1528.0          1.2212E-15
1529.0          2.1094E-15
1530.0          7.7716E-16
1531.0          -8.8818E-16
1532.0          -1.1102E-15
1533.0          -2.2204E-16
1534.0          2.2204E-16
1535.0          1.4433E-15
1536.0          2.7756E-15
1537.0          -1.9984E-15
1538.0          3.3307E-16
1539.0          2.2204E-15
1540.0          9.9920E-16
1541.0          2.8866E-15
1542.0          -1.1102E-15
1543.0          -4.4409E-16
1544.0          1.7764E-15
1545.0          -2.8866E-15
1546.0          -6.6613E-16
1547.0          1.1102E-15
1548.0          2.8866E-15
1549.0          2.2204E-16
1550.0          -3.3307E-15
1551.0          0.0000
1552.0          -1.9984E-15
1553.0          -1.5543E-15
1554.0          -1.3323E-15
1555.0          4.4409E-16
1556.0          1.1102E-16
1557.0          -6.6613E-16
1558.0          1.2212E-15
1559.0          -2.2204E-15
1560.0          1.2212E-15
1561.0          5.1070E-15
1562.0          1.1102E-16
1563.0          -8.8818E-16
1564.0          1.2212E-15
1565.0          4.4409E-16
1566.0          -3.3307E-15
1567.0          -3.9968E-15
1568.0          -8.8818E-16
1569.0          2.2204E-15
1570.0          -8.8818E-16
1571.0          1.5543E-15
1572.0          -2.6645E-15
1573.0          2.3315E-15
1574.0          -2.2204E-16
1575.0          1.7764E-15
1576.0          1.9984E-15
1577.0          -1.7764E-15
1578.0          -6.6613E-16
1579.0          -2.6645E-15
1580.0          -1.3323E-15
1581.0          4.2188E-15
1582.0          -6.6613E-16
1583.0          2.7756E-15
1584.0          -1.9984E-15
1585.0          1.5543E-15
1586.0          2.2204E-16
1587.0          1.5543E-15
1588.0          -8.8818E-16
1589.0          0.0000
1590.0          2.2204E-15
1591.0          -8.8818E-16
1592.0          -2.2204E-15
1593.0          1.6653E-15
1594.0          3.3307E-16
1595.0          3.2196E-15
1596.0          6.6613E-16
1597.0          0.0000
1598.0          -2.2204E-16
1599.0          -4.4409E-16
1600.0          -2.2204E-16
1601.0          1.2212E-15
1602.0          -3.3307E-15
1603.0          1.1102E-15
1604.0          -6.6613E-16
1605.0          -1.1102E-15
1606.0          1.1102E-15
1607.0          2.8866E-15
1608.0          -2.6645E-15
1609.0          -1.9984E-15
1610.0          -1.9984E-15
1611.0          1.5543E-15
1612.0          -1.5543E-15
1613.0          -1.3323E-15
1614.0          -8.8818E-16
1615.0          -1.7764E-15
1616.0          7.7716E-16
1617.0          -1.5543E-15
1618.0          1.7764E-15
1619.0          3.4417E-15
1620.0          -1.7764E-15
1621.0          1.5543E-15
1622.0          -1.3323E-15
1623.0          1.7764E-15
1624.0          3.1086E-15
1625.0          -6.6613E-16
1626.0          7.7716E-16
1627.0          -1.7764E-15
1628.0          2.1094E-15
1629.0          -4.4409E-16
1630.0          -8.8818E-16
1631.0          -3.7748E-15
1632.0          3.3307E-16
1633.0          1.1102E-16
1634.0          1.8874E-15
1635.0          -1.3323E-15
1636.0          -2.2204E-16
1637.0          -6.6613E-16
1638.0          -2.2204E-16
1639.0          -1.7764E-15
1640.0          2.2204E-16
1641.0          1.1102E-15
1642.0          2.7756E-15
1643.0          8.8818E-16
1644.0          -6.6613E-16
1645.0          -2.2204E-16
1646.0          6.6613E-16
1647.0          0.0000
1648.0          4.8850E-15
1649.0          -1.5543E-15
1650.0          3.4417E-15
