1400.0          0.040417
1401.0          0.040574
1402.0          0.040743
1403.0          0.040923
1404.0          0.041116
1405.0          0.041320
1406.0          0.041535
1407.0          0.041761
1408.0          0.041998
1409.0          0.042246
1410.0          0.042504
1411.0          0.042772
1412.0          0.043051
1413.0          0.043340
1414.0          0.043639
1415.0          0.043947
1416.0          0.044264
1417.0          0.044591
1418.0          0.044927
1419.0          0.045272
1420.0          0.045625
1421.0          0.045987
1422.0          0.046357
1423.0          0.046735
1424.0          0.047122
1425.0          0.047516
1426.0          0.047917
1427.0          0.048326
1428.0          0.048742
1429.0          0.049165
1430.0          0.049595
1431.0          0.050032
1432.0          0.050475
1433.0          0.050924
1434.0          0.051380
1435.0          0.051841
1436.0          0.052308
1437.0          0.052781
1438.0          0.053258
1439.0          0.053741
1440.0          0.054230
1441.0          0.054722
1442.0          0.055220
1443.0          0.055722
1444.0          0.056228
1445.0          0.056738
1446.0          0.057252
1447.0          0.057769
1448.0          0.058291
1449.0          0.058815
1450.0          0.059343
1451.0          0.059873
1452.0          0.060406
1453.0          0.060942
1454.0          0.061481
1455.0          0.062021
1456.0          0.062563
1457.0          0.063108
1458.0          0.063654
1459.0          0.064201
1460.0          0.064750
1461.0          0.065299
1462.0          0.065850
1463.0          0.066401
1464.0          0.066953
1465.0          0.067505
1466.0          0.068057
1467.0          0.068609
1468.0          0.069161
1469.0          0.069712
1470.0          0.070263
1471.0          0.070813
1472.0          0.071362
1473.0          0.071909
1474.0          0.072455
1475.0          0.073000
1476.0          0.073542
1477.0          0.074083
1478.0          0.074621
1479.0          0.075157
1480.0          0.075690
1481.0          0.076221
1482.0          0.076748
1483.0          0.077272
1484.0          0.077792
1485.0          0.078309
1486.0          0.078822
1487.0          0.079330
1488.0          0.079835
1489.0          0.080334
1490.0          0.080829
1491.0          0.081319
1492.0          0.081803
1493.0          0.082282
1494.0          0.082756
1495.0          0.083223
1496.0          0.083684
1497.0          0.084139
1498.0          0.084586
1499.0          0.085027
1500.0          0.085461
1501.0          0.085887
1502.0          0.086306
1503.0          0.086716
1504.0          0.087118
1505.0          0.087512
1506.0          0.087896
1507.0          0.088272
1508.0          0.088638
1509.0          0.088994
1510.0          0.089341
1511.0          0.089677
1512.0          0.090002
1513.0          0.090317
1514.0          0.090620
1515.0          0.090912
1516.0          0.091192
1517.0          0.091459
1518.0          0.091714
1519.0          0.091956
1520.0          0.092184
1521.0          0.092399
1522.0          0.092600
1523.0          0.092786
1524.0          0.092957
1525.0          0.093113
1526.0          0.093253
1527.0          0.093377
1528.0          0.093485
1529.0          0.093575
1530.0          0.093648
1531.0          0.093703
1532.0          0.093740
1533.0          0.093758
1534.0          0.093756
1535.0          0.093734
1536.0          0.093691
1537.0          0.093628
1538.0          0.093543
1539.0          0.093435
1540.0          0.093305
1541.0          0.093152
1542.0          0.092974
1543.0          0.092772
1544.0          0.092544
1545.0          0.092290
1546.0          0.092009
1547.0          0.091701
1548.0          0.091365
1549.0          0.091000
1550.0          0.090605
1551.0          0.090179
1552.0          0.089722
1553.0          0.089233
1554.0          0.088711
1555.0          0.088155
1556.0          0.087564
1557.0          0.086937
1558.0          0.086274
1559.0          0.085573
1560.0          0.084833
1561.0          0.084053
1562.0          0.083233
1563.0          0.082371
1564.0          0.081466
1565.0          0.080517
1566.0          0.079524
1567.0          0.078484
1568.0          0.077398
1569.0          0.076263
1570.0          0.075079
1571.0          0.073845
1572.0          0.072559
1573.0          0.071221
1574.0          0.069831
1575.0          0.068386
1576.0          0.066886
1577.0          0.065331
1578.0          0.063720
1579.0          0.062052
1580.0          0.060328
1581.0          0.058547
1582.0          0.056710
1583.0          0.054817
1584.0          0.052869
1585.0          0.050867
1586.0          0.048814
1587.0          0.046713
1588.0          0.044565
1589.0          0.042376
1590.0          0.040151
1591.0          0.037897
1592.0          0.035620
1593.0          0.033332
1594.0          0.031043
1595.0          0.028767
1596.0          0.026522
1597.0          0.024327
1598.0          0.022207
1599.0          0.020191
1600.0          0.018312
1601.0          0.016611
1602.0          0.015137
1603.0          0.013946
1604.0          0.013105
1605.0          0.012696
1606.0          0.012812
1607.0          0.013563
1608.0          0.015082
1609.0          0.017519
1610.0          0.021053
1611.0          0.025893
1612.0          0.032276
1613.0          0.040478
1614.0          0.050808
1615.0          0.063617
1616.0          0.079287
1617.0          0.098232
1618.0          0.12088
1619.0          0.14767
1620.0          0.17900
1621.0          0.21521
1622.0          0.25653
1623.0          0.30301
1624.0          0.35447
1625.0          0.41045
1626.0          0.47017
1627.0          0.53250
1628.0          0.59601
1629.0          0.65908
1630.0          0.71999
1631.0          0.77706
1632.0          0.82885
1633.0          0.87425
1634.0          0.91255
1635.0          0.94347
1636.0          0.96709
1637.0          0.98384
1638.0          0.99432
1639.0          0.99931
1640.0          0.99960
1641.0          0.99601
1642.0          0.98928
1643.0          0.98009
1644.0          0.96903
1645.0          0.95659
1646.0          0.94321
1647.0          0.92922
1648.0          0.91489
1649.0          0.90044
1650.0          0.88604
1400.0          0.95958
1401.0          0.95943
1402.0          0.95926
1403.0          0.95908
1404.0          0.95888
1405.0          0.95868
1406.0          0.95847
1407.0          0.95824
1408.0          0.95800
1409.0          0.95775
1410.0          0.95750
1411.0          0.95723
1412.0          0.95695
1413.0          0.95666
1414.0          0.95636
1415.0          0.95605
1416.0          0.95574
1417.0          0.95541
1418.0          0.95507
1419.0          0.95473
1420.0          0.95437
1421.0          0.95401
1422.0          0.95364
1423.0          0.95326
1424.0          0.95288
1425.0          0.95248
1426.0          0.95208
1427.0          0.95167
1428.0          0.95126
1429.0          0.95083
1430.0          0.95040
1431.0          0.94997
1432.0          0.94952
1433.0          0.94908
1434.0          0.94862
1435.0          0.94816
1436.0          0.94769
1437.0          0.94722
1438.0          0.94674
1439.0          0.94626
1440.0          0.94577
1441.0          0.94528
1442.0          0.94478
1443.0          0.94428
1444.0          0.94377
1445.0          0.94326
1446.0          0.94275
1447.0          0.94223
1448.0          0.94171
1449.0          0.94118
1450.0          0.94066
1451.0          0.94013
1452.0          0.93959
1453.0          0.93906
1454.0          0.93852
1455.0          0.93798
1456.0          0.93744
1457.0          0.93689
1458.0          0.93635
1459.0          0.93580
1460.0          0.93525
1461.0          0.93470
1462.0          0.93415
1463.0          0.93360
1464.0          0.93305
1465.0          0.93250
1466.0          0.93194
1467.0          0.93139
1468.0          0.93084
1469.0          0.93029
1470.0          0.92974
1471.0          0.92919
1472.0          0.92864
1473.0          0.92809
1474.0          0.92754
1475.0          0.92700
1476.0          0.92646
1477.0          0.92592
1478.0          0.92538
1479.0          0.92484
1480.0          0.92431
1481.0          0.92378
1482.0          0.92325
1483.0          0.92273
1484.0          0.92221
1485.0          0.92169
1486.0          0.92118
1487.0          0.92067
1488.0          0.92017
1489.0          0.91967
1490.0          0.91917
1491.0          0.91868
1492.0          0.91820
1493.0          0.91772
1494.0          0.91724
1495.0          0.91678
1496.0          0.91632
1497.0          0.91586
1498.0          0.91541
1499.0          0.91497
1500.0          0.91454
1501.0          0.91411
1502.0          0.91369
1503.0          0.91328
1504.0          0.91288
1505.0          0.91249
1506.0          0.91210
1507.0          0.91173
1508.0          0.91136
1509.0          0.91101
1510.0          0.91066
1511.0          0.91032
1512.0          0.91000
1513.0          0.90968
1514.0          0.90938
1515.0          0.90909
1516.0          0.90881
1517.0          0.90854
1518.0          0.90829
1519.0          0.90804
1520.0          0.90782
1521.0          0.90760
1522.0          0.90740
1523.0          0.90721
1524.0          0.90704
1525.0          0.90689
1526.0          0.90675
1527.0          0.90662
1528.0          0.90652
1529.0          0.90642
1530.0          0.90635
1531.0          0.90630
1532.0          0.90626
1533.0          0.90624
1534.0          0.90624
1535.0          0.90627
1536.0          0.90631
1537.0          0.90637
1538.0          0.90646
1539.0          0.90656
1540.0          0.90669
1541.0          0.90685
1542.0          0.90703
1543.0          0.90723
1544.0          0.90746
1545.0          0.90771
1546.0          0.90799
1547.0          0.90830
1548.0          0.90863
1549.0          0.90900
1550.0          0.90940
1551.0          0.90982
1552.0          0.91028
1553.0          0.91077
1554.0          0.91129
1555.0          0.91184
1556.0          0.91244
1557.0          0.91306
1558.0          0.91373
1559.0          0.91443
1560.0          0.91517
1561.0          0.91595
1562.0          0.91677
1563.0          0.91763
1564.0          0.91853
1565.0          0.91948
1566.0          0.92048
1567.0          0.92152
1568.0          0.92260
1569.0          0.92374
1570.0          0.92492
1571.0          0.92616
1572.0          0.92744
1573.0          0.92878
1574.0          0.93017
1575.0          0.93161
1576.0          0.93311
1577.0          0.93467
1578.0          0.93628
1579.0          0.93795
1580.0          0.93967
1581.0          0.94145
1582.0          0.94329
1583.0          0.94518
1584.0          0.94713
1585.0          0.94913
1586.0          0.95119
1587.0          0.95329
1588.0          0.95543
1589.0          0.95762
1590.0          0.95985
1591.0          0.96210
1592.0          0.96438
1593.0          0.96667
1594.0          0.96896
1595.0          0.97123
1596.0          0.97348
1597.0          0.97567
1598.0          0.97779
1599.0          0.97981
1600.0          0.98169
1601.0          0.98339
1602.0          0.98486
1603.0          0.98605
1604.0          0.98689
1605.0          0.98730
1606.0          0.98719
1607.0          0.98644
1608.0          0.98492
1609.0          0.98248
1610.0          0.97895
1611.0          0.97411
1612.0          0.96772
1613.0          0.95952
1614.0          0.94919
1615.0          0.93638
1616.0          0.92071
1617.0          0.90177
1618.0          0.87912
1619.0          0.85233
1620.0          0.82100
1621.0          0.78479
1622.0          0.74347
1623.0          0.69699
1624.0          0.64553
1625.0          0.58955
1626.0          0.52983
1627.0          0.46750
1628.0          0.40399
1629.0          0.34092
1630.0          0.28001
1631.0          0.22294
1632.0          0.17115
1633.0          0.12575
1634.0          0.087448
1635.0          0.056532
1636.0          0.032905
1637.0          0.016163
1638.0          0.0056770
1639.0          6.9124E-4
1640.0          3.9570E-4
1641.0          0.0039891
1642.0          0.010720
1643.0          0.019912
1644.0          0.030974
1645.0          0.043405
1646.0          0.056788
1647.0          0.070781
1648.0          0.085110
1649.0          0.099559
1650.0          0.11396
1400.0          1.0000
1401.0          1.0000
1402.0          1.0000
1403.0          1.0000
1404.0          1.0000
1405.0          1.0000
1406.0          1.0000
1407.0          1.0000
1408.0          1.0000
1409.0          1.0000
1410.0          1.0000
1411.0          1.0000
1412.0          1.0000
1413.0          1.0000
1414.0          1.0000
1415.0          1.0000
1416.0          1.0000
1417.0          1.0000
1418.0          1.0000
1419.0          1.0000
1420.0          1.0000
1421.0          1.0000
1422.0          1.0000
1423.0          1.0000
1424.0          1.0000
1425.0          1.0000
1426.0          1.0000
1427.0          1.0000
1428.0          1.0000
1429.0          1.0000
1430.0          1.0000
1431.0          1.0000
1432.0          1.0000
1433.0          1.0000
1434.0          1.0000
1435.0          1.0000
1436.0          1.0000
1437.0          1.0000
1438.0          1.0000
1439.0          1.0000
1440.0          1.0000
1441.0          1.0000
1442.0          1.0000
1443.0          1.0000
1444.0          1.0000
1445.0          1.0000
1446.0          1.0000
1447.0          1.0000
1448.0          1.0000
1449.0          1.0000
1450.0          1.0000
1451.0          1.0000
1452.0          1.0000
1453.0          1.0000
1454.0          1.0000
1455.0          1.0000
1456.0          1.0000
1457.0          1.0000
1458.0          1.0000
1459.0          1.0000
1460.0          1.0000
1461.0          1.0000
1462.0          1.0000
1463.0          1.0000
1464.0          1.0000
1465.0          1.0000
1466.0          1.0000
1467.0          1.0000
1468.0          1.0000
1469.0          1.0000
1470.0          1.0000
1471.0          1.0000
1472.0          1.0000
1473.0          1.0000
1474.0          1.0000
1475.0          1.0000
1476.0          1.0000
1477.0          1.0000
1478.0          1.0000
1479.0          1.0000
1480.0          1.0000
1481.0          1.0000
1482.0          1.0000
1483.0          1.0000
1484.0          1.0000
1485.0          1.0000
1486.0          1.0000
1487.0          1.0000
1488.0          1.0000
1489.0          1.0000
1490.0          1.0000
1491.0          1.0000
1492.0          1.0000
1493.0          1.0000
1494.0          1.0000
1495.0          1.0000
1496.0          1.0000
1497.0          1.0000
1498.0          1.0000
1499.0          1.0000
1500.0          1.0000
1501.0          1.0000
1502.0          1.0000
1503.0          1.0000
1504.0          1.0000
1505.0          1.0000
1506.0          1.0000
1507.0          1.0000
1508.0          1.0000
1509.0          1.0000
1510.0          1.0000
1511.0          1.0000
1512.0          1.0000
1513.0          1.0000
1514.0          1.0000
1515.0          1.0000
1516.0          1.0000
1517.0          1.0000
1518.0          1.0000
1519.0          1.0000
1520.0          1.0000
1521.0          1.0000
1522.0          1.0000
1523.0          1.0000
1524.0          1.0000
1525.0          1.0000
1526.0          1.0000
1527.0          1.0000
1528.0          1.0000
1529.0          1.0000
1530.0          1.0000
1531.0          1.0000
1532.0          1.0000
1533.0          1.0000
1534.0          1.0000
1535.0          1.0000
1536.0          1.0000
1537.0          1.0000
1538.0          1.0000
1539.0          1.0000
1540.0          1.0000
1541.0          1.0000
1542.0          1.0000
1543.0          1.0000
1544.0          1.0000
1545.0          1.0000
1546.0          1.0000
1547.0          1.0000
1548.0          1.0000
1549.0          1.0000
1550.0          1.0000
1551.0          1.0000
1552.0          1.0000
1553.0          1.0000
1554.0          1.0000
1555.0          1.0000
1556.0          1.0000
1557.0          1.0000
1558.0          1.0000
1559.0          1.0000
1560.0          1.0000
1561.0          1.0000
1562.0          1.0000
1563.0          1.0000
1564.0          1.0000
1565.0          1.0000
1566.0          1.0000
1567.0          1.0000
1568.0          1.0000
1569.0          1.0000
1570.0          1.0000
1571.0          1.0000
1572.0          1.0000
1573.0          1.0000
1574.0          1.0000
1575.0          1.0000
1576.0          1.0000
1577.0          1.0000
1578.0          1.0000
1579.0          1.0000
1580.0          1.0000
1581.0          1.0000
1582.0          1.0000
1583.0          1.0000
1584.0          1.0000
1585.0          1.0000
1586.0          1.0000
1587.0          1.0000
1588.0          1.0000
1589.0          1.0000
1590.0          1.0000
1591.0          1.0000
1592.0          1.0000
1593.0          1.0000
1594.0          1.0000
1595.0          1.0000
1596.0          1.0000
1597.0          1.0000
1598.0          1.0000
1599.0          1.0000
1600.0          1.0000
1601.0          1.0000
1602.0          1.0000
1603.0          1.0000
1604.0          1.0000
1605.0          1.0000
1606.0          1.0000
1607.0          1.0000
1608.0          1.0000
1609.0          1.0000
1610.0          1.0000
1611.0          1.0000
1612.0          1.0000
1613.0          1.0000
1614.0          1.0000
1615.0          1.0000
1616.0          1.0000
1617.0          1.0000
1618.0          1.0000
1619.0          1.0000
1620.0          1.0000
1621.0          1.0000
1622.0          1.0000
1623.0          1.0000
1624.0          1.0000
1625.0          1.0000
1626.0          1.0000
1627.0          1.0000
1628.0          1.0000
1629.0          1.0000
1630.0          1.0000
1631.0          1.0000
1632.0          1.0000
1633.0          1.0000
1634.0          1.0000
1635.0          1.0000
1636.0          1.0000
1637.0          1.0000
1638.0          1.0000
1639.0          1.0000
1640.0          1.0000
1641.0          1.0000
1642.0          1.0000
1643.0          1.0000
1644.0          1.0000
1645.0          1.0000
1646.0          1.0000
1647.0          1.0000
1648.0          1.0000
1649.0          1.0000
1650.0          1.0000
1400.0          -4.4409E-16
1401.0          -4.4409E-16
1402.0          1.1102E-15
1403.0          -1.7764E-15
1404.0          1.6653E-15
1405.0          3.3307E-15
1406.0          1.5543E-15
1407.0          -6.6613E-16
1408.0          1.2212E-15
1409.0          -6.6613E-16
1410.0          -6.6613E-16
1411.0          -2.2204E-15
1412.0          2.1094E-15
1413.0          -1.3323E-15
1414.0          -8.8818E-16
1415.0          -4.4409E-16
1416.0          1.6653E-15
1417.0          -1.3323E-15
1418.0          -3.3307E-15
1419.0          -8.8818E-16
1420.0          -1.1102E-15
1421.0          -1.9984E-15
1422.0          -8.8818E-16
1423.0          1.9984E-15
1424.0          -1.7764E-15
1425.0          -2.2204E-16
1426.0          -6.6613E-16
1427.0          5.5511E-16
1428.0          2.2204E-16
1429.0          -6.6613E-16
1430.0          2.3315E-15
1431.0          -2.6645E-15
1432.0          -2.2204E-16
1433.0          5.5511E-16
1434.0          -4.4409E-16
1435.0          8.8818E-16
1436.0          0.0000
1437.0          2.5535E-15
1438.0          -2.8866E-15
1439.0          3.3307E-16
1440.0          1.2212E-15
1441.0          0.0000
1442.0          -1.3323E-15
1443.0          -8.8818E-16
1444.0          7.7716E-16
1445.0          1.3323E-15
1446.0          -1.3323E-15
1447.0          1.8874E-15
1448.0          -1.3323E-15
1449.0          -8.8818E-16
1450.0          -2.8866E-15
1451.0          -2.2204E-16
1452.0          -4.4409E-16
1453.0          -2.6645E-15
1454.0          -4.6629E-15
1455.0          -1.7764E-15
1456.0          -2.8866E-15
1457.0          9.1038E-15
1458.0          -2.4425E-15
1459.0          4.1078E-15
1460.0          1.3323E-15
1461.0          -1.9984E-15
1462.0          2.2204E-16
1463.0          -2.8866E-15
1464.0          -2.2204E-15
1465.0          2.1094E-15
1466.0          -3.7748E-15
1467.0          0.0000
1468.0          -2.4425E-15
1469.0          -3.1086E-15
1470.0          -2.6645E-15
1471.0          -4.2188E-15
1472.0          -2.0650E-14
1473.0          5.7732E-15
1474.0          -3.3307E-15
1475.0          -8.8818E-16
1476.0          9.9920E-16
1477.0          -8.8818E-16
1478.0          2.2204E-16
1479.0          1.9984E-15
1480.0          -6.6613E-16
1481.0          -3.1086E-15
1482.0          -2.4425E-15
1483.0          1.2212E-15
1484.0          3.7748E-15
1485.0          -2.8866E-15
1486.0          -1.7764E-15
1487.0          -2.8866E-15
1488.0          -2.2204E-15
1489.0          4.4409E-16
1490.0          7.7716E-16
1491.0          -1.5543E-15
1492.0          4.4409E-16
1493.0          1.6653E-15
1494.0          2.5535E-15
1495.0          -1.3323E-15
1496.0          -1.3323E-15
1497.0          6.6613E-16
1498.0          -3.9968E-15
1499.0          -3.3307E-15
1500.0          1.5543E-15
1501.0          -2.2204E-16
1502.0          -8.8818E-16
1503.0          0.0000
1504.0          -1.7764E-15
1505.0          -3.7748E-15
1506.0          -1.1102E-15
1507.0          2.2204E-15
1508.0          -1.5543E-15
1509.0          -2.2204E-15
1510.0          -1.1102E-15
1511.0          -1.5543E-15
1512.0          -4.4409E-16
1513.0          -3.9968E-15
1514.0          -1.3323E-15
1515.0          -2.2204E-16
1516.0          2.2204E-16
1517.0          2.5535E-15
1518.0          -4.4409E-16
1519.0          -2.8866E-15
1520.0          -1.7764E-15
1521.0          1.1102E-15
1522.0          1.3323E-15
1523.0          9.9920E-16
1524.0          -2.6645E-15
1525.0          -6.6613E-16
1526.0          1.1102E-15
1527.0          3.1086E-15
1528.0          2.5535E-15
1529.0          1.2212E-15
1530.0          -2.6645E-15
1531.0          -3.1086E-15
1532.0          1.5543E-15
1533.0          4.4409E-16
1534.0          -8.8818E-16
1535.0          -2.2204E-16
1536.0          -1.3323E-15
1537.0          -1.5543E-15
1538.0          7.7716E-16
1539.0          2.3315E-15
1540.0          -2.8866E-15
1541.0          2.7756E-15
1542.0          1.3323E-15
1543.0          -2.2204E-16
1544.0          -8.8818E-16
1545.0          -1.5543E-15
1546.0          2.1094E-15
1547.0          -1.1102E-15
1548.0          -2.2204E-16
1549.0          -2.8866E-15
1550.0          5.5511E-16
1551.0          0.0000
1552.0          2.2204E-16
1553.0          2.7756E-15
1554.0          2.2204E-16
1555.0          1.7764E-15
1556.0          -1.3323E-15
1557.0          2.2204E-16
1558.0          1.9984E-15
1559.0          -6.6613E-16
1560.0          2.3315E-15
1561.0          -1.3323E-15
1562.0          2.6645E-15
1563.0          -1.3323E-15
1564.0          -3.3307E-15
1565.0          1.4433E-15
1566.0          -8.8818E-16
1567.0          -4.4409E-16
1568.0          1.2212E-15
1569.0          9.9920E-16
1570.0          -6.6613E-16
1571.0          4.4409E-16
1572.0          -6.6613E-16
1573.0          6.6613E-16
1574.0          1.4433E-15
1575.0          -4.4409E-15
1576.0          -2.2204E-16
1577.0          -4.4409E-16
1578.0          -2.2204E-16
1579.0          -4.4409E-16
1580.0          2.2204E-15
1581.0          -1.9984E-15
1582.0          2.1094E-15
1583.0          -8.8818E-16
1584.0          4.2188E-15
1585.0          -1.3323E-15
1586.0          2.2204E-16
1587.0          2.3315E-15
1588.0          -2.6645E-15
1589.0          1.9984E-15
1590.0          3.3307E-16
1591.0          1.4433E-15
1592.0          -2.2204E-15
1593.0          -4.4409E-16
1594.0          8.8818E-16
1595.0          5.4401E-15
1596.0          -2.6645E-15
1597.0          -2.4425E-15
1598.0          2.3315E-15
1599.0          1.4433E-15
1600.0          6.6613E-16
1601.0          -1.5543E-15
1602.0          -4.8850E-15
1603.0          -2.2204E-15
1604.0          -2.8866E-15
1605.0          -4.4409E-15
1606.0          -2.2204E-16
1607.0          1.6653E-15
1608.0          -1.5543E-15
1609.0          2.8866E-15
1610.0          -2.2204E-16
1611.0          -4.4409E-15
1612.0          7.6605E-15
1613.0          8.5487E-15
1614.0          3.5527E-15
1615.0          -4.6629E-15
1616.0          -1.5543E-15
1617.0          1.9096E-14
1618.0          -7.7716E-15
1619.0          5.1070E-15
1620.0          1.1768E-14
1621.0          1.7764E-15
1622.0          -1.0880E-14
1623.0          -9.5479E-15
1624.0          -1.0658E-14
1625.0          3.1974E-14
1626.0          7.7716E-15
1627.0          -1.7319E-14
1628.0          -1.0658E-14
1629.0          -9.1038E-15
1630.0          -3.8192E-14
1631.0          4.1744E-14
1632.0          -3.7526E-14
1633.0          -3.5527E-15
1634.0          1.4433E-14
1635.0          -4.2188E-15
1636.0          2.9976E-15
1637.0          1.5543E-15
1638.0          1.7764E-15
1639.0          -7.4163E-14
1640.0          1.3212E-14
1641.0          -4.8850E-15
1642.0          -4.6629E-15
1643.0          1.5543E-15
1644.0          6.3283E-15
1645.0          3.7748E-15
1646.0          -8.4377E-15
1647.0          -1.7764E-15
1648.0          -1.5543E-15
1649.0          -1.2879E-14
1650.0          -7.7716E-15
