1400.0          0.26058
1401.0          0.26161
1402.0          0.26264
1403.0          0.26367
1404.0          0.26469
1405.0          0.26571
1406.0          0.26673
1407.0          0.26775
1408.0          0.26876
1409.0          0.26977
1410.0          0.27078
1411.0          0.27178
1412.0          0.27278
1413.0          0.27378
1414.0          0.27478
1415.0          0.27577
1416.0          0.27676
1417.0          0.27774
1418.0          0.27873
1419.0          0.27971
1420.0          0.28068
1421.0          0.28165
1422.0          0.28262
1423.0          0.28358
1424.0          0.28454
1425.0          0.28550
1426.0          0.28645
1427.0          0.28740
1428.0          0.28834
1429.0          0.28928
1430.0          0.29022
1431.0          0.29115
1432.0          0.29208
1433.0          0.29300
1434.0          0.29392
1435.0          0.29483
1436.0          0.29574
1437.0          0.29665
1438.0          0.29755
1439.0          0.29844
1440.0          0.29933
1441.0          0.30022
1442.0          0.30109
1443.0          0.30197
1444.0          0.30284
1445.0          0.30370
1446.0          0.30456
1447.0          0.30541
1448.0          0.30626
1449.0          0.30710
1450.0          0.30794
1451.0          0.30877
1452.0          0.30959
1453.0          0.31041
1454.0          0.31122
1455.0          0.31203
1456.0          0.31283
1457.0          0.31362
1458.0          0.31440
1459.0          0.31518
1460.0          0.31596
1461.0          0.31672
1462.0          0.31748
1463.0          0.31823
1464.0          0.31897
1465.0          0.31971
1466.0          0.32044
1467.0          0.32116
1468.0          0.32187
1469.0          0.32257
1470.0          0.32327
1471.0          0.32395
1472.0          0.32463
1473.0          0.32530
1474.0          0.32596
1475.0          0.32661
1476.0          0.32725
1477.0          0.32788
1478.0          0.32850
1479.0          0.32911
1480.0          0.32971
1481.0          0.33030
1482.0          0.33087
1483.0          0.33144
1484.0          0.33199
1485.0          0.33253
1486.0          0.33306
1487.0          0.33357
1488.0          0.33407
1489.0          0.33456
1490.0          0.33503
1491.0          0.33549
1492.0          0.33593
1493.0          0.33635
1494.0          0.33676
1495.0          0.33715
1496.0          0.33752
1497.0          0.33788
1498.0          0.33821
1499.0          0.33853
1500.0          0.33882
1501.0          0.33909
1502.0          0.33934
1503.0          0.33956
1504.0          0.33976
1505.0          0.33993
1506.0          0.34008
1507.0          0.34019
1508.0          0.34027
1509.0          0.34033
1510.0          0.34034
1511.0          0.34033
1512.0          0.34027
1513.0          0.34017
1514.0          0.34003
1515.0          0.33985
1516.0          0.33961
1517.0          0.33933
1518.0          0.33899
1519.0          0.33859
1520.0          0.33813
1521.0          0.33760
1522.0          0.33700
1523.0          0.33632
1524.0          0.33556
1525.0          0.33470
1526.0          0.33375
1527.0          0.33268
1528.0          0.33150
1529.0          0.33020
1530.0          0.32875
1531.0          0.32714
1532.0          0.32536
1533.0          0.32340
1534.0          0.32122
1535.0          0.31880
1536.0          0.31613
1537.0          0.31315
1538.0          0.30983
1539.0          0.30613
1540.0          0.30199
1541.0          0.29734
1542.0          0.29210
1543.0          0.28618
1544.0          0.27944
1545.0          0.27174
1546.0          0.26289
1547.0          0.25265
1548.0          0.24070
1549.0          0.22663
1550.0          0.20994
1551.0          0.18993
1552.0          0.16575
1553.0          0.13636
1554.0          0.10085
1555.0          0.059591
1556.0          0.018693
1557.0          0.0062890
1558.0          0.11653
1559.0          0.48736
1560.0          0.89202
1561.0          0.99987
1562.0          0.94819
1563.0          0.87128
1564.0          0.80449
1565.0          0.75162
1566.0          0.71027
1567.0          0.67763
1568.0          0.65147
1569.0          0.63018
1570.0          0.61260
1571.0          0.59790
1572.0          0.58545
1573.0          0.57482
1574.0          0.56564
1575.0          0.55767
1576.0          0.55069
1577.0          0.54455
1578.0          0.53911
1579.0          0.53427
1580.0          0.52994
1581.0          0.52607
1582.0          0.52258
1583.0          0.51943
1584.0          0.51658
1585.0          0.51399
1586.0          0.51164
1587.0          0.50950
1588.0          0.50754
1589.0          0.50576
1590.0          0.50412
1591.0          0.50263
1592.0          0.50126
1593.0          0.50000
1594.0          0.49885
1595.0          0.49779
1596.0          0.49682
1597.0          0.49593
1598.0          0.49511
1599.0          0.49436
1600.0          0.49367
1601.0          0.49304
1602.0          0.49247
1603.0          0.49194
1604.0          0.49146
1605.0          0.49103
1606.0          0.49063
1607.0          0.49028
1608.0          0.48995
1609.0          0.48966
1610.0          0.48941
1611.0          0.48918
1612.0          0.48897
1613.0          0.48880
1614.0          0.48865
1615.0          0.48852
1616.0          0.48841
1617.0          0.48832
1618.0          0.48825
1619.0          0.48820
1620.0          0.48816
1621.0          0.48815
1622.0          0.48814
1623.0          0.48815
1624.0          0.48818
1625.0          0.48822
1626.0          0.48827
1627.0          0.48833
1628.0          0.48840
1629.0          0.48848
1630.0          0.48858
1631.0          0.48868
1632.0          0.48879
1633.0          0.48891
1634.0          0.48904
1635.0          0.48917
1636.0          0.48931
1637.0          0.48946
1638.0          0.48962
1639.0          0.48978
1640.0          0.48995
1641.0          0.49012
1642.0          0.49030
1643.0          0.49049
1644.0          0.49068
1645.0          0.49087
1646.0          0.49107
1647.0          0.49127
1648.0          0.49148
1649.0          0.49169
1650.0          0.49190
1400.0          0.73942
1401.0          0.73839
1402.0          0.73736
1403.0          0.73633
1404.0          0.73531
1405.0          0.73429
1406.0          0.73327
1407.0          0.73225
1408.0          0.73124
1409.0          0.73023
1410.0          0.72922
1411.0          0.72822
1412.0          0.72722
1413.0          0.72622
1414.0          0.72522
1415.0          0.72423
1416.0          0.72324
1417.0          0.72226
1418.0          0.72127
1419.0          0.72029
1420.0          0.71932
1421.0          0.71835
1422.0          0.71738
1423.0          0.71642
1424.0          0.71546
1425.0          0.71450
1426.0          0.71355
1427.0          0.71260
1428.0          0.71166
1429.0          0.71072
1430.0          0.70978
1431.0          0.70885
1432.0          0.70792
1433.0          0.70700
1434.0          0.70608
1435.0          0.70517
1436.0          0.70426
1437.0          0.70335
1438.0          0.70245
1439.0          0.70156
1440.0          0.70067
1441.0          0.69978
1442.0          0.69891
1443.0          0.69803
1444.0          0.69716
1445.0          0.69630
1446.0          0.69544
1447.0          0.69459
1448.0          0.69374
1449.0          0.69290
1450.0          0.69206
1451.0          0.69123
1452.0          0.69041
1453.0          0.68959
1454.0          0.68878
1455.0          0.68797
1456.0          0.68717
1457.0          0.68638
1458.0          0.68560
1459.0          0.68482
1460.0          0.68404
1461.0          0.68328
1462.0          0.68252
1463.0          0.68177
1464.0          0.68103
1465.0          0.68029
1466.0          0.67956
1467.0          0.67884
1468.0          0.67813
1469.0          0.67743
1470.0          0.67673
1471.0          0.67605
1472.0          0.67537
1473.0          0.67470
1474.0          0.67404
1475.0          0.67339
1476.0          0.67275
1477.0          0.67212
1478.0          0.67150
1479.0          0.67089
1480.0          0.67029
1481.0          0.66970
1482.0          0.66913
1483.0          0.66856
1484.0          0.66801
1485.0          0.66747
1486.0          0.66694
1487.0          0.66643
1488.0          0.66593
1489.0          0.66544
1490.0          0.66497
1491.0          0.66451
1492.0          0.66407
1493.0          0.66365
1494.0          0.66324
1495.0          0.66285
1496.0          0.66248
1497.0          0.66212
1498.0          0.66179
1499.0          0.66147
1500.0          0.66118
1501.0          0.66091
1502.0          0.66066
1503.0          0.66044
1504.0          0.66024
1505.0          0.66007
1506.0          0.65992
1507.0          0.65981
1508.0          0.65973
1509.0          0.65967
1510.0          0.65966
1511.0          0.65967
1512.0          0.65973
1513.0          0.65983
1514.0          0.65997
1515.0          0.66015
1516.0          0.66039
1517.0          0.66067
1518.0          0.66101
1519.0          0.66141
1520.0          0.66187
1521.0          0.66240
1522.0          0.66300
1523.0          0.66368
1524.0          0.66444
1525.0          0.66530
1526.0          0.66625
1527.0          0.66732
1528.0          0.66850
1529.0          0.66980
1530.0          0.67125
1531.0          0.67286
1532.0          0.67464
1533.0          0.67660
1534.0          0.67878
1535.0          0.68120
1536.0          0.68387
1537.0          0.68685
1538.0          0.69017
1539.0          0.69387
1540.0          0.69801
1541.0          0.70266
1542.0          0.70790
1543.0          0.71382
1544.0          0.72056
1545.0          0.72826
1546.0          0.73711
1547.0          0.74735
1548.0          0.75930
1549.0          0.77337
1550.0          0.79006
1551.0          0.81007
1552.0          0.83425
1553.0          0.86364
1554.0          0.89915
1555.0          0.94041
1556.0          0.98131
1557.0          0.99371
1558.0          0.88347
1559.0          0.51264
1560.0          0.10798
1561.0          1.3400E-4
1562.0          0.051812
1563.0          0.12872
1564.0          0.19551
1565.0          0.24838
1566.0          0.28973
1567.0          0.32237
1568.0          0.34853
1569.0          0.36982
1570.0          0.38740
1571.0          0.40210
1572.0          0.41455
1573.0          0.42518
1574.0          0.43436
1575.0          0.44233
1576.0          0.44931
1577.0          0.45545
1578.0          0.46089
1579.0          0.46573
1580.0          0.47006
1581.0          0.47393
1582.0          0.47742
1583.0          0.48057
1584.0          0.48342
1585.0          0.48601
1586.0          0.48836
1587.0          0.49050
1588.0          0.49246
1589.0          0.49424
1590.0          0.49588
1591.0          0.49737
1592.0          0.49874
1593.0          0.50000
1594.0          0.50115
1595.0          0.50221
1596.0          0.50318
1597.0          0.50407
1598.0          0.50489
1599.0          0.50564
1600.0          0.50633
1601.0          0.50696
1602.0          0.50753
1603.0          0.50806
1604.0          0.50854
1605.0          0.50897
1606.0          0.50937
1607.0          0.50972
1608.0          0.51005
1609.0          0.51034
1610.0          0.51059
1611.0          0.51082
1612.0          0.51103
1613.0          0.51120
1614.0          0.51135
1615.0          0.51148
1616.0          0.51159
1617.0          0.51168
1618.0          0.51175
1619.0          0.51180
1620.0          0.51184
1621.0          0.51185
1622.0          0.51186
1623.0          0.51185
1624.0          0.51182
1625.0          0.51178
1626.0          0.51173
1627.0          0.51167
1628.0          0.51160
1629.0          0.51152
1630.0          0.51142
1631.0          0.51132
1632.0          0.51121
1633.0          0.51109
1634.0          0.51096
1635.0          0.51083
1636.0          0.51069
1637.0          0.51054
1638.0          0.51038
1639.0          0.51022
1640.0          0.51005
1641.0          0.50988
1642.0          0.50970
1643.0          0.50951
1644.0          0.50932
1645.0          0.50913
1646.0          0.50893
1647.0          0.50873
1648.0          0.50852
1649.0          0.50831
1650.0          0.50810
1400.0          1.0000
1401.0          1.0000
1402.0          1.0000
1403.0          1.0000
1404.0          1.0000
1405.0          1.0000
1406.0          1.0000
1407.0          1.0000
1408.0          1.0000
1409.0          1.0000
1410.0          1.0000
1411.0          1.0000
1412.0          1.0000
1413.0          1.0000
1414.0          1.0000
1415.0          1.0000
1416.0          1.0000
1417.0          1.0000
1418.0          1.0000
1419.0          1.0000
1420.0          1.0000
1421.0          1.0000
1422.0          1.0000
1423.0          1.0000
1424.0          1.0000
1425.0          1.0000
1426.0          1.0000
1427.0          1.0000
1428.0          1.0000
1429.0          1.0000
1430.0          1.0000
1431.0          1.0000
1432.0          1.0000
1433.0          1.0000
1434.0          1.0000
1435.0          1.0000
1436.0          1.0000
1437.0          1.0000
1438.0          1.0000
1439.0          1.0000
1440.0          1.0000
1441.0          1.0000
1442.0          1.0000
1443.0          1.0000
1444.0          1.0000
1445.0          1.0000
1446.0          1.0000
1447.0          1.0000
1448.0          1.0000
1449.0          1.0000
1450.0          1.0000
1451.0          1.0000
1452.0          1.0000
1453.0          1.0000
1454.0          1.0000
1455.0          1.0000
1456.0          1.0000
1457.0          1.0000
1458.0          1.0000
1459.0          1.0000
1460.0          1.0000
1461.0          1.0000
1462.0          1.0000
1463.0          1.0000
1464.0          1.0000
1465.0          1.0000
1466.0          1.0000
1467.0          1.0000
1468.0          1.0000
1469.0          1.0000
1470.0          1.0000
1471.0          1.0000
1472.0          1.0000
1473.0          1.0000
1474.0          1.0000
1475.0          1.0000
1476.0          1.0000
1477.0          1.0000
1478.0          1.0000
1479.0          1.0000
1480.0          1.0000
1481.0          1.0000
1482.0          1.0000
1483.0          1.0000
1484.0          1.0000
1485.0          1.0000
1486.0          1.0000
1487.0          1.0000
1488.0          1.0000
1489.0          1.0000
1490.0          1.0000
1491.0          1.0000
1492.0          1.0000
1493.0          1.0000
1494.0          1.0000
1495.0          1.0000
1496.0          1.0000
1497.0          1.0000
1498.0          1.0000
1499.0          1.0000
1500.0          1.0000
1501.0          1.0000
1502.0          1.0000
1503.0          1.0000
1504.0          1.0000
1505.0          1.0000
1506.0          1.0000
1507.0          1.0000
1508.0          1.0000
1509.0          1.0000
1510.0          1.0000
1511.0          1.0000
1512.0          1.0000
1513.0          1.0000
1514.0          1.0000
1515.0          1.0000
1516.0          1.0000
1517.0          1.0000
1518.0          1.0000
1519.0          1.0000
1520.0          1.0000
1521.0          1.0000
1522.0          1.0000
1523.0          1.0000
1524.0          1.0000
1525.0          1.0000
1526.0          1.0000
1527.0          1.0000
1528.0          1.0000
1529.0          1.0000
1530.0          1.0000
1531.0          1.0000
1532.0          1.0000
1533.0          1.0000
1534.0          1.0000
1535.0          1.0000
1536.0          1.0000
1537.0          1.0000
1538.0          1.0000
1539.0          1.0000
1540.0          1.0000
1541.0          1.0000
1542.0          1.0000
1543.0          1.0000
1544.0          1.0000
1545.0          1.0000
1546.0          1.0000
1547.0          1.0000
1548.0          1.0000
1549.0          1.0000
1550.0          1.0000
1551.0          1.0000
1552.0          1.0000
1553.0          1.0000
1554.0          1.0000
1555.0          1.0000
1556.0          1.0000
1557.0          1.0000
1558.0          1.0000
1559.0          1.0000
1560.0          1.0000
1561.0          1.0000
1562.0          1.0000
1563.0          1.0000
1564.0          1.0000
1565.0          1.0000
1566.0          1.0000
1567.0          1.0000
1568.0          1.0000
1569.0          1.0000
1570.0          1.0000
1571.0          1.0000
1572.0          1.0000
1573.0          1.0000
1574.0          1.0000
1575.0          1.0000
1576.0          1.0000
1577.0          1.0000
1578.0          1.0000
1579.0          1.0000
1580.0          1.0000
1581.0          1.0000
1582.0          1.0000
1583.0          1.0000
1584.0          1.0000
1585.0          1.0000
1586.0          1.0000
1587.0          1.0000
1588.0          1.0000
1589.0          1.0000
1590.0          1.0000
1591.0          1.0000
1592.0          1.0000
1593.0          1.0000
1594.0          1.0000
1595.0          1.0000
1596.0          1.0000
1597.0          1.0000
1598.0          1.0000
1599.0          1.0000
1600.0          1.0000
1601.0          1.0000
1602.0          1.0000
1603.0          1.0000
1604.0          1.0000
1605.0          1.0000
1606.0          1.0000
1607.0          1.0000
1608.0          1.0000
1609.0          1.0000
1610.0          1.0000
1611.0          1.0000
1612.0          1.0000
1613.0          1.0000
1614.0          1.0000
1615.0          1.0000
1616.0          1.0000
1617.0          1.0000
1618.0          1.0000
1619.0          1.0000
1620.0          1.0000
1621.0          1.0000
1622.0          1.0000
1623.0          1.0000
1624.0          1.0000
1625.0          1.0000
1626.0          1.0000
1627.0          1.0000
1628.0          1.0000
1629.0          1.0000
1630.0          1.0000
1631.0          1.0000
1632.0          1.0000
1633.0          1.0000
1634.0          1.0000
1635.0          1.0000
1636.0          1.0000
1637.0          1.0000
1638.0          1.0000
1639.0          1.0000
1640.0          1.0000
1641.0          1.0000
1642.0          1.0000
1643.0          1.0000
1644.0          1.0000
1645.0          1.0000
1646.0          1.0000
1647.0          1.0000
1648.0          1.0000
1649.0          1.0000
1650.0          1.0000
1400.0          1.8874E-15
1401.0          4.4409E-16
1402.0          7.7716E-16
1403.0          0.0000
1404.0          -2.6645E-15
1405.0          -1.1102E-15
1406.0          8.8818E-16
1407.0          5.5511E-16
1408.0          -2.2204E-15
1409.0          -4.4409E-16
1410.0          -1.7764E-15
1411.0          1.9984E-15
1412.0          -2.6645E-15
1413.0          -8.8818E-16
1414.0          1.9984E-15
1415.0          1.5543E-15
1416.0          7.7716E-16
1417.0          -2.2204E-15
1418.0          1.9984E-15
1419.0          0.0000
1420.0          4.4409E-16
1421.0          -8.8818E-16
1422.0          7.7716E-16
1423.0          -4.4409E-16
1424.0          3.5527E-15
1425.0          1.1102E-16
1426.0          -4.2188E-15
1427.0          -8.8818E-16
1428.0          -1.3323E-15
1429.0          0.0000
1430.0          2.2204E-16
1431.0          2.2204E-15
1432.0          1.7764E-15
1433.0          -3.9968E-15
1434.0          4.4409E-16
1435.0          -3.1086E-15
1436.0          -1.1102E-15
1437.0          2.2204E-16
1438.0          9.5479E-15
1439.0          9.9920E-16
1440.0          1.7764E-15
1441.0          -2.2204E-15
1442.0          -3.7748E-15
1443.0          2.2204E-16
1444.0          -1.9984E-15
1445.0          0.0000
1446.0          -1.7764E-15
1447.0          8.8818E-16
1448.0          -1.7764E-15
1449.0          -1.5543E-15
1450.0          1.5543E-15
1451.0          9.9920E-16
1452.0          -4.2188E-15
1453.0          1.7764E-15
1454.0          1.3323E-15
1455.0          -2.2204E-15
1456.0          -1.9984E-15
1457.0          1.3323E-15
1458.0          4.4409E-16
1459.0          -8.8818E-16
1460.0          0.0000
1461.0          -1.9984E-15
1462.0          6.6613E-16
1463.0          9.9920E-16
1464.0          0.0000
1465.0          5.5511E-16
1466.0          -1.3323E-15
1467.0          5.5511E-16
1468.0          2.7756E-15
1469.0          -8.8818E-16
1470.0          8.8818E-16
1471.0          -4.4409E-16
1472.0          2.5535E-15
1473.0          -4.4409E-16
1474.0          6.6613E-16
1475.0          8.8818E-16
1476.0          3.7748E-15
1477.0          -2.6645E-15
1478.0          -2.4425E-15
1479.0          -1.5543E-15
1480.0          3.5527E-15
1481.0          8.8818E-16
1482.0          2.2204E-15
1483.0          8.8818E-16
1484.0          -6.6613E-16
1485.0          1.3323E-15
1486.0          1.9984E-15
1487.0          -3.5527E-15
1488.0          -1.7764E-15
1489.0          -1.3323E-15
1490.0          -4.4409E-16
1491.0          4.4409E-16
1492.0          1.3323E-15
1493.0          0.0000
1494.0          -4.4409E-16
1495.0          1.6653E-15
1496.0          -1.3323E-15
1497.0          -2.4425E-15
1498.0          1.5543E-15
1499.0          2.9976E-15
1500.0          -1.5543E-15
1501.0          -1.1102E-15
1502.0          -2.2204E-16
1503.0          -8.8818E-16
1504.0          1.5543E-15
1505.0          1.7764E-15
1506.0          8.8818E-16
1507.0          -2.2204E-16
1508.0          1.7764E-15
1509.0          1.5543E-15
1510.0          1.9984E-15
1511.0          -8.8818E-16
1512.0          -8.8818E-16
1513.0          -8.8818E-16
1514.0          -8.8818E-16
1515.0          0.0000
1516.0          2.2204E-16
1517.0          -8.8818E-16
1518.0          1.1102E-16
1519.0          2.6645E-15
1520.0          -2.8866E-15
1521.0          -4.4409E-16
1522.0          -2.6645E-15
1523.0          -1.3323E-15
1524.0          8.8818E-16
1525.0          -3.3307E-15
1526.0          4.4409E-16
1527.0          -1.9984E-15
1528.0          -1.5543E-15
1529.0          8.8818E-16
1530.0          -2.2204E-16
1531.0          -8.8818E-16
1532.0          -1.3323E-15
1533.0          -1.3323E-15
1534.0          -2.4425E-15
1535.0          1.2212E-15
1536.0          1.7764E-15
1537.0          -1.1102E-15
1538.0          -2.8866E-15
1539.0          6.6613E-16
1540.0          -2.2204E-16
1541.0          6.6613E-16
1542.0          3.1086E-15
1543.0          8.8818E-16
1544.0          -1.3323E-15
1545.0          4.1078E-15
1546.0          1.3323E-15
1547.0          2.2204E-16
1548.0          2.2204E-15
1549.0          -1.7764E-15
1550.0          -4.4409E-16
1551.0          5.5511E-16
1552.0          1.1102E-16
1553.0          9.9920E-16
1554.0          1.7764E-15
1555.0          -2.8866E-15
1556.0          -2.2204E-15
1557.0          -2.2204E-16
1558.0          -4.4409E-16
1559.0          -2.0206E-14
1560.0          1.2546E-14
1561.0          -1.9096E-14
1562.0          6.6613E-16
1563.0          -5.1070E-15
1564.0          1.7764E-15
1565.0          -8.8818E-16
1566.0          -3.1086E-15
1567.0          2.2204E-15
1568.0          4.4409E-16
1569.0          -2.8866E-15
1570.0          4.4409E-16
1571.0          6.6613E-16
1572.0          1.1102E-16
1573.0          -1.3323E-15
1574.0          -4.4409E-16
1575.0          8.8818E-16
1576.0          3.2196E-15
1577.0          -1.1102E-15
1578.0          -4.8850E-15
1579.0          -1.3323E-15
1580.0          -3.1086E-15
1581.0          1.7764E-15
1582.0          1.1102E-15
1583.0          -8.8818E-16
1584.0          2.2204E-15
1585.0          2.6645E-15
1586.0          1.7764E-15
1587.0          -2.2204E-15
1588.0          2.3315E-15
1589.0          1.3323E-15
1590.0          -3.1086E-15
1591.0          -8.8818E-16
1592.0          -2.6645E-15
1593.0          -4.4409E-16
1594.0          6.6613E-16
1595.0          -3.1086E-15
1596.0          -1.1102E-15
1597.0          1.3323E-15
1598.0          -1.3323E-15
1599.0          3.1086E-15
1600.0          -4.2188E-15
1601.0          4.4409E-16
1602.0          -1.3323E-15
1603.0          1.1102E-15
1604.0          -1.7764E-15
1605.0          -1.1102E-15
1606.0          -1.7764E-15
1607.0          1.8874E-15
1608.0          -1.3323E-15
1609.0          -2.8866E-15
1610.0          2.2204E-15
1611.0          -1.9984E-15
1612.0          3.3307E-16
1613.0          4.4409E-15
1614.0          3.4417E-15
1615.0          -6.6613E-16
1616.0          1.7764E-15
1617.0          3.6637E-15
1618.0          1.1102E-15
1619.0          1.3323E-15
1620.0          -8.8818E-16
1621.0          4.4409E-16
1622.0          -8.8818E-16
1623.0          -8.8818E-16
1624.0          3.3307E-16
1625.0          -4.4409E-16
1626.0          -2.2204E-16
1627.0          3.7748E-15
1628.0          1.7764E-15
1629.0          -1.3323E-15
1630.0          1.5543E-15
1631.0          2.6645E-15
1632.0          -2.6645E-15
1633.0          6.6613E-16
1634.0          -1.3323E-15
1635.0          -2.2204E-16
1636.0          -4.6629E-15
1637.0          2.3315E-15
1638.0          1.5543E-15
1639.0          -8.8818E-16
1640.0          -2.4425E-15
1641.0          -1.3323E-15
1642.0          -6.6613E-16
1643.0          2.4425E-15
1644.0          -1.5543E-15
1645.0          -5.1070E-15
1646.0          8.8818E-16
1647.0          -3.1086E-15
1648.0          -1.7764E-15
1649.0          -8.8818E-16
1650.0          4.4409E-16
