1400.0          0.067760
1401.0          0.067290
1402.0          0.066840
1403.0          0.066408
1404.0          0.065996
1405.0          0.065605
1406.0          0.065233
1407.0          0.064883
1408.0          0.064555
1409.0          0.064248
1410.0          0.063964
1411.0          0.063703
1412.0          0.063466
1413.0          0.063255
1414.0          0.063069
1415.0          0.062910
1416.0          0.062779
1417.0          0.062678
1418.0          0.062608
1419.0          0.062570
1420.0          0.062567
1421.0          0.062600
1422.0          0.062673
1423.0          0.062787
1424.0          0.062947
1425.0          0.063154
1426.0          0.063414
1427.0          0.063732
1428.0          0.064111
1429.0          0.064559
1430.0          0.065082
1431.0          0.065689
1432.0          0.066389
1433.0          0.067193
1434.0          0.068113
1435.0          0.069166
1436.0          0.070368
1437.0          0.071742
1438.0          0.073311
1439.0          0.075107
1440.0          0.077165
1441.0          0.079530
1442.0          0.082255
1443.0          0.085406
1444.0          0.089063
1445.0          0.093326
1446.0          0.098322
1447.0          0.10421
1448.0          0.11119
1449.0          0.11952
1450.0          0.12953
1451.0          0.14167
1452.0          0.15650
1453.0          0.17479
1454.0          0.19754
1455.0          0.22611
1456.0          0.26226
1457.0          0.30831
1458.0          0.36709
1459.0          0.44177
1460.0          0.53496
1461.0          0.64660
1462.0          0.77008
1463.0          0.88798
1464.0          0.97287
1465.0          0.99971
1466.0          0.96324
1467.0          0.88105
1468.0          0.77915
1469.0          0.67765
1470.0          0.58691
1471.0          0.51013
1472.0          0.44684
1473.0          0.39521
1474.0          0.35316
1475.0          0.31878
1476.0          0.29052
1477.0          0.26713
1478.0          0.24761
1479.0          0.23122
1480.0          0.21734
1481.0          0.20553
1482.0          0.19540
1483.0          0.18668
1484.0          0.17912
1485.0          0.17255
1486.0          0.16681
1487.0          0.16177
1488.0          0.15735
1489.0          0.15344
1490.0          0.15000
1491.0          0.14694
1492.0          0.14424
1493.0          0.14184
1494.0          0.13971
1495.0          0.13782
1496.0          0.13615
1497.0          0.13466
1498.0          0.13335
1499.0          0.13219
1500.0          0.13117
1501.0          0.13028
1502.0          0.12951
1503.0          0.12884
1504.0          0.12827
1505.0          0.12779
1506.0          0.12738
1507.0          0.12706
1508.0          0.12680
1509.0          0.12661
1510.0          0.12648
1511.0          0.12640
1512.0          0.12637
1513.0          0.12639
1514.0          0.12646
1515.0          0.12657
1516.0          0.12672
1517.0          0.12691
1518.0          0.12713
1519.0          0.12739
1520.0          0.12768
1521.0          0.12799
1522.0          0.12834
1523.0          0.12871
1524.0          0.12910
1525.0          0.12952
1526.0          0.12997
1527.0          0.13043
1528.0          0.13092
1529.0          0.13142
1530.0          0.13194
1531.0          0.13248
1532.0          0.13304
1533.0          0.13362
1534.0          0.13421
1535.0          0.13481
1536.0          0.13543
1537.0          0.13607
1538.0          0.13671
1539.0          0.13737
1540.0          0.13805
1541.0          0.13873
1542.0          0.13942
1543.0          0.14013
1544.0          0.14085
1545.0          0.14157
1546.0          0.14231
1547.0          0.14306
1548.0          0.14381
1549.0          0.14457
1550.0          0.14535
1551.0          0.14613
1552.0          0.14691
1553.0          0.14771
1554.0          0.14851
1555.0          0.14932
1556.0          0.15014
1557.0          0.15096
1558.0          0.15179
1559.0          0.15262
1560.0          0.15346
1561.0          0.15431
1562.0          0.15516
1563.0          0.15602
1564.0          0.15688
1565.0          0.15775
1566.0          0.15862
1567.0          0.15950
1568.0          0.16038
1569.0          0.16126
1570.0          0.16215
1571.0          0.16304
1572.0          0.16394
1573.0          0.16484
1574.0          0.16574
1575.0          0.16665
1576.0          0.16756
1577.0          0.16847
1578.0          0.16939
1579.0          0.17031
1580.0          0.17123
1581.0          0.17215
1582.0          0.17308
1583.0          0.17401
1584.0          0.17494
1585.0          0.17587
1586.0          0.17681
1587.0          0.17774
1588.0          0.17868
1589.0          0.17962
1590.0          0.18056
1591.0          0.18151
1592.0          0.18245
1593.0          0.18339
1594.0          0.18434
1595.0          0.18529
1596.0          0.18624
1597.0          0.18718
1598.0          0.18813
1599.0          0.18908
1600.0          0.19003
1601.0          0.19098
1602.0          0.19193
1603.0          0.19289
1604.0          0.19384
1605.0          0.19479
1606.0          0.19574
1607.0          0.19669
1608.0          0.19764
1609.0          0.19859
1610.0          0.19954
1611.0          0.20049
1612.0          0.20144
1613.0          0.20239
1614.0          0.20333
1615.0          0.20428
1616.0          0.20522
1617.0          0.20617
1618.0          0.20711
1619.0          0.20805
1620.0          0.20899
1621.0          0.20993
1622.0          0.21087
1623.0          0.21180
1624.0          0.21274
1625.0          0.21367
1626.0          0.21460
1627.0          0.21552
1628.0          0.21645
1629.0          0.21737
1630.0          0.21829
1631.0          0.21921
1632.0          0.22012
1633.0          0.22103
1634.0          0.22194
1635.0          0.22285
1636.0          0.22375
1637.0          0.22465
1638.0          0.22554
1639.0          0.22644
1640.0          0.22732
1641.0          0.22821
1642.0          0.22909
1643.0          0.22996
1644.0          0.23083
1645.0          0.23170
1646.0          0.23256
1647.0          0.23342
1648.0          0.23427
1649.0          0.23511
1650.0          0.23595
1400.0          0.93224
1401.0          0.93271
1402.0          0.93316
1403.0          0.93359
1404.0          0.93400
1405.0          0.93440
1406.0          0.93477
1407.0          0.93512
1408.0          0.93545
1409.0          0.93575
1410.0          0.93604
1411.0          0.93630
1412.0          0.93653
1413.0          0.93675
1414.0          0.93693
1415.0          0.93709
1416.0          0.93722
1417.0          0.93732
1418.0          0.93739
1419.0          0.93743
1420.0          0.93743
1421.0          0.93740
1422.0          0.93733
1423.0          0.93721
1424.0          0.93705
1425.0          0.93685
1426.0          0.93659
1427.0          0.93627
1428.0          0.93589
1429.0          0.93544
1430.0          0.93492
1431.0          0.93431
1432.0          0.93361
1433.0          0.93281
1434.0          0.93189
1435.0          0.93083
1436.0          0.92963
1437.0          0.92826
1438.0          0.92669
1439.0          0.92489
1440.0          0.92283
1441.0          0.92047
1442.0          0.91774
1443.0          0.91459
1444.0          0.91094
1445.0          0.90667
1446.0          0.90168
1447.0          0.89579
1448.0          0.88881
1449.0          0.88048
1450.0          0.87047
1451.0          0.85833
1452.0          0.84350
1453.0          0.82521
1454.0          0.80246
1455.0          0.77389
1456.0          0.73774
1457.0          0.69169
1458.0          0.63291
1459.0          0.55823
1460.0          0.46504
1461.0          0.35340
1462.0          0.22992
1463.0          0.11202
1464.0          0.027125
1465.0          2.8562E-4
1466.0          0.036759
1467.0          0.11895
1468.0          0.22085
1469.0          0.32235
1470.0          0.41309
1471.0          0.48987
1472.0          0.55316
1473.0          0.60479
1474.0          0.64684
1475.0          0.68122
1476.0          0.70948
1477.0          0.73287
1478.0          0.75239
1479.0          0.76878
1480.0          0.78266
1481.0          0.79447
1482.0          0.80460
1483.0          0.81332
1484.0          0.82088
1485.0          0.82745
1486.0          0.83319
1487.0          0.83823
1488.0          0.84265
1489.0          0.84656
1490.0          0.85000
1491.0          0.85306
1492.0          0.85576
1493.0          0.85816
1494.0          0.86029
1495.0          0.86218
1496.0          0.86385
1497.0          0.86534
1498.0          0.86665
1499.0          0.86781
1500.0          0.86883
1501.0          0.86972
1502.0          0.87049
1503.0          0.87116
1504.0          0.87173
1505.0          0.87221
1506.0          0.87262
1507.0          0.87294
1508.0          0.87320
1509.0          0.87339
1510.0          0.87352
1511.0          0.87360
1512.0          0.87363
1513.0          0.87361
1514.0          0.87354
1515.0          0.87343
1516.0          0.87328
1517.0          0.87309
1518.0          0.87287
1519.0          0.87261
1520.0          0.87232
1521.0          0.87201
1522.0          0.87166
1523.0          0.87129
1524.0          0.87090
1525.0          0.87048
1526.0          0.87003
1527.0          0.86957
1528.0          0.86908
1529.0          0.86858
1530.0          0.86806
1531.0          0.86752
1532.0          0.86696
1533.0          0.86638
1534.0          0.86579
1535.0          0.86519
1536.0          0.86457
1537.0          0.86393
1538.0          0.86329
1539.0          0.86263
1540.0          0.86195
1541.0          0.86127
1542.0          0.86058
1543.0          0.85987
1544.0          0.85915
1545.0          0.85843
1546.0          0.85769
1547.0          0.85694
1548.0          0.85619
1549.0          0.85543
1550.0          0.85465
1551.0          0.85387
1552.0          0.85309
1553.0          0.85229
1554.0          0.85149
1555.0          0.85068
1556.0          0.84986
1557.0          0.84904
1558.0          0.84821
1559.0          0.84738
1560.0          0.84654
1561.0          0.84569
1562.0          0.84484
1563.0          0.84398
1564.0          0.84312
1565.0          0.84225
1566.0          0.84138
1567.0          0.84050
1568.0          0.83962
1569.0          0.83874
1570.0          0.83785
1571.0          0.83696
1572.0          0.83606
1573.0          0.83516
1574.0          0.83426
1575.0          0.83335
1576.0          0.83244
1577.0          0.83153
1578.0          0.83061
1579.0          0.82969
1580.0          0.82877
1581.0          0.82785
1582.0          0.82692
1583.0          0.82599
1584.0          0.82506
1585.0          0.82413
1586.0          0.82319
1587.0          0.82226
1588.0          0.82132
1589.0          0.82038
1590.0          0.81944
1591.0          0.81849
1592.0          0.81755
1593.0          0.81661
1594.0          0.81566
1595.0          0.81471
1596.0          0.81376
1597.0          0.81282
1598.0          0.81187
1599.0          0.81092
1600.0          0.80997
1601.0          0.80902
1602.0          0.80807
1603.0          0.80711
1604.0          0.80616
1605.0          0.80521
1606.0          0.80426
1607.0          0.80331
1608.0          0.80236
1609.0          0.80141
1610.0          0.80046
1611.0          0.79951
1612.0          0.79856
1613.0          0.79761
1614.0          0.79667
1615.0          0.79572
1616.0          0.79478
1617.0          0.79383
1618.0          0.79289
1619.0          0.79195
1620.0          0.79101
1621.0          0.79007
1622.0          0.78913
1623.0          0.78820
1624.0          0.78726
1625.0          0.78633
1626.0          0.78540
1627.0          0.78448
1628.0          0.78355
1629.0          0.78263
1630.0          0.78171
1631.0          0.78079
1632.0          0.77988
1633.0          0.77897
1634.0          0.77806
1635.0          0.77715
1636.0          0.77625
1637.0          0.77535
1638.0          0.77446
1639.0          0.77356
1640.0          0.77268
1641.0          0.77179
1642.0          0.77091
1643.0          0.77004
1644.0          0.76917
1645.0          0.76830
1646.0          0.76744
1647.0          0.76658
1648.0          0.76573
1649.0          0.76489
1650.0          0.76405
1400.0          1.0000
1401.0          1.0000
1402.0          1.0000
1403.0          1.0000
1404.0          1.0000
1405.0          1.0000
1406.0          1.0000
1407.0          1.0000
1408.0          1.0000
1409.0          1.0000
1410.0          1.0000
1411.0          1.0000
1412.0          1.0000
1413.0          1.0000
1414.0          1.0000
1415.0          1.0000
1416.0          1.0000
1417.0          1.0000
1418.0          1.0000
1419.0          1.0000
1420.0          1.0000
1421.0          1.0000
1422.0          1.0000
1423.0          1.0000
1424.0          1.0000
1425.0          1.0000
1426.0          1.0000
1427.0          1.0000
1428.0          1.0000
1429.0          1.0000
1430.0          1.0000
1431.0          1.0000
1432.0          1.0000
1433.0          1.0000
1434.0          1.0000
1435.0          1.0000
1436.0          1.0000
1437.0          1.0000
1438.0          1.0000
1439.0          1.0000
1440.0          1.0000
1441.0          1.0000
1442.0          1.0000
1443.0          1.0000
1444.0          1.0000
1445.0          1.0000
1446.0          1.0000
1447.0          1.0000
1448.0          1.0000
1449.0          1.0000
1450.0          1.0000
1451.0          1.0000
1452.0          1.0000
1453.0          1.0000
1454.0          1.0000
1455.0          1.0000
1456.0          1.0000
1457.0          1.0000
1458.0          1.0000
1459.0          1.0000
1460.0          1.0000
1461.0          1.0000
1462.0          1.0000
1463.0          1.0000
1464.0          1.0000
1465.0          1.0000
1466.0          1.0000
1467.0          1.0000
1468.0          1.0000
1469.0          1.0000
1470.0          1.0000
1471.0          1.0000
1472.0          1.0000
1473.0          1.0000
1474.0          1.0000
1475.0          1.0000
1476.0          1.0000
1477.0          1.0000
1478.0          1.0000
1479.0          1.0000
1480.0          1.0000
1481.0          1.0000
1482.0          1.0000
1483.0          1.0000
1484.0          1.0000
1485.0          1.0000
1486.0          1.0000
1487.0          1.0000
1488.0          1.0000
1489.0          1.0000
1490.0          1.0000
1491.0          1.0000
1492.0          1.0000
1493.0          1.0000
1494.0          1.0000
1495.0          1.0000
1496.0          1.0000
1497.0          1.0000
1498.0          1.0000
1499.0          1.0000
1500.0          1.0000
1501.0          1.0000
1502.0          1.0000
1503.0          1.0000
1504.0          1.0000
1505.0          1.0000
1506.0          1.0000
1507.0          1.0000
1508.0          1.0000
1509.0          1.0000
1510.0          1.0000
1511.0          1.0000
1512.0          1.0000
1513.0          1.0000
1514.0          1.0000
1515.0          1.0000
1516.0          1.0000
1517.0          1.0000
1518.0          1.0000
1519.0          1.0000
1520.0          1.0000
1521.0          1.0000
1522.0          1.0000
1523.0          1.0000
1524.0          1.0000
1525.0          1.0000
1526.0          1.0000
1527.0          1.0000
1528.0          1.0000
1529.0          1.0000
1530.0          1.0000
1531.0          1.0000
1532.0          1.0000
1533.0          1.0000
1534.0          1.0000
1535.0          1.0000
1536.0          1.0000
1537.0          1.0000
1538.0          1.0000
1539.0          1.0000
1540.0          1.0000
1541.0          1.0000
1542.0          1.0000
1543.0          1.0000
1544.0          1.0000
1545.0          1.0000
1546.0          1.0000
1547.0          1.0000
1548.0          1.0000
1549.0          1.0000
1550.0          1.0000
1551.0          1.0000
1552.0          1.0000
1553.0          1.0000
1554.0          1.0000
1555.0          1.0000
1556.0          1.0000
1557.0          1.0000
1558.0          1.0000
1559.0          1.0000
1560.0          1.0000
1561.0          1.0000
1562.0          1.0000
1563.0          1.0000
1564.0          1.0000
1565.0          1.0000
1566.0          1.0000
1567.0          1.0000
1568.0          1.0000
1569.0          1.0000
1570.0          1.0000
1571.0          1.0000
1572.0          1.0000
1573.0          1.0000
1574.0          1.0000
1575.0          1.0000
1576.0          1.0000
1577.0          1.0000
1578.0          1.0000
1579.0          1.0000
1580.0          1.0000
1581.0          1.0000
1582.0          1.0000
1583.0          1.0000
1584.0          1.0000
1585.0          1.0000
1586.0          1.0000
1587.0          1.0000
1588.0          1.0000
1589.0          1.0000
1590.0          1.0000
1591.0          1.0000
1592.0          1.0000
1593.0          1.0000
1594.0          1.0000
1595.0          1.0000
1596.0          1.0000
1597.0          1.0000
1598.0          1.0000
1599.0          1.0000
1600.0          1.0000
1601.0          1.0000
1602.0          1.0000
1603.0          1.0000
1604.0          1.0000
1605.0          1.0000
1606.0          1.0000
1607.0          1.0000
1608.0          1.0000
1609.0          1.0000
1610.0          1.0000
1611.0          1.0000
1612.0          1.0000
1613.0          1.0000
1614.0          1.0000
1615.0          1.0000
1616.0          1.0000
1617.0          1.0000
1618.0          1.0000
1619.0          1.0000
1620.0          1.0000
1621.0          1.0000
1622.0          1.0000
1623.0          1.0000
1624.0          1.0000
1625.0          1.0000
1626.0          1.0000
1627.0          1.0000
1628.0          1.0000
1629.0          1.0000
1630.0          1.0000
1631.0          1.0000
1632.0          1.0000
1633.0          1.0000
1634.0          1.0000
1635.0          1.0000
1636.0          1.0000
1637.0          1.0000
1638.0          1.0000
1639.0          1.0000
1640.0          1.0000
1641.0          1.0000
1642.0          1.0000
1643.0          1.0000
1644.0          1.0000
1645.0          1.0000
1646.0          1.0000
1647.0          1.0000
1648.0          1.0000
1649.0          1.0000
1650.0          1.0000
1400.0          1.1102E-16
1401.0          1.1102E-16
1402.0          -6.6613E-16
1403.0          -4.4409E-16
1404.0          2.5535E-15
1405.0          -4.4409E-16
1406.0          7.7716E-16
1407.0          1.3323E-15
1408.0          5.5511E-15
1409.0          -4.4409E-16
1410.0          -2.8866E-15
1411.0          4.5519E-15
1412.0          3.3307E-16
1413.0          1.1102E-15
1414.0          1.1102E-15
1415.0          -2.4425E-15
1416.0          -2.2204E-16
1417.0          4.3299E-15
1418.0          -2.2204E-16
1419.0          -2.2204E-15
1420.0          -8.8818E-16
1421.0          -2.2204E-16
1422.0          0.0000
1423.0          8.8818E-16
1424.0          7.7716E-16
1425.0          -8.8818E-16
1426.0          1.1102E-15
1427.0          9.9920E-16
1428.0          3.7748E-15
1429.0          3.3307E-16
1430.0          -1.3323E-15
1431.0          0.0000
1432.0          0.0000
1433.0          1.1102E-15
1434.0          -4.6629E-15
1435.0          1.1102E-15
1436.0          -5.9952E-15
1437.0          -2.2204E-15
1438.0          0.0000
1439.0          3.3307E-16
1440.0          -2.2204E-15
1441.0          4.4409E-16
1442.0          4.6629E-15
1443.0          -4.8850E-15
1444.0          4.6629E-15
1445.0          -1.5543E-15
1446.0          9.9920E-16
1447.0          -1.3323E-15
1448.0          6.5503E-15
1449.0          7.6605E-15
1450.0          -3.5527E-15
1451.0          -9.9920E-15
1452.0          -1.1324E-14
1453.0          -7.9936E-15
1454.0          -9.3259E-15
1455.0          -4.4409E-16
1456.0          1.0214E-14
1457.0          1.4877E-14
1458.0          -1.2212E-14
1459.0          5.4401E-15
1460.0          3.0420E-14
1461.0          -5.7732E-15
1462.0          -1.2879E-14
1463.0          9.2371E-14
1464.0          2.3093E-14
1465.0          -3.2419E-14
1466.0          3.7748E-15
1467.0          2.6312E-14
1468.0          -1.1746E-13
1469.0          6.1617E-14
1470.0          1.4211E-14
1471.0          1.5987E-14
1472.0          -4.3965E-14
1473.0          3.3307E-15
1474.0          8.6597E-15
1475.0          -2.6645E-15
1476.0          -9.3259E-15
1477.0          2.5535E-15
1478.0          7.1054E-15
1479.0          6.6613E-16
1480.0          2.2204E-16
1481.0          1.5543E-15
1482.0          2.2204E-16
1483.0          2.9976E-15
1484.0          -4.6629E-15
1485.0          5.2180E-15
1486.0          -1.7764E-15
1487.0          2.8866E-15
1488.0          -2.2204E-16
1489.0          2.5535E-15
1490.0          1.1102E-15
1491.0          2.2204E-16
1492.0          -3.1086E-15
1493.0          1.8874E-15
1494.0          2.6645E-15
1495.0          0.0000
1496.0          -2.2204E-16
1497.0          1.6653E-15
1498.0          2.2204E-15
1499.0          2.2204E-15
1500.0          3.3307E-16
1501.0          3.8858E-15
1502.0          -1.9984E-15
1503.0          -1.7764E-15
1504.0          2.1094E-15
1505.0          2.8866E-15
1506.0          -2.2204E-15
1507.0          -4.4409E-16
1508.0          -1.3323E-15
1509.0          2.1094E-15
1510.0          6.6613E-16
1511.0          -2.2204E-16
1512.0          -8.8818E-16
1513.0          1.8874E-15
1514.0          -6.6613E-16
1515.0          1.2212E-15
1516.0          1.3323E-15
1517.0          1.1102E-15
1518.0          2.1094E-15
1519.0          -6.6613E-16
1520.0          2.6645E-15
1521.0          -4.4409E-16
1522.0          -1.3323E-15
1523.0          -1.5543E-15
1524.0          3.2196E-15
1525.0          6.6613E-16
1526.0          -6.6613E-16
1527.0          0.0000
1528.0          2.2204E-16
1529.0          6.6613E-16
1530.0          5.5511E-16
1531.0          -2.4425E-15
1532.0          1.6653E-15
1533.0          3.3307E-15
1534.0          -3.1086E-15
1535.0          -8.8818E-16
1536.0          4.4409E-16
1537.0          7.7716E-16
1538.0          -4.4409E-16
1539.0          -1.3323E-15
1540.0          1.9984E-15
1541.0          1.4433E-15
1542.0          6.6613E-16
1543.0          3.3307E-16
1544.0          -1.5543E-15
1545.0          4.4409E-16
1546.0          -1.1102E-15
1547.0          2.4425E-15
1548.0          -6.6613E-16
1549.0          1.3323E-15
1550.0          -1.7764E-15
1551.0          -2.2204E-16
1552.0          2.6645E-15
1553.0          2.2204E-15
1554.0          7.5495E-15
1555.0          -4.4409E-16
1556.0          4.4409E-15
1557.0          -4.8850E-15
1558.0          0.0000
1559.0          -4.8850E-15
1560.0          8.8818E-16
1561.0          1.1102E-16
1562.0          2.6645E-15
1563.0          -4.4409E-16
1564.0          -3.7748E-15
1565.0          2.7756E-15
1566.0          2.1094E-15
1567.0          -1.7764E-15
1568.0          -2.4425E-15
1569.0          -1.5543E-15
1570.0          2.2204E-15
1571.0          -1.1102E-15
1572.0          -3.5527E-15
1573.0          2.2204E-16
1574.0          -2.2204E-16
1575.0          -8.8818E-16
1576.0          -2.2204E-16
1577.0          1.3323E-15
1578.0          -3.1086E-15
1579.0          2.1094E-15
1580.0          -1.7764E-15
1581.0          -1.9984E-15
1582.0          -4.4409E-16
1583.0          5.5511E-16
1584.0          8.8818E-16
1585.0          2.2204E-15
1586.0          1.9984E-15
1587.0          8.8818E-16
1588.0          4.8850E-15
1589.0          5.5511E-16
1590.0          3.6637E-15
1591.0          3.7748E-15
1592.0          -2.6645E-15
1593.0          2.2204E-16
1594.0          1.7764E-15
1595.0          -4.4409E-16
1596.0          1.9984E-15
1597.0          5.5511E-16
1598.0          -1.9984E-15
1599.0          -1.9984E-15
1600.0          1.5543E-15
1601.0          3.3307E-16
1602.0          3.3307E-16
1603.0          -1.3323E-15
1604.0          5.5511E-16
1605.0          -1.9984E-15
1606.0          0.0000
1607.0          8.8818E-16
1608.0          5.5511E-16
1609.0          -1.7764E-15
1610.0          -3.3307E-15
1611.0          6.6613E-16
1612.0          -1.5543E-15
1613.0          0.0000
1614.0          -1.5543E-15
1615.0          -6.6613E-16
1616.0          1.2212E-15
1617.0          -2.2204E-15
1618.0          -1.9984E-15
1619.0          -2.2204E-16
1620.0          -4.4409E-16
1621.0          0.0000
1622.0          1.1102E-16
1623.0          1.9984E-15
1624.0          1.1102E-15
1625.0          5.5511E-16
1626.0          7.7716E-16
1627.0          1.6653E-15
1628.0          -1.3323E-15
1629.0          -6.6613E-16
1630.0          1.4433E-15
1631.0          9.9920E-16
1632.0          -8.8818E-16
1633.0          -8.8818E-16
1634.0          -1.3323E-15
1635.0          6.6613E-16
1636.0          2.6645E-15
1637.0          4.9960E-15
1638.0          2.2204E-15
1639.0          -6.6613E-16
1640.0          1.1102E-15
1641.0          -1.7764E-15
1642.0          2.6645E-15
1643.0          -8.8818E-16
1644.0          -4.4409E-16
1645.0          1.3323E-15
1646.0          0.0000
1647.0          1.7764E-15
1648.0          3.4417E-15
1649.0          2.7756E-15
1650.0          1.1102E-15
