1400.0          0.54118
1401.0          0.54334
1402.0          0.54567
1403.0          0.54815
1404.0          0.55082
1405.0          0.55369
1406.0          0.55680
1407.0          0.56018
1408.0          0.56387
1409.0          0.56796
1410.0          0.57252
1411.0          0.57767
1412.0          0.58356
1413.0          0.59043
1414.0          0.59856
1415.0          0.60841
1416.0          0.62062
1417.0          0.63613
1418.0          0.65639
1419.0          0.68356
1420.0          0.72083
1421.0          0.77235
1422.0          0.84144
1423.0          0.92295
1424.0          0.98841
1425.0          0.99173
1426.0          0.92686
1427.0          0.83972
1428.0          0.76615
1429.0          0.71370
1430.0          0.67830
1431.0          0.65459
1432.0          0.63860
1433.0          0.62769
1434.0          0.62019
1435.0          0.61503
1436.0          0.61152
1437.0          0.60917
1438.0          0.60768
1439.0          0.60682
1440.0          0.60644
1441.0          0.60642
1442.0          0.60669
1443.0          0.60718
1444.0          0.60784
1445.0          0.60864
1446.0          0.60954
1447.0          0.61054
1448.0          0.61161
1449.0          0.61273
1450.0          0.61391
1451.0          0.61512
1452.0          0.61637
1453.0          0.61765
1454.0          0.61895
1455.0          0.62027
1456.0          0.62161
1457.0          0.62298
1458.0          0.62436
1459.0          0.62577
1460.0          0.62721
1461.0          0.62868
1462.0          0.63019
1463.0          0.63176
1464.0          0.63340
1465.0          0.63514
1466.0          0.63701
1467.0          0.63908
1468.0          0.64144
1469.0          0.64425
1470.0          0.64783
1471.0          0.65281
1472.0          0.66069
1473.0          0.67595
1474.0          0.71752
1475.0          0.90875
1476.0          0.76591
1477.0          0.65191
1478.0          0.63929
1479.0          0.63785
1480.0          0.63854
1481.0          0.63973
1482.0          0.64102
1483.0          0.64230
1484.0          0.64353
1485.0          0.64470
1486.0          0.64582
1487.0          0.64689
1488.0          0.64792
1489.0          0.64890
1490.0          0.64985
1491.0          0.65076
1492.0          0.65164
1493.0          0.65249
1494.0          0.65331
1495.0          0.65411
1496.0          0.65488
1497.0          0.65563
1498.0          0.65636
1499.0          0.65707
1500.0          0.65775
1501.0          0.65841
1502.0          0.65906
1503.0          0.65968
1504.0          0.66029
1505.0          0.66088
1506.0          0.66145
1507.0          0.66201
1508.0          0.66254
1509.0          0.66306
1510.0          0.66357
1511.0          0.66406
1512.0          0.66453
1513.0          0.66498
1514.0          0.66542
1515.0          0.66585
1516.0          0.66626
1517.0          0.66665
1518.0          0.66703
1519.0          0.66740
1520.0          0.66775
1521.0          0.66808
1522.0          0.66840
1523.0          0.66871
1524.0          0.66900
1525.0          0.66928
1526.0          0.66955
1527.0          0.66980
1528.0          0.67004
1529.0          0.67026
1530.0          0.67047
1531.0          0.67067
1532.0          0.67085
1533.0          0.67102
1534.0          0.67118
1535.0          0.67133
1536.0          0.67146
1537.0          0.67157
1538.0          0.67168
1539.0          0.67177
1540.0          0.67185
1541.0          0.67192
1542.0          0.67197
1543.0          0.67201
1544.0          0.67204
1545.0          0.67206
1546.0          0.67206
1547.0          0.67205
1548.0          0.67203
1549.0          0.67200
1550.0          0.67195
1551.0          0.67189
1552.0          0.67182
1553.0          0.67173
1554.0          0.67164
1555.0          0.67153
1556.0          0.67141
1557.0          0.67127
1558.0          0.67113
1559.0          0.67097
1560.0          0.67080
1561.0          0.67061
1562.0          0.67041
1563.0          0.67021
1564.0          0.66998
1565.0          0.66975
1566.0          0.66950
1567.0          0.66924
1568.0          0.66897
1569.0          0.66869
1570.0          0.66839
1571.0          0.66808
1572.0          0.66775
1573.0          0.66742
1574.0          0.66707
1575.0          0.66671
1576.0          0.66633
1577.0          0.66594
1578.0          0.66554
1579.0          0.66512
1580.0          0.66469
1581.0          0.66425
1582.0          0.66379
1583.0          0.66332
1584.0          0.66284
1585.0          0.66234
1586.0          0.66183
1587.0          0.66130
1588.0          0.66076
1589.0          0.66020
1590.0          0.65963
1591.0          0.65905
1592.0          0.65845
1593.0          0.65783
1594.0          0.65720
1595.0          0.65656
1596.0          0.65589
1597.0          0.65522
1598.0          0.65452
1599.0          0.65381
1600.0          0.65308
1601.0          0.65234
1602.0          0.65158
1603.0          0.65080
1604.0          0.65001
1605.0          0.64919
1606.0          0.64836
1607.0          0.64751
1608.0          0.64665
1609.0          0.64576
1610.0          0.64485
1611.0          0.64393
1612.0          0.64298
1613.0          0.64202
1614.0          0.64103
1615.0          0.64002
1616.0          0.63900
1617.0          0.63795
1618.0          0.63687
1619.0          0.63578
1620.0          0.63466
1621.0          0.63352
1622.0          0.63236
1623.0          0.63117
1624.0          0.62995
1625.0          0.62871
1626.0          0.62744
1627.0          0.62615
1628.0          0.62483
1629.0          0.62348
1630.0          0.62210
1631.0          0.62070
1632.0          0.61926
1633.0          0.61779
1634.0          0.61630
1635.0          0.61476
1636.0          0.61320
1637.0          0.61160
1638.0          0.60997
1639.0          0.60830
1640.0          0.60659
1641.0          0.60485
1642.0          0.60307
1643.0          0.60124
1644.0          0.59938
1645.0          0.59747
1646.0          0.59552
1647.0          0.59353
1648.0          0.59149
1649.0          0.58940
1650.0          0.58726
1400.0          0.45882
1401.0          0.45666
1402.0          0.45433
1403.0          0.45185
1404.0          0.44918
1405.0          0.44631
1406.0          0.44320
1407.0          0.43982
1408.0          0.43613
1409.0          0.43204
1410.0          0.42748
1411.0          0.42233
1412.0          0.41644
1413.0          0.40957
1414.0          0.40144
1415.0          0.39159
1416.0          0.37938
1417.0          0.36387
1418.0          0.34361
1419.0          0.31644
1420.0          0.27917
1421.0          0.22765
1422.0          0.15856
1423.0          0.077047
1424.0          0.011588
1425.0          0.0082678
1426.0          0.073141
1427.0          0.16028
1428.0          0.23385
1429.0          0.28630
1430.0          0.32170
1431.0          0.34541
1432.0          0.36140
1433.0          0.37231
1434.0          0.37981
1435.0          0.38497
1436.0          0.38848
1437.0          0.39083
1438.0          0.39232
1439.0          0.39318
1440.0          0.39356
1441.0          0.39358
1442.0          0.39331
1443.0          0.39282
1444.0          0.39216
1445.0          0.39136
1446.0          0.39046
1447.0          0.38946
1448.0          0.38839
1449.0          0.38727
1450.0          0.38609
1451.0          0.38488
1452.0          0.38363
1453.0          0.38235
1454.0          0.38105
1455.0          0.37973
1456.0          0.37839
1457.0          0.37702
1458.0          0.37564
1459.0          0.37423
1460.0          0.37279
1461.0          0.37132
1462.0          0.36981
1463.0          0.36824
1464.0          0.36660
1465.0          0.36486
1466.0          0.36299
1467.0          0.36092
1468.0          0.35856
1469.0          0.35575
1470.0          0.35217
1471.0          0.34719
1472.0          0.33931
1473.0          0.32405
1474.0          0.28248
1475.0          0.091251
1476.0          0.23409
1477.0          0.34809
1478.0          0.36071
1479.0          0.36215
1480.0          0.36146
1481.0          0.36027
1482.0          0.35898
1483.0          0.35770
1484.0          0.35647
1485.0          0.35530
1486.0          0.35418
1487.0          0.35311
1488.0          0.35208
1489.0          0.35110
1490.0          0.35015
1491.0          0.34924
1492.0          0.34836
1493.0          0.34751
1494.0          0.34669
1495.0          0.34589
1496.0          0.34512
1497.0          0.34437
1498.0          0.34364
1499.0          0.34293
1500.0          0.34225
1501.0          0.34159
1502.0          0.34094
1503.0          0.34032
1504.0          0.33971
1505.0          0.33912
1506.0          0.33855
1507.0          0.33799
1508.0          0.33746
1509.0          0.33694
1510.0          0.33643
1511.0          0.33594
1512.0          0.33547
1513.0          0.33502
1514.0          0.33458
1515.0          0.33415
1516.0          0.33374
1517.0          0.33335
1518.0          0.33297
1519.0          0.33260
1520.0          0.33225
1521.0          0.33192
1522.0          0.33160
1523.0          0.33129
1524.0          0.33100
1525.0          0.33072
1526.0          0.33045
1527.0          0.33020
1528.0          0.32996
1529.0          0.32974
1530.0          0.32953
1531.0          0.32933
1532.0          0.32915
1533.0          0.32898
1534.0          0.32882
1535.0          0.32867
1536.0          0.32854
1537.0          0.32843
1538.0          0.32832
1539.0          0.32823
1540.0          0.32815
1541.0          0.32808
1542.0          0.32803
1543.0          0.32799
1544.0          0.32796
1545.0          0.32794
1546.0          0.32794
1547.0          0.32795
1548.0          0.32797
1549.0          0.32800
1550.0          0.32805
1551.0          0.32811
1552.0          0.32818
1553.0          0.32827
1554.0          0.32836
1555.0          0.32847
1556.0          0.32859
1557.0          0.32873
1558.0          0.32887
1559.0          0.32903
1560.0          0.32920
1561.0          0.32939
1562.0          0.32959
1563.0          0.32979
1564.0          0.33002
1565.0          0.33025
1566.0          0.33050
1567.0          0.33076
1568.0          0.33103
1569.0          0.33131
1570.0          0.33161
1571.0          0.33192
1572.0          0.33225
1573.0          0.33258
1574.0          0.33293
1575.0          0.33329
1576.0          0.33367
1577.0          0.33406
1578.0          0.33446
1579.0          0.33488
1580.0          0.33531
1581.0          0.33575
1582.0          0.33621
1583.0          0.33668
1584.0          0.33716
1585.0          0.33766
1586.0          0.33817
1587.0          0.33870
1588.0          0.33924
1589.0          0.33980
1590.0          0.34037
1591.0          0.34095
1592.0          0.34155
1593.0          0.34217
1594.0          0.34280
1595.0          0.34344
1596.0          0.34411
1597.0          0.34478
1598.0          0.34548
1599.0          0.34619
1600.0          0.34692
1601.0          0.34766
1602.0          0.34842
1603.0          0.34920
1604.0          0.34999
1605.0          0.35081
1606.0          0.35164
1607.0          0.35249
1608.0          0.35335
1609.0          0.35424
1610.0          0.35515
1611.0          0.35607
1612.0          0.35702
1613.0          0.35798
1614.0          0.35897
1615.0          0.35998
1616.0          0.36100
1617.0          0.36205
1618.0          0.36313
1619.0          0.36422
1620.0          0.36534
1621.0          0.36648
1622.0          0.36764
1623.0          0.36883
1624.0          0.37005
1625.0          0.37129
1626.0          0.37256
1627.0          0.37385
1628.0          0.37517
1629.0          0.37652
1630.0          0.37790
1631.0          0.37930
1632.0          0.38074
1633.0          0.38221
1634.0          0.38370
1635.0          0.38524
1636.0          0.38680
1637.0          0.38840
1638.0          0.39003
1639.0          0.39170
1640.0          0.39341
1641.0          0.39515
1642.0          0.39693
1643.0          0.39876
1644.0          0.40062
1645.0          0.40253
1646.0          0.40448
1647.0          0.40647
1648.0          0.40851
1649.0          0.41060
1650.0          0.41274
1400.0          1.0000
1401.0          1.0000
1402.0          1.0000
1403.0          1.0000
1404.0          1.0000
1405.0          1.0000
1406.0          1.0000
1407.0          1.0000
1408.0          1.0000
1409.0          1.0000
1410.0          1.0000
1411.0          1.0000
1412.0          1.0000
1413.0          1.0000
1414.0          1.0000
1415.0          1.0000
1416.0          1.0000
1417.0          1.0000
1418.0          1.0000
1419.0          1.0000
1420.0          1.0000
1421.0          1.0000
1422.0          1.0000
1423.0          1.0000
1424.0          1.0000
1425.0          1.0000
1426.0          1.0000
1427.0          1.0000
1428.0          1.0000
1429.0          1.0000
1430.0          1.0000
1431.0          1.0000
1432.0          1.0000
1433.0          1.0000
1434.0          1.0000
1435.0          1.0000
1436.0          1.0000
1437.0          1.0000
1438.0          1.0000
1439.0          1.0000
1440.0          1.0000
1441.0          1.0000
1442.0          1.0000
1443.0          1.0000
1444.0          1.0000
1445.0          1.0000
1446.0          1.0000
1447.0          1.0000
1448.0          1.0000
1449.0          1.0000
1450.0          1.0000
1451.0          1.0000
1452.0          1.0000
1453.0          1.0000
1454.0          1.0000
1455.0          1.0000
1456.0          1.0000
1457.0          1.0000
1458.0          1.0000
1459.0          1.0000
1460.0          1.0000
1461.0          1.0000
1462.0          1.0000
1463.0          1.0000
1464.0          1.0000
1465.0          1.0000
1466.0          1.0000
1467.0          1.0000
1468.0          1.0000
1469.0          1.0000
1470.0          1.0000
1471.0          1.0000
1472.0          1.0000
1473.0          1.0000
1474.0          1.0000
1475.0          1.0000
1476.0          1.0000
1477.0          1.0000
1478.0          1.0000
1479.0          1.0000
1480.0          1.0000
1481.0          1.0000
1482.0          1.0000
1483.0          1.0000
1484.0          1.0000
1485.0          1.0000
1486.0          1.0000
1487.0          1.0000
1488.0          1.0000
1489.0          1.0000
1490.0          1.0000
1491.0          1.0000
1492.0          1.0000
1493.0          1.0000
1494.0          1.0000
1495.0          1.0000
1496.0          1.0000
1497.0          1.0000
1498.0          1.0000
1499.0          1.0000
1500.0          1.0000
1501.0          1.0000
1502.0          1.0000
1503.0          1.0000
1504.0          1.0000
1505.0          1.0000
1506.0          1.0000
1507.0          1.0000
1508.0          1.0000
1509.0          1.0000
1510.0          1.0000
1511.0          1.0000
1512.0          1.0000
1513.0          1.0000
1514.0          1.0000
1515.0          1.0000
1516.0          1.0000
1517.0          1.0000
1518.0          1.0000
1519.0          1.0000
1520.0          1.0000
1521.0          1.0000
1522.0          1.0000
1523.0          1.0000
1524.0          1.0000
1525.0          1.0000
1526.0          1.0000
1527.0          1.0000
1528.0          1.0000
1529.0          1.0000
1530.0          1.0000
1531.0          1.0000
1532.0          1.0000
1533.0          1.0000
1534.0          1.0000
1535.0          1.0000
1536.0          1.0000
1537.0          1.0000
1538.0          1.0000
1539.0          1.0000
1540.0          1.0000
1541.0          1.0000
1542.0          1.0000
1543.0          1.0000
1544.0          1.0000
1545.0          1.0000
1546.0          1.0000
1547.0          1.0000
1548.0          1.0000
1549.0          1.0000
1550.0          1.0000
1551.0          1.0000
1552.0          1.0000
1553.0          1.0000
1554.0          1.0000
1555.0          1.0000
1556.0          1.0000
1557.0          1.0000
1558.0          1.0000
1559.0          1.0000
1560.0          1.0000
1561.0          1.0000
1562.0          1.0000
1563.0          1.0000
1564.0          1.0000
1565.0          1.0000
1566.0          1.0000
1567.0          1.0000
1568.0          1.0000
1569.0          1.0000
1570.0          1.0000
1571.0          1.0000
1572.0          1.0000
1573.0          1.0000
1574.0          1.0000
1575.0          1.0000
1576.0          1.0000
1577.0          1.0000
1578.0          1.0000
1579.0          1.0000
1580.0          1.0000
1581.0          1.0000
1582.0          1.0000
1583.0          1.0000
1584.0          1.0000
1585.0          1.0000
1586.0          1.0000
1587.0          1.0000
1588.0          1.0000
1589.0          1.0000
1590.0          1.0000
1591.0          1.0000
1592.0          1.0000
1593.0          1.0000
1594.0          1.0000
1595.0          1.0000
1596.0          1.0000
1597.0          1.0000
1598.0          1.0000
1599.0          1.0000
1600.0          1.0000
1601.0          1.0000
1602.0          1.0000
1603.0          1.0000
1604.0          1.0000
1605.0          1.0000
1606.0          1.0000
1607.0          1.0000
1608.0          1.0000
1609.0          1.0000
1610.0          1.0000
1611.0          1.0000
1612.0          1.0000
1613.0          1.0000
1614.0          1.0000
1615.0          1.0000
1616.0          1.0000
1617.0          1.0000
1618.0          1.0000
1619.0          1.0000
1620.0          1.0000
1621.0          1.0000
1622.0          1.0000
1623.0          1.0000
1624.0          1.0000
1625.0          1.0000
1626.0          1.0000
1627.0          1.0000
1628.0          1.0000
1629.0          1.0000
1630.0          1.0000
1631.0          1.0000
1632.0          1.0000
1633.0          1.0000
1634.0          1.0000
1635.0          1.0000
1636.0          1.0000
1637.0          1.0000
1638.0          1.0000
1639.0          1.0000
1640.0          1.0000
1641.0          1.0000
1642.0          1.0000
1643.0          1.0000
1644.0          1.0000
1645.0          1.0000
1646.0          1.0000
1647.0          1.0000
1648.0          1.0000
1649.0          1.0000
1650.0          1.0000
1400.0          -4.4409E-16
1401.0          7.7716E-16
1402.0          0.0000
1403.0          -3.7748E-15
1404.0          3.7748E-15
1405.0          1.3323E-15
1406.0          1.7764E-15
1407.0          -1.7764E-15
1408.0          -3.1086E-15
1409.0          1.7764E-15
1410.0          -5.3291E-15
1411.0          2.2204E-16
1412.0          1.7764E-15
1413.0          -9.5479E-15
1414.0          -7.9936E-15
1415.0          5.3291E-15
1416.0          -9.5479E-15
1417.0          -1.9984E-15
1418.0          3.9968E-15
1419.0          -1.1324E-14
1420.0          7.7716E-15
1421.0          -1.7319E-14
1422.0          -1.4211E-14
1423.0          2.5091E-14
1424.0          -1.7764E-15
1425.0          -2.1982E-14
1426.0          3.4417E-14
1427.0          1.5432E-14
1428.0          5.5511E-16
1429.0          7.7716E-15
1430.0          5.3291E-15
1431.0          1.2212E-15
1432.0          -5.9952E-15
1433.0          -8.8818E-16
1434.0          4.8850E-15
1435.0          -6.4393E-15
1436.0          -4.4409E-16
1437.0          7.7716E-15
1438.0          4.4409E-15
1439.0          -5.5511E-15
1440.0          1.7764E-15
1441.0          -4.4409E-16
1442.0          7.7716E-16
1443.0          2.1094E-15
1444.0          1.5543E-15
1445.0          2.3315E-15
1446.0          1.7764E-15
1447.0          -2.8866E-15
1448.0          -1.5543E-15
1449.0          -1.7764E-15
1450.0          2.4425E-15
1451.0          1.5543E-15
1452.0          3.3307E-15
1453.0          1.2212E-15
1454.0          1.3323E-15
1455.0          4.4409E-16
1456.0          -2.2204E-16
1457.0          -3.1086E-15
1458.0          4.2188E-15
1459.0          -2.6645E-15
1460.0          -8.8818E-16
1461.0          1.5543E-15
1462.0          -1.3323E-15
1463.0          -3.5527E-15
1464.0          3.3307E-15
1465.0          -1.3323E-15
1466.0          -1.7764E-15
1467.0          4.6629E-15
1468.0          -1.7764E-15
1469.0          -1.1102E-15
1470.0          1.5543E-15
1471.0          -4.6629E-15
1472.0          -2.2204E-15
1473.0          2.2204E-16
1474.0          2.2649E-14
1475.0          -1.3012E-13
1476.0          2.2204E-14
1477.0          -2.8422E-14
1478.0          -1.3323E-14
1479.0          5.1070E-15
1480.0          6.6613E-16
1481.0          2.2204E-16
1482.0          6.6613E-16
1483.0          -4.4409E-15
1484.0          -7.5495E-15
1485.0          4.4409E-15
1486.0          3.9968E-15
1487.0          -1.3323E-15
1488.0          -2.8866E-15
1489.0          -1.3323E-15
1490.0          1.8874E-15
1491.0          -1.3323E-15
1492.0          -2.2204E-15
1493.0          -4.4409E-16
1494.0          -3.3307E-15
1495.0          -3.5527E-15
1496.0          4.4409E-16
1497.0          4.4409E-16
1498.0          1.7764E-15
1499.0          1.1324E-14
1500.0          2.2204E-15
1501.0          4.4409E-15
1502.0          2.2204E-15
1503.0          6.6613E-15
1504.0          1.1768E-14
1505.0          -4.4409E-16
1506.0          -2.4425E-15
1507.0          1.1102E-15
1508.0          -8.8818E-16
1509.0          1.7764E-15
1510.0          -6.6613E-16
1511.0          -2.2204E-16
1512.0          1.1102E-16
1513.0          1.6653E-15
1514.0          2.2204E-15
1515.0          -2.2204E-16
1516.0          -2.2204E-16
1517.0          -1.1102E-15
1518.0          1.1102E-16
1519.0          -7.5495E-15
1520.0          -2.1982E-14
1521.0          1.6653E-15
1522.0          1.3323E-15
1523.0          -4.4409E-16
1524.0          -3.5527E-15
1525.0          9.9920E-16
1526.0          2.2204E-15
1527.0          -3.1086E-15
1528.0          0.0000
1529.0          6.6613E-16
1530.0          -3.3307E-15
1531.0          -3.7748E-15
1532.0          -8.8818E-16
1533.0          -1.7764E-15
1534.0          -2.4425E-15
1535.0          2.6645E-15
1536.0          1.7764E-15
1537.0          -1.9984E-15
1538.0          3.9968E-15
1539.0          -1.8652E-14
1540.0          -1.2434E-14
1541.0          1.2657E-14
1542.0          1.2101E-14
1543.0          -2.2204E-15
1544.0          -5.3291E-15
1545.0          -5.7732E-15
1546.0          6.1062E-15
1547.0          -8.2157E-15
1548.0          2.2204E-16
1549.0          -1.1324E-14
1550.0          0.0000
1551.0          -6.6613E-16
1552.0          1.4433E-15
1553.0          -1.7764E-15
1554.0          8.8818E-16
1555.0          -3.1086E-15
1556.0          1.1102E-15
1557.0          -3.1086E-15
1558.0          6.4393E-15
1559.0          9.8810E-15
1560.0          2.2204E-16
1561.0          -4.4409E-15
1562.0          -3.3307E-15
1563.0          -5.1070E-15
1564.0          -4.8850E-15
1565.0          3.1086E-15
1566.0          1.2212E-15
1567.0          -5.5511E-15
1568.0          -1.7764E-15
1569.0          5.3291E-15
1570.0          1.1102E-16
1571.0          -2.6645E-15
1572.0          -2.6645E-15
1573.0          -2.2204E-15
1574.0          -8.8818E-16
1575.0          -4.2188E-15
1576.0          -3.1086E-15
1577.0          4.8850E-15
1578.0          2.8866E-15
1579.0          -1.5543E-15
1580.0          2.2204E-16
1581.0          1.9984E-15
1582.0          -4.4409E-16
1583.0          6.6613E-16
1584.0          3.3307E-15
1585.0          -3.1086E-15
1586.0          -6.6613E-16
1587.0          -2.8866E-15
1588.0          -1.3323E-15
1589.0          4.4409E-15
1590.0          -4.4409E-16
1591.0          4.4409E-16
1592.0          1.6653E-15
1593.0          4.6629E-15
1594.0          -2.2204E-15
1595.0          4.4409E-16
1596.0          1.2212E-14
1597.0          8.4377E-15
1598.0          7.9936E-15
1599.0          2.4425E-15
1600.0          1.9984E-15
1601.0          3.9968E-15
1602.0          0.0000
1603.0          1.4433E-15
1604.0          -1.3323E-15
1605.0          6.5503E-15
1606.0          2.6645E-15
1607.0          -3.3307E-15
1608.0          -4.4409E-15
1609.0          -1.3101E-14
1610.0          1.1990E-14
1611.0          -3.5527E-15
1612.0          -6.6613E-16
1613.0          4.4409E-15
1614.0          -2.2204E-15
1615.0          8.8818E-16
1616.0          4.4409E-16
1617.0          -3.1086E-15
1618.0          -5.7732E-15
1619.0          3.5527E-15
1620.0          -8.6597E-15
1621.0          -6.4393E-15
1622.0          -4.4409E-16
1623.0          5.9952E-15
1624.0          -1.3989E-14
1625.0          -2.4425E-15
1626.0          -5.7732E-15
1627.0          -8.4377E-15
1628.0          -1.2434E-14
1629.0          1.0658E-14
1630.0          2.2204E-15
1631.0          -1.9984E-15
1632.0          2.6645E-15
1633.0          8.3267E-15
1634.0          -1.3767E-14
1635.0          -1.8208E-14
1636.0          1.1546E-14
1637.0          1.3767E-14
1638.0          -7.7716E-15
1639.0          6.6613E-16
1640.0          1.0436E-14
1641.0          1.2434E-14
1642.0          0.0000
1643.0          0.0000
1644.0          -7.1054E-15
1645.0          3.9968E-15
1646.0          -3.9968E-15
1647.0          2.4425E-15
1648.0          -1.0880E-14
1649.0          -4.8850E-15
1650.0          5.1070E-15
