1400.0          0.28742
1401.0          0.28199
1402.0          0.27668
1403.0          0.27147
1404.0          0.26633
1405.0          0.26124
1406.0          0.25618
1407.0          0.25113
1408.0          0.24607
1409.0          0.24098
1410.0          0.23583
1411.0          0.23059
1412.0          0.22523
1413.0          0.21972
1414.0          0.21401
1415.0          0.20804
1416.0          0.20176
1417.0          0.19506
1418.0          0.18786
1419.0          0.17999
1420.0          0.17128
1421.0          0.16146
1422.0          0.15015
1423.0          0.13683
1424.0          0.12071
1425.0          0.10069
1426.0          0.075412
1427.0          0.045062
1428.0          0.027312
1429.0          0.21036
1430.0          0.97499
1431.0          0.78160
1432.0          0.56048
1433.0          0.45006
1434.0          0.38780
1435.0          0.34818
1436.0          0.32063
1437.0          0.30018
1438.0          0.28424
1439.0          0.27133
1440.0          0.26055
1441.0          0.25132
1442.0          0.24327
1443.0          0.23611
1444.0          0.22967
1445.0          0.22380
1446.0          0.21838
1447.0          0.21335
1448.0          0.20864
1449.0          0.20420
1450.0          0.19999
1451.0          0.19597
1452.0          0.19212
1453.0          0.18841
1454.0          0.18483
1455.0          0.18135
1456.0          0.17797
1457.0          0.17466
1458.0          0.17142
1459.0          0.16823
1460.0          0.16507
1461.0          0.16194
1462.0          0.15882
1463.0          0.15568
1464.0          0.15252
1465.0          0.14930
1466.0          0.14599
1467.0          0.14253
1468.0          0.13887
1469.0          0.13489
1470.0          0.13043
1471.0          0.12520
1472.0          0.11867
1473.0          0.10971
1474.0          0.095474
1475.0          0.066515
1476.0          0.053946
1477.0          0.31716
1478.0          0.20081
1479.0          0.17156
1480.0          0.15759
1481.0          0.14894
1482.0          0.14276
1483.0          0.13793
1484.0          0.13392
1485.0          0.13046
1486.0          0.12739
1487.0          0.12459
1488.0          0.12200
1489.0          0.11958
1490.0          0.11729
1491.0          0.11512
1492.0          0.11304
1493.0          0.11104
1494.0          0.10911
1495.0          0.10725
1496.0          0.10543
1497.0          0.10367
1498.0          0.10196
1499.0          0.10029
1500.0          0.098659
1501.0          0.097065
1502.0          0.095506
1503.0          0.093980
1504.0          0.092486
1505.0          0.091022
1506.0          0.089587
1507.0          0.088180
1508.0          0.086799
1509.0          0.085445
1510.0          0.084117
1511.0          0.082813
1512.0          0.081533
1513.0          0.080276
1514.0          0.079043
1515.0          0.077832
1516.0          0.076644
1517.0          0.075477
1518.0          0.074332
1519.0          0.073207
1520.0          0.072104
1521.0          0.071021
1522.0          0.069959
1523.0          0.068916
1524.0          0.067893
1525.0          0.066890
1526.0          0.065907
1527.0          0.064942
1528.0          0.063997
1529.0          0.063070
1530.0          0.062162
1531.0          0.061272
1532.0          0.060401
1533.0          0.059548
1534.0          0.058714
1535.0          0.057897
1536.0          0.057098
1537.0          0.056316
1538.0          0.055552
1539.0          0.054806
1540.0          0.054077
1541.0          0.053365
1542.0          0.052670
1543.0          0.051993
1544.0          0.051332
1545.0          0.050687
1546.0          0.050060
1547.0          0.049449
1548.0          0.048855
1549.0          0.048277
1550.0          0.047715
1551.0          0.047169
1552.0          0.046639
1553.0          0.046126
1554.0          0.045628
1555.0          0.045146
1556.0          0.044680
1557.0          0.044229
1558.0          0.043794
1559.0          0.043374
1560.0          0.042969
1561.0          0.042580
1562.0          0.042206
1563.0          0.041847
1564.0          0.041503
1565.0          0.041173
1566.0          0.040859
1567.0          0.040559
1568.0          0.040273
1569.0          0.040002
1570.0          0.039746
1571.0          0.039504
1572.0          0.039276
1573.0          0.039062
1574.0          0.038862
1575.0          0.038676
1576.0          0.038503
1577.0          0.038345
1578.0          0.038200
1579.0          0.038069
1580.0          0.037951
1581.0          0.037846
1582.0          0.037755
1583.0          0.037677
1584.0          0.037612
1585.0          0.037560
1586.0          0.037520
1587.0          0.037494
1588.0          0.037480
1589.0          0.037479
1590.0          0.037490
1591.0          0.037514
1592.0          0.037550
1593.0          0.037598
1594.0          0.037658
1595.0          0.037730
1596.0          0.037814
1597.0          0.037910
1598.0          0.038017
1599.0          0.038137
1600.0          0.038267
1601.0          0.038409
1602.0          0.038563
1603.0          0.038727
1604.0          0.038903
1605.0          0.039090
1606.0          0.039287
1607.0          0.039496
1608.0          0.039715
1609.0          0.039944
1610.0          0.040184
1611.0          0.040435
1612.0          0.040696
1613.0          0.040967
1614.0          0.041248
1615.0          0.041540
1616.0          0.041841
1617.0          0.042152
1618.0          0.042472
1619.0          0.042802
1620.0          0.043142
1621.0          0.043491
1622.0          0.043850
1623.0          0.044218
1624.0          0.044594
1625.0          0.044980
1626.0          0.045375
1627.0          0.045778
1628.0          0.046190
1629.0          0.046611
1630.0          0.047041
1631.0          0.047478
1632.0          0.047924
1633.0          0.048379
1634.0          0.048841
1635.0          0.049312
1636.0          0.049790
1637.0          0.050276
1638.0          0.050770
1639.0          0.051271
1640.0          0.051781
1641.0          0.052297
1642.0          0.052821
1643.0          0.053352
1644.0          0.053890
1645.0          0.054435
1646.0          0.054988
1647.0          0.055547
1648.0          0.056112
1649.0          0.056685
1650.0          0.057264
1400.0          0.71258
1401.0          0.71801
1402.0          0.72332
1403.0          0.72853
1404.0          0.73367
1405.0          0.73876
1406.0          0.74382
1407.0          0.74887
1408.0          0.75393
1409.0          0.75902
1410.0          0.76417
1411.0          0.76941
1412.0          0.77477
1413.0          0.78028
1414.0          0.78599
1415.0          0.79196
1416.0          0.79824
1417.0          0.80494
1418.0          0.81214
1419.0          0.82001
1420.0          0.82872
1421.0          0.83854
1422.0          0.84985
1423.0          0.86317
1424.0          0.87929
1425.0          0.89931
1426.0          0.92459
1427.0          0.95494
1428.0          0.97269
1429.0          0.78964
1430.0          0.025007
1431.0          0.21840
1432.0          0.43952
1433.0          0.54994
1434.0          0.61220
1435.0          0.65182
1436.0          0.67937
1437.0          0.69982
1438.0          0.71576
1439.0          0.72867
1440.0          0.73945
1441.0          0.74868
1442.0          0.75673
1443.0          0.76389
1444.0          0.77033
1445.0          0.77620
1446.0          0.78162
1447.0          0.78665
1448.0          0.79136
1449.0          0.79580
1450.0          0.80001
1451.0          0.80403
1452.0          0.80788
1453.0          0.81159
1454.0          0.81517
1455.0          0.81865
1456.0          0.82203
1457.0          0.82534
1458.0          0.82858
1459.0          0.83177
1460.0          0.83493
1461.0          0.83806
1462.0          0.84118
1463.0          0.84432
1464.0          0.84748
1465.0          0.85070
1466.0          0.85401
1467.0          0.85747
1468.0          0.86113
1469.0          0.86511
1470.0          0.86957
1471.0          0.87480
1472.0          0.88133
1473.0          0.89029
1474.0          0.90453
1475.0          0.93348
1476.0          0.94605
1477.0          0.68284
1478.0          0.79919
1479.0          0.82844
1480.0          0.84241
1481.0          0.85106
1482.0          0.85724
1483.0          0.86207
1484.0          0.86608
1485.0          0.86954
1486.0          0.87261
1487.0          0.87541
1488.0          0.87800
1489.0          0.88042
1490.0          0.88271
1491.0          0.88488
1492.0          0.88696
1493.0          0.88896
1494.0          0.89089
1495.0          0.89275
1496.0          0.89457
1497.0          0.89633
1498.0          0.89804
1499.0          0.89971
1500.0          0.90134
1501.0          0.90293
1502.0          0.90449
1503.0          0.90602
1504.0          0.90751
1505.0          0.90898
1506.0          0.91041
1507.0          0.91182
1508.0          0.91320
1509.0          0.91455
1510.0          0.91588
1511.0          0.91719
1512.0          0.91847
1513.0          0.91972
1514.0          0.92096
1515.0          0.92217
1516.0          0.92336
1517.0          0.92452
1518.0          0.92567
1519.0          0.92679
1520.0          0.92790
1521.0          0.92898
1522.0          0.93004
1523.0          0.93108
1524.0          0.93211
1525.0          0.93311
1526.0          0.93409
1527.0          0.93506
1528.0          0.93600
1529.0          0.93693
1530.0          0.93784
1531.0          0.93873
1532.0          0.93960
1533.0          0.94045
1534.0          0.94129
1535.0          0.94210
1536.0          0.94290
1537.0          0.94368
1538.0          0.94445
1539.0          0.94519
1540.0          0.94592
1541.0          0.94663
1542.0          0.94733
1543.0          0.94801
1544.0          0.94867
1545.0          0.94931
1546.0          0.94994
1547.0          0.95055
1548.0          0.95115
1549.0          0.95172
1550.0          0.95229
1551.0          0.95283
1552.0          0.95336
1553.0          0.95387
1554.0          0.95437
1555.0          0.95485
1556.0          0.95532
1557.0          0.95577
1558.0          0.95621
1559.0          0.95663
1560.0          0.95703
1561.0          0.95742
1562.0          0.95779
1563.0          0.95815
1564.0          0.95850
1565.0          0.95883
1566.0          0.95914
1567.0          0.95944
1568.0          0.95973
1569.0          0.96000
1570.0          0.96025
1571.0          0.96050
1572.0          0.96072
1573.0          0.96094
1574.0          0.96114
1575.0          0.96132
1576.0          0.96150
1577.0          0.96166
1578.0          0.96180
1579.0          0.96193
1580.0          0.96205
1581.0          0.96215
1582.0          0.96225
1583.0          0.96232
1584.0          0.96239
1585.0          0.96244
1586.0          0.96248
1587.0          0.96251
1588.0          0.96252
1589.0          0.96252
1590.0          0.96251
1591.0          0.96249
1592.0          0.96245
1593.0          0.96240
1594.0          0.96234
1595.0          0.96227
1596.0          0.96219
1597.0          0.96209
1598.0          0.96198
1599.0          0.96186
1600.0          0.96173
1601.0          0.96159
1602.0          0.96144
1603.0          0.96127
1604.0          0.96110
1605.0          0.96091
1606.0          0.96071
1607.0          0.96050
1608.0          0.96029
1609.0          0.96006
1610.0          0.95982
1611.0          0.95956
1612.0          0.95930
1613.0          0.95903
1614.0          0.95875
1615.0          0.95846
1616.0          0.95816
1617.0          0.95785
1618.0          0.95753
1619.0          0.95720
1620.0          0.95686
1621.0          0.95651
1622.0          0.95615
1623.0          0.95578
1624.0          0.95541
1625.0          0.95502
1626.0          0.95463
1627.0          0.95422
1628.0          0.95381
1629.0          0.95339
1630.0          0.95296
1631.0          0.95252
1632.0          0.95208
1633.0          0.95162
1634.0          0.95116
1635.0          0.95069
1636.0          0.95021
1637.0          0.94972
1638.0          0.94923
1639.0          0.94873
1640.0          0.94822
1641.0          0.94770
1642.0          0.94718
1643.0          0.94665
1644.0          0.94611
1645.0          0.94556
1646.0          0.94501
1647.0          0.94445
1648.0          0.94389
1649.0          0.94332
1650.0          0.94274
1400.0          1.0000
1401.0          1.0000
1402.0          1.0000
1403.0          1.0000
1404.0          1.0000
1405.0          1.0000
1406.0          1.0000
1407.0          1.0000
1408.0          1.0000
1409.0          1.0000
1410.0          1.0000
1411.0          1.0000
1412.0          1.0000
1413.0          1.0000
1414.0          1.0000
1415.0          1.0000
1416.0          1.0000
1417.0          1.0000
1418.0          1.0000
1419.0          1.0000
1420.0          1.0000
1421.0          1.0000
1422.0          1.0000
1423.0          1.0000
1424.0          1.0000
1425.0          1.0000
1426.0          1.0000
1427.0          1.0000
1428.0          1.0000
1429.0          1.0000
1430.0          1.0000
1431.0          1.0000
1432.0          1.0000
1433.0          1.0000
1434.0          1.0000
1435.0          1.0000
1436.0          1.0000
1437.0          1.0000
1438.0          1.0000
1439.0          1.0000
1440.0          1.0000
1441.0          1.0000
1442.0          1.0000
1443.0          1.0000
1444.0          1.0000
1445.0          1.0000
1446.0          1.0000
1447.0          1.0000
1448.0          1.0000
1449.0          1.0000
1450.0          1.0000
1451.0          1.0000
1452.0          1.0000
1453.0          1.0000
1454.0          1.0000
1455.0          1.0000
1456.0          1.0000
1457.0          1.0000
1458.0          1.0000
1459.0          1.0000
1460.0          1.0000
1461.0          1.0000
1462.0          1.0000
1463.0          1.0000
1464.0          1.0000
1465.0          1.0000
1466.0          1.0000
1467.0          1.0000
1468.0          1.0000
1469.0          1.0000
1470.0          1.0000
1471.0          1.0000
1472.0          1.0000
1473.0          1.0000
1474.0          1.0000
1475.0          1.0000
1476.0          1.0000
1477.0          1.0000
1478.0          1.0000
1479.0          1.0000
1480.0          1.0000
1481.0          1.0000
1482.0          1.0000
1483.0          1.0000
1484.0          1.0000
1485.0          1.0000
1486.0          1.0000
1487.0          1.0000
1488.0          1.0000
1489.0          1.0000
1490.0          1.0000
1491.0          1.0000
1492.0          1.0000
1493.0          1.0000
1494.0          1.0000
1495.0          1.0000
1496.0          1.0000
1497.0          1.0000
1498.0          1.0000
1499.0          1.0000
1500.0          1.0000
1501.0          1.0000
1502.0          1.0000
1503.0          1.0000
1504.0          1.0000
1505.0          1.0000
1506.0          1.0000
1507.0          1.0000
1508.0          1.0000
1509.0          1.0000
1510.0          1.0000
1511.0          1.0000
1512.0          1.0000
1513.0          1.0000
1514.0          1.0000
1515.0          1.0000
1516.0          1.0000
1517.0          1.0000
1518.0          1.0000
1519.0          1.0000
1520.0          1.0000
1521.0          1.0000
1522.0          1.0000
1523.0          1.0000
1524.0          1.0000
1525.0          1.0000
1526.0          1.0000
1527.0          1.0000
1528.0          1.0000
1529.0          1.0000
1530.0          1.0000
1531.0          1.0000
1532.0          1.0000
1533.0          1.0000
1534.0          1.0000
1535.0          1.0000
1536.0          1.0000
1537.0          1.0000
1538.0          1.0000
1539.0          1.0000
1540.0          1.0000
1541.0          1.0000
1542.0          1.0000
1543.0          1.0000
1544.0          1.0000
1545.0          1.0000
1546.0          1.0000
1547.0          1.0000
1548.0          1.0000
1549.0          1.0000
1550.0          1.0000
1551.0          1.0000
1552.0          1.0000
1553.0          1.0000
1554.0          1.0000
1555.0          1.0000
1556.0          1.0000
1557.0          1.0000
1558.0          1.0000
1559.0          1.0000
1560.0          1.0000
1561.0          1.0000
1562.0          1.0000
1563.0          1.0000
1564.0          1.0000
1565.0          1.0000
1566.0          1.0000
1567.0          1.0000
1568.0          1.0000
1569.0          1.0000
1570.0          1.0000
1571.0          1.0000
1572.0          1.0000
1573.0          1.0000
1574.0          1.0000
1575.0          1.0000
1576.0          1.0000
1577.0          1.0000
1578.0          1.0000
1579.0          1.0000
1580.0          1.0000
1581.0          1.0000
1582.0          1.0000
1583.0          1.0000
1584.0          1.0000
1585.0          1.0000
1586.0          1.0000
1587.0          1.0000
1588.0          1.0000
1589.0          1.0000
1590.0          1.0000
1591.0          1.0000
1592.0          1.0000
1593.0          1.0000
1594.0          1.0000
1595.0          1.0000
1596.0          1.0000
1597.0          1.0000
1598.0          1.0000
1599.0          1.0000
1600.0          1.0000
1601.0          1.0000
1602.0          1.0000
1603.0          1.0000
1604.0          1.0000
1605.0          1.0000
1606.0          1.0000
1607.0          1.0000
1608.0          1.0000
1609.0          1.0000
1610.0          1.0000
1611.0          1.0000
1612.0          1.0000
1613.0          1.0000
1614.0          1.0000
1615.0          1.0000
1616.0          1.0000
1617.0          1.0000
1618.0          1.0000
1619.0          1.0000
1620.0          1.0000
1621.0          1.0000
1622.0          1.0000
1623.0          1.0000
1624.0          1.0000
1625.0          1.0000
1626.0          1.0000
1627.0          1.0000
1628.0          1.0000
1629.0          1.0000
1630.0          1.0000
1631.0          1.0000
1632.0          1.0000
1633.0          1.0000
1634.0          1.0000
1635.0          1.0000
1636.0          1.0000
1637.0          1.0000
1638.0          1.0000
1639.0          1.0000
1640.0          1.0000
1641.0          1.0000
1642.0          1.0000
1643.0          1.0000
1644.0          1.0000
1645.0          1.0000
1646.0          1.0000
1647.0          1.0000
1648.0          1.0000
1649.0          1.0000
1650.0          1.0000
1400.0          6.6613E-16
1401.0          -1.3323E-15
1402.0          5.5511E-16
1403.0          3.6637E-15
1404.0          1.1102E-15
1405.0          4.4409E-15
1406.0          3.5527E-15
1407.0          1.5543E-15
1408.0          -6.6613E-16
1409.0          2.2204E-16
1410.0          4.4409E-15
1411.0          -2.2204E-15
1412.0          2.3315E-15
1413.0          1.7764E-15
1414.0          -2.2204E-16
1415.0          3.2196E-15
1416.0          -2.6645E-15
1417.0          2.2204E-16
1418.0          3.3307E-15
1419.0          -8.8818E-16
1420.0          -3.5527E-15
1421.0          2.6645E-15
1422.0          6.6613E-16
1423.0          1.1102E-15
1424.0          -2.8866E-15
1425.0          -3.7748E-15
1426.0          8.4377E-15
1427.0          5.3291E-15
1428.0          -9.9920E-15
1429.0          6.2172E-15
1430.0          2.3537E-14
1431.0          1.3656E-14
1432.0          -1.3323E-14
1433.0          7.9936E-15
1434.0          1.3323E-15
1435.0          6.2172E-15
1436.0          3.1086E-15
1437.0          2.2204E-16
1438.0          1.5543E-15
1439.0          -1.9984E-15
1440.0          6.6613E-16
1441.0          -1.3323E-15
1442.0          -6.6613E-16
1443.0          1.8874E-15
1444.0          1.1102E-15
1445.0          -1.7764E-15
1446.0          3.3307E-16
1447.0          -8.8818E-16
1448.0          6.6613E-16
1449.0          6.6613E-16
1450.0          -3.1086E-15
1451.0          -4.4409E-16
1452.0          -1.3323E-15
1453.0          -2.6645E-15
1454.0          -1.9984E-15
1455.0          2.4425E-15
1456.0          1.2212E-15
1457.0          -1.1102E-15
1458.0          0.0000
1459.0          1.1102E-15
1460.0          -2.4425E-15
1461.0          1.3323E-15
1462.0          1.8874E-15
1463.0          2.7756E-15
1464.0          1.1102E-15
1465.0          -6.6613E-16
1466.0          2.2204E-16
1467.0          -1.1102E-15
1468.0          4.4409E-16
1469.0          4.4409E-16
1470.0          -1.1102E-15
1471.0          -2.6645E-15
1472.0          3.5527E-15
1473.0          -1.3323E-15
1474.0          -4.4409E-16
1475.0          -6.6613E-15
1476.0          -3.9968E-14
1477.0          -1.3101E-14
1478.0          -2.2204E-16
1479.0          2.6645E-15
1480.0          1.9984E-15
1481.0          -2.2204E-16
1482.0          -3.1086E-15
1483.0          -3.7748E-15
1484.0          8.8818E-16
1485.0          -4.4409E-16
1486.0          -4.6629E-15
1487.0          5.5511E-16
1488.0          -5.3291E-15
1489.0          8.8818E-16
1490.0          2.2204E-15
1491.0          1.8874E-15
1492.0          -2.6645E-15
1493.0          -4.4409E-16
1494.0          1.3323E-15
1495.0          1.1102E-16
1496.0          8.8818E-16
1497.0          1.6653E-15
1498.0          -8.8818E-16
1499.0          2.1094E-15
1500.0          6.6613E-16
1501.0          -6.6613E-16
1502.0          2.6645E-15
1503.0          -1.3323E-15
1504.0          8.8818E-16
1505.0          -2.4425E-15
1506.0          -4.4409E-16
1507.0          -6.6613E-16
1508.0          6.6613E-16
1509.0          -2.2204E-16
1510.0          -2.2204E-16
1511.0          0.0000
1512.0          -4.4409E-16
1513.0          9.9920E-16
1514.0          -1.1102E-15
1515.0          1.9984E-15
1516.0          1.2212E-15
1517.0          1.1102E-15
1518.0          -1.3323E-15
1519.0          -1.5543E-15
1520.0          -2.8866E-15
1521.0          2.4425E-15
1522.0          1.4433E-15
1523.0          1.4433E-15
1524.0          -2.2204E-16
1525.0          4.1078E-15
1526.0          -1.9984E-15
1527.0          -1.7764E-15
1528.0          0.0000
1529.0          -1.7764E-15
1530.0          3.1086E-15
1531.0          0.0000
1532.0          1.2212E-15
1533.0          -6.6613E-16
1534.0          -8.8818E-16
1535.0          -1.7764E-15
1536.0          1.2212E-15
1537.0          2.3315E-15
1538.0          1.1102E-16
1539.0          1.3323E-15
1540.0          -1.5543E-15
1541.0          0.0000
1542.0          -4.4409E-16
1543.0          -2.2204E-16
1544.0          2.1094E-15
1545.0          1.7764E-15
1546.0          1.9984E-15
1547.0          -4.4409E-16
1548.0          7.7716E-16
1549.0          2.2204E-15
1550.0          -1.3323E-15
1551.0          1.4433E-15
1552.0          1.8874E-15
1553.0          1.1102E-16
1554.0          1.4433E-15
1555.0          2.2204E-16
1556.0          -1.5543E-15
1557.0          -6.6613E-16
1558.0          -1.3323E-15
1559.0          -6.6613E-16
1560.0          5.5511E-16
1561.0          -1.7764E-15
1562.0          -2.4425E-15
1563.0          -3.5527E-15
1564.0          2.1094E-15
1565.0          -1.7764E-15
1566.0          2.4425E-15
1567.0          7.7716E-16
1568.0          1.7764E-15
1569.0          -4.4409E-16
1570.0          -1.9984E-15
1571.0          3.1086E-15
1572.0          0.0000
1573.0          2.4425E-15
1574.0          1.1102E-15
1575.0          2.2204E-16
1576.0          -2.4425E-15
1577.0          1.1102E-15
1578.0          0.0000
1579.0          9.9920E-16
1580.0          1.4433E-15
1581.0          -6.6613E-16
1582.0          -3.3307E-15
1583.0          -2.2204E-15
1584.0          3.3307E-15
1585.0          -6.6613E-16
1586.0          -8.8818E-16
1587.0          3.3307E-16
1588.0          -1.3323E-15
1589.0          -2.8866E-15
1590.0          3.1086E-15
1591.0          2.3315E-15
1592.0          1.7764E-15
1593.0          1.6653E-15
1594.0          1.7764E-15
1595.0          1.9984E-15
1596.0          2.8866E-15
1597.0          -1.7764E-15
1598.0          2.2204E-16
1599.0          1.8874E-15
1600.0          3.3307E-16
1601.0          -1.7764E-15
1602.0          3.3307E-16
1603.0          3.6637E-15
1604.0          2.2204E-16
1605.0          -1.3323E-15
1606.0          1.1102E-16
1607.0          1.9984E-15
1608.0          6.6613E-16
1609.0          3.8858E-15
1610.0          -4.4409E-16
1611.0          2.7756E-15
1612.0          2.6645E-15
1613.0          -1.1102E-15
1614.0          1.1102E-16
1615.0          3.3307E-16
1616.0          -1.5543E-15
1617.0          -1.3323E-15
1618.0          -3.9968E-15
1619.0          -2.2204E-16
1620.0          3.6637E-15
1621.0          5.5511E-16
1622.0          1.8874E-15
1623.0          1.9984E-15
1624.0          3.7748E-15
1625.0          1.1102E-16
1626.0          -8.8818E-16
1627.0          -1.7764E-15
1628.0          -1.9984E-15
1629.0          -6.6613E-16
1630.0          1.8874E-15
1631.0          2.4425E-15
1632.0          -2.2204E-16
1633.0          1.7764E-15
1634.0          2.5535E-15
1635.0          -4.4409E-16
1636.0          1.1102E-15
1637.0          -8.8818E-16
1638.0          -2.2204E-15
1639.0          2.8866E-15
1640.0          -1.3323E-15
1641.0          1.2212E-15
1642.0          1.7764E-15
1643.0          3.5527E-15
1644.0          2.2204E-15
1645.0          1.8874E-15
1646.0          -8.8818E-16
1647.0          -4.4409E-16
1648.0          1.5543E-15
1649.0          2.2204E-15
1650.0          -1.7764E-15
