1400.0          0.32758
1401.0          0.32781
1402.0          0.32803
1403.0          0.32825
1404.0          0.32847
1405.0          0.32869
1406.0          0.32891
1407.0          0.32912
1408.0          0.32934
1409.0          0.32955
1410.0          0.32976
1411.0          0.32996
1412.0          0.33017
1413.0          0.33037
1414.0          0.33057
1415.0          0.33077
1416.0          0.33096
1417.0          0.33116
1418.0          0.33135
1419.0          0.33154
1420.0          0.33173
1421.0          0.33192
1422.0          0.33210
1423.0          0.33229
1424.0          0.33247
1425.0          0.33265
1426.0          0.33282
1427.0          0.33300
1428.0          0.33317
1429.0          0.33334
1430.0          0.33351
1431.0          0.33368
1432.0          0.33385
1433.0          0.33401
1434.0          0.33418
1435.0          0.33434
1436.0          0.33450
1437.0          0.33465
1438.0          0.33481
1439.0          0.33496
1440.0          0.33512
1441.0          0.33527
1442.0          0.33542
1443.0          0.33556
1444.0          0.33571
1445.0          0.33585
1446.0          0.33600
1447.0          0.33614
1448.0          0.33628
1449.0          0.33641
1450.0          0.33655
1451.0          0.33668
1452.0          0.33682
1453.0          0.33695
1454.0          0.33708
1455.0          0.33720
1456.0          0.33733
1457.0          0.33746
1458.0          0.33758
1459.0          0.33770
1460.0          0.33782
1461.0          0.33794
1462.0          0.33806
1463.0          0.33817
1464.0          0.33829
1465.0          0.33840
1466.0          0.33851
1467.0          0.33862
1468.0          0.33873
1469.0          0.33884
1470.0          0.33894
1471.0          0.33905
1472.0          0.33915
1473.0          0.33925
1474.0          0.33935
1475.0          0.33945
1476.0          0.33955
1477.0          0.33964
1478.0          0.33974
1479.0          0.33983
1480.0          0.33992
1481.0          0.34001
1482.0          0.34010
1483.0          0.34019
1484.0          0.34028
1485.0          0.34036
1486.0          0.34045
1487.0          0.34053
1488.0          0.34061
1489.0          0.34069
1490.0          0.34077
1491.0          0.34085
1492.0          0.34092
1493.0          0.34100
1494.0          0.34107
1495.0          0.34115
1496.0          0.34122
1497.0          0.34129
1498.0          0.34136
1499.0          0.34142
1500.0          0.34149
1501.0          0.34156
1502.0          0.34162
1503.0          0.34168
1504.0          0.34174
1505.0          0.34181
1506.0          0.34186
1507.0          0.34192
1508.0          0.34198
1509.0          0.34204
1510.0          0.34209
1511.0          0.34215
1512.0          0.34220
1513.0          0.34225
1514.0          0.34230
1515.0          0.34235
1516.0          0.34240
1517.0          0.34245
1518.0          0.34249
1519.0          0.34254
1520.0          0.34258
1521.0          0.34262
1522.0          0.34267
1523.0          0.34271
1524.0          0.34275
1525.0          0.34279
1526.0          0.34282
1527.0          0.34286
1528.0          0.34290
1529.0          0.34293
1530.0          0.34297
1531.0          0.34300
1532.0          0.34303
1533.0          0.34306
1534.0          0.34309
1535.0          0.34312
1536.0          0.34315
1537.0          0.34318
1538.0          0.34320
1539.0          0.34323
1540.0          0.34325
1541.0          0.34327
1542.0          0.34330
1543.0          0.34332
1544.0          0.34334
1545.0          0.34336
1546.0          0.34338
1547.0          0.34339
1548.0          0.34341
1549.0          0.34343
1550.0          0.34344
1551.0          0.34346
1552.0          0.34347
1553.0          0.34348
1554.0          0.34349
1555.0          0.34351
1556.0          0.34352
1557.0          0.34352
1558.0          0.34353
1559.0          0.34354
1560.0          0.34355
1561.0          0.34355
1562.0          0.34356
1563.0          0.34356
1564.0          0.34356
1565.0          0.34357
1566.0          0.34357
1567.0          0.34357
1568.0          0.34357
1569.0          0.34357
1570.0          0.34357
1571.0          0.34356
1572.0          0.34356
1573.0          0.34356
1574.0          0.34355
1575.0          0.34355
1576.0          0.34354
1577.0          0.34353
1578.0          0.34353
1579.0          0.34352
1580.0          0.34351
1581.0          0.34350
1582.0          0.34349
1583.0          0.34347
1584.0          0.34346
1585.0          0.34345
1586.0          0.34344
1587.0          0.34342
1588.0          0.34341
1589.0          0.34339
1590.0          0.34337
1591.0          0.34336
1592.0          0.34334
1593.0          0.34332
1594.0          0.34330
1595.0          0.34328
1596.0          0.34326
1597.0          0.34324
1598.0          0.34322
1599.0          0.34319
1600.0          0.34317
1601.0          0.34315
1602.0          0.34312
1603.0          0.34310
1604.0          0.34307
1605.0          0.34305
1606.0          0.34302
1607.0          0.34299
1608.0          0.34296
1609.0          0.34293
1610.0          0.34290
1611.0          0.34287
1612.0          0.34284
1613.0          0.34281
1614.0          0.34278
1615.0          0.34274
1616.0          0.34271
1617.0          0.34268
1618.0          0.34264
1619.0          0.34261
1620.0          0.34257
1621.0          0.34254
1622.0          0.34250
1623.0          0.34246
1624.0          0.34242
1625.0          0.34238
1626.0          0.34234
1627.0          0.34231
1628.0          0.34226
1629.0          0.34222
1630.0          0.34218
1631.0          0.34214
1632.0          0.34210
1633.0          0.34205
1634.0          0.34201
1635.0          0.34197
1636.0          0.34192
1637.0          0.34188
1638.0          0.34183
1639.0          0.34178
1640.0          0.34174
1641.0          0.34169
1642.0          0.34164
1643.0          0.34159
1644.0          0.34154
1645.0          0.34149
1646.0          0.34144
1647.0          0.34139
1648.0          0.34134
1649.0          0.34129
1650.0          0.34124
1400.0          0.67242
1401.0          0.67219
1402.0          0.67197
1403.0          0.67175
1404.0          0.67153
1405.0          0.67131
1406.0          0.67109
1407.0          0.67088
1408.0          0.67066
1409.0          0.67045
1410.0          0.67024
1411.0          0.67004
1412.0          0.66983
1413.0          0.66963
1414.0          0.66943
1415.0          0.66923
1416.0          0.66904
1417.0          0.66884
1418.0          0.66865
1419.0          0.66846
1420.0          0.66827
1421.0          0.66808
1422.0          0.66790
1423.0          0.66771
1424.0          0.66753
1425.0          0.66735
1426.0          0.66718
1427.0          0.66700
1428.0          0.66683
1429.0          0.66666
1430.0          0.66649
1431.0          0.66632
1432.0          0.66615
1433.0          0.66599
1434.0          0.66582
1435.0          0.66566
1436.0          0.66550
1437.0          0.66535
1438.0          0.66519
1439.0          0.66504
1440.0          0.66488
1441.0          0.66473
1442.0          0.66458
1443.0          0.66444
1444.0          0.66429
1445.0          0.66415
1446.0          0.66400
1447.0          0.66386
1448.0          0.66372
1449.0          0.66359
1450.0          0.66345
1451.0          0.66332
1452.0          0.66318
1453.0          0.66305
1454.0          0.66292
1455.0          0.66280
1456.0          0.66267
1457.0          0.66254
1458.0          0.66242
1459.0          0.66230
1460.0          0.66218
1461.0          0.66206
1462.0          0.66194
1463.0          0.66183
1464.0          0.66171
1465.0          0.66160
1466.0          0.66149
1467.0          0.66138
1468.0          0.66127
1469.0          0.66116
1470.0          0.66106
1471.0          0.66095
1472.0          0.66085
1473.0          0.66075
1474.0          0.66065
1475.0          0.66055
1476.0          0.66045
1477.0          0.66036
1478.0          0.66026
1479.0          0.66017
1480.0          0.66008
1481.0          0.65999
1482.0          0.65990
1483.0          0.65981
1484.0          0.65972
1485.0          0.65964
1486.0          0.65955
1487.0          0.65947
1488.0          0.65939
1489.0          0.65931
1490.0          0.65923
1491.0          0.65915
1492.0          0.65908
1493.0          0.65900
1494.0          0.65893
1495.0          0.65885
1496.0          0.65878
1497.0          0.65871
1498.0          0.65864
1499.0          0.65858
1500.0          0.65851
1501.0          0.65844
1502.0          0.65838
1503.0          0.65832
1504.0          0.65826
1505.0          0.65819
1506.0          0.65814
1507.0          0.65808
1508.0          0.65802
1509.0          0.65796
1510.0          0.65791
1511.0          0.65785
1512.0          0.65780
1513.0          0.65775
1514.0          0.65770
1515.0          0.65765
1516.0          0.65760
1517.0          0.65755
1518.0          0.65751
1519.0          0.65746
1520.0          0.65742
1521.0          0.65738
1522.0          0.65733
1523.0          0.65729
1524.0          0.65725
1525.0          0.65721
1526.0          0.65718
1527.0          0.65714
1528.0          0.65710
1529.0          0.65707
1530.0          0.65703
1531.0          0.65700
1532.0          0.65697
1533.0          0.65694
1534.0          0.65691
1535.0          0.65688
1536.0          0.65685
1537.0          0.65682
1538.0          0.65680
1539.0          0.65677
1540.0          0.65675
1541.0          0.65673
1542.0          0.65670
1543.0          0.65668
1544.0          0.65666
1545.0          0.65664
1546.0          0.65662
1547.0          0.65661
1548.0          0.65659
1549.0          0.65657
1550.0          0.65656
1551.0          0.65654
1552.0          0.65653
1553.0          0.65652
1554.0          0.65651
1555.0          0.65649
1556.0          0.65648
1557.0          0.65648
1558.0          0.65647
1559.0          0.65646
1560.0          0.65645
1561.0          0.65645
1562.0          0.65644
1563.0          0.65644
1564.0          0.65644
1565.0          0.65643
1566.0          0.65643
1567.0          0.65643
1568.0          0.65643
1569.0          0.65643
1570.0          0.65643
1571.0          0.65644
1572.0          0.65644
1573.0          0.65644
1574.0          0.65645
1575.0          0.65645
1576.0          0.65646
1577.0          0.65647
1578.0          0.65647
1579.0          0.65648
1580.0          0.65649
1581.0          0.65650
1582.0          0.65651
1583.0          0.65653
1584.0          0.65654
1585.0          0.65655
1586.0          0.65656
1587.0          0.65658
1588.0          0.65659
1589.0          0.65661
1590.0          0.65663
1591.0          0.65664
1592.0          0.65666
1593.0          0.65668
1594.0          0.65670
1595.0          0.65672
1596.0          0.65674
1597.0          0.65676
1598.0          0.65678
1599.0          0.65681
1600.0          0.65683
1601.0          0.65685
1602.0          0.65688
1603.0          0.65690
1604.0          0.65693
1605.0          0.65695
1606.0          0.65698
1607.0          0.65701
1608.0          0.65704
1609.0          0.65707
1610.0          0.65710
1611.0          0.65713
1612.0          0.65716
1613.0          0.65719
1614.0          0.65722
1615.0          0.65726
1616.0          0.65729
1617.0          0.65732
1618.0          0.65736
1619.0          0.65739
1620.0          0.65743
1621.0          0.65746
1622.0          0.65750
1623.0          0.65754
1624.0          0.65758
1625.0          0.65762
1626.0          0.65766
1627.0          0.65769
1628.0          0.65774
1629.0          0.65778
1630.0          0.65782
1631.0          0.65786
1632.0          0.65790
1633.0          0.65795
1634.0          0.65799
1635.0          0.65803
1636.0          0.65808
1637.0          0.65812
1638.0          0.65817
1639.0          0.65822
1640.0          0.65826
1641.0          0.65831
1642.0          0.65836
1643.0          0.65841
1644.0          0.65846
1645.0          0.65851
1646.0          0.65856
1647.0          0.65861
1648.0          0.65866
1649.0          0.65871
1650.0          0.65876
1400.0          1.0000
1401.0          1.0000
1402.0          1.0000
1403.0          1.0000
1404.0          1.0000
1405.0          1.0000
1406.0          1.0000
1407.0          1.0000
1408.0          1.0000
1409.0          1.0000
1410.0          1.0000
1411.0          1.0000
1412.0          1.0000
1413.0          1.0000
1414.0          1.0000
1415.0          1.0000
1416.0          1.0000
1417.0          1.0000
1418.0          1.0000
1419.0          1.0000
1420.0          1.0000
1421.0          1.0000
1422.0          1.0000
1423.0          1.0000
1424.0          1.0000
1425.0          1.0000
1426.0          1.0000
1427.0          1.0000
1428.0          1.0000
1429.0          1.0000
1430.0          1.0000
1431.0          1.0000
1432.0          1.0000
1433.0          1.0000
1434.0          1.0000
1435.0          1.0000
1436.0          1.0000
1437.0          1.0000
1438.0          1.0000
1439.0          1.0000
1440.0          1.0000
1441.0          1.0000
1442.0          1.0000
1443.0          1.0000
1444.0          1.0000
1445.0          1.0000
1446.0          1.0000
1447.0          1.0000
1448.0          1.0000
1449.0          1.0000
1450.0          1.0000
1451.0          1.0000
1452.0          1.0000
1453.0          1.0000
1454.0          1.0000
1455.0          1.0000
1456.0          1.0000
1457.0          1.0000
1458.0          1.0000
1459.0          1.0000
1460.0          1.0000
1461.0          1.0000
1462.0          1.0000
1463.0          1.0000
1464.0          1.0000
1465.0          1.0000
1466.0          1.0000
1467.0          1.0000
1468.0          1.0000
1469.0          1.0000
1470.0          1.0000
1471.0          1.0000
1472.0          1.0000
1473.0          1.0000
1474.0          1.0000
1475.0          1.0000
1476.0          1.0000
1477.0          1.0000
1478.0          1.0000
1479.0          1.0000
1480.0          1.0000
1481.0          1.0000
1482.0          1.0000
1483.0          1.0000
1484.0          1.0000
1485.0          1.0000
1486.0          1.0000
1487.0          1.0000
1488.0          1.0000
1489.0          1.0000
1490.0          1.0000
1491.0          1.0000
1492.0          1.0000
1493.0          1.0000
1494.0          1.0000
1495.0          1.0000
1496.0          1.0000
1497.0          1.0000
1498.0          1.0000
1499.0          1.0000
1500.0          1.0000
1501.0          1.0000
1502.0          1.0000
1503.0          1.0000
1504.0          1.0000
1505.0          1.0000
1506.0          1.0000
1507.0          1.0000
1508.0          1.0000
1509.0          1.0000
1510.0          1.0000
1511.0          1.0000
1512.0          1.0000
1513.0          1.0000
1514.0          1.0000
1515.0          1.0000
1516.0          1.0000
1517.0          1.0000
1518.0          1.0000
1519.0          1.0000
1520.0          1.0000
1521.0          1.0000
1522.0          1.0000
1523.0          1.0000
1524.0          1.0000
1525.0          1.0000
1526.0          1.0000
1527.0          1.0000
1528.0          1.0000
1529.0          1.0000
1530.0          1.0000
1531.0          1.0000
1532.0          1.0000
1533.0          1.0000
1534.0          1.0000
1535.0          1.0000
1536.0          1.0000
1537.0          1.0000
1538.0          1.0000
1539.0          1.0000
1540.0          1.0000
1541.0          1.0000
1542.0          1.0000
1543.0          1.0000
1544.0          1.0000
1545.0          1.0000
1546.0          1.0000
1547.0          1.0000
1548.0          1.0000
1549.0          1.0000
1550.0          1.0000
1551.0          1.0000
1552.0          1.0000
1553.0          1.0000
1554.0          1.0000
1555.0          1.0000
1556.0          1.0000
1557.0          1.0000
1558.0          1.0000
1559.0          1.0000
1560.0          1.0000
1561.0          1.0000
1562.0          1.0000
1563.0          1.0000
1564.0          1.0000
1565.0          1.0000
1566.0          1.0000
1567.0          1.0000
1568.0          1.0000
1569.0          1.0000
1570.0          1.0000
1571.0          1.0000
1572.0          1.0000
1573.0          1.0000
1574.0          1.0000
1575.0          1.0000
1576.0          1.0000
1577.0          1.0000
1578.0          1.0000
1579.0          1.0000
1580.0          1.0000
1581.0          1.0000
1582.0          1.0000
1583.0          1.0000
1584.0          1.0000
1585.0          1.0000
1586.0          1.0000
1587.0          1.0000
1588.0          1.0000
1589.0          1.0000
1590.0          1.0000
1591.0          1.0000
1592.0          1.0000
1593.0          1.0000
1594.0          1.0000
1595.0          1.0000
1596.0          1.0000
1597.0          1.0000
1598.0          1.0000
1599.0          1.0000
1600.0          1.0000
1601.0          1.0000
1602.0          1.0000
1603.0          1.0000
1604.0          1.0000
1605.0          1.0000
1606.0          1.0000
1607.0          1.0000
1608.0          1.0000
1609.0          1.0000
1610.0          1.0000
1611.0          1.0000
1612.0          1.0000
1613.0          1.0000
1614.0          1.0000
1615.0          1.0000
1616.0          1.0000
1617.0          1.0000
1618.0          1.0000
1619.0          1.0000
1620.0          1.0000
1621.0          1.0000
1622.0          1.0000
1623.0          1.0000
1624.0          1.0000
1625.0          1.0000
1626.0          1.0000
1627.0          1.0000
1628.0          1.0000
1629.0          1.0000
1630.0          1.0000
1631.0          1.0000
1632.0          1.0000
1633.0          1.0000
1634.0          1.0000
1635.0          1.0000
1636.0          1.0000
1637.0          1.0000
1638.0          1.0000
1639.0          1.0000
1640.0          1.0000
1641.0          1.0000
1642.0          1.0000
1643.0          1.0000
1644.0          1.0000
1645.0          1.0000
1646.0          1.0000
1647.0          1.0000
1648.0          1.0000
1649.0          1.0000
1650.0          1.0000
1400.0          -4.6629E-15
1401.0          -1.7764E-15
1402.0          -8.8818E-16
1403.0          1.7764E-15
1404.0          -8.8818E-16
1405.0          1.1102E-15
1406.0          -4.4409E-16
1407.0          -8.8818E-16
1408.0          0.0000
1409.0          2.2204E-15
1410.0          -1.5543E-15
1411.0          6.6613E-16
1412.0          3.3307E-16
1413.0          6.6613E-16
1414.0          0.0000
1415.0          -1.9984E-15
1416.0          -4.4409E-16
1417.0          2.8866E-15
1418.0          1.7764E-15
1419.0          6.6613E-16
1420.0          -6.6613E-16
1421.0          4.4409E-16
1422.0          3.3307E-15
1423.0          -3.9968E-15
1424.0          1.9984E-15
1425.0          -2.8866E-15
1426.0          1.1102E-15
1427.0          -2.2204E-15
1428.0          1.2212E-15
1429.0          -1.5543E-15
1430.0          5.5511E-16
1431.0          -2.2204E-16
1432.0          -1.9984E-15
1433.0          -1.7764E-15
1434.0          1.3323E-15
1435.0          1.5543E-15
1436.0          3.3307E-16
1437.0          -1.3323E-15
1438.0          -2.2204E-16
1439.0          -1.9984E-15
1440.0          -1.3323E-15
1441.0          -1.1102E-15
1442.0          1.7764E-15
1443.0          -2.2204E-16
1444.0          4.4409E-16
1445.0          8.8818E-16
1446.0          -1.3323E-15
1447.0          -2.6645E-15
1448.0          -1.5543E-15
1449.0          1.1102E-15
1450.0          1.7764E-15
1451.0          -1.3323E-15
1452.0          9.9920E-16
1453.0          -1.7764E-15
1454.0          1.1102E-16
1455.0          2.2204E-15
1456.0          -2.2204E-15
1457.0          1.3323E-15
1458.0          9.9920E-16
1459.0          3.2196E-15
1460.0          -4.4409E-15
1461.0          2.2204E-16
1462.0          1.9984E-15
1463.0          -4.4409E-16
1464.0          2.2204E-15
1465.0          -4.4409E-15
1466.0          8.8818E-16
1467.0          -6.6613E-16
1468.0          2.6645E-15
1469.0          0.0000
1470.0          -3.1086E-15
1471.0          1.5543E-15
1472.0          -1.3323E-15
1473.0          3.3307E-16
1474.0          6.6613E-16
1475.0          -2.8866E-15
1476.0          6.6613E-16
1477.0          1.3323E-15
1478.0          -1.1102E-15
1479.0          8.8818E-16
1480.0          8.8818E-16
1481.0          8.8818E-16
1482.0          8.8818E-16
1483.0          -1.7764E-15
1484.0          3.8858E-15
1485.0          -1.3323E-15
1486.0          -1.1102E-15
1487.0          -4.4409E-16
1488.0          -2.4425E-15
1489.0          -2.2204E-16
1490.0          -2.6645E-15
1491.0          -4.4409E-16
1492.0          4.4409E-15
1493.0          -1.1102E-15
1494.0          -1.3323E-15
1495.0          8.8818E-16
1496.0          -1.7764E-15
1497.0          -1.7764E-15
1498.0          -2.2204E-15
1499.0          -2.2204E-16
1500.0          1.1102E-15
1501.0          1.5543E-15
1502.0          1.5543E-15
1503.0          -2.4425E-15
1504.0          -1.7764E-15
1505.0          8.8818E-16
1506.0          4.6629E-15
1507.0          -3.5527E-15
1508.0          -8.8818E-16
1509.0          -4.4409E-16
1510.0          -8.8818E-16
1511.0          3.5527E-15
1512.0          -6.6613E-16
1513.0          -3.7748E-15
1514.0          -1.3323E-15
1515.0          -6.6613E-16
1516.0          3.7748E-15
1517.0          -1.9984E-15
1518.0          1.1102E-15
1519.0          1.6653E-15
1520.0          1.1102E-16
1521.0          -3.5527E-15
1522.0          1.1102E-15
1523.0          3.7748E-15
1524.0          1.1102E-15
1525.0          -3.7748E-15
1526.0          -2.8866E-15
1527.0          -2.8866E-15
1528.0          1.1102E-15
1529.0          -1.1102E-15
1530.0          6.6613E-16
1531.0          -2.2204E-15
1532.0          -1.7764E-15
1533.0          -1.3323E-15
1534.0          3.8858E-15
1535.0          1.3323E-15
1536.0          -4.4409E-16
1537.0          -6.6613E-16
1538.0          -4.4409E-16
1539.0          -2.6645E-15
1540.0          -2.6645E-15
1541.0          -4.4409E-16
1542.0          3.3307E-16
1543.0          -4.8850E-15
1544.0          -1.3323E-15
1545.0          1.2212E-15
1546.0          1.1102E-15
1547.0          -4.4409E-16
1548.0          -2.4425E-15
1549.0          3.3307E-16
1550.0          8.8818E-16
1551.0          3.5527E-15
1552.0          2.2204E-15
1553.0          1.7764E-15
1554.0          1.3323E-15
1555.0          1.1102E-15
1556.0          -2.4425E-15
1557.0          -2.2204E-16
1558.0          0.0000
1559.0          6.2172E-15
1560.0          -1.7764E-15
1561.0          -2.2204E-16
1562.0          6.6613E-16
1563.0          -2.4425E-15
1564.0          2.6645E-15
1565.0          -3.1086E-15
1566.0          7.7716E-16
1567.0          4.4409E-16
1568.0          1.4433E-15
1569.0          -8.8818E-16
1570.0          6.6613E-16
1571.0          2.2204E-16
1572.0          1.1102E-15
1573.0          2.2204E-16
1574.0          6.6613E-16
1575.0          -2.4425E-15
1576.0          0.0000
1577.0          -1.5543E-15
1578.0          3.1086E-15
1579.0          1.8874E-15
1580.0          -1.5543E-15
1581.0          2.8866E-15
1582.0          -2.6645E-15
1583.0          1.9984E-15
1584.0          -1.9984E-15
1585.0          -1.1102E-15
1586.0          -1.3323E-15
1587.0          -1.9984E-15
1588.0          2.2204E-15
1589.0          8.8818E-16
1590.0          -3.1086E-15
1591.0          -2.6645E-15
1592.0          1.1102E-16
1593.0          1.4433E-15
1594.0          -2.2204E-15
1595.0          -4.4409E-16
1596.0          2.4425E-15
1597.0          -2.2204E-15
1598.0          -1.7764E-15
1599.0          -4.4409E-15
1600.0          -1.7764E-15
1601.0          -1.3323E-15
1602.0          -3.3307E-15
1603.0          2.2204E-15
1604.0          1.2212E-15
1605.0          3.3307E-16
1606.0          -2.6645E-15
1607.0          -3.1086E-15
1608.0          3.3307E-16
1609.0          2.2204E-16
1610.0          -8.8818E-16
1611.0          -8.8818E-16
1612.0          -2.6645E-15
1613.0          1.3323E-15
1614.0          -2.2204E-16
1615.0          -2.4425E-15
1616.0          1.1102E-15
1617.0          4.4409E-16
1618.0          -1.1102E-15
1619.0          -2.8866E-15
1620.0          1.9984E-15
1621.0          -8.8818E-16
1622.0          -8.8818E-16
1623.0          7.7716E-16
1624.0          2.2204E-16
1625.0          -6.6613E-16
1626.0          3.2196E-15
1627.0          1.8874E-15
1628.0          -2.6645E-15
1629.0          2.4425E-15
1630.0          -1.1102E-15
1631.0          -1.9984E-15
1632.0          -3.5527E-15
1633.0          2.4425E-15
1634.0          -4.4409E-16
1635.0          -4.8850E-15
1636.0          2.2204E-16
1637.0          -4.4409E-16
1638.0          1.8874E-15
1639.0          -8.8818E-16
1640.0          -3.3307E-15
1641.0          -4.4409E-16
1642.0          -1.5543E-15
1643.0          -2.2204E-15
1644.0          -8.8818E-16
1645.0          2.6645E-15
1646.0          -6.6613E-16
1647.0          -3.3307E-15
1648.0          2.2204E-15
1649.0          -3.1086E-15
1650.0          1.9984E-15
