1400.0          0.89301
1401.0          0.90617
1402.0          0.91851
1403.0          0.93001
1404.0          0.94063
1405.0          0.95037
1406.0          0.95920
1407.0          0.96713
1408.0          0.97415
1409.0          0.98028
1410.0          0.98553
1411.0          0.98992
1412.0          0.99348
1413.0          0.99623
1414.0          0.99820
1415.0          0.99944
1416.0          0.99997
1417.0          0.99984
1418.0          0.99909
1419.0          0.99775
1420.0          0.99588
1421.0          0.99350
1422.0          0.99066
1423.0          0.98741
1424.0          0.98377
1425.0          0.97978
1426.0          0.97548
1427.0          0.97091
1428.0          0.96609
1429.0          0.96105
1430.0          0.95583
1431.0          0.95045
1432.0          0.94494
1433.0          0.93931
1434.0          0.93360
1435.0          0.92781
1436.0          0.92197
1437.0          0.91609
1438.0          0.91019
1439.0          0.90429
1440.0          0.89838
1441.0          0.89250
1442.0          0.88664
1443.0          0.88082
1444.0          0.87504
1445.0          0.86931
1446.0          0.86363
1447.0          0.85802
1448.0          0.85248
1449.0          0.84700
1450.0          0.84161
1451.0          0.83629
1452.0          0.83104
1453.0          0.82589
1454.0          0.82081
1455.0          0.81582
1456.0          0.81092
1457.0          0.80611
1458.0          0.80138
1459.0          0.79674
1460.0          0.79219
1461.0          0.78772
1462.0          0.78334
1463.0          0.77905
1464.0          0.77484
1465.0          0.77072
1466.0          0.76668
1467.0          0.76273
1468.0          0.75886
1469.0          0.75507
1470.0          0.75135
1471.0          0.74772
1472.0          0.74416
1473.0          0.74068
1474.0          0.73728
1475.0          0.73395
1476.0          0.73068
1477.0          0.72749
1478.0          0.72437
1479.0          0.72132
1480.0          0.71833
1481.0          0.71541
1482.0          0.71255
1483.0          0.70975
1484.0          0.70702
1485.0          0.70434
1486.0          0.70173
1487.0          0.69917
1488.0          0.69666
1489.0          0.69421
1490.0          0.69182
1491.0          0.68947
1492.0          0.68718
1493.0          0.68494
1494.0          0.68274
1495.0          0.68060
1496.0          0.67850
1497.0          0.67644
1498.0          0.67443
1499.0          0.67247
1500.0          0.67054
1501.0          0.66866
1502.0          0.66682
1503.0          0.66502
1504.0          0.66326
1505.0          0.66153
1506.0          0.65984
1507.0          0.65819
1508.0          0.65657
1509.0          0.65499
1510.0          0.65344
1511.0          0.65192
1512.0          0.65044
1513.0          0.64898
1514.0          0.64756
1515.0          0.64617
1516.0          0.64480
1517.0          0.64347
1518.0          0.64216
1519.0          0.64088
1520.0          0.63963
1521.0          0.63840
1522.0          0.63720
1523.0          0.63602
1524.0          0.63487
1525.0          0.63374
1526.0          0.63263
1527.0          0.63155
1528.0          0.63049
1529.0          0.62945
1530.0          0.62843
1531.0          0.62743
1532.0          0.62646
1533.0          0.62550
1534.0          0.62456
1535.0          0.62364
1536.0          0.62274
1537.0          0.62186
1538.0          0.62099
1539.0          0.62014
1540.0          0.61931
1541.0          0.61850
1542.0          0.61770
1543.0          0.61692
1544.0          0.61615
1545.0          0.61540
1546.0          0.61466
1547.0          0.61394
1548.0          0.61323
1549.0          0.61253
1550.0          0.61185
1551.0          0.61118
1552.0          0.61053
1553.0          0.60988
1554.0          0.60925
1555.0          0.60863
1556.0          0.60803
1557.0          0.60743
1558.0          0.60685
1559.0          0.60627
1560.0          0.60571
1561.0          0.60516
1562.0          0.60462
1563.0          0.60409
1564.0          0.60357
1565.0          0.60306
1566.0          0.60255
1567.0          0.60206
1568.0          0.60158
1569.0          0.60110
1570.0          0.60064
1571.0          0.60018
1572.0          0.59973
1573.0          0.59929
1574.0          0.59885
1575.0          0.59843
1576.0          0.59801
1577.0          0.59760
1578.0          0.59720
1579.0          0.59680
1580.0          0.59641
1581.0          0.59603
1582.0          0.59565
1583.0          0.59528
1584.0          0.59492
1585.0          0.59456
1586.0          0.59421
1587.0          0.59387
1588.0          0.59353
1589.0          0.59319
1590.0          0.59287
1591.0          0.59254
1592.0          0.59223
1593.0          0.59191
1594.0          0.59161
1595.0          0.59130
1596.0          0.59101
1597.0          0.59071
1598.0          0.59043
1599.0          0.59014
1600.0          0.58986
1601.0          0.58959
1602.0          0.58932
1603.0          0.58905
1604.0          0.58879
1605.0          0.58853
1606.0          0.58827
1607.0          0.58802
1608.0          0.58777
1609.0          0.58753
1610.0          0.58729
1611.0          0.58705
1612.0          0.58681
1613.0          0.58658
1614.0          0.58635
1615.0          0.58613
1616.0          0.58590
1617.0          0.58568
1618.0          0.58547
1619.0          0.58525
1620.0          0.58504
1621.0          0.58483
1622.0          0.58462
1623.0          0.58442
1624.0          0.58421
1625.0          0.58401
1626.0          0.58381
1627.0          0.58362
1628.0          0.58342
1629.0          0.58323
1630.0          0.58304
1631.0          0.58285
1632.0          0.58266
1633.0          0.58248
1634.0          0.58229
1635.0          0.58211
1636.0          0.58193
1637.0          0.58175
1638.0          0.58157
1639.0          0.58139
1640.0          0.58122
1641.0          0.58104
1642.0          0.58087
1643.0          0.58070
1644.0          0.58052
1645.0          0.58035
1646.0          0.58018
1647.0          0.58001
1648.0          0.57985
1649.0          0.57968
1650.0          0.57951
1400.0          0.10699
1401.0          0.093834
1402.0          0.081489
1403.0          0.069992
1404.0          0.059367
1405.0          0.049633
1406.0          0.040801
1407.0          0.032874
1408.0          0.025849
1409.0          0.019719
1410.0          0.014469
1411.0          0.010078
1412.0          0.0065222
1413.0          0.0037729
1414.0          0.0017980
1415.0          5.6241E-4
1416.0          2.8931E-5
1417.0          1.5857E-4
1418.0          9.1120E-4
1419.0          0.0022461
1420.0          0.0041222
1421.0          0.0064988
1422.0          0.0093358
1423.0          0.012594
1424.0          0.016235
1425.0          0.020221
1426.0          0.024519
1427.0          0.029093
1428.0          0.033912
1429.0          0.038946
1430.0          0.044166
1431.0          0.049546
1432.0          0.055061
1433.0          0.060687
1434.0          0.066404
1435.0          0.072192
1436.0          0.078033
1437.0          0.083910
1438.0          0.089809
1439.0          0.095715
1440.0          0.10162
1441.0          0.10750
1442.0          0.11336
1443.0          0.11918
1444.0          0.12496
1445.0          0.13069
1446.0          0.13637
1447.0          0.14198
1448.0          0.14752
1449.0          0.15300
1450.0          0.15839
1451.0          0.16371
1452.0          0.16896
1453.0          0.17411
1454.0          0.17919
1455.0          0.18418
1456.0          0.18908
1457.0          0.19389
1458.0          0.19862
1459.0          0.20326
1460.0          0.20781
1461.0          0.21228
1462.0          0.21666
1463.0          0.22095
1464.0          0.22516
1465.0          0.22928
1466.0          0.23332
1467.0          0.23727
1468.0          0.24114
1469.0          0.24493
1470.0          0.24865
1471.0          0.25228
1472.0          0.25584
1473.0          0.25932
1474.0          0.26272
1475.0          0.26605
1476.0          0.26932
1477.0          0.27251
1478.0          0.27563
1479.0          0.27868
1480.0          0.28167
1481.0          0.28459
1482.0          0.28745
1483.0          0.29025
1484.0          0.29298
1485.0          0.29566
1486.0          0.29827
1487.0          0.30083
1488.0          0.30334
1489.0          0.30579
1490.0          0.30818
1491.0          0.31053
1492.0          0.31282
1493.0          0.31506
1494.0          0.31726
1495.0          0.31940
1496.0          0.32150
1497.0          0.32356
1498.0          0.32557
1499.0          0.32753
1500.0          0.32946
1501.0          0.33134
1502.0          0.33318
1503.0          0.33498
1504.0          0.33674
1505.0          0.33847
1506.0          0.34016
1507.0          0.34181
1508.0          0.34343
1509.0          0.34501
1510.0          0.34656
1511.0          0.34808
1512.0          0.34956
1513.0          0.35102
1514.0          0.35244
1515.0          0.35383
1516.0          0.35520
1517.0          0.35653
1518.0          0.35784
1519.0          0.35912
1520.0          0.36037
1521.0          0.36160
1522.0          0.36280
1523.0          0.36398
1524.0          0.36513
1525.0          0.36626
1526.0          0.36737
1527.0          0.36845
1528.0          0.36951
1529.0          0.37055
1530.0          0.37157
1531.0          0.37257
1532.0          0.37354
1533.0          0.37450
1534.0          0.37544
1535.0          0.37636
1536.0          0.37726
1537.0          0.37814
1538.0          0.37901
1539.0          0.37986
1540.0          0.38069
1541.0          0.38150
1542.0          0.38230
1543.0          0.38308
1544.0          0.38385
1545.0          0.38460
1546.0          0.38534
1547.0          0.38606
1548.0          0.38677
1549.0          0.38747
1550.0          0.38815
1551.0          0.38882
1552.0          0.38947
1553.0          0.39012
1554.0          0.39075
1555.0          0.39137
1556.0          0.39197
1557.0          0.39257
1558.0          0.39315
1559.0          0.39373
1560.0          0.39429
1561.0          0.39484
1562.0          0.39538
1563.0          0.39591
1564.0          0.39643
1565.0          0.39694
1566.0          0.39745
1567.0          0.39794
1568.0          0.39842
1569.0          0.39890
1570.0          0.39936
1571.0          0.39982
1572.0          0.40027
1573.0          0.40071
1574.0          0.40115
1575.0          0.40157
1576.0          0.40199
1577.0          0.40240
1578.0          0.40280
1579.0          0.40320
1580.0          0.40359
1581.0          0.40397
1582.0          0.40435
1583.0          0.40472
1584.0          0.40508
1585.0          0.40544
1586.0          0.40579
1587.0          0.40613
1588.0          0.40647
1589.0          0.40681
1590.0          0.40713
1591.0          0.40746
1592.0          0.40777
1593.0          0.40809
1594.0          0.40839
1595.0          0.40870
1596.0          0.40899
1597.0          0.40929
1598.0          0.40957
1599.0          0.40986
1600.0          0.41014
1601.0          0.41041
1602.0          0.41068
1603.0          0.41095
1604.0          0.41121
1605.0          0.41147
1606.0          0.41173
1607.0          0.41198
1608.0          0.41223
1609.0          0.41247
1610.0          0.41271
1611.0          0.41295
1612.0          0.41319
1613.0          0.41342
1614.0          0.41365
1615.0          0.41387
1616.0          0.41410
1617.0          0.41432
1618.0          0.41453
1619.0          0.41475
1620.0          0.41496
1621.0          0.41517
1622.0          0.41538
1623.0          0.41558
1624.0          0.41579
1625.0          0.41599
1626.0          0.41619
1627.0          0.41638
1628.0          0.41658
1629.0          0.41677
1630.0          0.41696
1631.0          0.41715
1632.0          0.41734
1633.0          0.41752
1634.0          0.41771
1635.0          0.41789
1636.0          0.41807
1637.0          0.41825
1638.0          0.41843
1639.0          0.41861
1640.0          0.41878
1641.0          0.41896
1642.0          0.41913
1643.0          0.41930
1644.0          0.41948
1645.0          0.41965
1646.0          0.41982
1647.0          0.41999
1648.0          0.42015
1649.0          0.42032
1650.0          0.42049
1400.0          1.0000
1401.0          1.0000
1402.0          1.0000
1403.0          1.0000
1404.0          1.0000
1405.0          1.0000
1406.0          1.0000
1407.0          1.0000
1408.0          1.0000
1409.0          1.0000
1410.0          1.0000
1411.0          1.0000
1412.0          1.0000
1413.0          1.0000
1414.0          1.0000
1415.0          1.0000
1416.0          1.0000
1417.0          1.0000
1418.0          1.0000
1419.0          1.0000
1420.0          1.0000
1421.0          1.0000
1422.0          1.0000
1423.0          1.0000
1424.0          1.0000
1425.0          1.0000
1426.0          1.0000
1427.0          1.0000
1428.0          1.0000
1429.0          1.0000
1430.0          1.0000
1431.0          1.0000
1432.0          1.0000
1433.0          1.0000
1434.0          1.0000
1435.0          1.0000
1436.0          1.0000
1437.0          1.0000
1438.0          1.0000
1439.0          1.0000
1440.0          1.0000
1441.0          1.0000
1442.0          1.0000
1443.0          1.0000
1444.0          1.0000
1445.0          1.0000
1446.0          1.0000
1447.0          1.0000
1448.0          1.0000
1449.0          1.0000
1450.0          1.0000
1451.0          1.0000
1452.0          1.0000
1453.0          1.0000
1454.0          1.0000
1455.0          1.0000
1456.0          1.0000
1457.0          1.0000
1458.0          1.0000
1459.0          1.0000
1460.0          1.0000
1461.0          1.0000
1462.0          1.0000
1463.0          1.0000
1464.0          1.0000
1465.0          1.0000
1466.0          1.0000
1467.0          1.0000
1468.0          1.0000
1469.0          1.0000
1470.0          1.0000
1471.0          1.0000
1472.0          1.0000
1473.0          1.0000
1474.0          1.0000
1475.0          1.0000
1476.0          1.0000
1477.0          1.0000
1478.0          1.0000
1479.0          1.0000
1480.0          1.0000
1481.0          1.0000
1482.0          1.0000
1483.0          1.0000
1484.0          1.0000
1485.0          1.0000
1486.0          1.0000
1487.0          1.0000
1488.0          1.0000
1489.0          1.0000
1490.0          1.0000
1491.0          1.0000
1492.0          1.0000
1493.0          1.0000
1494.0          1.0000
1495.0          1.0000
1496.0          1.0000
1497.0          1.0000
1498.0          1.0000
1499.0          1.0000
1500.0          1.0000
1501.0          1.0000
1502.0          1.0000
1503.0          1.0000
1504.0          1.0000
1505.0          1.0000
1506.0          1.0000
1507.0          1.0000
1508.0          1.0000
1509.0          1.0000
1510.0          1.0000
1511.0          1.0000
1512.0          1.0000
1513.0          1.0000
1514.0          1.0000
1515.0          1.0000
1516.0          1.0000
1517.0          1.0000
1518.0          1.0000
1519.0          1.0000
1520.0          1.0000
1521.0          1.0000
1522.0          1.0000
1523.0          1.0000
1524.0          1.0000
1525.0          1.0000
1526.0          1.0000
1527.0          1.0000
1528.0          1.0000
1529.0          1.0000
1530.0          1.0000
1531.0          1.0000
1532.0          1.0000
1533.0          1.0000
1534.0          1.0000
1535.0          1.0000
1536.0          1.0000
1537.0          1.0000
1538.0          1.0000
1539.0          1.0000
1540.0          1.0000
1541.0          1.0000
1542.0          1.0000
1543.0          1.0000
1544.0          1.0000
1545.0          1.0000
1546.0          1.0000
1547.0          1.0000
1548.0          1.0000
1549.0          1.0000
1550.0          1.0000
1551.0          1.0000
1552.0          1.0000
1553.0          1.0000
1554.0          1.0000
1555.0          1.0000
1556.0          1.0000
1557.0          1.0000
1558.0          1.0000
1559.0          1.0000
1560.0          1.0000
1561.0          1.0000
1562.0          1.0000
1563.0          1.0000
1564.0          1.0000
1565.0          1.0000
1566.0          1.0000
1567.0          1.0000
1568.0          1.0000
1569.0          1.0000
1570.0          1.0000
1571.0          1.0000
1572.0          1.0000
1573.0          1.0000
1574.0          1.0000
1575.0          1.0000
1576.0          1.0000
1577.0          1.0000
1578.0          1.0000
1579.0          1.0000
1580.0          1.0000
1581.0          1.0000
1582.0          1.0000
1583.0          1.0000
1584.0          1.0000
1585.0          1.0000
1586.0          1.0000
1587.0          1.0000
1588.0          1.0000
1589.0          1.0000
1590.0          1.0000
1591.0          1.0000
1592.0          1.0000
1593.0          1.0000
1594.0          1.0000
1595.0          1.0000
1596.0          1.0000
1597.0          1.0000
1598.0          1.0000
1599.0          1.0000
1600.0          1.0000
1601.0          1.0000
1602.0          1.0000
1603.0          1.0000
1604.0          1.0000
1605.0          1.0000
1606.0          1.0000
1607.0          1.0000
1608.0          1.0000
1609.0          1.0000
1610.0          1.0000
1611.0          1.0000
1612.0          1.0000
1613.0          1.0000
1614.0          1.0000
1615.0          1.0000
1616.0          1.0000
1617.0          1.0000
1618.0          1.0000
1619.0          1.0000
1620.0          1.0000
1621.0          1.0000
1622.0          1.0000
1623.0          1.0000
1624.0          1.0000
1625.0          1.0000
1626.0          1.0000
1627.0          1.0000
1628.0          1.0000
1629.0          1.0000
1630.0          1.0000
1631.0          1.0000
1632.0          1.0000
1633.0          1.0000
1634.0          1.0000
1635.0          1.0000
1636.0          1.0000
1637.0          1.0000
1638.0          1.0000
1639.0          1.0000
1640.0          1.0000
1641.0          1.0000
1642.0          1.0000
1643.0          1.0000
1644.0          1.0000
1645.0          1.0000
1646.0          1.0000
1647.0          1.0000
1648.0          1.0000
1649.0          1.0000
1650.0          1.0000
1400.0          1.4433E-15
1401.0          -3.3307E-15
1402.0          -1.3323E-15
1403.0          -5.7732E-15
1404.0          -4.2188E-15
1405.0          1.1102E-15
1406.0          8.8818E-15
1407.0          -3.5527E-15
1408.0          2.6645E-15
1409.0          4.1078E-15
1410.0          3.4417E-15
1411.0          4.6629E-15
1412.0          1.9984E-15
1413.0          -1.3323E-15
1414.0          3.5527E-15
1415.0          1.3323E-15
1416.0          -3.1086E-15
1417.0          -6.2172E-15
1418.0          2.5535E-15
1419.0          -1.9984E-15
1420.0          -1.9984E-15
1421.0          2.2204E-16
1422.0          3.3307E-16
1423.0          -4.8850E-15
1424.0          2.1094E-15
1425.0          8.8818E-16
1426.0          4.9960E-15
1427.0          -2.4425E-15
1428.0          -1.1102E-15
1429.0          2.2204E-15
1430.0          6.6613E-16
1431.0          1.4433E-15
1432.0          5.4401E-15
1433.0          -8.8818E-16
1434.0          9.9920E-16
1435.0          1.4433E-15
1436.0          -3.5527E-15
1437.0          -2.2204E-15
1438.0          -2.8866E-15
1439.0          -2.4425E-15
1440.0          -1.1102E-15
1441.0          -3.3307E-15
1442.0          -1.9984E-15
1443.0          3.4417E-15
1444.0          -2.2204E-15
1445.0          1.7764E-15
1446.0          4.2188E-15
1447.0          6.6613E-16
1448.0          4.4409E-16
1449.0          -2.6645E-15
1450.0          0.0000
1451.0          -8.8818E-16
1452.0          -1.9984E-15
1453.0          6.6613E-16
1454.0          2.7756E-15
1455.0          -1.5543E-15
1456.0          1.1102E-15
1457.0          4.4409E-16
1458.0          -1.5543E-15
1459.0          2.2204E-16
1460.0          -8.8818E-16
1461.0          1.7764E-15
1462.0          -2.6645E-15
1463.0          4.4409E-16
1464.0          -2.2204E-16
1465.0          -4.4409E-16
1466.0          8.8818E-16
1467.0          9.9920E-16
1468.0          -1.5543E-15
1469.0          2.8866E-15
1470.0          -4.4409E-16
1471.0          9.9920E-16
1472.0          1.1102E-15
1473.0          4.4409E-16
1474.0          -1.3323E-15
1475.0          -4.4409E-16
1476.0          2.7756E-15
1477.0          -1.5543E-15
1478.0          -1.3323E-15
1479.0          6.6613E-16
1480.0          2.2204E-15
1481.0          5.5511E-16
1482.0          -2.2204E-16
1483.0          0.0000
1484.0          0.0000
1485.0          -6.6613E-16
1486.0          -4.4409E-16
1487.0          2.6645E-15
1488.0          -1.9984E-15
1489.0          -1.3323E-15
1490.0          -3.1086E-15
1491.0          -8.8818E-16
1492.0          2.2204E-16
1493.0          0.0000
1494.0          6.6613E-16
1495.0          -1.1102E-15
1496.0          2.4425E-15
1497.0          -1.9984E-15
1498.0          -1.7764E-15
1499.0          6.6613E-16
1500.0          3.3307E-16
1501.0          5.5511E-16
1502.0          1.1102E-16
1503.0          -1.9984E-15
1504.0          -1.5543E-15
1505.0          -1.3323E-15
1506.0          -8.8818E-16
1507.0          2.1094E-15
1508.0          -1.3323E-15
1509.0          1.6653E-15
1510.0          4.4409E-16
1511.0          4.4409E-16
1512.0          -4.2188E-15
1513.0          1.5543E-15
1514.0          -4.4409E-16
1515.0          -8.8818E-16
1516.0          -8.8818E-16
1517.0          -1.3323E-15
1518.0          -8.8818E-16
1519.0          -1.1102E-15
1520.0          -8.8818E-16
1521.0          -4.2188E-15
1522.0          -8.8818E-16
1523.0          1.3323E-15
1524.0          -8.8818E-16
1525.0          -8.8818E-16
1526.0          0.0000
1527.0          1.1102E-15
1528.0          -1.9984E-15
1529.0          9.9920E-16
1530.0          -1.1102E-15
1531.0          2.2204E-16
1532.0          -1.5543E-15
1533.0          6.6613E-16
1534.0          -2.4425E-15
1535.0          1.9984E-15
1536.0          -8.8818E-16
1537.0          0.0000
1538.0          -4.4409E-16
1539.0          6.6613E-16
1540.0          1.5543E-15
1541.0          1.9984E-15
1542.0          4.4409E-16
1543.0          -1.3323E-15
1544.0          -4.2188E-15
1545.0          -2.4425E-15
1546.0          1.3323E-15
1547.0          -2.2204E-16
1548.0          1.1102E-15
1549.0          3.3307E-16
1550.0          6.6613E-16
1551.0          -4.4409E-16
1552.0          8.8818E-16
1553.0          3.9968E-15
1554.0          -1.3323E-15
1555.0          -1.7764E-15
1556.0          -3.5527E-15
1557.0          -6.6613E-16
1558.0          -1.9984E-15
1559.0          2.8866E-15
1560.0          -1.3323E-14
1561.0          -4.4409E-15
1562.0          2.9976E-15
1563.0          1.9984E-15
1564.0          -2.2204E-16
1565.0          9.9920E-16
1566.0          6.6613E-16
1567.0          2.4425E-15
1568.0          -1.9984E-15
1569.0          2.2204E-16
1570.0          0.0000
1571.0          0.0000
1572.0          -4.4409E-16
1573.0          -2.4425E-15
1574.0          -1.1102E-15
1575.0          -3.5527E-15
1576.0          -2.4425E-15
1577.0          -1.3323E-15
1578.0          0.0000
1579.0          -3.3307E-15
1580.0          0.0000
1581.0          -3.3307E-15
1582.0          2.2204E-16
1583.0          -4.8850E-15
1584.0          3.6637E-15
1585.0          -3.7748E-15
1586.0          2.2204E-16
1587.0          -4.4409E-16
1588.0          -2.6645E-15
1589.0          -3.5527E-15
1590.0          4.5519E-15
1591.0          4.4409E-16
1592.0          -5.3291E-15
1593.0          2.6645E-15
1594.0          -4.2188E-15
1595.0          1.5543E-15
1596.0          1.8874E-15
1597.0          -3.7748E-15
1598.0          -2.6645E-15
1599.0          -8.8818E-16
1600.0          -3.5527E-15
1601.0          2.2204E-16
1602.0          -2.2204E-15
1603.0          -2.6645E-15
1604.0          6.6613E-16
1605.0          -6.4393E-15
1606.0          6.5503E-15
1607.0          -2.2204E-15
1608.0          -3.1086E-15
1609.0          -6.6613E-16
1610.0          3.9968E-15
1611.0          4.4409E-16
1612.0          -6.6613E-16
1613.0          -3.5527E-15
1614.0          -1.3323E-15
1615.0          1.1102E-16
1616.0          6.6613E-16
1617.0          -2.8866E-15
1618.0          -6.6613E-16
1619.0          -8.8818E-16
1620.0          -1.3323E-15
1621.0          -1.7764E-15
1622.0          -3.3307E-15
1623.0          1.1102E-15
1624.0          -5.7732E-15
1625.0          -2.2204E-15
1626.0          -1.7764E-15
1627.0          7.7716E-16
1628.0          7.7716E-16
1629.0          -2.2204E-16
1630.0          -1.9984E-15
1631.0          2.2204E-16
1632.0          -1.5543E-15
1633.0          -8.8818E-16
1634.0          -3.3307E-15
1635.0          -2.8866E-15
1636.0          3.3307E-16
1637.0          -3.5527E-15
1638.0          1.1102E-15
1639.0          -1.7764E-15
1640.0          2.3315E-15
1641.0          2.2204E-16
1642.0          -2.2204E-16
1643.0          2.6645E-15
1644.0          1.3323E-15
1645.0          -5.5511E-15
1646.0          -3.5527E-15
1647.0          -7.1054E-15
1648.0          3.3307E-15
1649.0          1.4433E-15
1650.0          -3.1086E-15
