1400.0          0.66466
1401.0          0.66507
1402.0          0.66544
1403.0          0.66577
1404.0          0.66606
1405.0          0.66631
1406.0          0.66653
1407.0          0.66671
1408.0          0.66686
1409.0          0.66698
1410.0          0.66707
1411.0          0.66713
1412.0          0.66716
1413.0          0.66716
1414.0          0.66713
1415.0          0.66707
1416.0          0.66699
1417.0          0.66688
1418.0          0.66674
1419.0          0.66658
1420.0          0.66639
1421.0          0.66618
1422.0          0.66593
1423.0          0.66567
1424.0          0.66537
1425.0          0.66505
1426.0          0.66471
1427.0          0.66434
1428.0          0.66394
1429.0          0.66352
1430.0          0.66307
1431.0          0.66260
1432.0          0.66210
1433.0          0.66157
1434.0          0.66102
1435.0          0.66045
1436.0          0.65984
1437.0          0.65921
1438.0          0.65855
1439.0          0.65787
1440.0          0.65716
1441.0          0.65642
1442.0          0.65565
1443.0          0.65486
1444.0          0.65404
1445.0          0.65319
1446.0          0.65231
1447.0          0.65140
1448.0          0.65046
1449.0          0.64949
1450.0          0.64849
1451.0          0.64746
1452.0          0.64640
1453.0          0.64531
1454.0          0.64419
1455.0          0.64303
1456.0          0.64184
1457.0          0.64061
1458.0          0.63935
1459.0          0.63806
1460.0          0.63673
1461.0          0.63536
1462.0          0.63396
1463.0          0.63252
1464.0          0.63104
1465.0          0.62952
1466.0          0.62796
1467.0          0.62636
1468.0          0.62471
1469.0          0.62303
1470.0          0.62130
1471.0          0.61952
1472.0          0.61770
1473.0          0.61583
1474.0          0.61391
1475.0          0.61194
1476.0          0.60992
1477.0          0.60785
1478.0          0.60572
1479.0          0.60353
1480.0          0.60129
1481.0          0.59900
1482.0          0.59664
1483.0          0.59421
1484.0          0.59173
1485.0          0.58917
1486.0          0.58655
1487.0          0.58386
1488.0          0.58109
1489.0          0.57825
1490.0          0.57534
1491.0          0.57234
1492.0          0.56926
1493.0          0.56609
1494.0          0.56284
1495.0          0.55949
1496.0          0.55605
1497.0          0.55251
1498.0          0.54886
1499.0          0.54512
1500.0          0.54126
1501.0          0.53728
1502.0          0.53319
1503.0          0.52898
1504.0          0.52464
1505.0          0.52016
1506.0          0.51555
1507.0          0.51079
1508.0          0.50589
1509.0          0.50082
1510.0          0.49560
1511.0          0.49021
1512.0          0.48464
1513.0          0.47889
1514.0          0.47295
1515.0          0.46680
1516.0          0.46046
1517.0          0.45389
1518.0          0.44710
1519.0          0.44007
1520.0          0.43280
1521.0          0.42527
1522.0          0.41748
1523.0          0.40941
1524.0          0.40105
1525.0          0.39239
1526.0          0.38341
1527.0          0.37412
1528.0          0.36448
1529.0          0.35450
1530.0          0.34416
1531.0          0.33345
1532.0          0.32235
1533.0          0.31087
1534.0          0.29898
1535.0          0.28669
1536.0          0.27400
1537.0          0.26090
1538.0          0.24740
1539.0          0.23351
1540.0          0.21924
1541.0          0.20462
1542.0          0.18969
1543.0          0.17449
1544.0          0.15908
1545.0          0.14356
1546.0          0.12800
1547.0          0.11255
1548.0          0.097355
1549.0          0.082597
1550.0          0.068499
1551.0          0.055322
1552.0          0.043369
1553.0          0.032985
1554.0          0.024558
1555.0          0.018512
1556.0          0.015304
1557.0          0.015406
1558.0          0.019288
1559.0          0.027395
1560.0          0.040117
1561.0          0.057756
1562.0          0.080492
1563.0          0.10836
1564.0          0.14120
1565.0          0.17870
1566.0          0.22034
1567.0          0.26545
1568.0          0.31323
1569.0          0.36280
1570.0          0.41326
1571.0          0.46372
1572.0          0.51337
1573.0          0.56150
1574.0          0.60753
1575.0          0.65101
1576.0          0.69162
1577.0          0.72916
1578.0          0.76356
1579.0          0.79483
1580.0          0.82302
1581.0          0.84828
1582.0          0.87077
1583.0          0.89067
1584.0          0.90819
1585.0          0.92351
1586.0          0.93685
1587.0          0.94840
1588.0          0.95832
1589.0          0.96680
1590.0          0.97398
1591.0          0.98001
1592.0          0.98502
1593.0          0.98913
1594.0          0.99243
1595.0          0.99502
1596.0          0.99699
1597.0          0.99841
1598.0          0.99935
1599.0          0.99986
1600.0          1.0000
1601.0          0.99981
1602.0          0.99934
1603.0          0.99862
1604.0          0.99768
1605.0          0.99655
1606.0          0.99526
1607.0          0.99383
1608.0          0.99227
1609.0          0.99061
1610.0          0.98886
1611.0          0.98704
1612.0          0.98515
1613.0          0.98321
1614.0          0.98122
1615.0          0.97920
1616.0          0.97715
1617.0          0.97508
1618.0          0.97299
1619.0          0.97089
1620.0          0.96879
1621.0          0.96668
1622.0          0.96457
1623.0          0.96246
1624.0          0.96036
1625.0          0.95826
1626.0          0.95618
1627.0          0.95411
1628.0          0.95205
1629.0          0.95000
1630.0          0.94797
1631.0          0.94596
1632.0          0.94396
1633.0          0.94199
1634.0          0.94003
1635.0          0.93808
1636.0          0.93616
1637.0          0.93426
1638.0          0.93238
1639.0          0.93051
1640.0          0.92867
1641.0          0.92684
1642.0          0.92504
1643.0          0.92325
1644.0          0.92149
1645.0          0.91974
1646.0          0.91801
1647.0          0.91631
1648.0          0.91462
1649.0          0.91295
1650.0          0.91130
1400.0          0.33534
1401.0          0.33493
1402.0          0.33456
1403.0          0.33423
1404.0          0.33394
1405.0          0.33369
1406.0          0.33347
1407.0          0.33329
1408.0          0.33314
1409.0          0.33302
1410.0          0.33293
1411.0          0.33287
1412.0          0.33284
1413.0          0.33284
1414.0          0.33287
1415.0          0.33293
1416.0          0.33301
1417.0          0.33312
1418.0          0.33326
1419.0          0.33342
1420.0          0.33361
1421.0          0.33382
1422.0          0.33407
1423.0          0.33433
1424.0          0.33463
1425.0          0.33495
1426.0          0.33529
1427.0          0.33566
1428.0          0.33606
1429.0          0.33648
1430.0          0.33693
1431.0          0.33740
1432.0          0.33790
1433.0          0.33843
1434.0          0.33898
1435.0          0.33955
1436.0          0.34016
1437.0          0.34079
1438.0          0.34145
1439.0          0.34213
1440.0          0.34284
1441.0          0.34358
1442.0          0.34435
1443.0          0.34514
1444.0          0.34596
1445.0          0.34681
1446.0          0.34769
1447.0          0.34860
1448.0          0.34954
1449.0          0.35051
1450.0          0.35151
1451.0          0.35254
1452.0          0.35360
1453.0          0.35469
1454.0          0.35581
1455.0          0.35697
1456.0          0.35816
1457.0          0.35939
1458.0          0.36065
1459.0          0.36194
1460.0          0.36327
1461.0          0.36464
1462.0          0.36604
1463.0          0.36748
1464.0          0.36896
1465.0          0.37048
1466.0          0.37204
1467.0          0.37364
1468.0          0.37529
1469.0          0.37697
1470.0          0.37870
1471.0          0.38048
1472.0          0.38230
1473.0          0.38417
1474.0          0.38609
1475.0          0.38806
1476.0          0.39008
1477.0          0.39215
1478.0          0.39428
1479.0          0.39647
1480.0          0.39871
1481.0          0.40100
1482.0          0.40336
1483.0          0.40579
1484.0          0.40827
1485.0          0.41083
1486.0          0.41345
1487.0          0.41614
1488.0          0.41891
1489.0          0.42175
1490.0          0.42466
1491.0          0.42766
1492.0          0.43074
1493.0          0.43391
1494.0          0.43716
1495.0          0.44051
1496.0          0.44395
1497.0          0.44749
1498.0          0.45114
1499.0          0.45488
1500.0          0.45874
1501.0          0.46272
1502.0          0.46681
1503.0          0.47102
1504.0          0.47536
1505.0          0.47984
1506.0          0.48445
1507.0          0.48921
1508.0          0.49411
1509.0          0.49918
1510.0          0.50440
1511.0          0.50979
1512.0          0.51536
1513.0          0.52111
1514.0          0.52705
1515.0          0.53320
1516.0          0.53954
1517.0          0.54611
1518.0          0.55290
1519.0          0.55993
1520.0          0.56720
1521.0          0.57473
1522.0          0.58252
1523.0          0.59059
1524.0          0.59895
1525.0          0.60761
1526.0          0.61659
1527.0          0.62588
1528.0          0.63552
1529.0          0.64550
1530.0          0.65584
1531.0          0.66655
1532.0          0.67765
1533.0          0.68913
1534.0          0.70102
1535.0          0.71331
1536.0          0.72600
1537.0          0.73910
1538.0          0.75260
1539.0          0.76649
1540.0          0.78076
1541.0          0.79538
1542.0          0.81031
1543.0          0.82551
1544.0          0.84092
1545.0          0.85644
1546.0          0.87200
1547.0          0.88745
1548.0          0.90265
1549.0          0.91740
1550.0          0.93150
1551.0          0.94468
1552.0          0.95663
1553.0          0.96701
1554.0          0.97544
1555.0          0.98149
1556.0          0.98470
1557.0          0.98459
1558.0          0.98071
1559.0          0.97260
1560.0          0.95988
1561.0          0.94224
1562.0          0.91951
1563.0          0.89164
1564.0          0.85880
1565.0          0.82130
1566.0          0.77966
1567.0          0.73455
1568.0          0.68677
1569.0          0.63720
1570.0          0.58674
1571.0          0.53628
1572.0          0.48663
1573.0          0.43850
1574.0          0.39247
1575.0          0.34899
1576.0          0.30838
1577.0          0.27084
1578.0          0.23644
1579.0          0.20517
1580.0          0.17698
1581.0          0.15172
1582.0          0.12923
1583.0          0.10933
1584.0          0.091812
1585.0          0.076485
1586.0          0.063146
1587.0          0.051604
1588.0          0.041678
1589.0          0.033202
1590.0          0.026018
1591.0          0.019986
1592.0          0.014976
1593.0          0.010873
1594.0          0.0075709
1595.0          0.0049771
1596.0          0.0030077
1597.0          0.0015880
1598.0          6.5185E-4
1599.0          1.4042E-4
1600.0          1.5143E-6
1601.0          1.8889E-4
1602.0          6.6161E-4
1603.0          0.0013835
1604.0          0.0023224
1605.0          0.0034500
1606.0          0.0047413
1607.0          0.0061740
1608.0          0.0077287
1609.0          0.0093880
1610.0          0.011137
1611.0          0.012961
1612.0          0.014849
1613.0          0.016791
1614.0          0.018776
1615.0          0.020798
1616.0          0.022847
1617.0          0.024919
1618.0          0.027008
1619.0          0.029107
1620.0          0.031214
1621.0          0.033325
1622.0          0.035435
1623.0          0.037542
1624.0          0.039643
1625.0          0.041737
1626.0          0.043820
1627.0          0.045892
1628.0          0.047952
1629.0          0.049996
1630.0          0.052026
1631.0          0.054039
1632.0          0.056035
1633.0          0.058014
1634.0          0.059974
1635.0          0.061915
1636.0          0.063838
1637.0          0.065741
1638.0          0.067625
1639.0          0.069489
1640.0          0.071333
1641.0          0.073158
1642.0          0.074963
1643.0          0.076748
1644.0          0.078514
1645.0          0.080260
1646.0          0.081987
1647.0          0.083695
1648.0          0.085383
1649.0          0.087053
1650.0          0.088705
1400.0          1.0000
1401.0          1.0000
1402.0          1.0000
1403.0          1.0000
1404.0          1.0000
1405.0          1.0000
1406.0          1.0000
1407.0          1.0000
1408.0          1.0000
1409.0          1.0000
1410.0          1.0000
1411.0          1.0000
1412.0          1.0000
1413.0          1.0000
1414.0          1.0000
1415.0          1.0000
1416.0          1.0000
1417.0          1.0000
1418.0          1.0000
1419.0          1.0000
1420.0          1.0000
1421.0          1.0000
1422.0          1.0000
1423.0          1.0000
1424.0          1.0000
1425.0          1.0000
1426.0          1.0000
1427.0          1.0000
1428.0          1.0000
1429.0          1.0000
1430.0          1.0000
1431.0          1.0000
1432.0          1.0000
1433.0          1.0000
1434.0          1.0000
1435.0          1.0000
1436.0          1.0000
1437.0          1.0000
1438.0          1.0000
1439.0          1.0000
1440.0          1.0000
1441.0          1.0000
1442.0          1.0000
1443.0          1.0000
1444.0          1.0000
1445.0          1.0000
1446.0          1.0000
1447.0          1.0000
1448.0          1.0000
1449.0          1.0000
1450.0          1.0000
1451.0          1.0000
1452.0          1.0000
1453.0          1.0000
1454.0          1.0000
1455.0          1.0000
1456.0          1.0000
1457.0          1.0000
1458.0          1.0000
1459.0          1.0000
1460.0          1.0000
1461.0          1.0000
1462.0          1.0000
1463.0          1.0000
1464.0          1.0000
1465.0          1.0000
1466.0          1.0000
1467.0          1.0000
1468.0          1.0000
1469.0          1.0000
1470.0          1.0000
1471.0          1.0000
1472.0          1.0000
1473.0          1.0000
1474.0          1.0000
1475.0          1.0000
1476.0          1.0000
1477.0          1.0000
1478.0          1.0000
1479.0          1.0000
1480.0          1.0000
1481.0          1.0000
1482.0          1.0000
1483.0          1.0000
1484.0          1.0000
1485.0          1.0000
1486.0          1.0000
1487.0          1.0000
1488.0          1.0000
1489.0          1.0000
1490.0          1.0000
1491.0          1.0000
1492.0          1.0000
1493.0          1.0000
1494.0          1.0000
1495.0          1.0000
1496.0          1.0000
1497.0          1.0000
1498.0          1.0000
1499.0          1.0000
1500.0          1.0000
1501.0          1.0000
1502.0          1.0000
1503.0          1.0000
1504.0          1.0000
1505.0          1.0000
1506.0          1.0000
1507.0          1.0000
1508.0          1.0000
1509.0          1.0000
1510.0          1.0000
1511.0          1.0000
1512.0          1.0000
1513.0          1.0000
1514.0          1.0000
1515.0          1.0000
1516.0          1.0000
1517.0          1.0000
1518.0          1.0000
1519.0          1.0000
1520.0          1.0000
1521.0          1.0000
1522.0          1.0000
1523.0          1.0000
1524.0          1.0000
1525.0          1.0000
1526.0          1.0000
1527.0          1.0000
1528.0          1.0000
1529.0          1.0000
1530.0          1.0000
1531.0          1.0000
1532.0          1.0000
1533.0          1.0000
1534.0          1.0000
1535.0          1.0000
1536.0          1.0000
1537.0          1.0000
1538.0          1.0000
1539.0          1.0000
1540.0          1.0000
1541.0          1.0000
1542.0          1.0000
1543.0          1.0000
1544.0          1.0000
1545.0          1.0000
1546.0          1.0000
1547.0          1.0000
1548.0          1.0000
1549.0          1.0000
1550.0          1.0000
1551.0          1.0000
1552.0          1.0000
1553.0          1.0000
1554.0          1.0000
1555.0          1.0000
1556.0          1.0000
1557.0          1.0000
1558.0          1.0000
1559.0          1.0000
1560.0          1.0000
1561.0          1.0000
1562.0          1.0000
1563.0          1.0000
1564.0          1.0000
1565.0          1.0000
1566.0          1.0000
1567.0          1.0000
1568.0          1.0000
1569.0          1.0000
1570.0          1.0000
1571.0          1.0000
1572.0          1.0000
1573.0          1.0000
1574.0          1.0000
1575.0          1.0000
1576.0          1.0000
1577.0          1.0000
1578.0          1.0000
1579.0          1.0000
1580.0          1.0000
1581.0          1.0000
1582.0          1.0000
1583.0          1.0000
1584.0          1.0000
1585.0          1.0000
1586.0          1.0000
1587.0          1.0000
1588.0          1.0000
1589.0          1.0000
1590.0          1.0000
1591.0          1.0000
1592.0          1.0000
1593.0          1.0000
1594.0          1.0000
1595.0          1.0000
1596.0          1.0000
1597.0          1.0000
1598.0          1.0000
1599.0          1.0000
1600.0          1.0000
1601.0          1.0000
1602.0          1.0000
1603.0          1.0000
1604.0          1.0000
1605.0          1.0000
1606.0          1.0000
1607.0          1.0000
1608.0          1.0000
1609.0          1.0000
1610.0          1.0000
1611.0          1.0000
1612.0          1.0000
1613.0          1.0000
1614.0          1.0000
1615.0          1.0000
1616.0          1.0000
1617.0          1.0000
1618.0          1.0000
1619.0          1.0000
1620.0          1.0000
1621.0          1.0000
1622.0          1.0000
1623.0          1.0000
1624.0          1.0000
1625.0          1.0000
1626.0          1.0000
1627.0          1.0000
1628.0          1.0000
1629.0          1.0000
1630.0          1.0000
1631.0          1.0000
1632.0          1.0000
1633.0          1.0000
1634.0          1.0000
1635.0          1.0000
1636.0          1.0000
1637.0          1.0000
1638.0          1.0000
1639.0          1.0000
1640.0          1.0000
1641.0          1.0000
1642.0          1.0000
1643.0          1.0000
1644.0          1.0000
1645.0          1.0000
1646.0          1.0000
1647.0          1.0000
1648.0          1.0000
1649.0          1.0000
1650.0          1.0000
1400.0          6.4393E-15
1401.0          -6.6613E-15
1402.0          -3.5527E-15
1403.0          3.4417E-15
1404.0          -1.1102E-15
1405.0          2.8866E-15
1406.0          -4.2188E-15
1407.0          8.4377E-15
1408.0          -1.7764E-15
1409.0          -2.6645E-15
1410.0          -1.3323E-15
1411.0          -1.3323E-15
1412.0          1.5543E-15
1413.0          -1.9984E-15
1414.0          1.1102E-15
1415.0          8.8818E-16
1416.0          -4.4409E-16
1417.0          6.1062E-15
1418.0          -3.5527E-15
1419.0          1.7764E-15
1420.0          -3.7748E-15
1421.0          -1.9984E-15
1422.0          -1.3323E-15
1423.0          4.4409E-15
1424.0          2.2204E-16
1425.0          5.3291E-15
1426.0          1.7764E-15
1427.0          -3.5527E-15
1428.0          8.8818E-16
1429.0          5.9952E-15
1430.0          3.5527E-15
1431.0          -5.7732E-15
1432.0          -3.9968E-15
1433.0          2.4425E-15
1434.0          3.7748E-15
1435.0          -1.3323E-15
1436.0          -1.7764E-15
1437.0          -3.1086E-15
1438.0          3.9968E-15
1439.0          2.2204E-15
1440.0          3.7748E-15
1441.0          1.7764E-15
1442.0          1.6653E-15
1443.0          2.2204E-16
1444.0          -8.8818E-16
1445.0          1.5543E-15
1446.0          -2.6645E-15
1447.0          1.7764E-15
1448.0          3.3307E-16
1449.0          -8.8818E-16
1450.0          -3.5527E-15
1451.0          -3.9968E-15
1452.0          2.2204E-15
1453.0          1.1102E-16
1454.0          2.5535E-15
1455.0          -2.2204E-16
1456.0          2.2204E-15
1457.0          -1.9984E-15
1458.0          1.4433E-15
1459.0          3.5527E-15
1460.0          -2.6645E-15
1461.0          -4.4409E-16
1462.0          3.9968E-15
1463.0          1.1102E-16
1464.0          0.0000
1465.0          5.2180E-15
1466.0          -8.8818E-16
1467.0          3.9968E-15
1468.0          5.9952E-15
1469.0          3.7748E-15
1470.0          -2.2204E-15
1471.0          2.9976E-15
1472.0          0.0000
1473.0          -4.4409E-15
1474.0          2.8866E-15
1475.0          -2.6645E-15
1476.0          -4.4409E-16
1477.0          -1.3323E-15
1478.0          9.9920E-16
1479.0          2.2204E-16
1480.0          2.2204E-15
1481.0          2.6645E-15
1482.0          -4.4409E-16
1483.0          -4.4409E-16
1484.0          1.1102E-15
1485.0          7.7716E-16
1486.0          1.9984E-15
1487.0          4.8850E-15
1488.0          -1.3323E-15
1489.0          -1.9984E-15
1490.0          2.9976E-15
1491.0          2.2204E-16
1492.0          4.4409E-16
1493.0          1.5543E-15
1494.0          -3.1086E-15
1495.0          -8.8818E-16
1496.0          3.7748E-15
1497.0          4.4409E-15
1498.0          3.4417E-15
1499.0          -3.9968E-15
1500.0          -5.3291E-15
1501.0          -2.4425E-15
1502.0          4.7740E-15
1503.0          1.5543E-15
1504.0          -5.3291E-15
1505.0          7.7716E-16
1506.0          -2.4425E-15
1507.0          1.7764E-15
1508.0          -2.2204E-16
1509.0          3.1086E-15
1510.0          4.2188E-15
1511.0          -3.1086E-15
1512.0          3.3307E-16
1513.0          1.2212E-15
1514.0          1.3323E-15
1515.0          1.7764E-15
1516.0          -1.1102E-15
1517.0          -2.2204E-16
1518.0          -4.6629E-15
1519.0          1.9984E-15
1520.0          5.5511E-16
1521.0          -2.2204E-16
1522.0          1.1102E-16
1523.0          2.4425E-15
1524.0          6.6613E-16
1525.0          -1.9984E-15
1526.0          6.6613E-16
1527.0          1.2212E-15
1528.0          2.2204E-16
1529.0          -1.7764E-15
1530.0          0.0000
1531.0          1.1102E-16
1532.0          1.2212E-15
1533.0          4.8850E-15
1534.0          2.2204E-16
1535.0          1.1102E-15
1536.0          1.9984E-15
1537.0          -3.5527E-15
1538.0          1.9984E-15
1539.0          -1.3323E-15
1540.0          1.5543E-15
1541.0          5.5511E-16
1542.0          -1.5543E-15
1543.0          -1.7764E-15
1544.0          -6.6613E-16
1545.0          1.2212E-15
1546.0          2.3315E-15
1547.0          -1.5543E-15
1548.0          -8.8818E-16
1549.0          -3.7748E-15
1550.0          8.8818E-16
1551.0          -3.3307E-15
1552.0          1.7764E-15
1553.0          1.9984E-15
1554.0          1.8874E-15
1555.0          1.2212E-15
1556.0          3.2196E-15
1557.0          0.0000
1558.0          -3.3307E-15
1559.0          0.0000
1560.0          -2.2204E-16
1561.0          2.8866E-15
1562.0          -4.2188E-15
1563.0          2.2204E-15
1564.0          4.5519E-15
1565.0          5.1070E-15
1566.0          1.1102E-15
1567.0          2.2204E-15
1568.0          -6.2172E-15
1569.0          -4.2188E-15
1570.0          1.5543E-15
1571.0          -5.9952E-15
1572.0          -1.1102E-15
1573.0          7.7716E-16
1574.0          -4.4409E-15
1575.0          -2.2204E-16
1576.0          -4.4409E-15
1577.0          -4.4409E-16
1578.0          1.7764E-15
1579.0          8.8818E-16
1580.0          -4.4409E-15
1581.0          -1.1102E-15
1582.0          -7.5495E-15
1583.0          -4.6629E-15
1584.0          2.2204E-15
1585.0          -1.5543E-15
1586.0          2.1094E-15
1587.0          3.5527E-15
1588.0          -1.3323E-15
1589.0          0.0000
1590.0          -6.6613E-16
1591.0          1.0991E-14
1592.0          1.2212E-15
1593.0          -2.8866E-15
1594.0          0.0000
1595.0          3.3307E-16
1596.0          2.4425E-15
1597.0          -1.5543E-15
1598.0          -1.7764E-15
1599.0          2.4425E-15
1600.0          -2.4425E-15
1601.0          1.1102E-15
1602.0          1.8874E-15
1603.0          1.6653E-15
1604.0          -2.6645E-15
1605.0          9.9920E-16
1606.0          2.9976E-15
1607.0          1.2212E-15
1608.0          2.5535E-15
1609.0          5.5511E-16
1610.0          7.4385E-15
1611.0          6.1062E-15
1612.0          -3.5527E-15
1613.0          3.1086E-15
1614.0          4.9960E-15
1615.0          1.9984E-15
1616.0          2.2204E-16
1617.0          9.9920E-16
1618.0          4.4409E-16
1619.0          2.5535E-15
1620.0          -2.2204E-15
1621.0          -4.2188E-15
1622.0          1.5543E-15
1623.0          -1.1102E-15
1624.0          -6.8834E-15
1625.0          3.3307E-16
1626.0          -4.4409E-15
1627.0          4.4409E-16
1628.0          3.4417E-15
1629.0          -4.8850E-15
1630.0          -1.3323E-15
1631.0          0.0000
1632.0          3.9968E-15
1633.0          4.6629E-15
1634.0          -1.1102E-15
1635.0          5.2180E-15
1636.0          -1.9984E-15
1637.0          -2.2204E-16
1638.0          -3.1086E-15
1639.0          -1.3323E-15
1640.0          -1.3323E-15
1641.0          -5.5511E-15
1642.0          8.8818E-16
1643.0          -3.5527E-15
1644.0          -1.1102E-15
1645.0          -3.5527E-15
1646.0          4.4409E-16
1647.0          1.8874E-15
1648.0          2.6645E-15
1649.0          1.1102E-16
1650.0          -2.2204E-16
