1400.0          0.047848
1401.0          0.047268
1402.0          0.046701
1403.0          0.046147
1404.0          0.045607
1405.0          0.045080
1406.0          0.044567
1407.0          0.044066
1408.0          0.043579
1409.0          0.043106
1410.0          0.042646
1411.0          0.042199
1412.0          0.041765
1413.0          0.041345
1414.0          0.040939
1415.0          0.040545
1416.0          0.040165
1417.0          0.039799
1418.0          0.039445
1419.0          0.039105
1420.0          0.038779
1421.0          0.038466
1422.0          0.038166
1423.0          0.037879
1424.0          0.037605
1425.0          0.037345
1426.0          0.037098
1427.0          0.036865
1428.0          0.036644
1429.0          0.036437
1430.0          0.036242
1431.0          0.036061
1432.0          0.035893
1433.0          0.035738
1434.0          0.035596
1435.0          0.035467
1436.0          0.035351
1437.0          0.035248
1438.0          0.035157
1439.0          0.035080
1440.0          0.035015
1441.0          0.034963
1442.0          0.034924
1443.0          0.034897
1444.0          0.034883
1445.0          0.034882
1446.0          0.034893
1447.0          0.034916
1448.0          0.034952
1449.0          0.035000
1450.0          0.035060
1451.0          0.035133
1452.0          0.035218
1453.0          0.035315
1454.0          0.035424
1455.0          0.035545
1456.0          0.035678
1457.0          0.035823
1458.0          0.035980
1459.0          0.036149
1460.0          0.036329
1461.0          0.036521
1462.0          0.036724
1463.0          0.036939
1464.0          0.037166
1465.0          0.037403
1466.0          0.037652
1467.0          0.037913
1468.0          0.038184
1469.0          0.038467
1470.0          0.038760
1471.0          0.039065
1472.0          0.039380
1473.0          0.039707
1474.0          0.040044
1475.0          0.040391
1476.0          0.040749
1477.0          0.041118
1478.0          0.041497
1479.0          0.041887
1480.0          0.042287
1481.0          0.042697
1482.0          0.043117
1483.0          0.043547
1484.0          0.043987
1485.0          0.044437
1486.0          0.044897
1487.0          0.045366
1488.0          0.045845
1489.0          0.046334
1490.0          0.046832
1491.0          0.047340
1492.0          0.047856
1493.0          0.048383
1494.0          0.048918
1495.0          0.049462
1496.0          0.050015
1497.0          0.050578
1498.0          0.051149
1499.0          0.051728
1500.0          0.052317
1501.0          0.052914
1502.0          0.053519
1503.0          0.054133
1504.0          0.054755
1505.0          0.055386
1506.0          0.056024
1507.0          0.056671
1508.0          0.057325
1509.0          0.057988
1510.0          0.058658
1511.0          0.059336
1512.0          0.060022
1513.0          0.060715
1514.0          0.061415
1515.0          0.062124
1516.0          0.062839
1517.0          0.063561
1518.0          0.064291
1519.0          0.065028
1520.0          0.065772
1521.0          0.066522
1522.0          0.067280
1523.0          0.068044
1524.0          0.068814
1525.0          0.069592
1526.0          0.070376
1527.0          0.071166
1528.0          0.071962
1529.0          0.072765
1530.0          0.073574
1531.0          0.074389
1532.0          0.075209
1533.0          0.076036
1534.0          0.076869
1535.0          0.077707
1536.0          0.078551
1537.0          0.079401
1538.0          0.080256
1539.0          0.081116
1540.0          0.081982
1541.0          0.082853
1542.0          0.083729
1543.0          0.084610
1544.0          0.085497
1545.0          0.086388
1546.0          0.087284
1547.0          0.088185
1548.0          0.089090
1549.0          0.090001
1550.0          0.090916
1551.0          0.091835
1552.0          0.092759
1553.0          0.093687
1554.0          0.094619
1555.0          0.095556
1556.0          0.096496
1557.0          0.097441
1558.0          0.098389
1559.0          0.099342
1560.0          0.10030
1561.0          0.10126
1562.0          0.10222
1563.0          0.10319
1564.0          0.10416
1565.0          0.10514
1566.0          0.10611
1567.0          0.10709
1568.0          0.10808
1569.0          0.10907
1570.0          0.11006
1571.0          0.11105
1572.0          0.11205
1573.0          0.11305
1574.0          0.11405
1575.0          0.11506
1576.0          0.11606
1577.0          0.11708
1578.0          0.11809
1579.0          0.11911
1580.0          0.12012
1581.0          0.12114
1582.0          0.12217
1583.0          0.12319
1584.0          0.12422
1585.0          0.12525
1586.0          0.12628
1587.0          0.12732
1588.0          0.12836
1589.0          0.12939
1590.0          0.13043
1591.0          0.13148
1592.0          0.13252
1593.0          0.13357
1594.0          0.13461
1595.0          0.13566
1596.0          0.13671
1597.0          0.13776
1598.0          0.13882
1599.0          0.13987
1600.0          0.14093
1601.0          0.14199
1602.0          0.14304
1603.0          0.14410
1604.0          0.14517
1605.0          0.14623
1606.0          0.14729
1607.0          0.14836
1608.0          0.14942
1609.0          0.15049
1610.0          0.15155
1611.0          0.15262
1612.0          0.15369
1613.0          0.15476
1614.0          0.15583
1615.0          0.15690
1616.0          0.15797
1617.0          0.15904
1618.0          0.16012
1619.0          0.16119
1620.0          0.16226
1621.0          0.16333
1622.0          0.16441
1623.0          0.16548
1624.0          0.16656
1625.0          0.16763
1626.0          0.16871
1627.0          0.16978
1628.0          0.17086
1629.0          0.17193
1630.0          0.17301
1631.0          0.17408
1632.0          0.17515
1633.0          0.17623
1634.0          0.17730
1635.0          0.17838
1636.0          0.17945
1637.0          0.18053
1638.0          0.18160
1639.0          0.18267
1640.0          0.18375
1641.0          0.18482
1642.0          0.18589
1643.0          0.18696
1644.0          0.18803
1645.0          0.18910
1646.0          0.19018
1647.0          0.19124
1648.0          0.19231
1649.0          0.19338
1650.0          0.19445
1400.0          0.95215
1401.0          0.95273
1402.0          0.95330
1403.0          0.95385
1404.0          0.95439
1405.0          0.95492
1406.0          0.95543
1407.0          0.95593
1408.0          0.95642
1409.0          0.95689
1410.0          0.95735
1411.0          0.95780
1412.0          0.95823
1413.0          0.95865
1414.0          0.95906
1415.0          0.95945
1416.0          0.95983
1417.0          0.96020
1418.0          0.96055
1419.0          0.96089
1420.0          0.96122
1421.0          0.96153
1422.0          0.96183
1423.0          0.96212
1424.0          0.96239
1425.0          0.96265
1426.0          0.96290
1427.0          0.96314
1428.0          0.96336
1429.0          0.96356
1430.0          0.96376
1431.0          0.96394
1432.0          0.96411
1433.0          0.96426
1434.0          0.96440
1435.0          0.96453
1436.0          0.96465
1437.0          0.96475
1438.0          0.96484
1439.0          0.96492
1440.0          0.96498
1441.0          0.96504
1442.0          0.96508
1443.0          0.96510
1444.0          0.96512
1445.0          0.96512
1446.0          0.96511
1447.0          0.96508
1448.0          0.96505
1449.0          0.96500
1450.0          0.96494
1451.0          0.96487
1452.0          0.96478
1453.0          0.96468
1454.0          0.96458
1455.0          0.96445
1456.0          0.96432
1457.0          0.96418
1458.0          0.96402
1459.0          0.96385
1460.0          0.96367
1461.0          0.96348
1462.0          0.96328
1463.0          0.96306
1464.0          0.96283
1465.0          0.96260
1466.0          0.96235
1467.0          0.96209
1468.0          0.96182
1469.0          0.96153
1470.0          0.96124
1471.0          0.96093
1472.0          0.96062
1473.0          0.96029
1474.0          0.95996
1475.0          0.95961
1476.0          0.95925
1477.0          0.95888
1478.0          0.95850
1479.0          0.95811
1480.0          0.95771
1481.0          0.95730
1482.0          0.95688
1483.0          0.95645
1484.0          0.95601
1485.0          0.95556
1486.0          0.95510
1487.0          0.95463
1488.0          0.95415
1489.0          0.95367
1490.0          0.95317
1491.0          0.95266
1492.0          0.95214
1493.0          0.95162
1494.0          0.95108
1495.0          0.95054
1496.0          0.94998
1497.0          0.94942
1498.0          0.94885
1499.0          0.94827
1500.0          0.94768
1501.0          0.94709
1502.0          0.94648
1503.0          0.94587
1504.0          0.94524
1505.0          0.94461
1506.0          0.94398
1507.0          0.94333
1508.0          0.94267
1509.0          0.94201
1510.0          0.94134
1511.0          0.94066
1512.0          0.93998
1513.0          0.93929
1514.0          0.93858
1515.0          0.93788
1516.0          0.93716
1517.0          0.93644
1518.0          0.93571
1519.0          0.93497
1520.0          0.93423
1521.0          0.93348
1522.0          0.93272
1523.0          0.93196
1524.0          0.93119
1525.0          0.93041
1526.0          0.92962
1527.0          0.92883
1528.0          0.92804
1529.0          0.92724
1530.0          0.92643
1531.0          0.92561
1532.0          0.92479
1533.0          0.92396
1534.0          0.92313
1535.0          0.92229
1536.0          0.92145
1537.0          0.92060
1538.0          0.91974
1539.0          0.91888
1540.0          0.91802
1541.0          0.91715
1542.0          0.91627
1543.0          0.91539
1544.0          0.91450
1545.0          0.91361
1546.0          0.91272
1547.0          0.91182
1548.0          0.91091
1549.0          0.91000
1550.0          0.90908
1551.0          0.90817
1552.0          0.90724
1553.0          0.90631
1554.0          0.90538
1555.0          0.90444
1556.0          0.90350
1557.0          0.90256
1558.0          0.90161
1559.0          0.90066
1560.0          0.89970
1561.0          0.89874
1562.0          0.89778
1563.0          0.89681
1564.0          0.89584
1565.0          0.89486
1566.0          0.89389
1567.0          0.89291
1568.0          0.89192
1569.0          0.89093
1570.0          0.88994
1571.0          0.88895
1572.0          0.88795
1573.0          0.88695
1574.0          0.88595
1575.0          0.88494
1576.0          0.88394
1577.0          0.88292
1578.0          0.88191
1579.0          0.88089
1580.0          0.87988
1581.0          0.87886
1582.0          0.87783
1583.0          0.87681
1584.0          0.87578
1585.0          0.87475
1586.0          0.87372
1587.0          0.87268
1588.0          0.87164
1589.0          0.87061
1590.0          0.86957
1591.0          0.86852
1592.0          0.86748
1593.0          0.86643
1594.0          0.86539
1595.0          0.86434
1596.0          0.86329
1597.0          0.86224
1598.0          0.86118
1599.0          0.86013
1600.0          0.85907
1601.0          0.85801
1602.0          0.85696
1603.0          0.85590
1604.0          0.85483
1605.0          0.85377
1606.0          0.85271
1607.0          0.85164
1608.0          0.85058
1609.0          0.84951
1610.0          0.84845
1611.0          0.84738
1612.0          0.84631
1613.0          0.84524
1614.0          0.84417
1615.0          0.84310
1616.0          0.84203
1617.0          0.84096
1618.0          0.83988
1619.0          0.83881
1620.0          0.83774
1621.0          0.83667
1622.0          0.83559
1623.0          0.83452
1624.0          0.83344
1625.0          0.83237
1626.0          0.83129
1627.0          0.83022
1628.0          0.82914
1629.0          0.82807
1630.0          0.82699
1631.0          0.82592
1632.0          0.82485
1633.0          0.82377
1634.0          0.82270
1635.0          0.82162
1636.0          0.82055
1637.0          0.81947
1638.0          0.81840
1639.0          0.81733
1640.0          0.81625
1641.0          0.81518
1642.0          0.81411
1643.0          0.81304
1644.0          0.81197
1645.0          0.81090
1646.0          0.80982
1647.0          0.80876
1648.0          0.80769
1649.0          0.80662
1650.0          0.80555
1400.0          1.0000
1401.0          1.0000
1402.0          1.0000
1403.0          1.0000
1404.0          1.0000
1405.0          1.0000
1406.0          1.0000
1407.0          1.0000
1408.0          1.0000
1409.0          1.0000
1410.0          1.0000
1411.0          1.0000
1412.0          1.0000
1413.0          1.0000
1414.0          1.0000
1415.0          1.0000
1416.0          1.0000
1417.0          1.0000
1418.0          1.0000
1419.0          1.0000
1420.0          1.0000
1421.0          1.0000
1422.0          1.0000
1423.0          1.0000
1424.0          1.0000
1425.0          1.0000
1426.0          1.0000
1427.0          1.0000
1428.0          1.0000
1429.0          1.0000
1430.0          1.0000
1431.0          1.0000
1432.0          1.0000
1433.0          1.0000
1434.0          1.0000
1435.0          1.0000
1436.0          1.0000
1437.0          1.0000
1438.0          1.0000
1439.0          1.0000
1440.0          1.0000
1441.0          1.0000
1442.0          1.0000
1443.0          1.0000
1444.0          1.0000
1445.0          1.0000
1446.0          1.0000
1447.0          1.0000
1448.0          1.0000
1449.0          1.0000
1450.0          1.0000
1451.0          1.0000
1452.0          1.0000
1453.0          1.0000
1454.0          1.0000
1455.0          1.0000
1456.0          1.0000
1457.0          1.0000
1458.0          1.0000
1459.0          1.0000
1460.0          1.0000
1461.0          1.0000
1462.0          1.0000
1463.0          1.0000
1464.0          1.0000
1465.0          1.0000
1466.0          1.0000
1467.0          1.0000
1468.0          1.0000
1469.0          1.0000
1470.0          1.0000
1471.0          1.0000
1472.0          1.0000
1473.0          1.0000
1474.0          1.0000
1475.0          1.0000
1476.0          1.0000
1477.0          1.0000
1478.0          1.0000
1479.0          1.0000
1480.0          1.0000
1481.0          1.0000
1482.0          1.0000
1483.0          1.0000
1484.0          1.0000
1485.0          1.0000
1486.0          1.0000
1487.0          1.0000
1488.0          1.0000
1489.0          1.0000
1490.0          1.0000
1491.0          1.0000
1492.0          1.0000
1493.0          1.0000
1494.0          1.0000
1495.0          1.0000
1496.0          1.0000
1497.0          1.0000
1498.0          1.0000
1499.0          1.0000
1500.0          1.0000
1501.0          1.0000
1502.0          1.0000
1503.0          1.0000
1504.0          1.0000
1505.0          1.0000
1506.0          1.0000
1507.0          1.0000
1508.0          1.0000
1509.0          1.0000
1510.0          1.0000
1511.0          1.0000
1512.0          1.0000
1513.0          1.0000
1514.0          1.0000
1515.0          1.0000
1516.0          1.0000
1517.0          1.0000
1518.0          1.0000
1519.0          1.0000
1520.0          1.0000
1521.0          1.0000
1522.0          1.0000
1523.0          1.0000
1524.0          1.0000
1525.0          1.0000
1526.0          1.0000
1527.0          1.0000
1528.0          1.0000
1529.0          1.0000
1530.0          1.0000
1531.0          1.0000
1532.0          1.0000
1533.0          1.0000
1534.0          1.0000
1535.0          1.0000
1536.0          1.0000
1537.0          1.0000
1538.0          1.0000
1539.0          1.0000
1540.0          1.0000
1541.0          1.0000
1542.0          1.0000
1543.0          1.0000
1544.0          1.0000
1545.0          1.0000
1546.0          1.0000
1547.0          1.0000
1548.0          1.0000
1549.0          1.0000
1550.0          1.0000
1551.0          1.0000
1552.0          1.0000
1553.0          1.0000
1554.0          1.0000
1555.0          1.0000
1556.0          1.0000
1557.0          1.0000
1558.0          1.0000
1559.0          1.0000
1560.0          1.0000
1561.0          1.0000
1562.0          1.0000
1563.0          1.0000
1564.0          1.0000
1565.0          1.0000
1566.0          1.0000
1567.0          1.0000
1568.0          1.0000
1569.0          1.0000
1570.0          1.0000
1571.0          1.0000
1572.0          1.0000
1573.0          1.0000
1574.0          1.0000
1575.0          1.0000
1576.0          1.0000
1577.0          1.0000
1578.0          1.0000
1579.0          1.0000
1580.0          1.0000
1581.0          1.0000
1582.0          1.0000
1583.0          1.0000
1584.0          1.0000
1585.0          1.0000
1586.0          1.0000
1587.0          1.0000
1588.0          1.0000
1589.0          1.0000
1590.0          1.0000
1591.0          1.0000
1592.0          1.0000
1593.0          1.0000
1594.0          1.0000
1595.0          1.0000
1596.0          1.0000
1597.0          1.0000
1598.0          1.0000
1599.0          1.0000
1600.0          1.0000
1601.0          1.0000
1602.0          1.0000
1603.0          1.0000
1604.0          1.0000
1605.0          1.0000
1606.0          1.0000
1607.0          1.0000
1608.0          1.0000
1609.0          1.0000
1610.0          1.0000
1611.0          1.0000
1612.0          1.0000
1613.0          1.0000
1614.0          1.0000
1615.0          1.0000
1616.0          1.0000
1617.0          1.0000
1618.0          1.0000
1619.0          1.0000
1620.0          1.0000
1621.0          1.0000
1622.0          1.0000
1623.0          1.0000
1624.0          1.0000
1625.0          1.0000
1626.0          1.0000
1627.0          1.0000
1628.0          1.0000
1629.0          1.0000
1630.0          1.0000
1631.0          1.0000
1632.0          1.0000
1633.0          1.0000
1634.0          1.0000
1635.0          1.0000
1636.0          1.0000
1637.0          1.0000
1638.0          1.0000
1639.0          1.0000
1640.0          1.0000
1641.0          1.0000
1642.0          1.0000
1643.0          1.0000
1644.0          1.0000
1645.0          1.0000
1646.0          1.0000
1647.0          1.0000
1648.0          1.0000
1649.0          1.0000
1650.0          1.0000
1400.0          4.4409E-16
1401.0          7.7716E-16
1402.0          2.5535E-15
1403.0          -2.2204E-16
1404.0          -8.8818E-16
1405.0          1.3323E-15
1406.0          5.5511E-16
1407.0          0.0000
1408.0          4.4409E-16
1409.0          1.8874E-15
1410.0          7.7716E-16
1411.0          1.9984E-15
1412.0          -6.6613E-16
1413.0          2.6645E-15
1414.0          -1.7764E-15
1415.0          2.6645E-15
1416.0          -1.5543E-15
1417.0          0.0000
1418.0          5.5511E-16
1419.0          2.2204E-16
1420.0          -1.1102E-15
1421.0          -4.4409E-16
1422.0          6.6613E-16
1423.0          1.4433E-15
1424.0          3.3307E-16
1425.0          -3.5527E-15
1426.0          6.6613E-16
1427.0          2.6645E-15
1428.0          1.6653E-15
1429.0          -1.1102E-15
1430.0          2.2204E-15
1431.0          -2.6645E-15
1432.0          1.6653E-15
1433.0          1.1102E-15
1434.0          -2.2204E-16
1435.0          3.2196E-15
1436.0          1.9984E-15
1437.0          -2.2204E-15
1438.0          5.5511E-16
1439.0          9.9920E-16
1440.0          6.6613E-16
1441.0          -2.8866E-15
1442.0          1.2212E-15
1443.0          -2.6645E-15
1444.0          -3.7748E-15
1445.0          1.6653E-15
1446.0          -1.7764E-15
1447.0          -1.5543E-15
1448.0          2.9976E-15
1449.0          -2.2204E-16
1450.0          2.4425E-15
1451.0          5.5511E-16
1452.0          1.1102E-16
1453.0          1.2212E-15
1454.0          -4.4409E-16
1455.0          3.3307E-16
1456.0          -4.4409E-16
1457.0          7.7716E-16
1458.0          -1.5543E-15
1459.0          -8.8818E-16
1460.0          5.4401E-15
1461.0          -4.4409E-16
1462.0          -1.5543E-15
1463.0          1.2212E-15
1464.0          -2.2204E-15
1465.0          -3.1086E-15
1466.0          -2.2204E-16
1467.0          2.6645E-15
1468.0          -1.3323E-15
1469.0          -1.1102E-15
1470.0          2.2204E-15
1471.0          2.2204E-16
1472.0          8.8818E-16
1473.0          2.9976E-15
1474.0          2.6645E-15
1475.0          -4.4409E-16
1476.0          -1.9984E-15
1477.0          2.2204E-16
1478.0          -2.4425E-15
1479.0          -4.4409E-16
1480.0          6.6613E-16
1481.0          -1.1102E-15
1482.0          -2.2204E-16
1483.0          1.5543E-15
1484.0          -4.4409E-15
1485.0          -2.2204E-16
1486.0          1.1102E-15
1487.0          -2.2204E-15
1488.0          8.8818E-16
1489.0          -1.5543E-15
1490.0          -1.3323E-15
1491.0          3.8858E-15
1492.0          -1.7764E-15
1493.0          7.7716E-16
1494.0          0.0000
1495.0          -2.4425E-15
1496.0          1.1102E-16
1497.0          0.0000
1498.0          1.1102E-15
1499.0          -1.9984E-15
1500.0          2.2204E-15
1501.0          -3.7748E-15
1502.0          -8.8818E-16
1503.0          5.3291E-15
1504.0          1.8874E-15
1505.0          -1.3323E-15
1506.0          -1.5543E-15
1507.0          -1.5543E-15
1508.0          -1.3323E-15
1509.0          1.1102E-16
1510.0          -4.4409E-16
1511.0          2.2204E-16
1512.0          -2.2204E-16
1513.0          -2.6645E-15
1514.0          -6.6613E-16
1515.0          -1.7764E-15
1516.0          -4.4409E-16
1517.0          -1.3323E-15
1518.0          -2.2204E-16
1519.0          3.2196E-15
1520.0          -8.8818E-16
1521.0          4.4409E-16
1522.0          4.4409E-16
1523.0          -1.3323E-15
1524.0          3.3307E-16
1525.0          7.7716E-16
1526.0          0.0000
1527.0          -4.4409E-16
1528.0          1.3323E-15
1529.0          -1.7764E-15
1530.0          -3.1086E-15
1531.0          1.1102E-16
1532.0          0.0000
1533.0          1.5543E-15
1534.0          -2.8866E-15
1535.0          2.2204E-16
1536.0          5.5511E-16
1537.0          -2.6645E-15
1538.0          3.3307E-15
1539.0          -8.8818E-16
1540.0          1.6653E-15
1541.0          1.6653E-15
1542.0          4.3299E-15
1543.0          -1.1102E-15
1544.0          -1.3323E-15
1545.0          -2.2204E-15
1546.0          -6.6613E-16
1547.0          -3.1086E-15
1548.0          2.2204E-16
1549.0          4.4409E-16
1550.0          2.7756E-15
1551.0          -2.8866E-15
1552.0          2.8866E-15
1553.0          -4.4409E-16
1554.0          6.6613E-16
1555.0          2.2204E-16
1556.0          -2.2204E-15
1557.0          4.6629E-15
1558.0          -1.7764E-15
1559.0          -4.4409E-16
1560.0          2.3315E-15
1561.0          1.7764E-15
1562.0          -2.2204E-15
1563.0          -1.1102E-15
1564.0          -1.3323E-15
1565.0          -2.2204E-16
1566.0          -2.2204E-16
1567.0          -3.1086E-15
1568.0          1.3323E-15
1569.0          -2.2204E-15
1570.0          2.1094E-15
1571.0          2.4425E-15
1572.0          -8.8818E-16
1573.0          1.5543E-15
1574.0          -8.8818E-16
1575.0          5.5511E-16
1576.0          7.7716E-16
1577.0          -1.1102E-15
1578.0          7.7716E-16
1579.0          -6.6613E-16
1580.0          -1.3323E-15
1581.0          -8.8818E-16
1582.0          2.6645E-15
1583.0          -8.8818E-16
1584.0          -1.5543E-15
1585.0          -1.7764E-15
1586.0          1.2212E-15
1587.0          -2.2204E-16
1588.0          2.2204E-16
1589.0          -1.7764E-15
1590.0          2.2204E-16
1591.0          9.9920E-16
1592.0          -2.2204E-16
1593.0          1.2212E-15
1594.0          1.1102E-16
1595.0          5.5511E-16
1596.0          1.3323E-15
1597.0          -6.6613E-16
1598.0          8.8818E-16
1599.0          9.9920E-16
1600.0          3.7748E-15
1601.0          3.5527E-15
1602.0          1.3323E-15
1603.0          1.6653E-15
1604.0          1.7764E-15
1605.0          -8.8818E-16
1606.0          1.9984E-15
1607.0          -2.2204E-15
1608.0          -1.3323E-15
1609.0          -1.3323E-15
1610.0          3.7748E-15
1611.0          1.1102E-15
1612.0          2.9976E-15
1613.0          -8.8818E-16
1614.0          0.0000
1615.0          1.9984E-15
1616.0          2.7756E-15
1617.0          -1.7764E-15
1618.0          -2.2204E-16
1619.0          -1.5543E-15
1620.0          9.9920E-16
1621.0          -1.9984E-15
1622.0          -6.6613E-16
1623.0          1.2212E-15
1624.0          -6.6613E-16
1625.0          -2.2204E-16
1626.0          2.2204E-15
1627.0          2.3315E-15
1628.0          -1.3323E-15
1629.0          1.1102E-15
1630.0          5.5511E-16
1631.0          1.3323E-15
1632.0          2.2204E-16
1633.0          -2.2204E-16
1634.0          -1.3323E-15
1635.0          3.3307E-16
1636.0          -2.2204E-15
1637.0          -6.6613E-16
1638.0          -4.4409E-16
1639.0          -1.3323E-15
1640.0          -1.9984E-15
1641.0          1.4433E-15
1642.0          -1.9984E-15
1643.0          5.5511E-16
1644.0          -1.5543E-15
1645.0          -2.2204E-15
1646.0          1.4433E-15
1647.0          1.6653E-15
1648.0          4.4409E-16
1649.0          1.3323E-15
1650.0          -1.5543E-15
