1400.0          0.076608
1401.0          0.075688
1402.0          0.074778
1403.0          0.073878
1404.0          0.072989
1405.0          0.072110
1406.0          0.071242
1407.0          0.070384
1408.0          0.069538
1409.0          0.068702
1410.0          0.067877
1411.0          0.067064
1412.0          0.066261
1413.0          0.065470
1414.0          0.064691
1415.0          0.063923
1416.0          0.063166
1417.0          0.062422
1418.0          0.061689
1419.0          0.060968
1420.0          0.060259
1421.0          0.059562
1422.0          0.058877
1423.0          0.058204
1424.0          0.057544
1425.0          0.056896
1426.0          0.056260
1427.0          0.055638
1428.0          0.055027
1429.0          0.054430
1430.0          0.053846
1431.0          0.053274
1432.0          0.052716
1433.0          0.052171
1434.0          0.051639
1435.0          0.051121
1436.0          0.050617
1437.0          0.050126
1438.0          0.049649
1439.0          0.049186
1440.0          0.048737
1441.0          0.048303
1442.0          0.047883
1443.0          0.047478
1444.0          0.047089
1445.0          0.046715
1446.0          0.046357
1447.0          0.046014
1448.0          0.045689
1449.0          0.045381
1450.0          0.045090
1451.0          0.044818
1452.0          0.044564
1453.0          0.044331
1454.0          0.044119
1455.0          0.043929
1456.0          0.043764
1457.0          0.043624
1458.0          0.043512
1459.0          0.043430
1460.0          0.043383
1461.0          0.043375
1462.0          0.043410
1463.0          0.043496
1464.0          0.043642
1465.0          0.043861
1466.0          0.044167
1467.0          0.044584
1468.0          0.045143
1469.0          0.045888
1470.0          0.046888
1471.0          0.048245
1472.0          0.050125
1473.0          0.052812
1474.0          0.056815
1475.0          0.063142
1476.0          0.073999
1477.0          0.095026
1478.0          0.14411
1479.0          0.29869
1480.0          0.87753
1481.0          0.55051
1482.0          0.18910
1483.0          0.10162
1484.0          0.071602
1485.0          0.058348
1486.0          0.051507
1487.0          0.047598
1488.0          0.045208
1489.0          0.043679
1490.0          0.042673
1491.0          0.042004
1492.0          0.041562
1493.0          0.041280
1494.0          0.041113
1495.0          0.041033
1496.0          0.041021
1497.0          0.041061
1498.0          0.041145
1499.0          0.041264
1500.0          0.041415
1501.0          0.041591
1502.0          0.041791
1503.0          0.042011
1504.0          0.042251
1505.0          0.042507
1506.0          0.042780
1507.0          0.043068
1508.0          0.043370
1509.0          0.043685
1510.0          0.044014
1511.0          0.044355
1512.0          0.044708
1513.0          0.045072
1514.0          0.045448
1515.0          0.045835
1516.0          0.046233
1517.0          0.046642
1518.0          0.047061
1519.0          0.047490
1520.0          0.047930
1521.0          0.048379
1522.0          0.048838
1523.0          0.049307
1524.0          0.049785
1525.0          0.050272
1526.0          0.050769
1527.0          0.051275
1528.0          0.051791
1529.0          0.052315
1530.0          0.052848
1531.0          0.053390
1532.0          0.053940
1533.0          0.054499
1534.0          0.055067
1535.0          0.055643
1536.0          0.056227
1537.0          0.056820
1538.0          0.057421
1539.0          0.058029
1540.0          0.058646
1541.0          0.059271
1542.0          0.059903
1543.0          0.060544
1544.0          0.061192
1545.0          0.061847
1546.0          0.062510
1547.0          0.063180
1548.0          0.063858
1549.0          0.064543
1550.0          0.065235
1551.0          0.065934
1552.0          0.066640
1553.0          0.067353
1554.0          0.068073
1555.0          0.068800
1556.0          0.069533
1557.0          0.070273
1558.0          0.071019
1559.0          0.071772
1560.0          0.072531
1561.0          0.073297
1562.0          0.074069
1563.0          0.074847
1564.0          0.075631
1565.0          0.076420
1566.0          0.077216
1567.0          0.078018
1568.0          0.078825
1569.0          0.079638
1570.0          0.080457
1571.0          0.081281
1572.0          0.082111
1573.0          0.082946
1574.0          0.083786
1575.0          0.084631
1576.0          0.085482
1577.0          0.086338
1578.0          0.087198
1579.0          0.088064
1580.0          0.088935
1581.0          0.089810
1582.0          0.090690
1583.0          0.091574
1584.0          0.092463
1585.0          0.093357
1586.0          0.094255
1587.0          0.095157
1588.0          0.096064
1589.0          0.096975
1590.0          0.097890
1591.0          0.098809
1592.0          0.099732
1593.0          0.10066
1594.0          0.10159
1595.0          0.10252
1596.0          0.10346
1597.0          0.10440
1598.0          0.10535
1599.0          0.10630
1600.0          0.10725
1601.0          0.10821
1602.0          0.10917
1603.0          0.11013
1604.0          0.11109
1605.0          0.11206
1606.0          0.11304
1607.0          0.11401
1608.0          0.11499
1609.0          0.11597
1610.0          0.11695
1611.0          0.11794
1612.0          0.11893
1613.0          0.11992
1614.0          0.12091
1615.0          0.12191
1616.0          0.12291
1617.0          0.12391
1618.0          0.12491
1619.0          0.12592
1620.0          0.12693
1621.0          0.12794
1622.0          0.12895
1623.0          0.12997
1624.0          0.13098
1625.0          0.13200
1626.0          0.13302
1627.0          0.13404
1628.0          0.13507
1629.0          0.13609
1630.0          0.13712
1631.0          0.13815
1632.0          0.13918
1633.0          0.14021
1634.0          0.14125
1635.0          0.14228
1636.0          0.14332
1637.0          0.14436
1638.0          0.14539
1639.0          0.14643
1640.0          0.14748
1641.0          0.14852
1642.0          0.14956
1643.0          0.15061
1644.0          0.15165
1645.0          0.15270
1646.0          0.15374
1647.0          0.15479
1648.0          0.15584
1649.0          0.15689
1650.0          0.15794
1400.0          0.92339
1401.0          0.92431
1402.0          0.92522
1403.0          0.92612
1404.0          0.92701
1405.0          0.92789
1406.0          0.92876
1407.0          0.92962
1408.0          0.93046
1409.0          0.93130
1410.0          0.93212
1411.0          0.93294
1412.0          0.93374
1413.0          0.93453
1414.0          0.93531
1415.0          0.93608
1416.0          0.93683
1417.0          0.93758
1418.0          0.93831
1419.0          0.93903
1420.0          0.93974
1421.0          0.94044
1422.0          0.94112
1423.0          0.94180
1424.0          0.94246
1425.0          0.94310
1426.0          0.94374
1427.0          0.94436
1428.0          0.94497
1429.0          0.94557
1430.0          0.94615
1431.0          0.94673
1432.0          0.94728
1433.0          0.94783
1434.0          0.94836
1435.0          0.94888
1436.0          0.94938
1437.0          0.94987
1438.0          0.95035
1439.0          0.95081
1440.0          0.95126
1441.0          0.95170
1442.0          0.95212
1443.0          0.95252
1444.0          0.95291
1445.0          0.95329
1446.0          0.95364
1447.0          0.95399
1448.0          0.95431
1449.0          0.95462
1450.0          0.95491
1451.0          0.95518
1452.0          0.95544
1453.0          0.95567
1454.0          0.95588
1455.0          0.95607
1456.0          0.95624
1457.0          0.95638
1458.0          0.95649
1459.0          0.95657
1460.0          0.95662
1461.0          0.95663
1462.0          0.95659
1463.0          0.95650
1464.0          0.95636
1465.0          0.95614
1466.0          0.95583
1467.0          0.95542
1468.0          0.95486
1469.0          0.95411
1470.0          0.95311
1471.0          0.95176
1472.0          0.94987
1473.0          0.94719
1474.0          0.94318
1475.0          0.93686
1476.0          0.92600
1477.0          0.90497
1478.0          0.85589
1479.0          0.70131
1480.0          0.12247
1481.0          0.44949
1482.0          0.81090
1483.0          0.89838
1484.0          0.92840
1485.0          0.94165
1486.0          0.94849
1487.0          0.95240
1488.0          0.95479
1489.0          0.95632
1490.0          0.95733
1491.0          0.95800
1492.0          0.95844
1493.0          0.95872
1494.0          0.95889
1495.0          0.95897
1496.0          0.95898
1497.0          0.95894
1498.0          0.95886
1499.0          0.95874
1500.0          0.95859
1501.0          0.95841
1502.0          0.95821
1503.0          0.95799
1504.0          0.95775
1505.0          0.95749
1506.0          0.95722
1507.0          0.95693
1508.0          0.95663
1509.0          0.95631
1510.0          0.95599
1511.0          0.95565
1512.0          0.95529
1513.0          0.95493
1514.0          0.95455
1515.0          0.95416
1516.0          0.95377
1517.0          0.95336
1518.0          0.95294
1519.0          0.95251
1520.0          0.95207
1521.0          0.95162
1522.0          0.95116
1523.0          0.95069
1524.0          0.95022
1525.0          0.94973
1526.0          0.94923
1527.0          0.94872
1528.0          0.94821
1529.0          0.94769
1530.0          0.94715
1531.0          0.94661
1532.0          0.94606
1533.0          0.94550
1534.0          0.94493
1535.0          0.94436
1536.0          0.94377
1537.0          0.94318
1538.0          0.94258
1539.0          0.94197
1540.0          0.94135
1541.0          0.94073
1542.0          0.94010
1543.0          0.93946
1544.0          0.93881
1545.0          0.93815
1546.0          0.93749
1547.0          0.93682
1548.0          0.93614
1549.0          0.93546
1550.0          0.93477
1551.0          0.93407
1552.0          0.93336
1553.0          0.93265
1554.0          0.93193
1555.0          0.93120
1556.0          0.93047
1557.0          0.92973
1558.0          0.92898
1559.0          0.92823
1560.0          0.92747
1561.0          0.92670
1562.0          0.92593
1563.0          0.92515
1564.0          0.92437
1565.0          0.92358
1566.0          0.92278
1567.0          0.92198
1568.0          0.92117
1569.0          0.92036
1570.0          0.91954
1571.0          0.91872
1572.0          0.91789
1573.0          0.91705
1574.0          0.91621
1575.0          0.91537
1576.0          0.91452
1577.0          0.91366
1578.0          0.91280
1579.0          0.91194
1580.0          0.91107
1581.0          0.91019
1582.0          0.90931
1583.0          0.90843
1584.0          0.90754
1585.0          0.90664
1586.0          0.90575
1587.0          0.90484
1588.0          0.90394
1589.0          0.90303
1590.0          0.90211
1591.0          0.90119
1592.0          0.90027
1593.0          0.89934
1594.0          0.89841
1595.0          0.89748
1596.0          0.89654
1597.0          0.89560
1598.0          0.89465
1599.0          0.89370
1600.0          0.89275
1601.0          0.89179
1602.0          0.89083
1603.0          0.88987
1604.0          0.88891
1605.0          0.88794
1606.0          0.88696
1607.0          0.88599
1608.0          0.88501
1609.0          0.88403
1610.0          0.88305
1611.0          0.88206
1612.0          0.88107
1613.0          0.88008
1614.0          0.87909
1615.0          0.87809
1616.0          0.87709
1617.0          0.87609
1618.0          0.87509
1619.0          0.87408
1620.0          0.87307
1621.0          0.87206
1622.0          0.87105
1623.0          0.87003
1624.0          0.86902
1625.0          0.86800
1626.0          0.86698
1627.0          0.86596
1628.0          0.86493
1629.0          0.86391
1630.0          0.86288
1631.0          0.86185
1632.0          0.86082
1633.0          0.85979
1634.0          0.85875
1635.0          0.85772
1636.0          0.85668
1637.0          0.85564
1638.0          0.85461
1639.0          0.85357
1640.0          0.85252
1641.0          0.85148
1642.0          0.85044
1643.0          0.84939
1644.0          0.84835
1645.0          0.84730
1646.0          0.84626
1647.0          0.84521
1648.0          0.84416
1649.0          0.84311
1650.0          0.84206
1400.0          1.0000
1401.0          1.0000
1402.0          1.0000
1403.0          1.0000
1404.0          1.0000
1405.0          1.0000
1406.0          1.0000
1407.0          1.0000
1408.0          1.0000
1409.0          1.0000
1410.0          1.0000
1411.0          1.0000
1412.0          1.0000
1413.0          1.0000
1414.0          1.0000
1415.0          1.0000
1416.0          1.0000
1417.0          1.0000
1418.0          1.0000
1419.0          1.0000
1420.0          1.0000
1421.0          1.0000
1422.0          1.0000
1423.0          1.0000
1424.0          1.0000
1425.0          1.0000
1426.0          1.0000
1427.0          1.0000
1428.0          1.0000
1429.0          1.0000
1430.0          1.0000
1431.0          1.0000
1432.0          1.0000
1433.0          1.0000
1434.0          1.0000
1435.0          1.0000
1436.0          1.0000
1437.0          1.0000
1438.0          1.0000
1439.0          1.0000
1440.0          1.0000
1441.0          1.0000
1442.0          1.0000
1443.0          1.0000
1444.0          1.0000
1445.0          1.0000
1446.0          1.0000
1447.0          1.0000
1448.0          1.0000
1449.0          1.0000
1450.0          1.0000
1451.0          1.0000
1452.0          1.0000
1453.0          1.0000
1454.0          1.0000
1455.0          1.0000
1456.0          1.0000
1457.0          1.0000
1458.0          1.0000
1459.0          1.0000
1460.0          1.0000
1461.0          1.0000
1462.0          1.0000
1463.0          1.0000
1464.0          1.0000
1465.0          1.0000
1466.0          1.0000
1467.0          1.0000
1468.0          1.0000
1469.0          1.0000
1470.0          1.0000
1471.0          1.0000
1472.0          1.0000
1473.0          1.0000
1474.0          1.0000
1475.0          1.0000
1476.0          1.0000
1477.0          1.0000
1478.0          1.0000
1479.0          1.0000
1480.0          1.0000
1481.0          1.0000
1482.0          1.0000
1483.0          1.0000
1484.0          1.0000
1485.0          1.0000
1486.0          1.0000
1487.0          1.0000
1488.0          1.0000
1489.0          1.0000
1490.0          1.0000
1491.0          1.0000
1492.0          1.0000
1493.0          1.0000
1494.0          1.0000
1495.0          1.0000
1496.0          1.0000
1497.0          1.0000
1498.0          1.0000
1499.0          1.0000
1500.0          1.0000
1501.0          1.0000
1502.0          1.0000
1503.0          1.0000
1504.0          1.0000
1505.0          1.0000
1506.0          1.0000
1507.0          1.0000
1508.0          1.0000
1509.0          1.0000
1510.0          1.0000
1511.0          1.0000
1512.0          1.0000
1513.0          1.0000
1514.0          1.0000
1515.0          1.0000
1516.0          1.0000
1517.0          1.0000
1518.0          1.0000
1519.0          1.0000
1520.0          1.0000
1521.0          1.0000
1522.0          1.0000
1523.0          1.0000
1524.0          1.0000
1525.0          1.0000
1526.0          1.0000
1527.0          1.0000
1528.0          1.0000
1529.0          1.0000
1530.0          1.0000
1531.0          1.0000
1532.0          1.0000
1533.0          1.0000
1534.0          1.0000
1535.0          1.0000
1536.0          1.0000
1537.0          1.0000
1538.0          1.0000
1539.0          1.0000
1540.0          1.0000
1541.0          1.0000
1542.0          1.0000
1543.0          1.0000
1544.0          1.0000
1545.0          1.0000
1546.0          1.0000
1547.0          1.0000
1548.0          1.0000
1549.0          1.0000
1550.0          1.0000
1551.0          1.0000
1552.0          1.0000
1553.0          1.0000
1554.0          1.0000
1555.0          1.0000
1556.0          1.0000
1557.0          1.0000
1558.0          1.0000
1559.0          1.0000
1560.0          1.0000
1561.0          1.0000
1562.0          1.0000
1563.0          1.0000
1564.0          1.0000
1565.0          1.0000
1566.0          1.0000
1567.0          1.0000
1568.0          1.0000
1569.0          1.0000
1570.0          1.0000
1571.0          1.0000
1572.0          1.0000
1573.0          1.0000
1574.0          1.0000
1575.0          1.0000
1576.0          1.0000
1577.0          1.0000
1578.0          1.0000
1579.0          1.0000
1580.0          1.0000
1581.0          1.0000
1582.0          1.0000
1583.0          1.0000
1584.0          1.0000
1585.0          1.0000
1586.0          1.0000
1587.0          1.0000
1588.0          1.0000
1589.0          1.0000
1590.0          1.0000
1591.0          1.0000
1592.0          1.0000
1593.0          1.0000
1594.0          1.0000
1595.0          1.0000
1596.0          1.0000
1597.0          1.0000
1598.0          1.0000
1599.0          1.0000
1600.0          1.0000
1601.0          1.0000
1602.0          1.0000
1603.0          1.0000
1604.0          1.0000
1605.0          1.0000
1606.0          1.0000
1607.0          1.0000
1608.0          1.0000
1609.0          1.0000
1610.0          1.0000
1611.0          1.0000
1612.0          1.0000
1613.0          1.0000
1614.0          1.0000
1615.0          1.0000
1616.0          1.0000
1617.0          1.0000
1618.0          1.0000
1619.0          1.0000
1620.0          1.0000
1621.0          1.0000
1622.0          1.0000
1623.0          1.0000
1624.0          1.0000
1625.0          1.0000
1626.0          1.0000
1627.0          1.0000
1628.0          1.0000
1629.0          1.0000
1630.0          1.0000
1631.0          1.0000
1632.0          1.0000
1633.0          1.0000
1634.0          1.0000
1635.0          1.0000
1636.0          1.0000
1637.0          1.0000
1638.0          1.0000
1639.0          1.0000
1640.0          1.0000
1641.0          1.0000
1642.0          1.0000
1643.0          1.0000
1644.0          1.0000
1645.0          1.0000
1646.0          1.0000
1647.0          1.0000
1648.0          1.0000
1649.0          1.0000
1650.0          1.0000
1400.0          -2.2204E-15
1401.0          6.6613E-16
1402.0          -5.7732E-15
1403.0          -1.9984E-15
1404.0          2.3315E-15
1405.0          -6.6613E-16
1406.0          4.2188E-15
1407.0          2.4425E-15
1408.0          -1.3323E-15
1409.0          4.6629E-15
1410.0          5.5511E-16
1411.0          3.7748E-15
1412.0          2.2204E-16
1413.0          1.4433E-15
1414.0          2.2204E-16
1415.0          2.2204E-15
1416.0          3.8858E-15
1417.0          -1.3323E-15
1418.0          0.0000
1419.0          -2.2204E-16
1420.0          1.9984E-15
1421.0          3.2196E-15
1422.0          7.7716E-16
1423.0          -1.7764E-15
1424.0          -1.7764E-15
1425.0          -1.9984E-15
1426.0          3.8858E-15
1427.0          1.5543E-15
1428.0          3.3307E-16
1429.0          -1.1102E-15
1430.0          0.0000
1431.0          -2.2204E-16
1432.0          3.3307E-16
1433.0          -1.3323E-15
1434.0          5.7732E-15
1435.0          -1.5543E-15
1436.0          3.3307E-16
1437.0          -1.1102E-15
1438.0          -2.2204E-15
1439.0          1.2212E-15
1440.0          -2.8866E-15
1441.0          0.0000
1442.0          5.5511E-16
1443.0          1.5543E-15
1444.0          2.1094E-15
1445.0          6.6613E-16
1446.0          -1.3323E-15
1447.0          1.6653E-15
1448.0          -4.4409E-16
1449.0          0.0000
1450.0          1.1102E-15
1451.0          -1.7764E-15
1452.0          2.2204E-16
1453.0          -4.4409E-16
1454.0          3.3307E-15
1455.0          3.3307E-16
1456.0          3.3307E-16
1457.0          9.9920E-16
1458.0          4.4409E-16
1459.0          4.4409E-16
1460.0          3.1086E-15
1461.0          -1.3323E-15
1462.0          -1.5543E-15
1463.0          2.2204E-16
1464.0          -1.9984E-15
1465.0          1.9984E-15
1466.0          -2.4425E-15
1467.0          2.2204E-16
1468.0          -2.4425E-15
1469.0          1.4433E-15
1470.0          1.1102E-16
1471.0          -1.3323E-15
1472.0          3.6637E-15
1473.0          2.2204E-15
1474.0          2.6645E-15
1475.0          4.4409E-16
1476.0          -2.8866E-15
1477.0          -6.6613E-16
1478.0          -4.6629E-15
1479.0          3.7526E-14
1480.0          2.6756E-14
1481.0          4.4409E-14
1482.0          8.6597E-15
1483.0          1.0547E-14
1484.0          4.1078E-15
1485.0          3.4417E-15
1486.0          1.1102E-16
1487.0          0.0000
1488.0          -6.6613E-16
1489.0          3.4417E-15
1490.0          -2.2204E-16
1491.0          -1.3323E-15
1492.0          5.5511E-16
1493.0          1.1102E-15
1494.0          6.6613E-16
1495.0          -2.4425E-15
1496.0          1.3323E-15
1497.0          1.6653E-15
1498.0          2.7756E-15
1499.0          -1.5543E-15
1500.0          2.4425E-15
1501.0          -8.8818E-16
1502.0          1.5543E-15
1503.0          1.1102E-15
1504.0          -1.3323E-15
1505.0          -1.9984E-15
1506.0          4.2188E-15
1507.0          -1.5543E-15
1508.0          2.3315E-15
1509.0          -3.3307E-15
1510.0          -4.6629E-15
1511.0          -6.6613E-16
1512.0          -2.8866E-15
1513.0          3.3307E-16
1514.0          1.2212E-15
1515.0          -8.8818E-16
1516.0          1.5543E-15
1517.0          5.5511E-16
1518.0          -1.7764E-15
1519.0          -2.4425E-15
1520.0          -4.4409E-16
1521.0          1.7764E-15
1522.0          -6.6613E-16
1523.0          0.0000
1524.0          -2.2204E-16
1525.0          -4.4409E-16
1526.0          1.2212E-15
1527.0          -4.4409E-16
1528.0          -6.6613E-16
1529.0          8.8818E-16
1530.0          -1.5543E-15
1531.0          -1.3323E-15
1532.0          -1.5543E-15
1533.0          9.9920E-16
1534.0          -8.8818E-16
1535.0          1.1102E-15
1536.0          -1.9984E-15
1537.0          -2.4425E-15
1538.0          5.5511E-16
1539.0          -4.4409E-16
1540.0          2.9976E-15
1541.0          -3.9968E-15
1542.0          -6.6613E-16
1543.0          0.0000
1544.0          9.9920E-16
1545.0          -1.9984E-15
1546.0          4.4409E-16
1547.0          1.5543E-15
1548.0          -2.2204E-16
1549.0          -1.1102E-15
1550.0          8.8818E-16
1551.0          0.0000
1552.0          2.2204E-16
1553.0          -2.2204E-15
1554.0          -4.4409E-16
1555.0          -8.8818E-16
1556.0          -8.8818E-16
1557.0          -1.5543E-15
1558.0          1.4433E-15
1559.0          -6.6613E-16
1560.0          2.9976E-15
1561.0          2.8866E-15
1562.0          -4.4409E-16
1563.0          -1.9984E-15
1564.0          -3.7748E-15
1565.0          3.5527E-15
1566.0          -2.2204E-16
1567.0          -1.9984E-15
1568.0          -4.4409E-15
1569.0          -1.7764E-15
1570.0          2.1094E-15
1571.0          2.7756E-15
1572.0          1.9984E-15
1573.0          -4.4409E-16
1574.0          1.5543E-15
1575.0          1.7764E-15
1576.0          6.6613E-16
1577.0          -2.2204E-15
1578.0          3.3307E-16
1579.0          2.6645E-15
1580.0          -8.8818E-16
1581.0          2.1094E-15
1582.0          -8.8818E-16
1583.0          1.7764E-15
1584.0          7.7716E-16
1585.0          3.3307E-16
1586.0          5.3291E-15
1587.0          6.6613E-16
1588.0          -2.2204E-15
1589.0          -1.7764E-15
1590.0          -1.3323E-15
1591.0          2.9976E-15
1592.0          5.5511E-16
1593.0          8.8818E-16
1594.0          -4.4409E-16
1595.0          2.8866E-15
1596.0          -1.1102E-15
1597.0          1.5543E-15
1598.0          -4.4409E-16
1599.0          1.3323E-15
1600.0          3.3307E-16
1601.0          -2.2204E-15
1602.0          -2.2204E-16
1603.0          1.2212E-15
1604.0          -1.5543E-15
1605.0          3.5527E-15
1606.0          3.2196E-15
1607.0          -1.1102E-15
1608.0          -1.5543E-15
1609.0          -5.1070E-15
1610.0          3.5527E-15
1611.0          2.3315E-15
1612.0          -1.7764E-15
1613.0          -4.2188E-15
1614.0          -2.2204E-16
1615.0          -6.6613E-16
1616.0          -1.5543E-15
1617.0          -6.6613E-16
1618.0          1.1102E-16
1619.0          -2.2204E-15
1620.0          -1.3323E-15
1621.0          -8.8818E-16
1622.0          -4.4409E-16
1623.0          2.2204E-15
1624.0          -1.3323E-15
1625.0          1.6653E-15
1626.0          -4.4409E-16
1627.0          1.6653E-15
1628.0          0.0000
1629.0          3.5527E-15
1630.0          1.1102E-15
1631.0          1.3323E-15
1632.0          -1.9984E-15
1633.0          2.6645E-15
1634.0          -4.4409E-16
1635.0          -1.3323E-15
1636.0          -1.3323E-15
1637.0          3.3307E-15
1638.0          1.8874E-15
1639.0          1.5543E-15
1640.0          -3.1086E-15
1641.0          2.5535E-15
1642.0          -8.8818E-16
1643.0          0.0000
1644.0          -4.4409E-16
1645.0          -1.5543E-15
1646.0          -2.8866E-15
1647.0          -1.1102E-15
1648.0          -2.6645E-15
1649.0          7.7716E-16
1650.0          5.5511E-16
