1400.0          0.21732
1401.0          0.21952
1402.0          0.22172
1403.0          0.22393
1404.0          0.22614
1405.0          0.22835
1406.0          0.23057
1407.0          0.23279
1408.0          0.23501
1409.0          0.23723
1410.0          0.23946
1411.0          0.24168
1412.0          0.24390
1413.0          0.24612
1414.0          0.24833
1415.0          0.25055
1416.0          0.25276
1417.0          0.25497
1418.0          0.25717
1419.0          0.25937
1420.0          0.26156
1421.0          0.26375
1422.0          0.26593
1423.0          0.26810
1424.0          0.27027
1425.0          0.27243
1426.0          0.27458
1427.0          0.27672
1428.0          0.27886
1429.0          0.28098
1430.0          0.28310
1431.0          0.28521
1432.0          0.28730
1433.0          0.28939
1434.0          0.29147
1435.0          0.29353
1436.0          0.29559
1437.0          0.29763
1438.0          0.29966
1439.0          0.30168
1440.0          0.30369
1441.0          0.30568
1442.0          0.30766
1443.0          0.30963
1444.0          0.31159
1445.0          0.31353
1446.0          0.31546
1447.0          0.31738
1448.0          0.31928
1449.0          0.32117
1450.0          0.32304
1451.0          0.32490
1452.0          0.32674
1453.0          0.32857
1454.0          0.33039
1455.0          0.33219
1456.0          0.33398
1457.0          0.33575
1458.0          0.33750
1459.0          0.33924
1460.0          0.34097
1461.0          0.34267
1462.0          0.34437
1463.0          0.34604
1464.0          0.34771
1465.0          0.34935
1466.0          0.35098
1467.0          0.35259
1468.0          0.35419
1469.0          0.35577
1470.0          0.35734
1471.0          0.35888
1472.0          0.36041
1473.0          0.36193
1474.0          0.36343
1475.0          0.36491
1476.0          0.36637
1477.0          0.36782
1478.0          0.36925
1479.0          0.37067
1480.0          0.37207
1481.0          0.37345
1482.0          0.37481
1483.0          0.37616
1484.0          0.37749
1485.0          0.37880
1486.0          0.38009
1487.0          0.38137
1488.0          0.38263
1489.0          0.38387
1490.0          0.38510
1491.0          0.38631
1492.0          0.38750
1493.0          0.38867
1494.0          0.38983
1495.0          0.39097
1496.0          0.39209
1497.0          0.39319
1498.0          0.39427
1499.0          0.39534
1500.0          0.39639
1501.0          0.39742
1502.0          0.39843
1503.0          0.39943
1504.0          0.40041
1505.0          0.40137
1506.0          0.40231
1507.0          0.40323
1508.0          0.40413
1509.0          0.40502
1510.0          0.40589
1511.0          0.40674
1512.0          0.40757
1513.0          0.40838
1514.0          0.40917
1515.0          0.40994
1516.0          0.41070
1517.0          0.41143
1518.0          0.41215
1519.0          0.41285
1520.0          0.41352
1521.0          0.41418
1522.0          0.41482
1523.0          0.41544
1524.0          0.41604
1525.0          0.41662
1526.0          0.41717
1527.0          0.41771
1528.0          0.41823
1529.0          0.41872
1530.0          0.41920
1531.0          0.41965
1532.0          0.42009
1533.0          0.42050
1534.0          0.42089
1535.0          0.42125
1536.0          0.42160
1537.0          0.42192
1538.0          0.42222
1539.0          0.42250
1540.0          0.42275
1541.0          0.42299
1542.0          0.42319
1543.0          0.42337
1544.0          0.42353
1545.0          0.42367
1546.0          0.42378
1547.0          0.42386
1548.0          0.42392
1549.0          0.42395
1550.0          0.42395
1551.0          0.42393
1552.0          0.42388
1553.0          0.42380
1554.0          0.42369
1555.0          0.42355
1556.0          0.42339
1557.0          0.42319
1558.0          0.42297
1559.0          0.42271
1560.0          0.42242
1561.0          0.42209
1562.0          0.42174
1563.0          0.42135
1564.0          0.42092
1565.0          0.42046
1566.0          0.41996
1567.0          0.41943
1568.0          0.41885
1569.0          0.41824
1570.0          0.41758
1571.0          0.41689
1572.0          0.41615
1573.0          0.41537
1574.0          0.41454
1575.0          0.41367
1576.0          0.41275
1577.0          0.41178
1578.0          0.41076
1579.0          0.40969
1580.0          0.40856
1581.0          0.40738
1582.0          0.40614
1583.0          0.40485
1584.0          0.40349
1585.0          0.40206
1586.0          0.40058
1587.0          0.39902
1588.0          0.39739
1589.0          0.39569
1590.0          0.39392
1591.0          0.39206
1592.0          0.39013
1593.0          0.38810
1594.0          0.38599
1595.0          0.38379
1596.0          0.38149
1597.0          0.37909
1598.0          0.37658
1599.0          0.37397
1600.0          0.37124
1601.0          0.36839
1602.0          0.36542
1603.0          0.36231
1604.0          0.35907
1605.0          0.35568
1606.0          0.35215
1607.0          0.34845
1608.0          0.34458
1609.0          0.34055
1610.0          0.33632
1611.0          0.33190
1612.0          0.32728
1613.0          0.32244
1614.0          0.31737
1615.0          0.31206
1616.0          0.30650
1617.0          0.30067
1618.0          0.29456
1619.0          0.28815
1620.0          0.28142
1621.0          0.27436
1622.0          0.26695
1623.0          0.25917
1624.0          0.25100
1625.0          0.24243
1626.0          0.23342
1627.0          0.22397
1628.0          0.21405
1629.0          0.20365
1630.0          0.19275
1631.0          0.18135
1632.0          0.16945
1633.0          0.15705
1634.0          0.14418
1635.0          0.13087
1636.0          0.11720
1637.0          0.10327
1638.0          0.089220
1639.0          0.075258
1640.0          0.061671
1641.0          0.048846
1642.0          0.037295
1643.0          0.027693
1644.0          0.020897
1645.0          0.017981
1646.0          0.020243
1647.0          0.029183
1648.0          0.046436
1649.0          0.073629
1650.0          0.11215
1400.0          0.78268
1401.0          0.78048
1402.0          0.77828
1403.0          0.77607
1404.0          0.77386
1405.0          0.77165
1406.0          0.76943
1407.0          0.76721
1408.0          0.76499
1409.0          0.76277
1410.0          0.76054
1411.0          0.75832
1412.0          0.75610
1413.0          0.75388
1414.0          0.75167
1415.0          0.74945
1416.0          0.74724
1417.0          0.74503
1418.0          0.74283
1419.0          0.74063
1420.0          0.73844
1421.0          0.73625
1422.0          0.73407
1423.0          0.73190
1424.0          0.72973
1425.0          0.72757
1426.0          0.72542
1427.0          0.72328
1428.0          0.72114
1429.0          0.71902
1430.0          0.71690
1431.0          0.71479
1432.0          0.71270
1433.0          0.71061
1434.0          0.70853
1435.0          0.70647
1436.0          0.70441
1437.0          0.70237
1438.0          0.70034
1439.0          0.69832
1440.0          0.69631
1441.0          0.69432
1442.0          0.69234
1443.0          0.69037
1444.0          0.68841
1445.0          0.68647
1446.0          0.68454
1447.0          0.68262
1448.0          0.68072
1449.0          0.67883
1450.0          0.67696
1451.0          0.67510
1452.0          0.67326
1453.0          0.67143
1454.0          0.66961
1455.0          0.66781
1456.0          0.66602
1457.0          0.66425
1458.0          0.66250
1459.0          0.66076
1460.0          0.65903
1461.0          0.65733
1462.0          0.65563
1463.0          0.65396
1464.0          0.65229
1465.0          0.65065
1466.0          0.64902
1467.0          0.64741
1468.0          0.64581
1469.0          0.64423
1470.0          0.64266
1471.0          0.64112
1472.0          0.63959
1473.0          0.63807
1474.0          0.63657
1475.0          0.63509
1476.0          0.63363
1477.0          0.63218
1478.0          0.63075
1479.0          0.62933
1480.0          0.62793
1481.0          0.62655
1482.0          0.62519
1483.0          0.62384
1484.0          0.62251
1485.0          0.62120
1486.0          0.61991
1487.0          0.61863
1488.0          0.61737
1489.0          0.61613
1490.0          0.61490
1491.0          0.61369
1492.0          0.61250
1493.0          0.61133
1494.0          0.61017
1495.0          0.60903
1496.0          0.60791
1497.0          0.60681
1498.0          0.60573
1499.0          0.60466
1500.0          0.60361
1501.0          0.60258
1502.0          0.60157
1503.0          0.60057
1504.0          0.59959
1505.0          0.59863
1506.0          0.59769
1507.0          0.59677
1508.0          0.59587
1509.0          0.59498
1510.0          0.59411
1511.0          0.59326
1512.0          0.59243
1513.0          0.59162
1514.0          0.59083
1515.0          0.59006
1516.0          0.58930
1517.0          0.58857
1518.0          0.58785
1519.0          0.58715
1520.0          0.58648
1521.0          0.58582
1522.0          0.58518
1523.0          0.58456
1524.0          0.58396
1525.0          0.58338
1526.0          0.58283
1527.0          0.58229
1528.0          0.58177
1529.0          0.58128
1530.0          0.58080
1531.0          0.58035
1532.0          0.57991
1533.0          0.57950
1534.0          0.57911
1535.0          0.57875
1536.0          0.57840
1537.0          0.57808
1538.0          0.57778
1539.0          0.57750
1540.0          0.57725
1541.0          0.57701
1542.0          0.57681
1543.0          0.57663
1544.0          0.57647
1545.0          0.57633
1546.0          0.57622
1547.0          0.57614
1548.0          0.57608
1549.0          0.57605
1550.0          0.57605
1551.0          0.57607
1552.0          0.57612
1553.0          0.57620
1554.0          0.57631
1555.0          0.57645
1556.0          0.57661
1557.0          0.57681
1558.0          0.57703
1559.0          0.57729
1560.0          0.57758
1561.0          0.57791
1562.0          0.57826
1563.0          0.57865
1564.0          0.57908
1565.0          0.57954
1566.0          0.58004
1567.0          0.58057
1568.0          0.58115
1569.0          0.58176
1570.0          0.58242
1571.0          0.58311
1572.0          0.58385
1573.0          0.58463
1574.0          0.58546
1575.0          0.58633
1576.0          0.58725
1577.0          0.58822
1578.0          0.58924
1579.0          0.59031
1580.0          0.59144
1581.0          0.59262
1582.0          0.59386
1583.0          0.59515
1584.0          0.59651
1585.0          0.59794
1586.0          0.59942
1587.0          0.60098
1588.0          0.60261
1589.0          0.60431
1590.0          0.60608
1591.0          0.60794
1592.0          0.60987
1593.0          0.61190
1594.0          0.61401
1595.0          0.61621
1596.0          0.61851
1597.0          0.62091
1598.0          0.62342
1599.0          0.62603
1600.0          0.62876
1601.0          0.63161
1602.0          0.63458
1603.0          0.63769
1604.0          0.64093
1605.0          0.64432
1606.0          0.64785
1607.0          0.65155
1608.0          0.65542
1609.0          0.65945
1610.0          0.66368
1611.0          0.66810
1612.0          0.67272
1613.0          0.67756
1614.0          0.68263
1615.0          0.68794
1616.0          0.69350
1617.0          0.69933
1618.0          0.70544
1619.0          0.71185
1620.0          0.71858
1621.0          0.72564
1622.0          0.73305
1623.0          0.74083
1624.0          0.74900
1625.0          0.75757
1626.0          0.76658
1627.0          0.77603
1628.0          0.78595
1629.0          0.79635
1630.0          0.80725
1631.0          0.81865
1632.0          0.83055
1633.0          0.84295
1634.0          0.85582
1635.0          0.86913
1636.0          0.88280
1637.0          0.89673
1638.0          0.91078
1639.0          0.92474
1640.0          0.93833
1641.0          0.95115
1642.0          0.96270
1643.0          0.97231
1644.0          0.97910
1645.0          0.98202
1646.0          0.97976
1647.0          0.97082
1648.0          0.95356
1649.0          0.92637
1650.0          0.88785
1400.0          1.0000
1401.0          1.0000
1402.0          1.0000
1403.0          1.0000
1404.0          1.0000
1405.0          1.0000
1406.0          1.0000
1407.0          1.0000
1408.0          1.0000
1409.0          1.0000
1410.0          1.0000
1411.0          1.0000
1412.0          1.0000
1413.0          1.0000
1414.0          1.0000
1415.0          1.0000
1416.0          1.0000
1417.0          1.0000
1418.0          1.0000
1419.0          1.0000
1420.0          1.0000
1421.0          1.0000
1422.0          1.0000
1423.0          1.0000
1424.0          1.0000
1425.0          1.0000
1426.0          1.0000
1427.0          1.0000
1428.0          1.0000
1429.0          1.0000
1430.0          1.0000
1431.0          1.0000
1432.0          1.0000
1433.0          1.0000
1434.0          1.0000
1435.0          1.0000
1436.0          1.0000
1437.0          1.0000
1438.0          1.0000
1439.0          1.0000
1440.0          1.0000
1441.0          1.0000
1442.0          1.0000
1443.0          1.0000
1444.0          1.0000
1445.0          1.0000
1446.0          1.0000
1447.0          1.0000
1448.0          1.0000
1449.0          1.0000
1450.0          1.0000
1451.0          1.0000
1452.0          1.0000
1453.0          1.0000
1454.0          1.0000
1455.0          1.0000
1456.0          1.0000
1457.0          1.0000
1458.0          1.0000
1459.0          1.0000
1460.0          1.0000
1461.0          1.0000
1462.0          1.0000
1463.0          1.0000
1464.0          1.0000
1465.0          1.0000
1466.0          1.0000
1467.0          1.0000
1468.0          1.0000
1469.0          1.0000
1470.0          1.0000
1471.0          1.0000
1472.0          1.0000
1473.0          1.0000
1474.0          1.0000
1475.0          1.0000
1476.0          1.0000
1477.0          1.0000
1478.0          1.0000
1479.0          1.0000
1480.0          1.0000
1481.0          1.0000
1482.0          1.0000
1483.0          1.0000
1484.0          1.0000
1485.0          1.0000
1486.0          1.0000
1487.0          1.0000
1488.0          1.0000
1489.0          1.0000
1490.0          1.0000
1491.0          1.0000
1492.0          1.0000
1493.0          1.0000
1494.0          1.0000
1495.0          1.0000
1496.0          1.0000
1497.0          1.0000
1498.0          1.0000
1499.0          1.0000
1500.0          1.0000
1501.0          1.0000
1502.0          1.0000
1503.0          1.0000
1504.0          1.0000
1505.0          1.0000
1506.0          1.0000
1507.0          1.0000
1508.0          1.0000
1509.0          1.0000
1510.0          1.0000
1511.0          1.0000
1512.0          1.0000
1513.0          1.0000
1514.0          1.0000
1515.0          1.0000
1516.0          1.0000
1517.0          1.0000
1518.0          1.0000
1519.0          1.0000
1520.0          1.0000
1521.0          1.0000
1522.0          1.0000
1523.0          1.0000
1524.0          1.0000
1525.0          1.0000
1526.0          1.0000
1527.0          1.0000
1528.0          1.0000
1529.0          1.0000
1530.0          1.0000
1531.0          1.0000
1532.0          1.0000
1533.0          1.0000
1534.0          1.0000
1535.0          1.0000
1536.0          1.0000
1537.0          1.0000
1538.0          1.0000
1539.0          1.0000
1540.0          1.0000
1541.0          1.0000
1542.0          1.0000
1543.0          1.0000
1544.0          1.0000
1545.0          1.0000
1546.0          1.0000
1547.0          1.0000
1548.0          1.0000
1549.0          1.0000
1550.0          1.0000
1551.0          1.0000
1552.0          1.0000
1553.0          1.0000
1554.0          1.0000
1555.0          1.0000
1556.0          1.0000
1557.0          1.0000
1558.0          1.0000
1559.0          1.0000
1560.0          1.0000
1561.0          1.0000
1562.0          1.0000
1563.0          1.0000
1564.0          1.0000
1565.0          1.0000
1566.0          1.0000
1567.0          1.0000
1568.0          1.0000
1569.0          1.0000
1570.0          1.0000
1571.0          1.0000
1572.0          1.0000
1573.0          1.0000
1574.0          1.0000
1575.0          1.0000
1576.0          1.0000
1577.0          1.0000
1578.0          1.0000
1579.0          1.0000
1580.0          1.0000
1581.0          1.0000
1582.0          1.0000
1583.0          1.0000
1584.0          1.0000
1585.0          1.0000
1586.0          1.0000
1587.0          1.0000
1588.0          1.0000
1589.0          1.0000
1590.0          1.0000
1591.0          1.0000
1592.0          1.0000
1593.0          1.0000
1594.0          1.0000
1595.0          1.0000
1596.0          1.0000
1597.0          1.0000
1598.0          1.0000
1599.0          1.0000
1600.0          1.0000
1601.0          1.0000
1602.0          1.0000
1603.0          1.0000
1604.0          1.0000
1605.0          1.0000
1606.0          1.0000
1607.0          1.0000
1608.0          1.0000
1609.0          1.0000
1610.0          1.0000
1611.0          1.0000
1612.0          1.0000
1613.0          1.0000
1614.0          1.0000
1615.0          1.0000
1616.0          1.0000
1617.0          1.0000
1618.0          1.0000
1619.0          1.0000
1620.0          1.0000
1621.0          1.0000
1622.0          1.0000
1623.0          1.0000
1624.0          1.0000
1625.0          1.0000
1626.0          1.0000
1627.0          1.0000
1628.0          1.0000
1629.0          1.0000
1630.0          1.0000
1631.0          1.0000
1632.0          1.0000
1633.0          1.0000
1634.0          1.0000
1635.0          1.0000
1636.0          1.0000
1637.0          1.0000
1638.0          1.0000
1639.0          1.0000
1640.0          1.0000
1641.0          1.0000
1642.0          1.0000
1643.0          1.0000
1644.0          1.0000
1645.0          1.0000
1646.0          1.0000
1647.0          1.0000
1648.0          1.0000
1649.0          1.0000
1650.0          1.0000
1400.0          -1.9984E-15
1401.0          -4.4409E-16
1402.0          4.8850E-15
1403.0          1.4433E-15
1404.0          -2.6645E-15
1405.0          -1.5543E-15
1406.0          -1.7764E-15
1407.0          2.4425E-15
1408.0          4.4409E-16
1409.0          2.5535E-15
1410.0          8.8818E-16
1411.0          -1.7764E-15
1412.0          -1.5543E-15
1413.0          -1.3323E-15
1414.0          -1.3323E-15
1415.0          -4.4409E-16
1416.0          0.0000
1417.0          3.5527E-15
1418.0          -1.3323E-15
1419.0          1.7764E-15
1420.0          1.5543E-15
1421.0          3.3307E-15
1422.0          2.5535E-15
1423.0          1.2212E-15
1424.0          9.9920E-16
1425.0          1.9984E-15
1426.0          8.8818E-16
1427.0          0.0000
1428.0          4.4409E-16
1429.0          -4.4409E-16
1430.0          -6.6613E-16
1431.0          -2.8866E-15
1432.0          -1.1102E-15
1433.0          1.4433E-15
1434.0          8.8818E-16
1435.0          1.7764E-15
1436.0          6.6613E-16
1437.0          -1.7764E-15
1438.0          3.3307E-15
1439.0          -2.2204E-16
1440.0          -1.7764E-15
1441.0          1.8874E-15
1442.0          -1.9984E-15
1443.0          -6.6613E-16
1444.0          1.5543E-15
1445.0          -2.6645E-15
1446.0          1.7764E-15
1447.0          -4.4409E-16
1448.0          3.3307E-15
1449.0          1.1102E-15
1450.0          2.2204E-16
1451.0          1.9984E-15
1452.0          -4.4409E-16
1453.0          1.5543E-15
1454.0          -2.6645E-15
1455.0          -1.7764E-15
1456.0          1.6653E-15
1457.0          -1.7764E-15
1458.0          2.2204E-16
1459.0          2.2204E-15
1460.0          4.4409E-16
1461.0          8.8818E-16
1462.0          1.5543E-15
1463.0          2.2204E-16
1464.0          1.7764E-15
1465.0          -1.3323E-15
1466.0          3.5527E-15
1467.0          -2.6645E-15
1468.0          1.5543E-15
1469.0          -3.1086E-15
1470.0          1.1102E-15
1471.0          -1.6209E-14
1472.0          4.7740E-15
1473.0          2.5535E-15
1474.0          4.2188E-15
1475.0          4.3299E-15
1476.0          9.9920E-15
1477.0          -2.4425E-15
1478.0          -2.2204E-16
1479.0          -6.6613E-16
1480.0          0.0000
1481.0          -7.9936E-15
1482.0          -1.3323E-15
1483.0          -4.4409E-16
1484.0          1.1102E-15
1485.0          7.6605E-15
1486.0          2.8866E-15
1487.0          -2.2204E-15
1488.0          4.4409E-16
1489.0          -3.5527E-15
1490.0          8.8818E-16
1491.0          -3.3307E-15
1492.0          1.1102E-15
1493.0          2.3315E-15
1494.0          1.5543E-15
1495.0          1.3323E-15
1496.0          3.7748E-15
1497.0          6.6613E-16
1498.0          2.6645E-15
1499.0          1.7764E-15
1500.0          0.0000
1501.0          -1.3323E-15
1502.0          8.8818E-16
1503.0          1.5543E-15
1504.0          -6.6613E-16
1505.0          1.2212E-15
1506.0          -1.7764E-15
1507.0          -2.2204E-16
1508.0          -8.8818E-16
1509.0          -2.6645E-15
1510.0          2.6645E-15
1511.0          -1.3323E-15
1512.0          1.6653E-15
1513.0          0.0000
1514.0          -2.2204E-15
1515.0          -1.5543E-15
1516.0          1.1102E-16
1517.0          5.9952E-15
1518.0          2.2204E-15
1519.0          1.4433E-15
1520.0          2.2204E-16
1521.0          -3.1086E-15
1522.0          5.1070E-15
1523.0          7.1054E-15
1524.0          5.5511E-16
1525.0          -2.2204E-16
1526.0          -4.4409E-15
1527.0          1.3323E-15
1528.0          -5.1070E-15
1529.0          4.6629E-15
1530.0          -1.1102E-15
1531.0          6.6613E-16
1532.0          8.8818E-16
1533.0          4.3299E-15
1534.0          0.0000
1535.0          4.4409E-16
1536.0          -6.6613E-16
1537.0          -8.8818E-16
1538.0          -4.4409E-16
1539.0          1.1102E-15
1540.0          -8.8818E-16
1541.0          -3.7748E-15
1542.0          -8.8818E-16
1543.0          -1.7764E-15
1544.0          -2.6645E-15
1545.0          0.0000
1546.0          8.8818E-16
1547.0          1.1102E-15
1548.0          -9.1038E-15
1549.0          4.1078E-15
1550.0          1.3323E-15
1551.0          -8.8818E-16
1552.0          2.4425E-15
1553.0          -4.4409E-16
1554.0          -8.8818E-16
1555.0          -8.8818E-16
1556.0          -6.6613E-16
1557.0          2.2204E-16
1558.0          -1.9984E-15
1559.0          -4.4409E-16
1560.0          4.4409E-16
1561.0          1.5543E-15
1562.0          3.3307E-15
1563.0          4.4409E-16
1564.0          2.6645E-15
1565.0          3.5527E-15
1566.0          -1.3323E-15
1567.0          1.4433E-15
1568.0          1.3323E-15
1569.0          -2.2204E-15
1570.0          -8.8818E-16
1571.0          -2.2204E-15
1572.0          2.1094E-15
1573.0          1.5543E-15
1574.0          4.4409E-16
1575.0          4.4409E-16
1576.0          2.2204E-16
1577.0          2.1094E-15
1578.0          2.4425E-15
1579.0          -2.2204E-15
1580.0          1.1102E-15
1581.0          3.9968E-15
1582.0          1.1102E-15
1583.0          1.1102E-16
1584.0          3.7748E-15
1585.0          4.4409E-16
1586.0          -3.1086E-15
1587.0          -2.6645E-15
1588.0          5.5511E-16
1589.0          -4.4409E-16
1590.0          -6.6613E-16
1591.0          5.5511E-16
1592.0          -2.2204E-16
1593.0          1.9984E-15
1594.0          -2.2204E-15
1595.0          -3.1086E-15
1596.0          2.1094E-15
1597.0          1.3323E-15
1598.0          -1.3323E-15
1599.0          -2.2204E-16
1600.0          3.5527E-15
1601.0          2.4425E-15
1602.0          -4.4409E-16
1603.0          -1.1102E-15
1604.0          -2.4425E-15
1605.0          -1.5543E-15
1606.0          8.8818E-16
1607.0          1.4433E-15
1608.0          1.8874E-15
1609.0          5.3291E-15
1610.0          1.8874E-15
1611.0          -4.4409E-16
1612.0          3.2196E-15
1613.0          -8.8818E-16
1614.0          2.5535E-15
1615.0          3.3307E-15
1616.0          2.2204E-16
1617.0          -1.3323E-15
1618.0          -4.4409E-16
1619.0          0.0000
1620.0          1.1102E-15
1621.0          3.1086E-15
1622.0          -1.1102E-15
1623.0          2.6645E-15
1624.0          -1.7764E-15
1625.0          -2.2204E-16
1626.0          4.4409E-16
1627.0          8.8818E-16
1628.0          2.9976E-15
1629.0          2.2204E-16
1630.0          5.9952E-15
1631.0          2.2204E-15
1632.0          -2.4425E-15
1633.0          2.8866E-15
1634.0          -2.8866E-15
1635.0          -6.4393E-15
1636.0          -1.1102E-15
1637.0          3.3307E-16
1638.0          -1.1102E-15
1639.0          4.4409E-16
1640.0          -2.4425E-15
1641.0          2.4425E-15
1642.0          -3.1086E-15
1643.0          -6.6613E-16
1644.0          1.6653E-15
1645.0          -2.4425E-15
1646.0          2.2204E-16
1647.0          -1.7764E-15
1648.0          5.2180E-15
1649.0          6.4393E-15
1650.0          8.8818E-16
