1400.0          0.25533
1401.0          0.22932
1402.0          0.21085
1403.0          0.19703
1404.0          0.18627
1405.0          0.17762
1406.0          0.17049
1407.0          0.16448
1408.0          0.15934
1409.0          0.15487
1410.0          0.15093
1411.0          0.14743
1412.0          0.14429
1413.0          0.14144
1414.0          0.13883
1415.0          0.13644
1416.0          0.13423
1417.0          0.13217
1418.0          0.13025
1419.0          0.12844
1420.0          0.12673
1421.0          0.12511
1422.0          0.12356
1423.0          0.12208
1424.0          0.12064
1425.0          0.11925
1426.0          0.11789
1427.0          0.11655
1428.0          0.11522
1429.0          0.11389
1430.0          0.11253
1431.0          0.11114
1432.0          0.10968
1433.0          0.10813
1434.0          0.10645
1435.0          0.10458
1436.0          0.10243
1437.0          0.099889
1438.0          0.096765
1439.0          0.092757
1440.0          0.087388
1441.0          0.080132
1442.0          0.074027
1443.0          0.20295
1444.0          0.55631
1445.0          0.23848
1446.0          0.18148
1447.0          0.15981
1448.0          0.14864
1449.0          0.14189
1450.0          0.13743
1451.0          0.13429
1452.0          0.13200
1453.0          0.13028
1454.0          0.12899
1455.0          0.12800
1456.0          0.12727
1457.0          0.12674
1458.0          0.12638
1459.0          0.12617
1460.0          0.12608
1461.0          0.12611
1462.0          0.12624
1463.0          0.12648
1464.0          0.12681
1465.0          0.12723
1466.0          0.12774
1467.0          0.12834
1468.0          0.12902
1469.0          0.12979
1470.0          0.13065
1471.0          0.13159
1472.0          0.13262
1473.0          0.13375
1474.0          0.13496
1475.0          0.13627
1476.0          0.13767
1477.0          0.13918
1478.0          0.14079
1479.0          0.14250
1480.0          0.14433
1481.0          0.14626
1482.0          0.14832
1483.0          0.15050
1484.0          0.15280
1485.0          0.15523
1486.0          0.15780
1487.0          0.16051
1488.0          0.16337
1489.0          0.16638
1490.0          0.16955
1491.0          0.17288
1492.0          0.17638
1493.0          0.18005
1494.0          0.18391
1495.0          0.18796
1496.0          0.19220
1497.0          0.19664
1498.0          0.20130
1499.0          0.20617
1500.0          0.21126
1501.0          0.21659
1502.0          0.22215
1503.0          0.22796
1504.0          0.23402
1505.0          0.24035
1506.0          0.24694
1507.0          0.25380
1508.0          0.26095
1509.0          0.26838
1510.0          0.27611
1511.0          0.28414
1512.0          0.29247
1513.0          0.30112
1514.0          0.31008
1515.0          0.31935
1516.0          0.32895
1517.0          0.33888
1518.0          0.34913
1519.0          0.35970
1520.0          0.37060
1521.0          0.38183
1522.0          0.39337
1523.0          0.40524
1524.0          0.41741
1525.0          0.42989
1526.0          0.44266
1527.0          0.45572
1528.0          0.46906
1529.0          0.48266
1530.0          0.49650
1531.0          0.51058
1532.0          0.52486
1533.0          0.53934
1534.0          0.55399
1535.0          0.56878
1536.0          0.58370
1537.0          0.59872
1538.0          0.61380
1539.0          0.62893
1540.0          0.64407
1541.0          0.65919
1542.0          0.67427
1543.0          0.68927
1544.0          0.70416
1545.0          0.71890
1546.0          0.73348
1547.0          0.74786
1548.0          0.76200
1549.0          0.77588
1550.0          0.78948
1551.0          0.80276
1552.0          0.81570
1553.0          0.82828
1554.0          0.84048
1555.0          0.85227
1556.0          0.86364
1557.0          0.87457
1558.0          0.88505
1559.0          0.89507
1560.0          0.90462
1561.0          0.91370
1562.0          0.92229
1563.0          0.93039
1564.0          0.93801
1565.0          0.94514
1566.0          0.95179
1567.0          0.95796
1568.0          0.96366
1569.0          0.96889
1570.0          0.97367
1571.0          0.97801
1572.0          0.98191
1573.0          0.98538
1574.0          0.98845
1575.0          0.99112
1576.0          0.99341
1577.0          0.99534
1578.0          0.99690
1579.0          0.99814
1580.0          0.99904
1581.0          0.99964
1582.0          0.99995
1583.0          0.99998
1584.0          0.99974
1585.0          0.99926
1586.0          0.99854
1587.0          0.99760
1588.0          0.99646
1589.0          0.99512
1590.0          0.99360
1591.0          0.99191
1592.0          0.99006
1593.0          0.98807
1594.0          0.98594
1595.0          0.98368
1596.0          0.98132
1597.0          0.97884
1598.0          0.97628
1599.0          0.97362
1600.0          0.97088
1601.0          0.96808
1602.0          0.96521
1603.0          0.96228
1604.0          0.95930
1605.0          0.95628
1606.0          0.95322
1607.0          0.95013
1608.0          0.94701
1609.0          0.94386
1610.0          0.94070
1611.0          0.93752
1612.0          0.93434
1613.0          0.93114
1614.0          0.92794
1615.0          0.92474
1616.0          0.92155
1617.0          0.91836
1618.0          0.91517
1619.0          0.91200
1620.0          0.90884
1621.0          0.90569
1622.0          0.90256
1623.0          0.89945
1624.0          0.89636
1625.0          0.89329
1626.0          0.89023
1627.0          0.88721
1628.0          0.88420
1629.0          0.88122
1630.0          0.87827
1631.0          0.87534
1632.0          0.87245
1633.0          0.86957
1634.0          0.86673
1635.0          0.86392
1636.0          0.86113
1637.0          0.85837
1638.0          0.85565
1639.0          0.85295
1640.0          0.85028
1641.0          0.84765
1642.0          0.84504
1643.0          0.84247
1644.0          0.83992
1645.0          0.83740
1646.0          0.83492
1647.0          0.83246
1648.0          0.83004
1649.0          0.82764
1650.0          0.82528
1400.0          0.74467
1401.0          0.77068
1402.0          0.78915
1403.0          0.80297
1404.0          0.81373
1405.0          0.82238
1406.0          0.82951
1407.0          0.83552
1408.0          0.84066
1409.0          0.84513
1410.0          0.84907
1411.0          0.85257
1412.0          0.85571
1413.0          0.85856
1414.0          0.86117
1415.0          0.86356
1416.0          0.86577
1417.0          0.86783
1418.0          0.86975
1419.0          0.87156
1420.0          0.87327
1421.0          0.87489
1422.0          0.87644
1423.0          0.87792
1424.0          0.87936
1425.0          0.88075
1426.0          0.88211
1427.0          0.88345
1428.0          0.88478
1429.0          0.88611
1430.0          0.88747
1431.0          0.88886
1432.0          0.89032
1433.0          0.89187
1434.0          0.89355
1435.0          0.89542
1436.0          0.89757
1437.0          0.90011
1438.0          0.90323
1439.0          0.90724
1440.0          0.91261
1441.0          0.91987
1442.0          0.92597
1443.0          0.79705
1444.0          0.44369
1445.0          0.76152
1446.0          0.81852
1447.0          0.84019
1448.0          0.85136
1449.0          0.85811
1450.0          0.86257
1451.0          0.86571
1452.0          0.86800
1453.0          0.86972
1454.0          0.87101
1455.0          0.87200
1456.0          0.87273
1457.0          0.87326
1458.0          0.87362
1459.0          0.87383
1460.0          0.87392
1461.0          0.87389
1462.0          0.87376
1463.0          0.87352
1464.0          0.87319
1465.0          0.87277
1466.0          0.87226
1467.0          0.87166
1468.0          0.87098
1469.0          0.87021
1470.0          0.86935
1471.0          0.86841
1472.0          0.86738
1473.0          0.86625
1474.0          0.86504
1475.0          0.86373
1476.0          0.86233
1477.0          0.86082
1478.0          0.85921
1479.0          0.85750
1480.0          0.85567
1481.0          0.85374
1482.0          0.85168
1483.0          0.84950
1484.0          0.84720
1485.0          0.84477
1486.0          0.84220
1487.0          0.83949
1488.0          0.83663
1489.0          0.83362
1490.0          0.83045
1491.0          0.82712
1492.0          0.82362
1493.0          0.81995
1494.0          0.81609
1495.0          0.81204
1496.0          0.80780
1497.0          0.80336
1498.0          0.79870
1499.0          0.79383
1500.0          0.78874
1501.0          0.78341
1502.0          0.77785
1503.0          0.77204
1504.0          0.76598
1505.0          0.75965
1506.0          0.75306
1507.0          0.74620
1508.0          0.73905
1509.0          0.73162
1510.0          0.72389
1511.0          0.71586
1512.0          0.70753
1513.0          0.69888
1514.0          0.68992
1515.0          0.68065
1516.0          0.67105
1517.0          0.66112
1518.0          0.65087
1519.0          0.64030
1520.0          0.62940
1521.0          0.61817
1522.0          0.60663
1523.0          0.59476
1524.0          0.58259
1525.0          0.57011
1526.0          0.55734
1527.0          0.54428
1528.0          0.53094
1529.0          0.51734
1530.0          0.50350
1531.0          0.48942
1532.0          0.47514
1533.0          0.46066
1534.0          0.44601
1535.0          0.43122
1536.0          0.41630
1537.0          0.40128
1538.0          0.38620
1539.0          0.37107
1540.0          0.35593
1541.0          0.34081
1542.0          0.32573
1543.0          0.31073
1544.0          0.29584
1545.0          0.28110
1546.0          0.26652
1547.0          0.25214
1548.0          0.23800
1549.0          0.22412
1550.0          0.21052
1551.0          0.19724
1552.0          0.18430
1553.0          0.17172
1554.0          0.15952
1555.0          0.14773
1556.0          0.13636
1557.0          0.12543
1558.0          0.11495
1559.0          0.10493
1560.0          0.095376
1561.0          0.086304
1562.0          0.077715
1563.0          0.069611
1564.0          0.061994
1565.0          0.054862
1566.0          0.048213
1567.0          0.042042
1568.0          0.036342
1569.0          0.031107
1570.0          0.026328
1571.0          0.021993
1572.0          0.018094
1573.0          0.014616
1574.0          0.011548
1575.0          0.0088761
1576.0          0.0065863
1577.0          0.0046643
1578.0          0.0030953
1579.0          0.0018643
1580.0          9.5648E-4
1581.0          3.5662E-4
1582.0          4.9723E-5
1583.0          2.0890E-5
1584.0          2.5539E-4
1585.0          7.3873E-4
1586.0          0.0014567
1587.0          0.0023954
1588.0          0.0035414
1589.0          0.0048815
1590.0          0.0064029
1591.0          0.0080934
1592.0          0.0099412
1593.0          0.011935
1594.0          0.014063
1595.0          0.016316
1596.0          0.018684
1597.0          0.021156
1598.0          0.023725
1599.0          0.026380
1600.0          0.029115
1601.0          0.031921
1602.0          0.034791
1603.0          0.037718
1604.0          0.040695
1605.0          0.043717
1606.0          0.046777
1607.0          0.049870
1608.0          0.052991
1609.0          0.056136
1610.0          0.059299
1611.0          0.062476
1612.0          0.065664
1613.0          0.068859
1614.0          0.072057
1615.0          0.075256
1616.0          0.078452
1617.0          0.081643
1618.0          0.084825
1619.0          0.087998
1620.0          0.091159
1621.0          0.094305
1622.0          0.097436
1623.0          0.10055
1624.0          0.10364
1625.0          0.10671
1626.0          0.10977
1627.0          0.11279
1628.0          0.11580
1629.0          0.11878
1630.0          0.12173
1631.0          0.12466
1632.0          0.12755
1633.0          0.13043
1634.0          0.13327
1635.0          0.13608
1636.0          0.13887
1637.0          0.14163
1638.0          0.14435
1639.0          0.14705
1640.0          0.14972
1641.0          0.15235
1642.0          0.15496
1643.0          0.15753
1644.0          0.16008
1645.0          0.16260
1646.0          0.16508
1647.0          0.16754
1648.0          0.16996
1649.0          0.17236
1650.0          0.17472
1400.0          1.0000
1401.0          1.0000
1402.0          1.0000
1403.0          1.0000
1404.0          1.0000
1405.0          1.0000
1406.0          1.0000
1407.0          1.0000
1408.0          1.0000
1409.0          1.0000
1410.0          1.0000
1411.0          1.0000
1412.0          1.0000
1413.0          1.0000
1414.0          1.0000
1415.0          1.0000
1416.0          1.0000
1417.0          1.0000
1418.0          1.0000
1419.0          1.0000
1420.0          1.0000
1421.0          1.0000
1422.0          1.0000
1423.0          1.0000
1424.0          1.0000
1425.0          1.0000
1426.0          1.0000
1427.0          1.0000
1428.0          1.0000
1429.0          1.0000
1430.0          1.0000
1431.0          1.0000
1432.0          1.0000
1433.0          1.0000
1434.0          1.0000
1435.0          1.0000
1436.0          1.0000
1437.0          1.0000
1438.0          1.0000
1439.0          1.0000
1440.0          1.0000
1441.0          1.0000
1442.0          1.0000
1443.0          1.0000
1444.0          1.0000
1445.0          1.0000
1446.0          1.0000
1447.0          1.0000
1448.0          1.0000
1449.0          1.0000
1450.0          1.0000
1451.0          1.0000
1452.0          1.0000
1453.0          1.0000
1454.0          1.0000
1455.0          1.0000
1456.0          1.0000
1457.0          1.0000
1458.0          1.0000
1459.0          1.0000
1460.0          1.0000
1461.0          1.0000
1462.0          1.0000
1463.0          1.0000
1464.0          1.0000
1465.0          1.0000
1466.0          1.0000
1467.0          1.0000
1468.0          1.0000
1469.0          1.0000
1470.0          1.0000
1471.0          1.0000
1472.0          1.0000
1473.0          1.0000
1474.0          1.0000
1475.0          1.0000
1476.0          1.0000
1477.0          1.0000
1478.0          1.0000
1479.0          1.0000
1480.0          1.0000
1481.0          1.0000
1482.0          1.0000
1483.0          1.0000
1484.0          1.0000
1485.0          1.0000
1486.0          1.0000
1487.0          1.0000
1488.0          1.0000
1489.0          1.0000
1490.0          1.0000
1491.0          1.0000
1492.0          1.0000
1493.0          1.0000
1494.0          1.0000
1495.0          1.0000
1496.0          1.0000
1497.0          1.0000
1498.0          1.0000
1499.0          1.0000
1500.0          1.0000
1501.0          1.0000
1502.0          1.0000
1503.0          1.0000
1504.0          1.0000
1505.0          1.0000
1506.0          1.0000
1507.0          1.0000
1508.0          1.0000
1509.0          1.0000
1510.0          1.0000
1511.0          1.0000
1512.0          1.0000
1513.0          1.0000
1514.0          1.0000
1515.0          1.0000
1516.0          1.0000
1517.0          1.0000
1518.0          1.0000
1519.0          1.0000
1520.0          1.0000
1521.0          1.0000
1522.0          1.0000
1523.0          1.0000
1524.0          1.0000
1525.0          1.0000
1526.0          1.0000
1527.0          1.0000
1528.0          1.0000
1529.0          1.0000
1530.0          1.0000
1531.0          1.0000
1532.0          1.0000
1533.0          1.0000
1534.0          1.0000
1535.0          1.0000
1536.0          1.0000
1537.0          1.0000
1538.0          1.0000
1539.0          1.0000
1540.0          1.0000
1541.0          1.0000
1542.0          1.0000
1543.0          1.0000
1544.0          1.0000
1545.0          1.0000
1546.0          1.0000
1547.0          1.0000
1548.0          1.0000
1549.0          1.0000
1550.0          1.0000
1551.0          1.0000
1552.0          1.0000
1553.0          1.0000
1554.0          1.0000
1555.0          1.0000
1556.0          1.0000
1557.0          1.0000
1558.0          1.0000
1559.0          1.0000
1560.0          1.0000
1561.0          1.0000
1562.0          1.0000
1563.0          1.0000
1564.0          1.0000
1565.0          1.0000
1566.0          1.0000
1567.0          1.0000
1568.0          1.0000
1569.0          1.0000
1570.0          1.0000
1571.0          1.0000
1572.0          1.0000
1573.0          1.0000
1574.0          1.0000
1575.0          1.0000
1576.0          1.0000
1577.0          1.0000
1578.0          1.0000
1579.0          1.0000
1580.0          1.0000
1581.0          1.0000
1582.0          1.0000
1583.0          1.0000
1584.0          1.0000
1585.0          1.0000
1586.0          1.0000
1587.0          1.0000
1588.0          1.0000
1589.0          1.0000
1590.0          1.0000
1591.0          1.0000
1592.0          1.0000
1593.0          1.0000
1594.0          1.0000
1595.0          1.0000
1596.0          1.0000
1597.0          1.0000
1598.0          1.0000
1599.0          1.0000
1600.0          1.0000
1601.0          1.0000
1602.0          1.0000
1603.0          1.0000
1604.0          1.0000
1605.0          1.0000
1606.0          1.0000
1607.0          1.0000
1608.0          1.0000
1609.0          1.0000
1610.0          1.0000
1611.0          1.0000
1612.0          1.0000
1613.0          1.0000
1614.0          1.0000
1615.0          1.0000
1616.0          1.0000
1617.0          1.0000
1618.0          1.0000
1619.0          1.0000
1620.0          1.0000
1621.0          1.0000
1622.0          1.0000
1623.0          1.0000
1624.0          1.0000
1625.0          1.0000
1626.0          1.0000
1627.0          1.0000
1628.0          1.0000
1629.0          1.0000
1630.0          1.0000
1631.0          1.0000
1632.0          1.0000
1633.0          1.0000
1634.0          1.0000
1635.0          1.0000
1636.0          1.0000
1637.0          1.0000
1638.0          1.0000
1639.0          1.0000
1640.0          1.0000
1641.0          1.0000
1642.0          1.0000
1643.0          1.0000
1644.0          1.0000
1645.0          1.0000
1646.0          1.0000
1647.0          1.0000
1648.0          1.0000
1649.0          1.0000
1650.0          1.0000
1400.0          4.4409E-16
1401.0          -2.2204E-15
1402.0          -1.5543E-15
1403.0          -3.7748E-15
1404.0          -3.3307E-15
1405.0          -8.8818E-16
1406.0          2.6645E-15
1407.0          1.3323E-15
1408.0          3.3307E-16
1409.0          -4.8850E-15
1410.0          9.9920E-16
1411.0          0.0000
1412.0          2.2204E-16
1413.0          9.9920E-16
1414.0          2.8866E-15
1415.0          -8.8818E-16
1416.0          4.4409E-15
1417.0          2.6645E-15
1418.0          -8.8818E-16
1419.0          4.4409E-16
1420.0          3.3307E-16
1421.0          -2.4425E-15
1422.0          -1.3323E-15
1423.0          1.7764E-15
1424.0          -2.6645E-15
1425.0          -3.7748E-15
1426.0          -8.8818E-16
1427.0          -2.6645E-15
1428.0          3.8858E-15
1429.0          2.9976E-15
1430.0          -2.8866E-15
1431.0          -2.4425E-15
1432.0          1.8874E-15
1433.0          2.2204E-15
1434.0          -3.3307E-15
1435.0          -1.9984E-15
1436.0          -4.4409E-16
1437.0          1.6653E-15
1438.0          -2.8866E-15
1439.0          3.7748E-15
1440.0          5.8842E-15
1441.0          -1.7764E-15
1442.0          3.7748E-15
1443.0          -1.4655E-14
1444.0          -4.8850E-14
1445.0          -7.1054E-15
1446.0          -2.2204E-16
1447.0          2.6645E-15
1448.0          1.6653E-15
1449.0          8.8818E-16
1450.0          -2.2204E-15
1451.0          -1.1102E-15
1452.0          -2.2204E-16
1453.0          9.9920E-16
1454.0          2.2204E-15
1455.0          1.3323E-15
1456.0          -2.2204E-15
1457.0          5.5511E-16
1458.0          -1.3323E-15
1459.0          5.5511E-16
1460.0          3.1086E-15
1461.0          -2.2204E-15
1462.0          8.8818E-16
1463.0          2.2204E-16
1464.0          2.2204E-16
1465.0          3.3307E-15
1466.0          1.6653E-15
1467.0          1.1102E-16
1468.0          -4.4409E-16
1469.0          5.5511E-16
1470.0          -2.6645E-15
1471.0          1.5543E-15
1472.0          -4.4409E-15
1473.0          1.1102E-15
1474.0          0.0000
1475.0          1.7764E-15
1476.0          -1.3323E-15
1477.0          -2.6645E-15
1478.0          -3.5527E-15
1479.0          -1.7764E-15
1480.0          -1.1102E-15
1481.0          -1.1102E-15
1482.0          0.0000
1483.0          2.2204E-16
1484.0          -1.7764E-15
1485.0          5.5511E-16
1486.0          -1.3323E-15
1487.0          2.4425E-15
1488.0          -3.1086E-15
1489.0          -1.3323E-15
1490.0          -8.8818E-16
1491.0          2.2204E-16
1492.0          1.6653E-15
1493.0          1.7764E-15
1494.0          1.5543E-15
1495.0          0.0000
1496.0          -2.2204E-16
1497.0          -6.6613E-16
1498.0          -3.5527E-15
1499.0          -3.5527E-15
1500.0          2.2204E-15
1501.0          -4.4409E-16
1502.0          -1.5543E-15
1503.0          2.1094E-15
1504.0          -1.9984E-15
1505.0          -2.4425E-15
1506.0          3.1086E-15
1507.0          3.5527E-15
1508.0          -1.3323E-15
1509.0          3.3307E-15
1510.0          -2.2204E-16
1511.0          -4.4409E-16
1512.0          -1.5543E-15
1513.0          2.8866E-15
1514.0          4.8850E-15
1515.0          6.6613E-16
1516.0          -2.2204E-16
1517.0          1.3323E-15
1518.0          3.1086E-15
1519.0          -2.6645E-15
1520.0          -3.1086E-15
1521.0          -5.9952E-15
1522.0          -8.8818E-16
1523.0          4.6629E-15
1524.0          1.9984E-15
1525.0          8.8818E-16
1526.0          4.3299E-15
1527.0          1.5543E-15
1528.0          -1.5543E-15
1529.0          2.7756E-15
1530.0          -2.8866E-15
1531.0          4.4409E-16
1532.0          1.3323E-15
1533.0          1.1102E-15
1534.0          8.8818E-16
1535.0          2.2204E-16
1536.0          -1.1102E-15
1537.0          -1.1102E-15
1538.0          0.0000
1539.0          7.7716E-16
1540.0          -8.8818E-16
1541.0          -3.1086E-15
1542.0          -3.1086E-15
1543.0          -8.8818E-16
1544.0          -2.8866E-15
1545.0          2.2204E-16
1546.0          6.6613E-16
1547.0          -3.5527E-15
1548.0          0.0000
1549.0          3.3307E-15
1550.0          -1.7764E-15
1551.0          1.7764E-15
1552.0          1.5543E-15
1553.0          1.7764E-15
1554.0          8.8818E-16
1555.0          -1.5543E-15
1556.0          -1.3323E-15
1557.0          0.0000
1558.0          0.0000
1559.0          4.4409E-16
1560.0          -4.4409E-16
1561.0          -3.7748E-15
1562.0          2.6645E-15
1563.0          -2.2204E-15
1564.0          2.8866E-15
1565.0          -3.1086E-15
1566.0          1.1102E-16
1567.0          1.8874E-15
1568.0          -2.4425E-15
1569.0          -1.3323E-15
1570.0          -3.1086E-15
1571.0          4.3299E-15
1572.0          -8.8818E-16
1573.0          -6.6613E-16
1574.0          0.0000
1575.0          -2.2204E-16
1576.0          3.8858E-15
1577.0          4.4409E-16
1578.0          2.2204E-16
1579.0          1.6653E-15
1580.0          3.4417E-15
1581.0          -2.2204E-16
1582.0          -8.8818E-16
1583.0          -6.6613E-16
1584.0          -5.7732E-15
1585.0          -2.2204E-16
1586.0          1.7764E-15
1587.0          1.2212E-15
1588.0          -2.2204E-15
1589.0          7.7716E-16
1590.0          2.8866E-15
1591.0          3.1086E-15
1592.0          2.2204E-15
1593.0          3.3307E-16
1594.0          5.3291E-15
1595.0          1.1102E-16
1596.0          3.8858E-15
1597.0          -1.3323E-15
1598.0          0.0000
1599.0          -2.6645E-15
1600.0          2.9976E-15
1601.0          2.2204E-16
1602.0          -2.2204E-15
1603.0          -2.2204E-15
1604.0          -2.4425E-15
1605.0          -6.2172E-15
1606.0          -3.3307E-15
1607.0          -4.4409E-16
1608.0          -1.9984E-15
1609.0          9.9920E-16
1610.0          -1.5543E-15
1611.0          1.7764E-15
1612.0          1.3323E-15
1613.0          2.1094E-15
1614.0          0.0000
1615.0          -2.2204E-15
1616.0          1.1102E-16
1617.0          4.4409E-16
1618.0          -1.7764E-15
1619.0          1.6653E-15
1620.0          2.9976E-15
1621.0          7.7716E-16
1622.0          -6.6613E-16
1623.0          2.5535E-15
1624.0          2.3315E-15
1625.0          -5.7732E-15
1626.0          2.8866E-15
1627.0          3.6637E-15
1628.0          -6.6613E-16
1629.0          1.1102E-16
1630.0          -1.5543E-15
1631.0          3.2196E-15
1632.0          -3.9968E-15
1633.0          1.1102E-16
1634.0          5.9952E-15
1635.0          3.3307E-16
1636.0          1.3323E-15
1637.0          -1.3323E-15
1638.0          1.1102E-15
1639.0          2.5535E-15
1640.0          2.6645E-15
1641.0          -1.7764E-15
1642.0          5.5511E-16
1643.0          7.7716E-16
1644.0          3.3307E-16
1645.0          -6.6613E-15
1646.0          0.0000
1647.0          7.7716E-16
1648.0          -4.8850E-15
1649.0          -3.7748E-15
1650.0          1.1102E-15
