1400.0          0.92607
1401.0          0.92797
1402.0          0.92995
1403.0          0.93200
1404.0          0.93412
1405.0          0.93631
1406.0          0.93855
1407.0          0.94085
1408.0          0.94319
1409.0          0.94558
1410.0          0.94800
1411.0          0.95045
1412.0          0.95292
1413.0          0.95542
1414.0          0.95793
1415.0          0.96045
1416.0          0.96297
1417.0          0.96549
1418.0          0.96800
1419.0          0.97049
1420.0          0.97297
1421.0          0.97541
1422.0          0.97781
1423.0          0.98017
1424.0          0.98248
1425.0          0.98472
1426.0          0.98688
1427.0          0.98895
1428.0          0.99092
1429.0          0.99277
1430.0          0.99447
1431.0          0.99602
1432.0          0.99736
1433.0          0.99848
1434.0          0.99933
1435.0          0.99986
1436.0          0.99999
1437.0          0.99965
1438.0          0.99872
1439.0          0.99707
1440.0          0.99450
1441.0          0.99077
1442.0          0.98555
1443.0          0.97843
1444.0          0.96887
1445.0          0.95620
1446.0          0.93973
1447.0          0.91888
1448.0          0.89363
1449.0          0.86532
1450.0          0.83749
1451.0          0.81579
1452.0          0.80587
1453.0          0.80996
1454.0          0.82553
1455.0          0.84742
1456.0          0.87089
1457.0          0.89298
1458.0          0.91240
1459.0          0.92884
1460.0          0.94252
1461.0          0.95379
1462.0          0.96306
1463.0          0.97067
1464.0          0.97692
1465.0          0.98205
1466.0          0.98625
1467.0          0.98968
1468.0          0.99246
1469.0          0.99469
1470.0          0.99645
1471.0          0.99780
1472.0          0.99879
1473.0          0.99946
1474.0          0.99986
1475.0          1.0000
1476.0          0.99991
1477.0          0.99962
1478.0          0.99914
1479.0          0.99848
1480.0          0.99765
1481.0          0.99667
1482.0          0.99554
1483.0          0.99426
1484.0          0.99285
1485.0          0.99129
1486.0          0.98960
1487.0          0.98777
1488.0          0.98580
1489.0          0.98368
1490.0          0.98139
1491.0          0.97893
1492.0          0.97628
1493.0          0.97339
1494.0          0.97025
1495.0          0.96678
1496.0          0.96293
1497.0          0.95856
1498.0          0.95353
1499.0          0.94759
1500.0          0.94033
1501.0          0.93111
1502.0          0.91872
1503.0          0.90086
1504.0          0.87266
1505.0          0.82340
1506.0          0.74114
1507.0          0.75389
1508.0          0.93604
1509.0          0.99351
1510.0          0.99991
1511.0          0.99619
1512.0          0.99075
1513.0          0.98538
1514.0          0.98043
1515.0          0.97593
1516.0          0.97181
1517.0          0.96801
1518.0          0.96446
1519.0          0.96114
1520.0          0.95799
1521.0          0.95498
1522.0          0.95211
1523.0          0.94933
1524.0          0.94665
1525.0          0.94405
1526.0          0.94152
1527.0          0.93905
1528.0          0.93663
1529.0          0.93427
1530.0          0.93195
1531.0          0.92967
1532.0          0.92744
1533.0          0.92523
1534.0          0.92307
1535.0          0.92093
1536.0          0.91882
1537.0          0.91675
1538.0          0.91469
1539.0          0.91267
1540.0          0.91067
1541.0          0.90870
1542.0          0.90674
1543.0          0.90481
1544.0          0.90291
1545.0          0.90102
1546.0          0.89916
1547.0          0.89731
1548.0          0.89549
1549.0          0.89368
1550.0          0.89190
1551.0          0.89013
1552.0          0.88838
1553.0          0.88665
1554.0          0.88494
1555.0          0.88325
1556.0          0.88157
1557.0          0.87991
1558.0          0.87827
1559.0          0.87664
1560.0          0.87503
1561.0          0.87344
1562.0          0.87186
1563.0          0.87030
1564.0          0.86875
1565.0          0.86722
1566.0          0.86570
1567.0          0.86420
1568.0          0.86272
1569.0          0.86125
1570.0          0.85979
1571.0          0.85835
1572.0          0.85692
1573.0          0.85550
1574.0          0.85410
1575.0          0.85271
1576.0          0.85134
1577.0          0.84998
1578.0          0.84863
1579.0          0.84729
1580.0          0.84597
1581.0          0.84466
1582.0          0.84336
1583.0          0.84208
1584.0          0.84080
1585.0          0.83954
1586.0          0.83829
1587.0          0.83705
1588.0          0.83583
1589.0          0.83461
1590.0          0.83341
1591.0          0.83221
1592.0          0.83103
1593.0          0.82986
1594.0          0.82870
1595.0          0.82755
1596.0          0.82641
1597.0          0.82528
1598.0          0.82416
1599.0          0.82305
1600.0          0.82194
1601.0          0.82085
1602.0          0.81977
1603.0          0.81870
1604.0          0.81764
1605.0          0.81658
1606.0          0.81554
1607.0          0.81450
1608.0          0.81347
1609.0          0.81246
1610.0          0.81145
1611.0          0.81044
1612.0          0.80945
1613.0          0.80847
1614.0          0.80749
1615.0          0.80652
1616.0          0.80556
1617.0          0.80460
1618.0          0.80366
1619.0          0.80272
1620.0          0.80179
1621.0          0.80086
1622.0          0.79995
1623.0          0.79904
1624.0          0.79813
1625.0          0.79724
1626.0          0.79635
1627.0          0.79546
1628.0          0.79459
1629.0          0.79372
1630.0          0.79286
1631.0          0.79200
1632.0          0.79115
1633.0          0.79030
1634.0          0.78946
1635.0          0.78863
1636.0          0.78780
1637.0          0.78698
1638.0          0.78617
1639.0          0.78536
1640.0          0.78455
1641.0          0.78376
1642.0          0.78296
1643.0          0.78217
1644.0          0.78139
1645.0          0.78061
1646.0          0.77984
1647.0          0.77907
1648.0          0.77831
1649.0          0.77755
1650.0          0.77680
1400.0          0.073929
1401.0          0.072033
1402.0          0.070055
1403.0          0.068001
1404.0          0.065877
1405.0          0.063690
1406.0          0.061446
1407.0          0.059150
1408.0          0.056807
1409.0          0.054423
1410.0          0.052003
1411.0          0.049553
1412.0          0.047077
1413.0          0.044581
1414.0          0.042071
1415.0          0.039552
1416.0          0.037030
1417.0          0.034511
1418.0          0.032001
1419.0          0.029506
1420.0          0.027034
1421.0          0.024591
1422.0          0.022185
1423.0          0.019826
1424.0          0.017521
1425.0          0.015282
1426.0          0.013120
1427.0          0.011047
1428.0          0.0090781
1429.0          0.0072309
1430.0          0.0055250
1431.0          0.0039841
1432.0          0.0026366
1433.0          0.0015171
1434.0          6.6816E-4
1435.0          1.4286E-4
1436.0          8.1177E-6
1437.0          3.4922E-4
1438.0          0.0012760
1439.0          0.0029312
1440.0          0.0055016
1441.0          0.0092330
1442.0          0.014449
1443.0          0.021570
1444.0          0.031135
1445.0          0.043796
1446.0          0.060266
1447.0          0.081122
1448.0          0.10637
1449.0          0.13468
1450.0          0.16251
1451.0          0.18421
1452.0          0.19413
1453.0          0.19004
1454.0          0.17447
1455.0          0.15258
1456.0          0.12911
1457.0          0.10702
1458.0          0.087603
1459.0          0.071157
1460.0          0.057481
1461.0          0.046206
1462.0          0.036940
1463.0          0.029331
1464.0          0.023081
1465.0          0.017951
1466.0          0.013748
1467.0          0.010316
1468.0          0.0075351
1469.0          0.0053055
1470.0          0.0035490
1471.0          0.0022018
1472.0          0.0012122
1473.0          5.3783E-4
1474.0          1.4385E-4
1475.0          1.3861E-6
1476.0          8.6478E-5
1477.0          3.7916E-4
1478.0          8.6278E-4
1479.0          0.0015235
1480.0          0.0023499
1481.0          0.0033328
1482.0          0.0044646
1483.0          0.0057399
1484.0          0.0071549
1485.0          0.0087074
1486.0          0.010397
1487.0          0.012227
1488.0          0.014199
1489.0          0.016323
1490.0          0.018607
1491.0          0.021067
1492.0          0.023724
1493.0          0.026606
1494.0          0.029752
1495.0          0.033216
1496.0          0.037075
1497.0          0.041438
1498.0          0.046468
1499.0          0.052412
1500.0          0.059665
1501.0          0.068891
1502.0          0.081279
1503.0          0.099137
1504.0          0.12734
1505.0          0.17660
1506.0          0.25886
1507.0          0.24611
1508.0          0.063964
1509.0          0.0064920
1510.0          8.6578E-5
1511.0          0.0038108
1512.0          0.0092505
1513.0          0.014622
1514.0          0.019569
1515.0          0.024074
1516.0          0.028193
1517.0          0.031995
1518.0          0.035535
1519.0          0.038862
1520.0          0.042012
1521.0          0.045015
1522.0          0.047894
1523.0          0.050666
1524.0          0.053348
1525.0          0.055950
1526.0          0.058482
1527.0          0.060952
1528.0          0.063367
1529.0          0.065731
1530.0          0.068050
1531.0          0.070326
1532.0          0.072564
1533.0          0.074766
1534.0          0.076934
1535.0          0.079071
1536.0          0.081177
1537.0          0.083255
1538.0          0.085305
1539.0          0.087330
1540.0          0.089329
1541.0          0.091305
1542.0          0.093256
1543.0          0.095186
1544.0          0.097093
1545.0          0.098978
1546.0          0.10084
1547.0          0.10269
1548.0          0.10451
1549.0          0.10632
1550.0          0.10810
1551.0          0.10987
1552.0          0.11162
1553.0          0.11335
1554.0          0.11506
1555.0          0.11675
1556.0          0.11843
1557.0          0.12009
1558.0          0.12173
1559.0          0.12336
1560.0          0.12497
1561.0          0.12656
1562.0          0.12814
1563.0          0.12970
1564.0          0.13125
1565.0          0.13278
1566.0          0.13430
1567.0          0.13580
1568.0          0.13728
1569.0          0.13875
1570.0          0.14021
1571.0          0.14165
1572.0          0.14308
1573.0          0.14450
1574.0          0.14590
1575.0          0.14729
1576.0          0.14866
1577.0          0.15002
1578.0          0.15137
1579.0          0.15271
1580.0          0.15403
1581.0          0.15534
1582.0          0.15664
1583.0          0.15792
1584.0          0.15920
1585.0          0.16046
1586.0          0.16171
1587.0          0.16295
1588.0          0.16417
1589.0          0.16539
1590.0          0.16659
1591.0          0.16779
1592.0          0.16897
1593.0          0.17014
1594.0          0.17130
1595.0          0.17245
1596.0          0.17359
1597.0          0.17472
1598.0          0.17584
1599.0          0.17695
1600.0          0.17806
1601.0          0.17915
1602.0          0.18023
1603.0          0.18130
1604.0          0.18236
1605.0          0.18342
1606.0          0.18446
1607.0          0.18550
1608.0          0.18653
1609.0          0.18754
1610.0          0.18855
1611.0          0.18956
1612.0          0.19055
1613.0          0.19153
1614.0          0.19251
1615.0          0.19348
1616.0          0.19444
1617.0          0.19540
1618.0          0.19634
1619.0          0.19728
1620.0          0.19821
1621.0          0.19914
1622.0          0.20005
1623.0          0.20096
1624.0          0.20187
1625.0          0.20276
1626.0          0.20365
1627.0          0.20454
1628.0          0.20541
1629.0          0.20628
1630.0          0.20714
1631.0          0.20800
1632.0          0.20885
1633.0          0.20970
1634.0          0.21054
1635.0          0.21137
1636.0          0.21220
1637.0          0.21302
1638.0          0.21383
1639.0          0.21464
1640.0          0.21545
1641.0          0.21624
1642.0          0.21704
1643.0          0.21783
1644.0          0.21861
1645.0          0.21939
1646.0          0.22016
1647.0          0.22093
1648.0          0.22169
1649.0          0.22245
1650.0          0.22320
1400.0          1.0000
1401.0          1.0000
1402.0          1.0000
1403.0          1.0000
1404.0          1.0000
1405.0          1.0000
1406.0          1.0000
1407.0          1.0000
1408.0          1.0000
1409.0          1.0000
1410.0          1.0000
1411.0          1.0000
1412.0          1.0000
1413.0          1.0000
1414.0          1.0000
1415.0          1.0000
1416.0          1.0000
1417.0          1.0000
1418.0          1.0000
1419.0          1.0000
1420.0          1.0000
1421.0          1.0000
1422.0          1.0000
1423.0          1.0000
1424.0          1.0000
1425.0          1.0000
1426.0          1.0000
1427.0          1.0000
1428.0          1.0000
1429.0          1.0000
1430.0          1.0000
1431.0          1.0000
1432.0          1.0000
1433.0          1.0000
1434.0          1.0000
1435.0          1.0000
1436.0          1.0000
1437.0          1.0000
1438.0          1.0000
1439.0          1.0000
1440.0          1.0000
1441.0          1.0000
1442.0          1.0000
1443.0          1.0000
1444.0          1.0000
1445.0          1.0000
1446.0          1.0000
1447.0          1.0000
1448.0          1.0000
1449.0          1.0000
1450.0          1.0000
1451.0          1.0000
1452.0          1.0000
1453.0          1.0000
1454.0          1.0000
1455.0          1.0000
1456.0          1.0000
1457.0          1.0000
1458.0          1.0000
1459.0          1.0000
1460.0          1.0000
1461.0          1.0000
1462.0          1.0000
1463.0          1.0000
1464.0          1.0000
1465.0          1.0000
1466.0          1.0000
1467.0          1.0000
1468.0          1.0000
1469.0          1.0000
1470.0          1.0000
1471.0          1.0000
1472.0          1.0000
1473.0          1.0000
1474.0          1.0000
1475.0          1.0000
1476.0          1.0000
1477.0          1.0000
1478.0          1.0000
1479.0          1.0000
1480.0          1.0000
1481.0          1.0000
1482.0          1.0000
1483.0          1.0000
1484.0          1.0000
1485.0          1.0000
1486.0          1.0000
1487.0          1.0000
1488.0          1.0000
1489.0          1.0000
1490.0          1.0000
1491.0          1.0000
1492.0          1.0000
1493.0          1.0000
1494.0          1.0000
1495.0          1.0000
1496.0          1.0000
1497.0          1.0000
1498.0          1.0000
1499.0          1.0000
1500.0          1.0000
1501.0          1.0000
1502.0          1.0000
1503.0          1.0000
1504.0          1.0000
1505.0          1.0000
1506.0          1.0000
1507.0          1.0000
1508.0          1.0000
1509.0          1.0000
1510.0          1.0000
1511.0          1.0000
1512.0          1.0000
1513.0          1.0000
1514.0          1.0000
1515.0          1.0000
1516.0          1.0000
1517.0          1.0000
1518.0          1.0000
1519.0          1.0000
1520.0          1.0000
1521.0          1.0000
1522.0          1.0000
1523.0          1.0000
1524.0          1.0000
1525.0          1.0000
1526.0          1.0000
1527.0          1.0000
1528.0          1.0000
1529.0          1.0000
1530.0          1.0000
1531.0          1.0000
1532.0          1.0000
1533.0          1.0000
1534.0          1.0000
1535.0          1.0000
1536.0          1.0000
1537.0          1.0000
1538.0          1.0000
1539.0          1.0000
1540.0          1.0000
1541.0          1.0000
1542.0          1.0000
1543.0          1.0000
1544.0          1.0000
1545.0          1.0000
1546.0          1.0000
1547.0          1.0000
1548.0          1.0000
1549.0          1.0000
1550.0          1.0000
1551.0          1.0000
1552.0          1.0000
1553.0          1.0000
1554.0          1.0000
1555.0          1.0000
1556.0          1.0000
1557.0          1.0000
1558.0          1.0000
1559.0          1.0000
1560.0          1.0000
1561.0          1.0000
1562.0          1.0000
1563.0          1.0000
1564.0          1.0000
1565.0          1.0000
1566.0          1.0000
1567.0          1.0000
1568.0          1.0000
1569.0          1.0000
1570.0          1.0000
1571.0          1.0000
1572.0          1.0000
1573.0          1.0000
1574.0          1.0000
1575.0          1.0000
1576.0          1.0000
1577.0          1.0000
1578.0          1.0000
1579.0          1.0000
1580.0          1.0000
1581.0          1.0000
1582.0          1.0000
1583.0          1.0000
1584.0          1.0000
1585.0          1.0000
1586.0          1.0000
1587.0          1.0000
1588.0          1.0000
1589.0          1.0000
1590.0          1.0000
1591.0          1.0000
1592.0          1.0000
1593.0          1.0000
1594.0          1.0000
1595.0          1.0000
1596.0          1.0000
1597.0          1.0000
1598.0          1.0000
1599.0          1.0000
1600.0          1.0000
1601.0          1.0000
1602.0          1.0000
1603.0          1.0000
1604.0          1.0000
1605.0          1.0000
1606.0          1.0000
1607.0          1.0000
1608.0          1.0000
1609.0          1.0000
1610.0          1.0000
1611.0          1.0000
1612.0          1.0000
1613.0          1.0000
1614.0          1.0000
1615.0          1.0000
1616.0          1.0000
1617.0          1.0000
1618.0          1.0000
1619.0          1.0000
1620.0          1.0000
1621.0          1.0000
1622.0          1.0000
1623.0          1.0000
1624.0          1.0000
1625.0          1.0000
1626.0          1.0000
1627.0          1.0000
1628.0          1.0000
1629.0          1.0000
1630.0          1.0000
1631.0          1.0000
1632.0          1.0000
1633.0          1.0000
1634.0          1.0000
1635.0          1.0000
1636.0          1.0000
1637.0          1.0000
1638.0          1.0000
1639.0          1.0000
1640.0          1.0000
1641.0          1.0000
1642.0          1.0000
1643.0          1.0000
1644.0          1.0000
1645.0          1.0000
1646.0          1.0000
1647.0          1.0000
1648.0          1.0000
1649.0          1.0000
1650.0          1.0000
1400.0          0.0000
1401.0          -4.4409E-15
1402.0          3.5527E-15
1403.0          -2.4425E-15
1404.0          -3.3307E-15
1405.0          -3.7748E-15
1406.0          -1.1102E-15
1407.0          9.9920E-16
1408.0          -1.9984E-15
1409.0          2.4425E-15
1410.0          9.9920E-16
1411.0          5.7732E-15
1412.0          -2.2204E-16
1413.0          5.5511E-16
1414.0          -3.1086E-15
1415.0          -8.8818E-16
1416.0          3.3307E-16
1417.0          -5.1070E-15
1418.0          -5.9952E-15
1419.0          7.9936E-15
1420.0          -1.7764E-15
1421.0          -7.1054E-15
1422.0          7.7716E-16
1423.0          -1.9984E-15
1424.0          1.1102E-15
1425.0          2.2204E-15
1426.0          2.7756E-15
1427.0          -4.6629E-15
1428.0          1.7764E-15
1429.0          -1.5543E-15
1430.0          1.4433E-15
1431.0          -1.1102E-15
1432.0          1.7764E-15
1433.0          -5.9952E-15
1434.0          -4.4409E-16
1435.0          -3.1086E-15
1436.0          5.7732E-15
1437.0          -2.2204E-15
1438.0          -6.4393E-15
1439.0          4.5519E-15
1440.0          -7.7716E-15
1441.0          -2.1982E-14
1442.0          3.3307E-16
1443.0          -7.5495E-15
1444.0          -2.4425E-15
1445.0          -2.1316E-14
1446.0          -1.5543E-14
1447.0          -9.9920E-15
1448.0          7.7716E-15
1449.0          2.1760E-14
1450.0          1.0658E-14
1451.0          7.9936E-15
1452.0          -1.4211E-14
1453.0          1.5543E-15
1454.0          7.9936E-15
1455.0          -3.3529E-14
1456.0          5.3291E-15
1457.0          -3.3307E-15
1458.0          1.7764E-15
1459.0          5.3291E-15
1460.0          -1.3989E-14
1461.0          -7.9936E-15
1462.0          1.3323E-15
1463.0          7.7716E-16
1464.0          -7.3275E-15
1465.0          6.8834E-15
1466.0          -4.8850E-15
1467.0          6.9944E-15
1468.0          3.3307E-15
1469.0          -2.2204E-16
1470.0          2.2204E-16
1471.0          -2.2204E-16
1472.0          -4.8850E-15
1473.0          -2.2204E-16
1474.0          -8.8818E-16
1475.0          -1.5543E-15
1476.0          1.7764E-15
1477.0          1.3323E-15
1478.0          -1.3323E-15
1479.0          -3.3307E-15
1480.0          -2.6645E-15
1481.0          1.7764E-15
1482.0          1.8874E-15
1483.0          -2.8866E-15
1484.0          4.1078E-15
1485.0          -1.0436E-14
1486.0          1.7764E-15
1487.0          -2.8866E-15
1488.0          3.3307E-16
1489.0          -6.4393E-15
1490.0          -1.1102E-15
1491.0          -1.7764E-15
1492.0          -1.7764E-15
1493.0          3.9968E-15
1494.0          6.3283E-15
1495.0          -8.8818E-16
1496.0          3.3307E-16
1497.0          1.5543E-15
1498.0          8.8818E-16
1499.0          -3.7748E-15
1500.0          -1.7764E-15
1501.0          -3.1086E-15
1502.0          2.5535E-15
1503.0          -2.1538E-14
1504.0          -1.4655E-14
1505.0          3.4195E-14
1506.0          4.0856E-14
1507.0          -1.4300E-13
1508.0          -6.7280E-14
1509.0          2.6867E-14
1510.0          2.5535E-15
1511.0          9.3259E-15
1512.0          -2.2204E-16
1513.0          -3.5527E-15
1514.0          5.5511E-16
1515.0          2.3315E-15
1516.0          1.4433E-15
1517.0          4.1078E-15
1518.0          -3.1086E-15
1519.0          -1.7764E-15
1520.0          2.6645E-15
1521.0          -1.3323E-15
1522.0          1.9984E-15
1523.0          -2.2204E-15
1524.0          0.0000
1525.0          2.7756E-15
1526.0          -2.6645E-15
1527.0          -1.3323E-15
1528.0          2.2204E-16
1529.0          3.7748E-15
1530.0          1.3323E-15
1531.0          -1.1102E-15
1532.0          1.3323E-15
1533.0          -1.1102E-15
1534.0          -1.1102E-15
1535.0          3.4417E-15
1536.0          2.8866E-15
1537.0          2.6645E-15
1538.0          4.4409E-16
1539.0          7.7716E-16
1540.0          2.6645E-15
1541.0          4.4409E-16
1542.0          -3.1086E-15
1543.0          2.3315E-15
1544.0          1.8874E-15
1545.0          3.7748E-15
1546.0          -2.8866E-15
1547.0          -1.1102E-15
1548.0          -1.7764E-15
1549.0          -6.6613E-16
1550.0          4.2188E-15
1551.0          -5.1070E-15
1552.0          1.6653E-15
1553.0          -3.3307E-15
1554.0          2.1094E-15
1555.0          -3.3307E-15
1556.0          -2.8866E-15
1557.0          4.4409E-15
1558.0          2.2204E-15
1559.0          6.6613E-16
1560.0          0.0000
1561.0          3.5527E-15
1562.0          6.6613E-16
1563.0          8.8818E-16
1564.0          5.2180E-15
1565.0          -2.6645E-15
1566.0          -2.4425E-15
1567.0          1.2212E-15
1568.0          1.3323E-15
1569.0          -2.2204E-16
1570.0          -6.6613E-16
1571.0          0.0000
1572.0          7.7716E-16
1573.0          3.3307E-16
1574.0          2.2204E-15
1575.0          -2.8866E-15
1576.0          2.7756E-15
1577.0          -4.4409E-16
1578.0          -2.2204E-15
1579.0          2.2204E-16
1580.0          -6.6613E-16
1581.0          2.2204E-16
1582.0          -3.5527E-15
1583.0          2.5535E-15
1584.0          -8.8818E-16
1585.0          4.7740E-15
1586.0          6.6613E-16
1587.0          1.3323E-15
1588.0          9.9920E-16
1589.0          3.5527E-15
1590.0          -2.6645E-15
1591.0          -2.6645E-15
1592.0          1.3323E-15
1593.0          -4.4409E-16
1594.0          1.9984E-15
1595.0          -4.6629E-15
1596.0          5.9952E-15
1597.0          -3.5527E-15
1598.0          4.4409E-16
1599.0          1.1102E-16
1600.0          1.4433E-15
1601.0          0.0000
1602.0          -4.4409E-15
1603.0          7.7716E-16
1604.0          -1.5543E-15
1605.0          8.8818E-16
1606.0          -2.2204E-16
1607.0          -2.6645E-15
1608.0          1.7764E-15
1609.0          1.2212E-15
1610.0          2.4425E-15
1611.0          -1.3323E-15
1612.0          1.2212E-15
1613.0          -5.1070E-15
1614.0          -1.7764E-15
1615.0          1.1102E-15
1616.0          -4.4409E-16
1617.0          -3.9968E-15
1618.0          -6.6613E-16
1619.0          1.4433E-15
1620.0          -5.3291E-15
1621.0          -2.8866E-15
1622.0          -2.8866E-15
1623.0          -3.1086E-15
1624.0          2.4425E-15
1625.0          3.3307E-16
1626.0          -1.1102E-15
1627.0          -3.5527E-15
1628.0          2.2204E-16
1629.0          1.6653E-15
1630.0          -3.1086E-15
1631.0          2.2204E-16
1632.0          3.1086E-15
1633.0          1.6653E-15
1634.0          1.2212E-15
1635.0          -2.4425E-15
1636.0          -2.6645E-15
1637.0          -6.6613E-16
1638.0          1.4433E-15
1639.0          7.7716E-16
1640.0          1.1102E-15
1641.0          3.3307E-16
1642.0          1.2212E-15
1643.0          4.2188E-15
1644.0          -3.3307E-15
1645.0          6.6613E-16
1646.0          2.4425E-15
1647.0          -2.8866E-15
1648.0          -1.1102E-15
1649.0          -3.7748E-15
1650.0          -1.7764E-15
