1400.0          0.17051
1401.0          0.16740
1402.0          0.16432
1403.0          0.16126
1404.0          0.15821
1405.0          0.15518
1406.0          0.15215
1407.0          0.14910
1408.0          0.14604
1409.0          0.14295
1410.0          0.13981
1411.0          0.13662
1412.0          0.13335
1413.0          0.12999
1414.0          0.12650
1415.0          0.12285
1416.0          0.11899
1417.0          0.11487
1418.0          0.11041
1419.0          0.10549
1420.0          0.099958
1421.0          0.093586
1422.0          0.086027
1423.0          0.076740
1424.0          0.064892
1425.0          0.049404
1426.0          0.031429
1427.0          0.057423
1428.0          0.91281
1429.0          0.53244
1430.0          0.31351
1431.0          0.23922
1432.0          0.20310
1433.0          0.18164
1434.0          0.16721
1435.0          0.15667
1436.0          0.14850
1437.0          0.14187
1438.0          0.13632
1439.0          0.13154
1440.0          0.12733
1441.0          0.12357
1442.0          0.12015
1443.0          0.11701
1444.0          0.11409
1445.0          0.11137
1446.0          0.10880
1447.0          0.10637
1448.0          0.10405
1449.0          0.10184
1450.0          0.099714
1451.0          0.097667
1452.0          0.095689
1453.0          0.093772
1454.0          0.091911
1455.0          0.090100
1456.0          0.088332
1457.0          0.086603
1458.0          0.084909
1459.0          0.083245
1460.0          0.081606
1461.0          0.079987
1462.0          0.078382
1463.0          0.076784
1464.0          0.075186
1465.0          0.073578
1466.0          0.071945
1467.0          0.070269
1468.0          0.068522
1469.0          0.066663
1470.0          0.064623
1471.0          0.062283
1472.0          0.059415
1473.0          0.055511
1474.0          0.049204
1475.0          0.035516
1476.0          0.99137
1477.0          0.10938
1478.0          0.083476
1479.0          0.074991
1480.0          0.070445
1481.0          0.067412
1482.0          0.065125
1483.0          0.063264
1484.0          0.061675
1485.0          0.060271
1486.0          0.059001
1487.0          0.057835
1488.0          0.056750
1489.0          0.055731
1490.0          0.054769
1491.0          0.053856
1492.0          0.052986
1493.0          0.052153
1494.0          0.051356
1495.0          0.050591
1496.0          0.049856
1497.0          0.049149
1498.0          0.048469
1499.0          0.047814
1500.0          0.047183
1501.0          0.046576
1502.0          0.045991
1503.0          0.045428
1504.0          0.044886
1505.0          0.044365
1506.0          0.043864
1507.0          0.043383
1508.0          0.042921
1509.0          0.042478
1510.0          0.042054
1511.0          0.041648
1512.0          0.041261
1513.0          0.040891
1514.0          0.040539
1515.0          0.040204
1516.0          0.039886
1517.0          0.039586
1518.0          0.039302
1519.0          0.039035
1520.0          0.038784
1521.0          0.038549
1522.0          0.038330
1523.0          0.038128
1524.0          0.037941
1525.0          0.037770
1526.0          0.037614
1527.0          0.037473
1528.0          0.037348
1529.0          0.037238
1530.0          0.037142
1531.0          0.037062
1532.0          0.036996
1533.0          0.036944
1534.0          0.036907
1535.0          0.036884
1536.0          0.036876
1537.0          0.036881
1538.0          0.036901
1539.0          0.036934
1540.0          0.036981
1541.0          0.037041
1542.0          0.037115
1543.0          0.037202
1544.0          0.037302
1545.0          0.037415
1546.0          0.037542
1547.0          0.037681
1548.0          0.037833
1549.0          0.037998
1550.0          0.038175
1551.0          0.038364
1552.0          0.038566
1553.0          0.038780
1554.0          0.039006
1555.0          0.039244
1556.0          0.039494
1557.0          0.039756
1558.0          0.040029
1559.0          0.040314
1560.0          0.040610
1561.0          0.040918
1562.0          0.041237
1563.0          0.041566
1564.0          0.041907
1565.0          0.042259
1566.0          0.042621
1567.0          0.042994
1568.0          0.043378
1569.0          0.043772
1570.0          0.044176
1571.0          0.044591
1572.0          0.045016
1573.0          0.045451
1574.0          0.045895
1575.0          0.046350
1576.0          0.046814
1577.0          0.047287
1578.0          0.047771
1579.0          0.048263
1580.0          0.048765
1581.0          0.049276
1582.0          0.049796
1583.0          0.050325
1584.0          0.050863
1585.0          0.051410
1586.0          0.051965
1587.0          0.052529
1588.0          0.053101
1589.0          0.053681
1590.0          0.054270
1591.0          0.054867
1592.0          0.055472
1593.0          0.056085
1594.0          0.056705
1595.0          0.057334
1596.0          0.057970
1597.0          0.058613
1598.0          0.059264
1599.0          0.059922
1600.0          0.060588
1601.0          0.061260
1602.0          0.061940
1603.0          0.062627
1604.0          0.063320
1605.0          0.064020
1606.0          0.064727
1607.0          0.065440
1608.0          0.066160
1609.0          0.066886
1610.0          0.067619
1611.0          0.068357
1612.0          0.069102
1613.0          0.069852
1614.0          0.070609
1615.0          0.071371
1616.0          0.072139
1617.0          0.072912
1618.0          0.073691
1619.0          0.074476
1620.0          0.075266
1621.0          0.076061
1622.0          0.076861
1623.0          0.077666
1624.0          0.078477
1625.0          0.079292
1626.0          0.080112
1627.0          0.080936
1628.0          0.081766
1629.0          0.082600
1630.0          0.083438
1631.0          0.084281
1632.0          0.085128
1633.0          0.085979
1634.0          0.086834
1635.0          0.087694
1636.0          0.088557
1637.0          0.089424
1638.0          0.090295
1639.0          0.091170
1640.0          0.092048
1641.0          0.092930
1642.0          0.093816
1643.0          0.094705
1644.0          0.095597
1645.0          0.096492
1646.0          0.097391
1647.0          0.098293
1648.0          0.099197
1649.0          0.10011
1650.0          0.10102
1400.0          0.82949
1401.0          0.83260
1402.0          0.83568
1403.0          0.83874
1404.0          0.84179
1405.0          0.84482
1406.0          0.84785
1407.0          0.85090
1408.0          0.85396
1409.0          0.85705
1410.0          0.86019
1411.0          0.86338
1412.0          0.86665
1413.0          0.87001
1414.0          0.87350
1415.0          0.87715
1416.0          0.88101
1417.0          0.88513
1418.0          0.88959
1419.0          0.89451
1420.0          0.90004
1421.0          0.90641
1422.0          0.91397
1423.0          0.92326
1424.0          0.93511
1425.0          0.95060
1426.0          0.96857
1427.0          0.94258
1428.0          0.087192
1429.0          0.46756
1430.0          0.68649
1431.0          0.76078
1432.0          0.79690
1433.0          0.81836
1434.0          0.83279
1435.0          0.84333
1436.0          0.85150
1437.0          0.85813
1438.0          0.86368
1439.0          0.86846
1440.0          0.87267
1441.0          0.87643
1442.0          0.87985
1443.0          0.88299
1444.0          0.88591
1445.0          0.88863
1446.0          0.89120
1447.0          0.89363
1448.0          0.89595
1449.0          0.89816
1450.0          0.90029
1451.0          0.90233
1452.0          0.90431
1453.0          0.90623
1454.0          0.90809
1455.0          0.90990
1456.0          0.91167
1457.0          0.91340
1458.0          0.91509
1459.0          0.91675
1460.0          0.91839
1461.0          0.92001
1462.0          0.92162
1463.0          0.92322
1464.0          0.92481
1465.0          0.92642
1466.0          0.92806
1467.0          0.92973
1468.0          0.93148
1469.0          0.93334
1470.0          0.93538
1471.0          0.93772
1472.0          0.94059
1473.0          0.94449
1474.0          0.95080
1475.0          0.96448
1476.0          0.0086341
1477.0          0.89062
1478.0          0.91652
1479.0          0.92501
1480.0          0.92955
1481.0          0.93259
1482.0          0.93488
1483.0          0.93674
1484.0          0.93833
1485.0          0.93973
1486.0          0.94100
1487.0          0.94217
1488.0          0.94325
1489.0          0.94427
1490.0          0.94523
1491.0          0.94614
1492.0          0.94701
1493.0          0.94785
1494.0          0.94864
1495.0          0.94941
1496.0          0.95014
1497.0          0.95085
1498.0          0.95153
1499.0          0.95219
1500.0          0.95282
1501.0          0.95342
1502.0          0.95401
1503.0          0.95457
1504.0          0.95511
1505.0          0.95564
1506.0          0.95614
1507.0          0.95662
1508.0          0.95708
1509.0          0.95752
1510.0          0.95795
1511.0          0.95835
1512.0          0.95874
1513.0          0.95911
1514.0          0.95946
1515.0          0.95980
1516.0          0.96011
1517.0          0.96041
1518.0          0.96070
1519.0          0.96097
1520.0          0.96122
1521.0          0.96145
1522.0          0.96167
1523.0          0.96187
1524.0          0.96206
1525.0          0.96223
1526.0          0.96239
1527.0          0.96253
1528.0          0.96265
1529.0          0.96276
1530.0          0.96286
1531.0          0.96294
1532.0          0.96300
1533.0          0.96306
1534.0          0.96309
1535.0          0.96312
1536.0          0.96312
1537.0          0.96312
1538.0          0.96310
1539.0          0.96307
1540.0          0.96302
1541.0          0.96296
1542.0          0.96289
1543.0          0.96280
1544.0          0.96270
1545.0          0.96258
1546.0          0.96246
1547.0          0.96232
1548.0          0.96217
1549.0          0.96200
1550.0          0.96183
1551.0          0.96164
1552.0          0.96143
1553.0          0.96122
1554.0          0.96099
1555.0          0.96076
1556.0          0.96051
1557.0          0.96024
1558.0          0.95997
1559.0          0.95969
1560.0          0.95939
1561.0          0.95908
1562.0          0.95876
1563.0          0.95843
1564.0          0.95809
1565.0          0.95774
1566.0          0.95738
1567.0          0.95701
1568.0          0.95662
1569.0          0.95623
1570.0          0.95582
1571.0          0.95541
1572.0          0.95498
1573.0          0.95455
1574.0          0.95410
1575.0          0.95365
1576.0          0.95319
1577.0          0.95271
1578.0          0.95223
1579.0          0.95174
1580.0          0.95123
1581.0          0.95072
1582.0          0.95020
1583.0          0.94967
1584.0          0.94914
1585.0          0.94859
1586.0          0.94804
1587.0          0.94747
1588.0          0.94690
1589.0          0.94632
1590.0          0.94573
1591.0          0.94513
1592.0          0.94453
1593.0          0.94392
1594.0          0.94329
1595.0          0.94267
1596.0          0.94203
1597.0          0.94139
1598.0          0.94074
1599.0          0.94008
1600.0          0.93941
1601.0          0.93874
1602.0          0.93806
1603.0          0.93737
1604.0          0.93668
1605.0          0.93598
1606.0          0.93527
1607.0          0.93456
1608.0          0.93384
1609.0          0.93311
1610.0          0.93238
1611.0          0.93164
1612.0          0.93090
1613.0          0.93015
1614.0          0.92939
1615.0          0.92863
1616.0          0.92786
1617.0          0.92709
1618.0          0.92631
1619.0          0.92552
1620.0          0.92473
1621.0          0.92394
1622.0          0.92314
1623.0          0.92233
1624.0          0.92152
1625.0          0.92071
1626.0          0.91989
1627.0          0.91906
1628.0          0.91823
1629.0          0.91740
1630.0          0.91656
1631.0          0.91572
1632.0          0.91487
1633.0          0.91402
1634.0          0.91317
1635.0          0.91231
1636.0          0.91144
1637.0          0.91058
1638.0          0.90970
1639.0          0.90883
1640.0          0.90795
1641.0          0.90707
1642.0          0.90618
1643.0          0.90530
1644.0          0.90440
1645.0          0.90351
1646.0          0.90261
1647.0          0.90171
1648.0          0.90080
1649.0          0.89989
1650.0          0.89898
1400.0          1.0000
1401.0          1.0000
1402.0          1.0000
1403.0          1.0000
1404.0          1.0000
1405.0          1.0000
1406.0          1.0000
1407.0          1.0000
1408.0          1.0000
1409.0          1.0000
1410.0          1.0000
1411.0          1.0000
1412.0          1.0000
1413.0          1.0000
1414.0          1.0000
1415.0          1.0000
1416.0          1.0000
1417.0          1.0000
1418.0          1.0000
1419.0          1.0000
1420.0          1.0000
1421.0          1.0000
1422.0          1.0000
1423.0          1.0000
1424.0          1.0000
1425.0          1.0000
1426.0          1.0000
1427.0          1.0000
1428.0          1.0000
1429.0          1.0000
1430.0          1.0000
1431.0          1.0000
1432.0          1.0000
1433.0          1.0000
1434.0          1.0000
1435.0          1.0000
1436.0          1.0000
1437.0          1.0000
1438.0          1.0000
1439.0          1.0000
1440.0          1.0000
1441.0          1.0000
1442.0          1.0000
1443.0          1.0000
1444.0          1.0000
1445.0          1.0000
1446.0          1.0000
1447.0          1.0000
1448.0          1.0000
1449.0          1.0000
1450.0          1.0000
1451.0          1.0000
1452.0          1.0000
1453.0          1.0000
1454.0          1.0000
1455.0          1.0000
1456.0          1.0000
1457.0          1.0000
1458.0          1.0000
1459.0          1.0000
1460.0          1.0000
1461.0          1.0000
1462.0          1.0000
1463.0          1.0000
1464.0          1.0000
1465.0          1.0000
1466.0          1.0000
1467.0          1.0000
1468.0          1.0000
1469.0          1.0000
1470.0          1.0000
1471.0          1.0000
1472.0          1.0000
1473.0          1.0000
1474.0          1.0000
1475.0          1.0000
1476.0          1.0000
1477.0          1.0000
1478.0          1.0000
1479.0          1.0000
1480.0          1.0000
1481.0          1.0000
1482.0          1.0000
1483.0          1.0000
1484.0          1.0000
1485.0          1.0000
1486.0          1.0000
1487.0          1.0000
1488.0          1.0000
1489.0          1.0000
1490.0          1.0000
1491.0          1.0000
1492.0          1.0000
1493.0          1.0000
1494.0          1.0000
1495.0          1.0000
1496.0          1.0000
1497.0          1.0000
1498.0          1.0000
1499.0          1.0000
1500.0          1.0000
1501.0          1.0000
1502.0          1.0000
1503.0          1.0000
1504.0          1.0000
1505.0          1.0000
1506.0          1.0000
1507.0          1.0000
1508.0          1.0000
1509.0          1.0000
1510.0          1.0000
1511.0          1.0000
1512.0          1.0000
1513.0          1.0000
1514.0          1.0000
1515.0          1.0000
1516.0          1.0000
1517.0          1.0000
1518.0          1.0000
1519.0          1.0000
1520.0          1.0000
1521.0          1.0000
1522.0          1.0000
1523.0          1.0000
1524.0          1.0000
1525.0          1.0000
1526.0          1.0000
1527.0          1.0000
1528.0          1.0000
1529.0          1.0000
1530.0          1.0000
1531.0          1.0000
1532.0          1.0000
1533.0          1.0000
1534.0          1.0000
1535.0          1.0000
1536.0          1.0000
1537.0          1.0000
1538.0          1.0000
1539.0          1.0000
1540.0          1.0000
1541.0          1.0000
1542.0          1.0000
1543.0          1.0000
1544.0          1.0000
1545.0          1.0000
1546.0          1.0000
1547.0          1.0000
1548.0          1.0000
1549.0          1.0000
1550.0          1.0000
1551.0          1.0000
1552.0          1.0000
1553.0          1.0000
1554.0          1.0000
1555.0          1.0000
1556.0          1.0000
1557.0          1.0000
1558.0          1.0000
1559.0          1.0000
1560.0          1.0000
1561.0          1.0000
1562.0          1.0000
1563.0          1.0000
1564.0          1.0000
1565.0          1.0000
1566.0          1.0000
1567.0          1.0000
1568.0          1.0000
1569.0          1.0000
1570.0          1.0000
1571.0          1.0000
1572.0          1.0000
1573.0          1.0000
1574.0          1.0000
1575.0          1.0000
1576.0          1.0000
1577.0          1.0000
1578.0          1.0000
1579.0          1.0000
1580.0          1.0000
1581.0          1.0000
1582.0          1.0000
1583.0          1.0000
1584.0          1.0000
1585.0          1.0000
1586.0          1.0000
1587.0          1.0000
1588.0          1.0000
1589.0          1.0000
1590.0          1.0000
1591.0          1.0000
1592.0          1.0000
1593.0          1.0000
1594.0          1.0000
1595.0          1.0000
1596.0          1.0000
1597.0          1.0000
1598.0          1.0000
1599.0          1.0000
1600.0          1.0000
1601.0          1.0000
1602.0          1.0000
1603.0          1.0000
1604.0          1.0000
1605.0          1.0000
1606.0          1.0000
1607.0          1.0000
1608.0          1.0000
1609.0          1.0000
1610.0          1.0000
1611.0          1.0000
1612.0          1.0000
1613.0          1.0000
1614.0          1.0000
1615.0          1.0000
1616.0          1.0000
1617.0          1.0000
1618.0          1.0000
1619.0          1.0000
1620.0          1.0000
1621.0          1.0000
1622.0          1.0000
1623.0          1.0000
1624.0          1.0000
1625.0          1.0000
1626.0          1.0000
1627.0          1.0000
1628.0          1.0000
1629.0          1.0000
1630.0          1.0000
1631.0          1.0000
1632.0          1.0000
1633.0          1.0000
1634.0          1.0000
1635.0          1.0000
1636.0          1.0000
1637.0          1.0000
1638.0          1.0000
1639.0          1.0000
1640.0          1.0000
1641.0          1.0000
1642.0          1.0000
1643.0          1.0000
1644.0          1.0000
1645.0          1.0000
1646.0          1.0000
1647.0          1.0000
1648.0          1.0000
1649.0          1.0000
1650.0          1.0000
1400.0          -1.3323E-15
1401.0          1.5543E-15
1402.0          9.9920E-16
1403.0          2.8866E-15
1404.0          1.9984E-15
1405.0          -4.4409E-16
1406.0          1.1102E-15
1407.0          2.6645E-15
1408.0          -1.3323E-15
1409.0          -2.2204E-16
1410.0          3.9968E-15
1411.0          1.2212E-15
1412.0          3.3307E-16
1413.0          -2.4425E-15
1414.0          -3.1086E-15
1415.0          1.1102E-16
1416.0          -6.6613E-16
1417.0          1.1102E-16
1418.0          0.0000
1419.0          1.9984E-15
1420.0          -2.2204E-16
1421.0          0.0000
1422.0          -2.6645E-15
1423.0          1.6653E-15
1424.0          -1.3323E-15
1425.0          7.3275E-15
1426.0          -1.1102E-15
1427.0          -8.8818E-15
1428.0          4.6629E-14
1429.0          4.8850E-15
1430.0          1.3323E-15
1431.0          1.2212E-15
1432.0          -1.1102E-15
1433.0          -6.6613E-16
1434.0          4.8850E-15
1435.0          0.0000
1436.0          -2.2204E-16
1437.0          1.3323E-15
1438.0          -1.1102E-15
1439.0          5.5511E-16
1440.0          2.2204E-16
1441.0          -4.4409E-16
1442.0          -2.2204E-15
1443.0          2.7756E-15
1444.0          1.1102E-15
1445.0          2.1094E-15
1446.0          2.2204E-15
1447.0          2.3315E-15
1448.0          2.6645E-15
1449.0          2.2204E-16
1450.0          1.7764E-15
1451.0          3.3307E-16
1452.0          -4.4409E-16
1453.0          -2.2204E-15
1454.0          2.6645E-15
1455.0          -4.4409E-16
1456.0          -1.1102E-15
1457.0          -1.1102E-15
1458.0          1.5543E-15
1459.0          6.6613E-16
1460.0          -1.3323E-15
1461.0          -2.2204E-16
1462.0          5.5511E-16
1463.0          -1.1102E-15
1464.0          3.5527E-15
1465.0          8.8818E-16
1466.0          -1.7764E-15
1467.0          1.2212E-15
1468.0          -2.2204E-15
1469.0          5.3291E-15
1470.0          0.0000
1471.0          4.4409E-16
1472.0          -6.6613E-16
1473.0          -4.2188E-15
1474.0          -1.7764E-15
1475.0          6.1062E-15
1476.0          8.6120E-13
1477.0          -8.8818E-16
1478.0          3.7748E-15
1479.0          6.6613E-16
1480.0          6.6613E-16
1481.0          0.0000
1482.0          1.5543E-15
1483.0          -6.6613E-16
1484.0          1.4433E-15
1485.0          3.5527E-15
1486.0          -8.8818E-16
1487.0          -1.5543E-15
1488.0          -4.4409E-16
1489.0          2.7756E-15
1490.0          -8.8818E-16
1491.0          -2.2204E-15
1492.0          3.6637E-15
1493.0          4.4409E-16
1494.0          1.5543E-15
1495.0          1.8874E-15
1496.0          1.3323E-15
1497.0          2.2204E-16
1498.0          1.1102E-16
1499.0          -4.4409E-16
1500.0          3.3307E-16
1501.0          4.4409E-16
1502.0          1.3323E-15
1503.0          3.3307E-16
1504.0          -2.2204E-16
1505.0          -1.1102E-15
1506.0          -1.3323E-15
1507.0          1.7764E-15
1508.0          3.1086E-15
1509.0          -1.7764E-15
1510.0          9.9920E-16
1511.0          2.4425E-15
1512.0          -2.2204E-16
1513.0          -1.5543E-15
1514.0          7.7716E-16
1515.0          4.1078E-15
1516.0          3.3307E-16
1517.0          1.4433E-15
1518.0          3.3307E-15
1519.0          3.3307E-16
1520.0          4.4409E-16
1521.0          -2.2204E-15
1522.0          0.0000
1523.0          -1.7764E-15
1524.0          -2.2204E-15
1525.0          -1.7764E-15
1526.0          -6.6613E-16
1527.0          -1.5543E-15
1528.0          -1.9984E-15
1529.0          5.5511E-15
1530.0          4.4409E-16
1531.0          -1.1102E-15
1532.0          7.7716E-16
1533.0          -4.8850E-15
1534.0          -1.3323E-15
1535.0          -1.5543E-15
1536.0          6.6613E-16
1537.0          3.1086E-15
1538.0          8.8818E-16
1539.0          -1.3323E-15
1540.0          -8.8818E-16
1541.0          0.0000
1542.0          1.1102E-15
1543.0          9.9920E-16
1544.0          1.5543E-15
1545.0          3.2196E-15
1546.0          2.1094E-15
1547.0          3.9968E-15
1548.0          1.6653E-15
1549.0          2.3315E-15
1550.0          1.1102E-16
1551.0          7.7716E-16
1552.0          2.8866E-15
1553.0          -1.1102E-15
1554.0          1.7764E-15
1555.0          4.4409E-15
1556.0          -4.4409E-16
1557.0          -1.9984E-15
1558.0          8.8818E-16
1559.0          -1.5543E-15
1560.0          -1.9984E-15
1561.0          1.8874E-15
1562.0          3.5527E-15
1563.0          -2.2204E-16
1564.0          -2.2204E-16
1565.0          -2.2204E-15
1566.0          3.3307E-16
1567.0          1.8874E-15
1568.0          -2.4425E-15
1569.0          6.6613E-16
1570.0          4.9960E-15
1571.0          0.0000
1572.0          3.3307E-16
1573.0          6.6613E-15
1574.0          -1.9984E-15
1575.0          -2.2204E-15
1576.0          1.1102E-15
1577.0          8.8818E-16
1578.0          0.0000
1579.0          -2.4425E-15
1580.0          2.5535E-15
1581.0          3.5527E-15
1582.0          4.4409E-16
1583.0          -8.8818E-16
1584.0          1.1102E-15
1585.0          -7.3275E-15
1586.0          3.6637E-15
1587.0          4.1078E-15
1588.0          2.1094E-15
1589.0          9.9920E-16
1590.0          -2.2204E-16
1591.0          3.2196E-15
1592.0          5.5511E-16
1593.0          -2.2204E-16
1594.0          -2.6645E-15
1595.0          1.5543E-15
1596.0          -2.6645E-15
1597.0          0.0000
1598.0          3.7748E-15
1599.0          -6.6613E-16
1600.0          -3.5527E-15
1601.0          1.8874E-15
1602.0          -2.2204E-16
1603.0          -4.4409E-16
1604.0          6.6613E-16
1605.0          2.2204E-16
1606.0          2.4425E-15
1607.0          4.4409E-16
1608.0          -3.5527E-15
1609.0          3.3307E-16
1610.0          -1.5543E-15
1611.0          -4.4409E-16
1612.0          -1.3323E-15
1613.0          -2.2204E-16
1614.0          1.9984E-15
1615.0          -2.2204E-16
1616.0          -2.8866E-15
1617.0          -4.4409E-16
1618.0          6.6613E-16
1619.0          1.8874E-15
1620.0          3.9968E-15
1621.0          -1.3323E-15
1622.0          3.1086E-15
1623.0          8.8818E-16
1624.0          2.3315E-15
1625.0          -1.5543E-15
1626.0          1.8874E-15
1627.0          7.7716E-16
1628.0          1.5543E-15
1629.0          -6.6613E-16
1630.0          2.5535E-15
1631.0          1.1102E-16
1632.0          -2.6645E-15
1633.0          2.7756E-15
1634.0          1.3323E-15
1635.0          6.6613E-16
1636.0          -1.3323E-15
1637.0          -3.5527E-15
1638.0          3.6637E-15
1639.0          -4.4409E-16
1640.0          -4.4409E-16
1641.0          -4.4409E-16
1642.0          -2.2204E-16
1643.0          2.4425E-15
1644.0          -2.4425E-15
1645.0          8.8818E-16
1646.0          5.5511E-16
1647.0          3.5527E-15
1648.0          6.6613E-16
1649.0          3.7748E-15
1650.0          5.9952E-15
