1400.0          0.064009
1401.0          0.063313
1402.0          0.062621
1403.0          0.061932
1404.0          0.061248
1405.0          0.060568
1406.0          0.059892
1407.0          0.059222
1408.0          0.058556
1409.0          0.057895
1410.0          0.057239
1411.0          0.056589
1412.0          0.055945
1413.0          0.055306
1414.0          0.054674
1415.0          0.054047
1416.0          0.053427
1417.0          0.052814
1418.0          0.052207
1419.0          0.051607
1420.0          0.051015
1421.0          0.050429
1422.0          0.049851
1423.0          0.049280
1424.0          0.048716
1425.0          0.048161
1426.0          0.047613
1427.0          0.047073
1428.0          0.046542
1429.0          0.046018
1430.0          0.045503
1431.0          0.044996
1432.0          0.044498
1433.0          0.044009
1434.0          0.043528
1435.0          0.043056
1436.0          0.042593
1437.0          0.042139
1438.0          0.041695
1439.0          0.041259
1440.0          0.040833
1441.0          0.040416
1442.0          0.040009
1443.0          0.039611
1444.0          0.039222
1445.0          0.038844
1446.0          0.038475
1447.0          0.038116
1448.0          0.037767
1449.0          0.037427
1450.0          0.037098
1451.0          0.036779
1452.0          0.036469
1453.0          0.036170
1454.0          0.035881
1455.0          0.035602
1456.0          0.035333
1457.0          0.035075
1458.0          0.034826
1459.0          0.034588
1460.0          0.034361
1461.0          0.034143
1462.0          0.033936
1463.0          0.033739
1464.0          0.033553
1465.0          0.033377
1466.0          0.033212
1467.0          0.033056
1468.0          0.032912
1469.0          0.032777
1470.0          0.032653
1471.0          0.032540
1472.0          0.032437
1473.0          0.032344
1474.0          0.032261
1475.0          0.032189
1476.0          0.032127
1477.0          0.032076
1478.0          0.032034
1479.0          0.032003
1480.0          0.031982
1481.0          0.031972
1482.0          0.031971
1483.0          0.031981
1484.0          0.032001
1485.0          0.032030
1486.0          0.032070
1487.0          0.032120
1488.0          0.032180
1489.0          0.032249
1490.0          0.032328
1491.0          0.032417
1492.0          0.032516
1493.0          0.032624
1494.0          0.032742
1495.0          0.032870
1496.0          0.033007
1497.0          0.033153
1498.0          0.033308
1499.0          0.033473
1500.0          0.033647
1501.0          0.033830
1502.0          0.034022
1503.0          0.034223
1504.0          0.034432
1505.0          0.034651
1506.0          0.034878
1507.0          0.035113
1508.0          0.035357
1509.0          0.035609
1510.0          0.035870
1511.0          0.036139
1512.0          0.036415
1513.0          0.036700
1514.0          0.036992
1515.0          0.037292
1516.0          0.037599
1517.0          0.037914
1518.0          0.038236
1519.0          0.038565
1520.0          0.038901
1521.0          0.039244
1522.0          0.039593
1523.0          0.039950
1524.0          0.040312
1525.0          0.040681
1526.0          0.041055
1527.0          0.041436
1528.0          0.041822
1529.0          0.042213
1530.0          0.042610
1531.0          0.043012
1532.0          0.043418
1533.0          0.043829
1534.0          0.044245
1535.0          0.044665
1536.0          0.045088
1537.0          0.045516
1538.0          0.045946
1539.0          0.046380
1540.0          0.046816
1541.0          0.047255
1542.0          0.047696
1543.0          0.048139
1544.0          0.048583
1545.0          0.049028
1546.0          0.049474
1547.0          0.049920
1548.0          0.050365
1549.0          0.050810
1550.0          0.051254
1551.0          0.051696
1552.0          0.052136
1553.0          0.052573
1554.0          0.053007
1555.0          0.053436
1556.0          0.053860
1557.0          0.054278
1558.0          0.054690
1559.0          0.055095
1560.0          0.055491
1561.0          0.055877
1562.0          0.056253
1563.0          0.056617
1564.0          0.056968
1565.0          0.057304
1566.0          0.057624
1567.0          0.057926
1568.0          0.058208
1569.0          0.058468
1570.0          0.058704
1571.0          0.058913
1572.0          0.059092
1573.0          0.059239
1574.0          0.059349
1575.0          0.059419
1576.0          0.059445
1577.0          0.059421
1578.0          0.059343
1579.0          0.059203
1580.0          0.058995
1581.0          0.058711
1582.0          0.058341
1583.0          0.057876
1584.0          0.057304
1585.0          0.056611
1586.0          0.055782
1587.0          0.054799
1588.0          0.053644
1589.0          0.052296
1590.0          0.050734
1591.0          0.048936
1592.0          0.046889
1593.0          0.044595
1594.0          0.042094
1595.0          0.039509
1596.0          0.037157
1597.0          0.035800
1598.0          0.037307
1599.0          0.046505
1600.0          0.076887
1601.0          0.16928
1602.0          0.43628
1603.0          0.90264
1604.0          0.93928
1605.0          0.68598
1606.0          0.50557
1607.0          0.39980
1608.0          0.33531
1609.0          0.29339
1610.0          0.26459
1611.0          0.24390
1612.0          0.22851
1613.0          0.21673
1614.0          0.20753
1615.0          0.20020
1616.0          0.19430
1617.0          0.18948
1618.0          0.18552
1619.0          0.18225
1620.0          0.17952
1621.0          0.17726
1622.0          0.17537
1623.0          0.17380
1624.0          0.17250
1625.0          0.17142
1626.0          0.17055
1627.0          0.16985
1628.0          0.16930
1629.0          0.16888
1630.0          0.16857
1631.0          0.16837
1632.0          0.16826
1633.0          0.16824
1634.0          0.16829
1635.0          0.16840
1636.0          0.16858
1637.0          0.16881
1638.0          0.16908
1639.0          0.16941
1640.0          0.16978
1641.0          0.17018
1642.0          0.17062
1643.0          0.17109
1644.0          0.17160
1645.0          0.17213
1646.0          0.17268
1647.0          0.17326
1648.0          0.17387
1649.0          0.17449
1650.0          0.17513
1400.0          0.93599
1401.0          0.93669
1402.0          0.93738
1403.0          0.93807
1404.0          0.93875
1405.0          0.93943
1406.0          0.94011
1407.0          0.94078
1408.0          0.94144
1409.0          0.94211
1410.0          0.94276
1411.0          0.94341
1412.0          0.94406
1413.0          0.94469
1414.0          0.94533
1415.0          0.94595
1416.0          0.94657
1417.0          0.94719
1418.0          0.94779
1419.0          0.94839
1420.0          0.94899
1421.0          0.94957
1422.0          0.95015
1423.0          0.95072
1424.0          0.95128
1425.0          0.95184
1426.0          0.95239
1427.0          0.95293
1428.0          0.95346
1429.0          0.95398
1430.0          0.95450
1431.0          0.95500
1432.0          0.95550
1433.0          0.95599
1434.0          0.95647
1435.0          0.95694
1436.0          0.95741
1437.0          0.95786
1438.0          0.95831
1439.0          0.95874
1440.0          0.95917
1441.0          0.95958
1442.0          0.95999
1443.0          0.96039
1444.0          0.96078
1445.0          0.96116
1446.0          0.96153
1447.0          0.96188
1448.0          0.96223
1449.0          0.96257
1450.0          0.96290
1451.0          0.96322
1452.0          0.96353
1453.0          0.96383
1454.0          0.96412
1455.0          0.96440
1456.0          0.96467
1457.0          0.96493
1458.0          0.96517
1459.0          0.96541
1460.0          0.96564
1461.0          0.96586
1462.0          0.96606
1463.0          0.96626
1464.0          0.96645
1465.0          0.96662
1466.0          0.96679
1467.0          0.96694
1468.0          0.96709
1469.0          0.96722
1470.0          0.96735
1471.0          0.96746
1472.0          0.96756
1473.0          0.96766
1474.0          0.96774
1475.0          0.96781
1476.0          0.96787
1477.0          0.96792
1478.0          0.96797
1479.0          0.96800
1480.0          0.96802
1481.0          0.96803
1482.0          0.96803
1483.0          0.96802
1484.0          0.96800
1485.0          0.96797
1486.0          0.96793
1487.0          0.96788
1488.0          0.96782
1489.0          0.96775
1490.0          0.96767
1491.0          0.96758
1492.0          0.96748
1493.0          0.96738
1494.0          0.96726
1495.0          0.96713
1496.0          0.96699
1497.0          0.96685
1498.0          0.96669
1499.0          0.96653
1500.0          0.96635
1501.0          0.96617
1502.0          0.96598
1503.0          0.96578
1504.0          0.96557
1505.0          0.96535
1506.0          0.96512
1507.0          0.96489
1508.0          0.96464
1509.0          0.96439
1510.0          0.96413
1511.0          0.96386
1512.0          0.96358
1513.0          0.96330
1514.0          0.96301
1515.0          0.96271
1516.0          0.96240
1517.0          0.96209
1518.0          0.96176
1519.0          0.96144
1520.0          0.96110
1521.0          0.96076
1522.0          0.96041
1523.0          0.96005
1524.0          0.95969
1525.0          0.95932
1526.0          0.95894
1527.0          0.95856
1528.0          0.95818
1529.0          0.95779
1530.0          0.95739
1531.0          0.95699
1532.0          0.95658
1533.0          0.95617
1534.0          0.95575
1535.0          0.95534
1536.0          0.95491
1537.0          0.95448
1538.0          0.95405
1539.0          0.95362
1540.0          0.95318
1541.0          0.95275
1542.0          0.95230
1543.0          0.95186
1544.0          0.95142
1545.0          0.95097
1546.0          0.95053
1547.0          0.95008
1548.0          0.94963
1549.0          0.94919
1550.0          0.94875
1551.0          0.94830
1552.0          0.94786
1553.0          0.94743
1554.0          0.94699
1555.0          0.94656
1556.0          0.94614
1557.0          0.94572
1558.0          0.94531
1559.0          0.94491
1560.0          0.94451
1561.0          0.94412
1562.0          0.94375
1563.0          0.94338
1564.0          0.94303
1565.0          0.94270
1566.0          0.94238
1567.0          0.94207
1568.0          0.94179
1569.0          0.94153
1570.0          0.94130
1571.0          0.94109
1572.0          0.94091
1573.0          0.94076
1574.0          0.94065
1575.0          0.94058
1576.0          0.94056
1577.0          0.94058
1578.0          0.94066
1579.0          0.94080
1580.0          0.94101
1581.0          0.94129
1582.0          0.94166
1583.0          0.94212
1584.0          0.94270
1585.0          0.94339
1586.0          0.94422
1587.0          0.94520
1588.0          0.94636
1589.0          0.94770
1590.0          0.94927
1591.0          0.95106
1592.0          0.95311
1593.0          0.95540
1594.0          0.95791
1595.0          0.96049
1596.0          0.96284
1597.0          0.96420
1598.0          0.96269
1599.0          0.95350
1600.0          0.92311
1601.0          0.83072
1602.0          0.56372
1603.0          0.097364
1604.0          0.060723
1605.0          0.31402
1606.0          0.49443
1607.0          0.60020
1608.0          0.66469
1609.0          0.70661
1610.0          0.73541
1611.0          0.75610
1612.0          0.77149
1613.0          0.78327
1614.0          0.79247
1615.0          0.79980
1616.0          0.80570
1617.0          0.81052
1618.0          0.81448
1619.0          0.81775
1620.0          0.82048
1621.0          0.82274
1622.0          0.82463
1623.0          0.82620
1624.0          0.82750
1625.0          0.82858
1626.0          0.82945
1627.0          0.83015
1628.0          0.83070
1629.0          0.83112
1630.0          0.83143
1631.0          0.83163
1632.0          0.83174
1633.0          0.83176
1634.0          0.83171
1635.0          0.83160
1636.0          0.83142
1637.0          0.83119
1638.0          0.83092
1639.0          0.83059
1640.0          0.83022
1641.0          0.82982
1642.0          0.82938
1643.0          0.82891
1644.0          0.82840
1645.0          0.82787
1646.0          0.82732
1647.0          0.82674
1648.0          0.82613
1649.0          0.82551
1650.0          0.82487
1400.0          1.0000
1401.0          1.0000
1402.0          1.0000
1403.0          1.0000
1404.0          1.0000
1405.0          1.0000
1406.0          1.0000
1407.0          1.0000
1408.0          1.0000
1409.0          1.0000
1410.0          1.0000
1411.0          1.0000
1412.0          1.0000
1413.0          1.0000
1414.0          1.0000
1415.0          1.0000
1416.0          1.0000
1417.0          1.0000
1418.0          1.0000
1419.0          1.0000
1420.0          1.0000
1421.0          1.0000
1422.0          1.0000
1423.0          1.0000
1424.0          1.0000
1425.0          1.0000
1426.0          1.0000
1427.0          1.0000
1428.0          1.0000
1429.0          1.0000
1430.0          1.0000
1431.0          1.0000
1432.0          1.0000
1433.0          1.0000
1434.0          1.0000
1435.0          1.0000
1436.0          1.0000
1437.0          1.0000
1438.0          1.0000
1439.0          1.0000
1440.0          1.0000
1441.0          1.0000
1442.0          1.0000
1443.0          1.0000
1444.0          1.0000
1445.0          1.0000
1446.0          1.0000
1447.0          1.0000
1448.0          1.0000
1449.0          1.0000
1450.0          1.0000
1451.0          1.0000
1452.0          1.0000
1453.0          1.0000
1454.0          1.0000
1455.0          1.0000
1456.0          1.0000
1457.0          1.0000
1458.0          1.0000
1459.0          1.0000
1460.0          1.0000
1461.0          1.0000
1462.0          1.0000
1463.0          1.0000
1464.0          1.0000
1465.0          1.0000
1466.0          1.0000
1467.0          1.0000
1468.0          1.0000
1469.0          1.0000
1470.0          1.0000
1471.0          1.0000
1472.0          1.0000
1473.0          1.0000
1474.0          1.0000
1475.0          1.0000
1476.0          1.0000
1477.0          1.0000
1478.0          1.0000
1479.0          1.0000
1480.0          1.0000
1481.0          1.0000
1482.0          1.0000
1483.0          1.0000
1484.0          1.0000
1485.0          1.0000
1486.0          1.0000
1487.0          1.0000
1488.0          1.0000
1489.0          1.0000
1490.0          1.0000
1491.0          1.0000
1492.0          1.0000
1493.0          1.0000
1494.0          1.0000
1495.0          1.0000
1496.0          1.0000
1497.0          1.0000
1498.0          1.0000
1499.0          1.0000
1500.0          1.0000
1501.0          1.0000
1502.0          1.0000
1503.0          1.0000
1504.0          1.0000
1505.0          1.0000
1506.0          1.0000
1507.0          1.0000
1508.0          1.0000
1509.0          1.0000
1510.0          1.0000
1511.0          1.0000
1512.0          1.0000
1513.0          1.0000
1514.0          1.0000
1515.0          1.0000
1516.0          1.0000
1517.0          1.0000
1518.0          1.0000
1519.0          1.0000
1520.0          1.0000
1521.0          1.0000
1522.0          1.0000
1523.0          1.0000
1524.0          1.0000
1525.0          1.0000
1526.0          1.0000
1527.0          1.0000
1528.0          1.0000
1529.0          1.0000
1530.0          1.0000
1531.0          1.0000
1532.0          1.0000
1533.0          1.0000
1534.0          1.0000
1535.0          1.0000
1536.0          1.0000
1537.0          1.0000
1538.0          1.0000
1539.0          1.0000
1540.0          1.0000
1541.0          1.0000
1542.0          1.0000
1543.0          1.0000
1544.0          1.0000
1545.0          1.0000
1546.0          1.0000
1547.0          1.0000
1548.0          1.0000
1549.0          1.0000
1550.0          1.0000
1551.0          1.0000
1552.0          1.0000
1553.0          1.0000
1554.0          1.0000
1555.0          1.0000
1556.0          1.0000
1557.0          1.0000
1558.0          1.0000
1559.0          1.0000
1560.0          1.0000
1561.0          1.0000
1562.0          1.0000
1563.0          1.0000
1564.0          1.0000
1565.0          1.0000
1566.0          1.0000
1567.0          1.0000
1568.0          1.0000
1569.0          1.0000
1570.0          1.0000
1571.0          1.0000
1572.0          1.0000
1573.0          1.0000
1574.0          1.0000
1575.0          1.0000
1576.0          1.0000
1577.0          1.0000
1578.0          1.0000
1579.0          1.0000
1580.0          1.0000
1581.0          1.0000
1582.0          1.0000
1583.0          1.0000
1584.0          1.0000
1585.0          1.0000
1586.0          1.0000
1587.0          1.0000
1588.0          1.0000
1589.0          1.0000
1590.0          1.0000
1591.0          1.0000
1592.0          1.0000
1593.0          1.0000
1594.0          1.0000
1595.0          1.0000
1596.0          1.0000
1597.0          1.0000
1598.0          1.0000
1599.0          1.0000
1600.0          1.0000
1601.0          1.0000
1602.0          1.0000
1603.0          1.0000
1604.0          1.0000
1605.0          1.0000
1606.0          1.0000
1607.0          1.0000
1608.0          1.0000
1609.0          1.0000
1610.0          1.0000
1611.0          1.0000
1612.0          1.0000
1613.0          1.0000
1614.0          1.0000
1615.0          1.0000
1616.0          1.0000
1617.0          1.0000
1618.0          1.0000
1619.0          1.0000
1620.0          1.0000
1621.0          1.0000
1622.0          1.0000
1623.0          1.0000
1624.0          1.0000
1625.0          1.0000
1626.0          1.0000
1627.0          1.0000
1628.0          1.0000
1629.0          1.0000
1630.0          1.0000
1631.0          1.0000
1632.0          1.0000
1633.0          1.0000
1634.0          1.0000
1635.0          1.0000
1636.0          1.0000
1637.0          1.0000
1638.0          1.0000
1639.0          1.0000
1640.0          1.0000
1641.0          1.0000
1642.0          1.0000
1643.0          1.0000
1644.0          1.0000
1645.0          1.0000
1646.0          1.0000
1647.0          1.0000
1648.0          1.0000
1649.0          1.0000
1650.0          1.0000
1400.0          -2.2204E-16
1401.0          -2.2204E-15
1402.0          -3.1086E-15
1403.0          -2.8866E-15
1404.0          1.1102E-15
1405.0          5.5511E-16
1406.0          3.3307E-16
1407.0          9.9920E-16
1408.0          -6.6613E-16
1409.0          2.3315E-15
1410.0          -4.4409E-16
1411.0          1.3323E-15
1412.0          2.1094E-15
1413.0          2.6645E-15
1414.0          1.5543E-15
1415.0          2.2204E-16
1416.0          2.1094E-15
1417.0          -1.3323E-15
1418.0          2.9976E-15
1419.0          1.3323E-15
1420.0          1.2212E-15
1421.0          1.6653E-15
1422.0          -2.2204E-15
1423.0          -2.2204E-15
1424.0          -2.4425E-15
1425.0          -1.5543E-15
1426.0          -6.6613E-16
1427.0          2.1094E-15
1428.0          -2.2204E-15
1429.0          1.1102E-15
1430.0          -1.5543E-15
1431.0          -4.4409E-16
1432.0          1.2212E-15
1433.0          1.2212E-15
1434.0          1.1102E-15
1435.0          -2.2204E-16
1436.0          2.3315E-15
1437.0          -4.6629E-15
1438.0          1.8874E-15
1439.0          -1.3323E-15
1440.0          -1.5543E-15
1441.0          -2.2204E-16
1442.0          -2.2204E-16
1443.0          6.6613E-16
1444.0          0.0000
1445.0          1.1102E-16
1446.0          7.7716E-16
1447.0          2.9976E-15
1448.0          2.2204E-16
1449.0          4.4409E-16
1450.0          -3.9968E-15
1451.0          1.2212E-15
1452.0          -2.6645E-15
1453.0          2.1094E-15
1454.0          1.4433E-15
1455.0          4.9960E-15
1456.0          4.5519E-15
1457.0          2.4425E-15
1458.0          -1.7764E-15
1459.0          1.2212E-15
1460.0          2.7756E-15
1461.0          7.7716E-16
1462.0          8.8818E-16
1463.0          1.5543E-15
1464.0          -2.2204E-16
1465.0          -2.8866E-15
1466.0          4.1078E-15
1467.0          -4.4409E-15
1468.0          -8.8818E-16
1469.0          -1.3545E-14
1470.0          -1.5543E-15
1471.0          -2.2204E-15
1472.0          1.4433E-15
1473.0          1.1102E-15
1474.0          -7.5495E-15
1475.0          -4.6629E-15
1476.0          -4.8850E-15
1477.0          -4.2188E-15
1478.0          6.8834E-15
1479.0          2.8866E-15
1480.0          0.0000
1481.0          4.7740E-15
1482.0          -6.6613E-16
1483.0          -2.2204E-16
1484.0          -2.6645E-15
1485.0          -4.4409E-16
1486.0          2.2204E-16
1487.0          2.5535E-15
1488.0          1.4433E-15
1489.0          -4.8850E-15
1490.0          -1.7764E-15
1491.0          1.9984E-15
1492.0          -4.2188E-15
1493.0          -3.1086E-15
1494.0          0.0000
1495.0          -4.2188E-15
1496.0          -1.3323E-15
1497.0          1.4433E-15
1498.0          0.0000
1499.0          -2.4425E-15
1500.0          -4.4409E-16
1501.0          1.4433E-15
1502.0          1.1102E-15
1503.0          0.0000
1504.0          -1.5543E-15
1505.0          1.1102E-16
1506.0          3.1086E-15
1507.0          1.9984E-15
1508.0          1.9984E-15
1509.0          3.3307E-16
1510.0          1.5543E-15
1511.0          1.2212E-15
1512.0          -6.6613E-16
1513.0          3.3307E-16
1514.0          -1.9984E-15
1515.0          2.6645E-15
1516.0          4.4409E-16
1517.0          -8.8818E-16
1518.0          2.2204E-16
1519.0          2.7756E-15
1520.0          1.3323E-15
1521.0          2.2204E-15
1522.0          -3.7748E-15
1523.0          -8.8818E-16
1524.0          2.6645E-15
1525.0          -1.9984E-15
1526.0          -1.3323E-15
1527.0          -8.8818E-16
1528.0          3.7748E-15
1529.0          3.4417E-15
1530.0          2.6645E-15
1531.0          1.9984E-15
1532.0          2.2204E-16
1533.0          -4.4409E-16
1534.0          2.8866E-15
1535.0          -1.1102E-15
1536.0          1.6653E-15
1537.0          2.3315E-15
1538.0          1.7764E-15
1539.0          -2.2204E-16
1540.0          1.7764E-15
1541.0          1.5543E-15
1542.0          -2.2204E-16
1543.0          -2.2204E-16
1544.0          -1.1102E-15
1545.0          5.1070E-15
1546.0          1.2212E-15
1547.0          8.8818E-16
1548.0          -2.2204E-16
1549.0          2.8866E-15
1550.0          4.2188E-15
1551.0          2.9976E-15
1552.0          -1.1102E-15
1553.0          1.3545E-14
1554.0          5.5511E-16
1555.0          1.5543E-15
1556.0          2.7756E-15
1557.0          -1.7764E-15
1558.0          -2.2204E-16
1559.0          -1.7764E-15
1560.0          1.1102E-15
1561.0          1.6653E-15
1562.0          -3.9968E-15
1563.0          -8.8818E-16
1564.0          2.5535E-15
1565.0          7.7716E-16
1566.0          1.2212E-15
1567.0          -2.2204E-15
1568.0          -8.8818E-16
1569.0          1.9984E-15
1570.0          2.5535E-15
1571.0          2.7756E-15
1572.0          1.2212E-15
1573.0          1.4433E-15
1574.0          2.3315E-15
1575.0          -3.7748E-15
1576.0          2.2204E-16
1577.0          3.3307E-15
1578.0          -4.4409E-16
1579.0          2.2204E-16
1580.0          -5.7732E-15
1581.0          -4.4409E-16
1582.0          3.5527E-15
1583.0          -2.2204E-15
1584.0          2.4425E-15
1585.0          -4.4409E-16
1586.0          -4.4409E-16
1587.0          2.2204E-16
1588.0          2.4425E-15
1589.0          1.7764E-15
1590.0          -4.8850E-15
1591.0          1.4433E-15
1592.0          7.7716E-16
1593.0          1.1102E-16
1594.0          5.5511E-16
1595.0          -4.4409E-16
1596.0          -6.6613E-16
1597.0          -6.6613E-16
1598.0          3.3307E-16
1599.0          6.6613E-16
1600.0          -1.3323E-15
1601.0          1.1879E-14
1602.0          -1.9762E-14
1603.0          -6.7280E-14
1604.0          -1.1791E-13
1605.0          3.2419E-14
1606.0          -2.1760E-14
1607.0          -9.3259E-15
1608.0          -1.3323E-14
1609.0          5.3291E-15
1610.0          2.4425E-15
1611.0          -1.3323E-15
1612.0          -1.3323E-15
1613.0          -6.6613E-16
1614.0          4.4409E-16
1615.0          1.6653E-15
1616.0          1.5543E-15
1617.0          -8.8818E-16
1618.0          1.8874E-15
1619.0          -4.4409E-16
1620.0          1.3323E-15
1621.0          -4.4409E-15
1622.0          0.0000
1623.0          1.1102E-15
1624.0          2.8866E-15
1625.0          1.1102E-16
1626.0          -1.3323E-15
1627.0          -2.6645E-15
1628.0          -6.6613E-16
1629.0          2.2204E-16
1630.0          -6.6613E-16
1631.0          1.6653E-15
1632.0          4.1078E-15
1633.0          1.3323E-15
1634.0          -1.9984E-15
1635.0          5.5511E-16
1636.0          2.8866E-15
1637.0          1.4433E-15
1638.0          1.5543E-15
1639.0          2.2204E-16
1640.0          -2.8866E-15
1641.0          -3.7748E-15
1642.0          3.4417E-15
1643.0          -4.4409E-16
1644.0          -4.4409E-16
1645.0          4.4409E-16
1646.0          -4.4409E-16
1647.0          3.6637E-15
1648.0          -4.4409E-16
1649.0          -2.4425E-15
1650.0          3.3307E-15
