1400.0          0.21690
1401.0          0.21685
1402.0          0.21688
1403.0          0.21699
1404.0          0.21717
1405.0          0.21741
1406.0          0.21770
1407.0          0.21805
1408.0          0.21845
1409.0          0.21889
1410.0          0.21937
1411.0          0.21989
1412.0          0.22045
1413.0          0.22104
1414.0          0.22166
1415.0          0.22230
1416.0          0.22297
1417.0          0.22367
1418.0          0.22439
1419.0          0.22513
1420.0          0.22589
1421.0          0.22667
1422.0          0.22746
1423.0          0.22827
1424.0          0.22910
1425.0          0.22994
1426.0          0.23079
1427.0          0.23166
1428.0          0.23254
1429.0          0.23342
1430.0          0.23432
1431.0          0.23523
1432.0          0.23615
1433.0          0.23707
1434.0          0.23800
1435.0          0.23894
1436.0          0.23989
1437.0          0.24084
1438.0          0.24180
1439.0          0.24277
1440.0          0.24374
1441.0          0.24471
1442.0          0.24569
1443.0          0.24667
1444.0          0.24766
1445.0          0.24865
1446.0          0.24964
1447.0          0.25064
1448.0          0.25164
1449.0          0.25264
1450.0          0.25364
1451.0          0.25465
1452.0          0.25566
1453.0          0.25667
1454.0          0.25768
1455.0          0.25869
1456.0          0.25970
1457.0          0.26072
1458.0          0.26173
1459.0          0.26275
1460.0          0.26376
1461.0          0.26478
1462.0          0.26580
1463.0          0.26681
1464.0          0.26783
1465.0          0.26885
1466.0          0.26987
1467.0          0.27088
1468.0          0.27190
1469.0          0.27291
1470.0          0.27393
1471.0          0.27494
1472.0          0.27596
1473.0          0.27697
1474.0          0.27798
1475.0          0.27899
1476.0          0.28000
1477.0          0.28101
1478.0          0.28201
1479.0          0.28302
1480.0          0.28402
1481.0          0.28503
1482.0          0.28603
1483.0          0.28703
1484.0          0.28802
1485.0          0.28902
1486.0          0.29001
1487.0          0.29101
1488.0          0.29200
1489.0          0.29298
1490.0          0.29397
1491.0          0.29496
1492.0          0.29594
1493.0          0.29692
1494.0          0.29790
1495.0          0.29887
1496.0          0.29985
1497.0          0.30082
1498.0          0.30179
1499.0          0.30276
1500.0          0.30372
1501.0          0.30469
1502.0          0.30565
1503.0          0.30660
1504.0          0.30756
1505.0          0.30851
1506.0          0.30946
1507.0          0.31041
1508.0          0.31136
1509.0          0.31230
1510.0          0.31324
1511.0          0.31418
1512.0          0.31511
1513.0          0.31605
1514.0          0.31698
1515.0          0.31790
1516.0          0.31883
1517.0          0.31975
1518.0          0.32067
1519.0          0.32159
1520.0          0.32250
1521.0          0.32341
1522.0          0.32432
1523.0          0.32522
1524.0          0.32613
1525.0          0.32703
1526.0          0.32792
1527.0          0.32882
1528.0          0.32971
1529.0          0.33060
1530.0          0.33148
1531.0          0.33237
1532.0          0.33325
1533.0          0.33412
1534.0          0.33500
1535.0          0.33587
1536.0          0.33674
1537.0          0.33760
1538.0          0.33847
1539.0          0.33933
1540.0          0.34018
1541.0          0.34104
1542.0          0.34189
1543.0          0.34274
1544.0          0.34358
1545.0          0.34443
1546.0          0.34526
1547.0          0.34610
1548.0          0.34694
1549.0          0.34777
1550.0          0.34859
1551.0          0.34942
1552.0          0.35024
1553.0          0.35106
1554.0          0.35188
1555.0          0.35269
1556.0          0.35350
1557.0          0.35431
1558.0          0.35511
1559.0          0.35591
1560.0          0.35671
1561.0          0.35751
1562.0          0.35830
1563.0          0.35909
1564.0          0.35988
1565.0          0.36066
1566.0          0.36144
1567.0          0.36222
1568.0          0.36300
1569.0          0.36377
1570.0          0.36454
1571.0          0.36531
1572.0          0.36607
1573.0          0.36683
1574.0          0.36759
1575.0          0.36834
1576.0          0.36910
1577.0          0.36985
1578.0          0.37059
1579.0          0.37134
1580.0          0.37208
1581.0          0.37281
1582.0          0.37355
1583.0          0.37428
1584.0          0.37501
1585.0          0.37574
1586.0          0.37646
1587.0          0.37718
1588.0          0.37790
1589.0          0.37862
1590.0          0.37933
1591.0          0.38004
1592.0          0.38075
1593.0          0.38145
1594.0          0.38215
1595.0          0.38285
1596.0          0.38355
1597.0          0.38424
1598.0          0.38493
1599.0          0.38562
1600.0          0.38631
1601.0          0.38699
1602.0          0.38767
1603.0          0.38834
1604.0          0.38902
1605.0          0.38969
1606.0          0.39036
1607.0          0.39103
1608.0          0.39169
1609.0          0.39235
1610.0          0.39301
1611.0          0.39366
1612.0          0.39432
1613.0          0.39497
1614.0          0.39561
1615.0          0.39626
1616.0          0.39690
1617.0          0.39754
1618.0          0.39818
1619.0          0.39881
1620.0          0.39944
1621.0          0.40007
1622.0          0.40070
1623.0          0.40132
1624.0          0.40195
1625.0          0.40257
1626.0          0.40318
1627.0          0.40380
1628.0          0.40441
1629.0          0.40502
1630.0          0.40562
1631.0          0.40623
1632.0          0.40683
1633.0          0.40743
1634.0          0.40802
1635.0          0.40862
1636.0          0.40921
1637.0          0.40980
1638.0          0.41039
1639.0          0.41097
1640.0          0.41155
1641.0          0.41213
1642.0          0.41271
1643.0          0.41328
1644.0          0.41385
1645.0          0.41442
1646.0          0.41499
1647.0          0.41556
1648.0          0.41612
1649.0          0.41668
1650.0          0.41724
1400.0          0.78310
1401.0          0.78315
1402.0          0.78312
1403.0          0.78301
1404.0          0.78283
1405.0          0.78259
1406.0          0.78230
1407.0          0.78195
1408.0          0.78155
1409.0          0.78111
1410.0          0.78063
1411.0          0.78011
1412.0          0.77955
1413.0          0.77896
1414.0          0.77834
1415.0          0.77770
1416.0          0.77703
1417.0          0.77633
1418.0          0.77561
1419.0          0.77487
1420.0          0.77411
1421.0          0.77333
1422.0          0.77254
1423.0          0.77173
1424.0          0.77090
1425.0          0.77006
1426.0          0.76921
1427.0          0.76834
1428.0          0.76746
1429.0          0.76658
1430.0          0.76568
1431.0          0.76477
1432.0          0.76385
1433.0          0.76293
1434.0          0.76200
1435.0          0.76106
1436.0          0.76011
1437.0          0.75916
1438.0          0.75820
1439.0          0.75723
1440.0          0.75626
1441.0          0.75529
1442.0          0.75431
1443.0          0.75333
1444.0          0.75234
1445.0          0.75135
1446.0          0.75036
1447.0          0.74936
1448.0          0.74836
1449.0          0.74736
1450.0          0.74636
1451.0          0.74535
1452.0          0.74434
1453.0          0.74333
1454.0          0.74232
1455.0          0.74131
1456.0          0.74030
1457.0          0.73928
1458.0          0.73827
1459.0          0.73725
1460.0          0.73624
1461.0          0.73522
1462.0          0.73420
1463.0          0.73319
1464.0          0.73217
1465.0          0.73115
1466.0          0.73013
1467.0          0.72912
1468.0          0.72810
1469.0          0.72709
1470.0          0.72607
1471.0          0.72506
1472.0          0.72404
1473.0          0.72303
1474.0          0.72202
1475.0          0.72101
1476.0          0.72000
1477.0          0.71899
1478.0          0.71799
1479.0          0.71698
1480.0          0.71598
1481.0          0.71497
1482.0          0.71397
1483.0          0.71297
1484.0          0.71198
1485.0          0.71098
1486.0          0.70999
1487.0          0.70899
1488.0          0.70800
1489.0          0.70702
1490.0          0.70603
1491.0          0.70504
1492.0          0.70406
1493.0          0.70308
1494.0          0.70210
1495.0          0.70113
1496.0          0.70015
1497.0          0.69918
1498.0          0.69821
1499.0          0.69724
1500.0          0.69628
1501.0          0.69531
1502.0          0.69435
1503.0          0.69340
1504.0          0.69244
1505.0          0.69149
1506.0          0.69054
1507.0          0.68959
1508.0          0.68864
1509.0          0.68770
1510.0          0.68676
1511.0          0.68582
1512.0          0.68489
1513.0          0.68395
1514.0          0.68302
1515.0          0.68210
1516.0          0.68117
1517.0          0.68025
1518.0          0.67933
1519.0          0.67841
1520.0          0.67750
1521.0          0.67659
1522.0          0.67568
1523.0          0.67478
1524.0          0.67387
1525.0          0.67297
1526.0          0.67208
1527.0          0.67118
1528.0          0.67029
1529.0          0.66940
1530.0          0.66852
1531.0          0.66763
1532.0          0.66675
1533.0          0.66588
1534.0          0.66500
1535.0          0.66413
1536.0          0.66326
1537.0          0.66240
1538.0          0.66153
1539.0          0.66067
1540.0          0.65982
1541.0          0.65896
1542.0          0.65811
1543.0          0.65726
1544.0          0.65642
1545.0          0.65557
1546.0          0.65474
1547.0          0.65390
1548.0          0.65306
1549.0          0.65223
1550.0          0.65141
1551.0          0.65058
1552.0          0.64976
1553.0          0.64894
1554.0          0.64812
1555.0          0.64731
1556.0          0.64650
1557.0          0.64569
1558.0          0.64489
1559.0          0.64409
1560.0          0.64329
1561.0          0.64249
1562.0          0.64170
1563.0          0.64091
1564.0          0.64012
1565.0          0.63934
1566.0          0.63856
1567.0          0.63778
1568.0          0.63700
1569.0          0.63623
1570.0          0.63546
1571.0          0.63469
1572.0          0.63393
1573.0          0.63317
1574.0          0.63241
1575.0          0.63166
1576.0          0.63090
1577.0          0.63015
1578.0          0.62941
1579.0          0.62866
1580.0          0.62792
1581.0          0.62719
1582.0          0.62645
1583.0          0.62572
1584.0          0.62499
1585.0          0.62426
1586.0          0.62354
1587.0          0.62282
1588.0          0.62210
1589.0          0.62138
1590.0          0.62067
1591.0          0.61996
1592.0          0.61925
1593.0          0.61855
1594.0          0.61785
1595.0          0.61715
1596.0          0.61645
1597.0          0.61576
1598.0          0.61507
1599.0          0.61438
1600.0          0.61369
1601.0          0.61301
1602.0          0.61233
1603.0          0.61166
1604.0          0.61098
1605.0          0.61031
1606.0          0.60964
1607.0          0.60897
1608.0          0.60831
1609.0          0.60765
1610.0          0.60699
1611.0          0.60634
1612.0          0.60568
1613.0          0.60503
1614.0          0.60439
1615.0          0.60374
1616.0          0.60310
1617.0          0.60246
1618.0          0.60182
1619.0          0.60119
1620.0          0.60056
1621.0          0.59993
1622.0          0.59930
1623.0          0.59868
1624.0          0.59805
1625.0          0.59743
1626.0          0.59682
1627.0          0.59620
1628.0          0.59559
1629.0          0.59498
1630.0          0.59438
1631.0          0.59377
1632.0          0.59317
1633.0          0.59257
1634.0          0.59198
1635.0          0.59138
1636.0          0.59079
1637.0          0.59020
1638.0          0.58961
1639.0          0.58903
1640.0          0.58845
1641.0          0.58787
1642.0          0.58729
1643.0          0.58672
1644.0          0.58615
1645.0          0.58558
1646.0          0.58501
1647.0          0.58444
1648.0          0.58388
1649.0          0.58332
1650.0          0.58276
1400.0          1.0000
1401.0          1.0000
1402.0          1.0000
1403.0          1.0000
1404.0          1.0000
1405.0          1.0000
1406.0          1.0000
1407.0          1.0000
1408.0          1.0000
1409.0          1.0000
1410.0          1.0000
1411.0          1.0000
1412.0          1.0000
1413.0          1.0000
1414.0          1.0000
1415.0          1.0000
1416.0          1.0000
1417.0          1.0000
1418.0          1.0000
1419.0          1.0000
1420.0          1.0000
1421.0          1.0000
1422.0          1.0000
1423.0          1.0000
1424.0          1.0000
1425.0          1.0000
1426.0          1.0000
1427.0          1.0000
1428.0          1.0000
1429.0          1.0000
1430.0          1.0000
1431.0          1.0000
1432.0          1.0000
1433.0          1.0000
1434.0          1.0000
1435.0          1.0000
1436.0          1.0000
1437.0          1.0000
1438.0          1.0000
1439.0          1.0000
1440.0          1.0000
1441.0          1.0000
1442.0          1.0000
1443.0          1.0000
1444.0          1.0000
1445.0          1.0000
1446.0          1.0000
1447.0          1.0000
1448.0          1.0000
1449.0          1.0000
1450.0          1.0000
1451.0          1.0000
1452.0          1.0000
1453.0          1.0000
1454.0          1.0000
1455.0          1.0000
1456.0          1.0000
1457.0          1.0000
1458.0          1.0000
1459.0          1.0000
1460.0          1.0000
1461.0          1.0000
1462.0          1.0000
1463.0          1.0000
1464.0          1.0000
1465.0          1.0000
1466.0          1.0000
1467.0          1.0000
1468.0          1.0000
1469.0          1.0000
1470.0          1.0000
1471.0          1.0000
1472.0          1.0000
1473.0          1.0000
1474.0          1.0000
1475.0          1.0000
1476.0          1.0000
1477.0          1.0000
1478.0          1.0000
1479.0          1.0000
1480.0          1.0000
1481.0          1.0000
1482.0          1.0000
1483.0          1.0000
1484.0          1.0000
1485.0          1.0000
1486.0          1.0000
1487.0          1.0000
1488.0          1.0000
1489.0          1.0000
1490.0          1.0000
1491.0          1.0000
1492.0          1.0000
1493.0          1.0000
1494.0          1.0000
1495.0          1.0000
1496.0          1.0000
1497.0          1.0000
1498.0          1.0000
1499.0          1.0000
1500.0          1.0000
1501.0          1.0000
1502.0          1.0000
1503.0          1.0000
1504.0          1.0000
1505.0          1.0000
1506.0          1.0000
1507.0          1.0000
1508.0          1.0000
1509.0          1.0000
1510.0          1.0000
1511.0          1.0000
1512.0          1.0000
1513.0          1.0000
1514.0          1.0000
1515.0          1.0000
1516.0          1.0000
1517.0          1.0000
1518.0          1.0000
1519.0          1.0000
1520.0          1.0000
1521.0          1.0000
1522.0          1.0000
1523.0          1.0000
1524.0          1.0000
1525.0          1.0000
1526.0          1.0000
1527.0          1.0000
1528.0          1.0000
1529.0          1.0000
1530.0          1.0000
1531.0          1.0000
1532.0          1.0000
1533.0          1.0000
1534.0          1.0000
1535.0          1.0000
1536.0          1.0000
1537.0          1.0000
1538.0          1.0000
1539.0          1.0000
1540.0          1.0000
1541.0          1.0000
1542.0          1.0000
1543.0          1.0000
1544.0          1.0000
1545.0          1.0000
1546.0          1.0000
1547.0          1.0000
1548.0          1.0000
1549.0          1.0000
1550.0          1.0000
1551.0          1.0000
1552.0          1.0000
1553.0          1.0000
1554.0          1.0000
1555.0          1.0000
1556.0          1.0000
1557.0          1.0000
1558.0          1.0000
1559.0          1.0000
1560.0          1.0000
1561.0          1.0000
1562.0          1.0000
1563.0          1.0000
1564.0          1.0000
1565.0          1.0000
1566.0          1.0000
1567.0          1.0000
1568.0          1.0000
1569.0          1.0000
1570.0          1.0000
1571.0          1.0000
1572.0          1.0000
1573.0          1.0000
1574.0          1.0000
1575.0          1.0000
1576.0          1.0000
1577.0          1.0000
1578.0          1.0000
1579.0          1.0000
1580.0          1.0000
1581.0          1.0000
1582.0          1.0000
1583.0          1.0000
1584.0          1.0000
1585.0          1.0000
1586.0          1.0000
1587.0          1.0000
1588.0          1.0000
1589.0          1.0000
1590.0          1.0000
1591.0          1.0000
1592.0          1.0000
1593.0          1.0000
1594.0          1.0000
1595.0          1.0000
1596.0          1.0000
1597.0          1.0000
1598.0          1.0000
1599.0          1.0000
1600.0          1.0000
1601.0          1.0000
1602.0          1.0000
1603.0          1.0000
1604.0          1.0000
1605.0          1.0000
1606.0          1.0000
1607.0          1.0000
1608.0          1.0000
1609.0          1.0000
1610.0          1.0000
1611.0          1.0000
1612.0          1.0000
1613.0          1.0000
1614.0          1.0000
1615.0          1.0000
1616.0          1.0000
1617.0          1.0000
1618.0          1.0000
1619.0          1.0000
1620.0          1.0000
1621.0          1.0000
1622.0          1.0000
1623.0          1.0000
1624.0          1.0000
1625.0          1.0000
1626.0          1.0000
1627.0          1.0000
1628.0          1.0000
1629.0          1.0000
1630.0          1.0000
1631.0          1.0000
1632.0          1.0000
1633.0          1.0000
1634.0          1.0000
1635.0          1.0000
1636.0          1.0000
1637.0          1.0000
1638.0          1.0000
1639.0          1.0000
1640.0          1.0000
1641.0          1.0000
1642.0          1.0000
1643.0          1.0000
1644.0          1.0000
1645.0          1.0000
1646.0          1.0000
1647.0          1.0000
1648.0          1.0000
1649.0          1.0000
1650.0          1.0000
1400.0          4.4409E-16
1401.0          1.2212E-15
1402.0          -4.4409E-16
1403.0          1.2212E-15
1404.0          1.5543E-15
1405.0          1.1102E-16
1406.0          -4.4409E-16
1407.0          1.1102E-15
1408.0          -1.9984E-15
1409.0          -2.6645E-15
1410.0          -1.1102E-15
1411.0          -1.3323E-15
1412.0          1.2212E-15
1413.0          -1.9984E-15
1414.0          0.0000
1415.0          0.0000
1416.0          1.6653E-15
1417.0          -2.2204E-15
1418.0          -2.2204E-15
1419.0          -2.2204E-15
1420.0          -6.6613E-16
1421.0          -1.5543E-15
1422.0          1.1102E-16
1423.0          -8.8818E-16
1424.0          3.3307E-16
1425.0          -8.8818E-16
1426.0          1.6653E-15
1427.0          6.6613E-16
1428.0          2.2204E-15
1429.0          -2.2204E-15
1430.0          -1.7764E-15
1431.0          2.2204E-15
1432.0          6.5503E-15
1433.0          1.6653E-15
1434.0          5.5511E-16
1435.0          1.2212E-15
1436.0          -1.3323E-15
1437.0          2.2204E-16
1438.0          2.2204E-16
1439.0          8.8818E-16
1440.0          -2.2204E-16
1441.0          1.1102E-15
1442.0          -8.8818E-16
1443.0          5.5511E-16
1444.0          -1.5543E-15
1445.0          1.2212E-15
1446.0          1.4433E-15
1447.0          -8.8818E-16
1448.0          -4.4409E-16
1449.0          1.1102E-16
1450.0          -1.1102E-15
1451.0          7.7716E-16
1452.0          -2.2204E-15
1453.0          1.5543E-15
1454.0          -8.8818E-16
1455.0          -1.5543E-15
1456.0          5.5511E-16
1457.0          -6.6613E-16
1458.0          1.9984E-15
1459.0          -6.6613E-16
1460.0          1.8874E-15
1461.0          -4.4409E-16
1462.0          1.3323E-15
1463.0          -1.3323E-15
1464.0          -1.3323E-15
1465.0          -2.2204E-16
1466.0          8.8818E-16
1467.0          -3.7748E-15
1468.0          -1.7764E-15
1469.0          -8.8818E-16
1470.0          -6.6613E-16
1471.0          -2.6645E-15
1472.0          -2.8866E-15
1473.0          -6.6613E-16
1474.0          4.4409E-16
1475.0          -6.6613E-16
1476.0          1.3323E-15
1477.0          0.0000
1478.0          0.0000
1479.0          0.0000
1480.0          -1.3323E-15
1481.0          -2.4425E-15
1482.0          1.7764E-15
1483.0          3.5527E-15
1484.0          2.7756E-15
1485.0          1.4433E-15
1486.0          6.6613E-16
1487.0          1.5543E-15
1488.0          -1.9984E-15
1489.0          2.2204E-16
1490.0          8.8818E-16
1491.0          1.9984E-15
1492.0          1.5543E-15
1493.0          1.1102E-16
1494.0          3.3307E-15
1495.0          6.6613E-16
1496.0          -3.7748E-15
1497.0          -8.8818E-16
1498.0          -1.9984E-15
1499.0          2.5535E-15
1500.0          -1.7764E-15
1501.0          -4.4409E-16
1502.0          2.3315E-15
1503.0          -2.2204E-15
1504.0          2.2204E-16
1505.0          3.3307E-15
1506.0          -1.3323E-15
1507.0          -2.6645E-15
1508.0          -2.2204E-15
1509.0          1.7764E-15
1510.0          -1.7764E-15
1511.0          2.4425E-15
1512.0          -6.6613E-16
1513.0          6.6613E-16
1514.0          1.4433E-15
1515.0          2.8866E-15
1516.0          -8.8818E-16
1517.0          -2.2204E-16
1518.0          -1.1102E-15
1519.0          1.9984E-15
1520.0          -2.8866E-15
1521.0          2.1094E-15
1522.0          5.5511E-16
1523.0          -8.8818E-16
1524.0          8.8818E-16
1525.0          2.2204E-15
1526.0          -2.4425E-15
1527.0          -1.7764E-15
1528.0          4.4409E-16
1529.0          4.4409E-16
1530.0          -3.1086E-15
1531.0          1.4433E-15
1532.0          6.6613E-16
1533.0          4.4409E-16
1534.0          6.6613E-16
1535.0          -2.2204E-16
1536.0          8.8818E-16
1537.0          -1.5543E-15
1538.0          -2.2204E-16
1539.0          2.2204E-16
1540.0          -3.1086E-15
1541.0          1.7764E-15
1542.0          -4.4409E-16
1543.0          -2.2204E-15
1544.0          1.5543E-15
1545.0          8.8818E-16
1546.0          -1.9984E-15
1547.0          -8.8818E-16
1548.0          -1.3323E-15
1549.0          2.2204E-16
1550.0          2.2204E-15
1551.0          1.1102E-16
1552.0          -1.3323E-15
1553.0          -2.2204E-16
1554.0          1.3323E-15
1555.0          -2.2204E-16
1556.0          -2.2204E-15
1557.0          8.8818E-16
1558.0          1.1102E-15
1559.0          -1.3323E-15
1560.0          3.3307E-16
1561.0          1.7764E-15
1562.0          -1.7764E-15
1563.0          0.0000
1564.0          2.8866E-15
1565.0          -4.4409E-16
1566.0          4.4409E-16
1567.0          3.8858E-15
1568.0          2.6645E-15
1569.0          -4.4409E-16
1570.0          -2.2204E-16
1571.0          0.0000
1572.0          1.5543E-15
1573.0          3.5527E-15
1574.0          -2.8866E-15
1575.0          -4.4409E-16
1576.0          -3.5527E-15
1577.0          -4.8850E-15
1578.0          4.4409E-16
1579.0          -1.3323E-15
1580.0          1.1102E-15
1581.0          -1.3323E-15
1582.0          -6.6613E-16
1583.0          -8.8818E-16
1584.0          2.4425E-15
1585.0          -1.7764E-15
1586.0          2.5535E-15
1587.0          -1.7764E-15
1588.0          1.5543E-15
1589.0          -8.8818E-16
1590.0          -1.3323E-15
1591.0          -1.9984E-15
1592.0          0.0000
1593.0          -8.8818E-16
1594.0          -1.7764E-15
1595.0          2.7756E-15
1596.0          -2.2204E-16
1597.0          7.7716E-16
1598.0          2.8866E-15
1599.0          3.9968E-15
1600.0          3.2196E-15
1601.0          -4.4409E-16
1602.0          -8.8818E-16
1603.0          1.2212E-15
1604.0          1.7764E-15
1605.0          8.8818E-16
1606.0          1.5543E-15
1607.0          6.6613E-16
1608.0          -1.5543E-15
1609.0          5.5511E-16
1610.0          -1.5543E-15
1611.0          2.2204E-16
1612.0          -8.8818E-16
1613.0          3.2196E-15
1614.0          2.2204E-15
1615.0          2.2204E-16
1616.0          3.9968E-15
1617.0          -2.8866E-15
1618.0          2.3315E-15
1619.0          2.9976E-15
1620.0          6.6613E-15
1621.0          3.9968E-15
1622.0          4.5519E-15
1623.0          -1.5543E-14
1624.0          3.3307E-16
1625.0          -9.7700E-15
1626.0          1.8319E-14
1627.0          1.6653E-15
1628.0          -2.2204E-15
1629.0          -9.5479E-15
1630.0          9.9920E-15
1631.0          -8.8818E-16
1632.0          3.7748E-15
1633.0          4.6629E-15
1634.0          5.5511E-16
1635.0          -1.7097E-14
1636.0          6.7724E-15
1637.0          2.2204E-16
1638.0          -5.7732E-15
1639.0          4.8850E-15
1640.0          9.5479E-15
1641.0          -5.7732E-15
1642.0          -3.7748E-15
1643.0          -3.9968E-15
1644.0          2.4425E-15
1645.0          -6.6613E-16
1646.0          2.4425E-15
1647.0          -4.4409E-15
1648.0          -4.8850E-15
1649.0          5.7732E-15
1650.0          5.5511E-16
