1400.0          0.37407
1401.0          0.37347
1402.0          0.37292
1403.0          0.37241
1404.0          0.37193
1405.0          0.37149
1406.0          0.37109
1407.0          0.37072
1408.0          0.37039
1409.0          0.37009
1410.0          0.36982
1411.0          0.36958
1412.0          0.36937
1413.0          0.36919
1414.0          0.36903
1415.0          0.36891
1416.0          0.36881
1417.0          0.36873
1418.0          0.36868
1419.0          0.36865
1420.0          0.36864
1421.0          0.36866
1422.0          0.36870
1423.0          0.36876
1424.0          0.36883
1425.0          0.36893
1426.0          0.36904
1427.0          0.36918
1428.0          0.36933
1429.0          0.36949
1430.0          0.36968
1431.0          0.36988
1432.0          0.37009
1433.0          0.37032
1434.0          0.37056
1435.0          0.37082
1436.0          0.37109
1437.0          0.37137
1438.0          0.37166
1439.0          0.37197
1440.0          0.37229
1441.0          0.37261
1442.0          0.37295
1443.0          0.37330
1444.0          0.37366
1445.0          0.37403
1446.0          0.37441
1447.0          0.37480
1448.0          0.37520
1449.0          0.37560
1450.0          0.37601
1451.0          0.37643
1452.0          0.37686
1453.0          0.37730
1454.0          0.37774
1455.0          0.37819
1456.0          0.37864
1457.0          0.37911
1458.0          0.37957
1459.0          0.38005
1460.0          0.38052
1461.0          0.38101
1462.0          0.38150
1463.0          0.38199
1464.0          0.38249
1465.0          0.38299
1466.0          0.38350
1467.0          0.38401
1468.0          0.38452
1469.0          0.38504
1470.0          0.38556
1471.0          0.38609
1472.0          0.38662
1473.0          0.38715
1474.0          0.38768
1475.0          0.38822
1476.0          0.38876
1477.0          0.38930
1478.0          0.38985
1479.0          0.39039
1480.0          0.39094
1481.0          0.39149
1482.0          0.39205
1483.0          0.39260
1484.0          0.39316
1485.0          0.39371
1486.0          0.39427
1487.0          0.39483
1488.0          0.39539
1489.0          0.39595
1490.0          0.39651
1491.0          0.39708
1492.0          0.39764
1493.0          0.39820
1494.0          0.39877
1495.0          0.39933
1496.0          0.39990
1497.0          0.40046
1498.0          0.40103
1499.0          0.40160
1500.0          0.40216
1501.0          0.40273
1502.0          0.40329
1503.0          0.40386
1504.0          0.40442
1505.0          0.40499
1506.0          0.40555
1507.0          0.40611
1508.0          0.40668
1509.0          0.40724
1510.0          0.40780
1511.0          0.40836
1512.0          0.40892
1513.0          0.40948
1514.0          0.41003
1515.0          0.41059
1516.0          0.41114
1517.0          0.41170
1518.0          0.41225
1519.0          0.41280
1520.0          0.41335
1521.0          0.41390
1522.0          0.41445
1523.0          0.41499
1524.0          0.41554
1525.0          0.41608
1526.0          0.41662
1527.0          0.41716
1528.0          0.41769
1529.0          0.41823
1530.0          0.41876
1531.0          0.41929
1532.0          0.41982
1533.0          0.42035
1534.0          0.42088
1535.0          0.42140
1536.0          0.42192
1537.0          0.42244
1538.0          0.42296
1539.0          0.42347
1540.0          0.42398
1541.0          0.42450
1542.0          0.42500
1543.0          0.42551
1544.0          0.42601
1545.0          0.42651
1546.0          0.42701
1547.0          0.42751
1548.0          0.42800
1549.0          0.42849
1550.0          0.42898
1551.0          0.42946
1552.0          0.42994
1553.0          0.43042
1554.0          0.43090
1555.0          0.43137
1556.0          0.43184
1557.0          0.43231
1558.0          0.43278
1559.0          0.43324
1560.0          0.43370
1561.0          0.43415
1562.0          0.43461
1563.0          0.43506
1564.0          0.43550
1565.0          0.43595
1566.0          0.43639
1567.0          0.43683
1568.0          0.43726
1569.0          0.43769
1570.0          0.43812
1571.0          0.43854
1572.0          0.43896
1573.0          0.43938
1574.0          0.43979
1575.0          0.44020
1576.0          0.44061
1577.0          0.44101
1578.0          0.44141
1579.0          0.44180
1580.0          0.44219
1581.0          0.44258
1582.0          0.44297
1583.0          0.44334
1584.0          0.44372
1585.0          0.44409
1586.0          0.44446
1587.0          0.44482
1588.0          0.44518
1589.0          0.44554
1590.0          0.44589
1591.0          0.44624
1592.0          0.44658
1593.0          0.44692
1594.0          0.44725
1595.0          0.44758
1596.0          0.44790
1597.0          0.44822
1598.0          0.44854
1599.0          0.44885
1600.0          0.44916
1601.0          0.44946
1602.0          0.44975
1603.0          0.45004
1604.0          0.45033
1605.0          0.45061
1606.0          0.45089
1607.0          0.45116
1608.0          0.45142
1609.0          0.45168
1610.0          0.45194
1611.0          0.45218
1612.0          0.45243
1613.0          0.45266
1614.0          0.45289
1615.0          0.45312
1616.0          0.45334
1617.0          0.45355
1618.0          0.45376
1619.0          0.45396
1620.0          0.45415
1621.0          0.45434
1622.0          0.45452
1623.0          0.45469
1624.0          0.45486
1625.0          0.45502
1626.0          0.45517
1627.0          0.45531
1628.0          0.45545
1629.0          0.45558
1630.0          0.45570
1631.0          0.45581
1632.0          0.45591
1633.0          0.45601
1634.0          0.45610
1635.0          0.45617
1636.0          0.45624
1637.0          0.45630
1638.0          0.45635
1639.0          0.45640
1640.0          0.45643
1641.0          0.45645
1642.0          0.45646
1643.0          0.45646
1644.0          0.45644
1645.0          0.45642
1646.0          0.45639
1647.0          0.45634
1648.0          0.45628
1649.0          0.45621
1650.0          0.45612
1400.0          0.62593
1401.0          0.62653
1402.0          0.62708
1403.0          0.62759
1404.0          0.62807
1405.0          0.62851
1406.0          0.62891
1407.0          0.62928
1408.0          0.62961
1409.0          0.62991
1410.0          0.63018
1411.0          0.63042
1412.0          0.63063
1413.0          0.63081
1414.0          0.63097
1415.0          0.63109
1416.0          0.63119
1417.0          0.63127
1418.0          0.63132
1419.0          0.63135
1420.0          0.63136
1421.0          0.63134
1422.0          0.63130
1423.0          0.63124
1424.0          0.63117
1425.0          0.63107
1426.0          0.63096
1427.0          0.63082
1428.0          0.63067
1429.0          0.63051
1430.0          0.63032
1431.0          0.63012
1432.0          0.62991
1433.0          0.62968
1434.0          0.62944
1435.0          0.62918
1436.0          0.62891
1437.0          0.62863
1438.0          0.62834
1439.0          0.62803
1440.0          0.62771
1441.0          0.62739
1442.0          0.62705
1443.0          0.62670
1444.0          0.62634
1445.0          0.62597
1446.0          0.62559
1447.0          0.62520
1448.0          0.62480
1449.0          0.62440
1450.0          0.62399
1451.0          0.62357
1452.0          0.62314
1453.0          0.62270
1454.0          0.62226
1455.0          0.62181
1456.0          0.62136
1457.0          0.62089
1458.0          0.62043
1459.0          0.61995
1460.0          0.61948
1461.0          0.61899
1462.0          0.61850
1463.0          0.61801
1464.0          0.61751
1465.0          0.61701
1466.0          0.61650
1467.0          0.61599
1468.0          0.61548
1469.0          0.61496
1470.0          0.61444
1471.0          0.61391
1472.0          0.61338
1473.0          0.61285
1474.0          0.61232
1475.0          0.61178
1476.0          0.61124
1477.0          0.61070
1478.0          0.61015
1479.0          0.60961
1480.0          0.60906
1481.0          0.60851
1482.0          0.60795
1483.0          0.60740
1484.0          0.60684
1485.0          0.60629
1486.0          0.60573
1487.0          0.60517
1488.0          0.60461
1489.0          0.60405
1490.0          0.60349
1491.0          0.60292
1492.0          0.60236
1493.0          0.60180
1494.0          0.60123
1495.0          0.60067
1496.0          0.60010
1497.0          0.59954
1498.0          0.59897
1499.0          0.59840
1500.0          0.59784
1501.0          0.59727
1502.0          0.59671
1503.0          0.59614
1504.0          0.59558
1505.0          0.59501
1506.0          0.59445
1507.0          0.59389
1508.0          0.59332
1509.0          0.59276
1510.0          0.59220
1511.0          0.59164
1512.0          0.59108
1513.0          0.59052
1514.0          0.58997
1515.0          0.58941
1516.0          0.58886
1517.0          0.58830
1518.0          0.58775
1519.0          0.58720
1520.0          0.58665
1521.0          0.58610
1522.0          0.58555
1523.0          0.58501
1524.0          0.58446
1525.0          0.58392
1526.0          0.58338
1527.0          0.58284
1528.0          0.58231
1529.0          0.58177
1530.0          0.58124
1531.0          0.58071
1532.0          0.58018
1533.0          0.57965
1534.0          0.57912
1535.0          0.57860
1536.0          0.57808
1537.0          0.57756
1538.0          0.57704
1539.0          0.57653
1540.0          0.57602
1541.0          0.57550
1542.0          0.57500
1543.0          0.57449
1544.0          0.57399
1545.0          0.57349
1546.0          0.57299
1547.0          0.57249
1548.0          0.57200
1549.0          0.57151
1550.0          0.57102
1551.0          0.57054
1552.0          0.57006
1553.0          0.56958
1554.0          0.56910
1555.0          0.56863
1556.0          0.56816
1557.0          0.56769
1558.0          0.56722
1559.0          0.56676
1560.0          0.56630
1561.0          0.56585
1562.0          0.56539
1563.0          0.56494
1564.0          0.56450
1565.0          0.56405
1566.0          0.56361
1567.0          0.56317
1568.0          0.56274
1569.0          0.56231
1570.0          0.56188
1571.0          0.56146
1572.0          0.56104
1573.0          0.56062
1574.0          0.56021
1575.0          0.55980
1576.0          0.55939
1577.0          0.55899
1578.0          0.55859
1579.0          0.55820
1580.0          0.55781
1581.0          0.55742
1582.0          0.55703
1583.0          0.55666
1584.0          0.55628
1585.0          0.55591
1586.0          0.55554
1587.0          0.55518
1588.0          0.55482
1589.0          0.55446
1590.0          0.55411
1591.0          0.55376
1592.0          0.55342
1593.0          0.55308
1594.0          0.55275
1595.0          0.55242
1596.0          0.55210
1597.0          0.55178
1598.0          0.55146
1599.0          0.55115
1600.0          0.55084
1601.0          0.55054
1602.0          0.55025
1603.0          0.54996
1604.0          0.54967
1605.0          0.54939
1606.0          0.54911
1607.0          0.54884
1608.0          0.54858
1609.0          0.54832
1610.0          0.54806
1611.0          0.54782
1612.0          0.54757
1613.0          0.54734
1614.0          0.54711
1615.0          0.54688
1616.0          0.54666
1617.0          0.54645
1618.0          0.54624
1619.0          0.54604
1620.0          0.54585
1621.0          0.54566
1622.0          0.54548
1623.0          0.54531
1624.0          0.54514
1625.0          0.54498
1626.0          0.54483
1627.0          0.54469
1628.0          0.54455
1629.0          0.54442
1630.0          0.54430
1631.0          0.54419
1632.0          0.54409
1633.0          0.54399
1634.0          0.54390
1635.0          0.54383
1636.0          0.54376
1637.0          0.54370
1638.0          0.54365
1639.0          0.54360
1640.0          0.54357
1641.0          0.54355
1642.0          0.54354
1643.0          0.54354
1644.0          0.54356
1645.0          0.54358
1646.0          0.54361
1647.0          0.54366
1648.0          0.54372
1649.0          0.54379
1650.0          0.54388
1400.0          1.0000
1401.0          1.0000
1402.0          1.0000
1403.0          1.0000
1404.0          1.0000
1405.0          1.0000
1406.0          1.0000
1407.0          1.0000
1408.0          1.0000
1409.0          1.0000
1410.0          1.0000
1411.0          1.0000
1412.0          1.0000
1413.0          1.0000
1414.0          1.0000
1415.0          1.0000
1416.0          1.0000
1417.0          1.0000
1418.0          1.0000
1419.0          1.0000
1420.0          1.0000
1421.0          1.0000
1422.0          1.0000
1423.0          1.0000
1424.0          1.0000
1425.0          1.0000
1426.0          1.0000
1427.0          1.0000
1428.0          1.0000
1429.0          1.0000
1430.0          1.0000
1431.0          1.0000
1432.0          1.0000
1433.0          1.0000
1434.0          1.0000
1435.0          1.0000
1436.0          1.0000
1437.0          1.0000
1438.0          1.0000
1439.0          1.0000
1440.0          1.0000
1441.0          1.0000
1442.0          1.0000
1443.0          1.0000
1444.0          1.0000
1445.0          1.0000
1446.0          1.0000
1447.0          1.0000
1448.0          1.0000
1449.0          1.0000
1450.0          1.0000
1451.0          1.0000
1452.0          1.0000
1453.0          1.0000
1454.0          1.0000
1455.0          1.0000
1456.0          1.0000
1457.0          1.0000
1458.0          1.0000
1459.0          1.0000
1460.0          1.0000
1461.0          1.0000
1462.0          1.0000
1463.0          1.0000
1464.0          1.0000
1465.0          1.0000
1466.0          1.0000
1467.0          1.0000
1468.0          1.0000
1469.0          1.0000
1470.0          1.0000
1471.0          1.0000
1472.0          1.0000
1473.0          1.0000
1474.0          1.0000
1475.0          1.0000
1476.0          1.0000
1477.0          1.0000
1478.0          1.0000
1479.0          1.0000
1480.0          1.0000
1481.0          1.0000
1482.0          1.0000
1483.0          1.0000
1484.0          1.0000
1485.0          1.0000
1486.0          1.0000
1487.0          1.0000
1488.0          1.0000
1489.0          1.0000
1490.0          1.0000
1491.0          1.0000
1492.0          1.0000
1493.0          1.0000
1494.0          1.0000
1495.0          1.0000
1496.0          1.0000
1497.0          1.0000
1498.0          1.0000
1499.0          1.0000
1500.0          1.0000
1501.0          1.0000
1502.0          1.0000
1503.0          1.0000
1504.0          1.0000
1505.0          1.0000
1506.0          1.0000
1507.0          1.0000
1508.0          1.0000
1509.0          1.0000
1510.0          1.0000
1511.0          1.0000
1512.0          1.0000
1513.0          1.0000
1514.0          1.0000
1515.0          1.0000
1516.0          1.0000
1517.0          1.0000
1518.0          1.0000
1519.0          1.0000
1520.0          1.0000
1521.0          1.0000
1522.0          1.0000
1523.0          1.0000
1524.0          1.0000
1525.0          1.0000
1526.0          1.0000
1527.0          1.0000
1528.0          1.0000
1529.0          1.0000
1530.0          1.0000
1531.0          1.0000
1532.0          1.0000
1533.0          1.0000
1534.0          1.0000
1535.0          1.0000
1536.0          1.0000
1537.0          1.0000
1538.0          1.0000
1539.0          1.0000
1540.0          1.0000
1541.0          1.0000
1542.0          1.0000
1543.0          1.0000
1544.0          1.0000
1545.0          1.0000
1546.0          1.0000
1547.0          1.0000
1548.0          1.0000
1549.0          1.0000
1550.0          1.0000
1551.0          1.0000
1552.0          1.0000
1553.0          1.0000
1554.0          1.0000
1555.0          1.0000
1556.0          1.0000
1557.0          1.0000
1558.0          1.0000
1559.0          1.0000
1560.0          1.0000
1561.0          1.0000
1562.0          1.0000
1563.0          1.0000
1564.0          1.0000
1565.0          1.0000
1566.0          1.0000
1567.0          1.0000
1568.0          1.0000
1569.0          1.0000
1570.0          1.0000
1571.0          1.0000
1572.0          1.0000
1573.0          1.0000
1574.0          1.0000
1575.0          1.0000
1576.0          1.0000
1577.0          1.0000
1578.0          1.0000
1579.0          1.0000
1580.0          1.0000
1581.0          1.0000
1582.0          1.0000
1583.0          1.0000
1584.0          1.0000
1585.0          1.0000
1586.0          1.0000
1587.0          1.0000
1588.0          1.0000
1589.0          1.0000
1590.0          1.0000
1591.0          1.0000
1592.0          1.0000
1593.0          1.0000
1594.0          1.0000
1595.0          1.0000
1596.0          1.0000
1597.0          1.0000
1598.0          1.0000
1599.0          1.0000
1600.0          1.0000
1601.0          1.0000
1602.0          1.0000
1603.0          1.0000
1604.0          1.0000
1605.0          1.0000
1606.0          1.0000
1607.0          1.0000
1608.0          1.0000
1609.0          1.0000
1610.0          1.0000
1611.0          1.0000
1612.0          1.0000
1613.0          1.0000
1614.0          1.0000
1615.0          1.0000
1616.0          1.0000
1617.0          1.0000
1618.0          1.0000
1619.0          1.0000
1620.0          1.0000
1621.0          1.0000
1622.0          1.0000
1623.0          1.0000
1624.0          1.0000
1625.0          1.0000
1626.0          1.0000
1627.0          1.0000
1628.0          1.0000
1629.0          1.0000
1630.0          1.0000
1631.0          1.0000
1632.0          1.0000
1633.0          1.0000
1634.0          1.0000
1635.0          1.0000
1636.0          1.0000
1637.0          1.0000
1638.0          1.0000
1639.0          1.0000
1640.0          1.0000
1641.0          1.0000
1642.0          1.0000
1643.0          1.0000
1644.0          1.0000
1645.0          1.0000
1646.0          1.0000
1647.0          1.0000
1648.0          1.0000
1649.0          1.0000
1650.0          1.0000
1400.0          8.8818E-16
1401.0          -2.6645E-15
1402.0          4.4409E-16
1403.0          1.7764E-15
1404.0          3.4417E-15
1405.0          1.5543E-15
1406.0          -1.3323E-15
1407.0          4.4409E-16
1408.0          -1.7764E-15
1409.0          3.3307E-15
1410.0          8.8818E-16
1411.0          -1.3323E-15
1412.0          2.8866E-15
1413.0          1.3323E-15
1414.0          1.4433E-15
1415.0          4.7740E-15
1416.0          8.8818E-16
1417.0          -1.5543E-15
1418.0          4.1078E-15
1419.0          4.4409E-15
1420.0          -1.3323E-15
1421.0          4.4409E-16
1422.0          0.0000
1423.0          0.0000
1424.0          1.7764E-15
1425.0          -3.5527E-15
1426.0          1.2212E-15
1427.0          -2.2204E-15
1428.0          4.4409E-16
1429.0          -8.8818E-16
1430.0          -1.7764E-15
1431.0          -1.9984E-15
1432.0          2.4425E-15
1433.0          -8.8818E-16
1434.0          6.6613E-16
1435.0          6.6613E-16
1436.0          4.4409E-16
1437.0          -3.7748E-15
1438.0          2.4425E-15
1439.0          1.1102E-16
1440.0          2.2204E-16
1441.0          1.5543E-15
1442.0          2.8866E-15
1443.0          2.2204E-15
1444.0          -3.1086E-15
1445.0          1.3323E-15
1446.0          -1.5543E-15
1447.0          -2.2204E-16
1448.0          0.0000
1449.0          -4.4409E-16
1450.0          -6.6613E-16
1451.0          2.4425E-15
1452.0          -4.4409E-16
1453.0          1.5543E-15
1454.0          1.1102E-15
1455.0          -5.1070E-15
1456.0          4.4409E-16
1457.0          -1.7764E-15
1458.0          1.1102E-15
1459.0          2.1094E-15
1460.0          5.5511E-15
1461.0          3.3307E-16
1462.0          1.7764E-15
1463.0          2.2204E-16
1464.0          2.2204E-15
1465.0          -1.7764E-15
1466.0          -2.2204E-15
1467.0          6.6613E-16
1468.0          6.6613E-16
1469.0          2.4425E-15
1470.0          3.5527E-15
1471.0          6.6613E-16
1472.0          -4.4409E-16
1473.0          -4.4409E-16
1474.0          -2.2204E-16
1475.0          6.6613E-16
1476.0          4.4409E-16
1477.0          -4.8850E-15
1478.0          5.5511E-16
1479.0          8.8818E-16
1480.0          -2.4425E-15
1481.0          -1.3323E-15
1482.0          -6.6613E-16
1483.0          1.1102E-15
1484.0          1.9984E-15
1485.0          1.3323E-15
1486.0          -1.1102E-15
1487.0          -1.3323E-15
1488.0          1.7764E-15
1489.0          1.4433E-15
1490.0          4.5519E-15
1491.0          5.5511E-16
1492.0          -2.2204E-16
1493.0          1.5543E-15
1494.0          -1.1102E-15
1495.0          5.5511E-16
1496.0          2.4425E-15
1497.0          -2.6645E-15
1498.0          5.5511E-16
1499.0          6.6613E-16
1500.0          -1.9984E-15
1501.0          -1.1102E-15
1502.0          1.5543E-15
1503.0          -8.8818E-16
1504.0          -1.5543E-15
1505.0          -3.3307E-15
1506.0          8.8818E-16
1507.0          3.3307E-16
1508.0          0.0000
1509.0          -3.3307E-15
1510.0          1.5543E-15
1511.0          2.2204E-16
1512.0          7.7716E-16
1513.0          5.5511E-16
1514.0          -4.4409E-16
1515.0          -6.6613E-16
1516.0          -4.4409E-16
1517.0          -4.4409E-16
1518.0          -8.8818E-16
1519.0          1.7764E-15
1520.0          1.2212E-15
1521.0          1.9984E-15
1522.0          -4.4409E-16
1523.0          2.2204E-15
1524.0          2.2204E-16
1525.0          -4.4409E-16
1526.0          -6.6613E-16
1527.0          4.4409E-16
1528.0          -1.3323E-15
1529.0          1.7764E-15
1530.0          0.0000
1531.0          4.4409E-16
1532.0          3.4417E-15
1533.0          1.3323E-15
1534.0          3.3307E-15
1535.0          -2.4425E-15
1536.0          8.8818E-16
1537.0          -1.5543E-15
1538.0          6.6613E-16
1539.0          4.4409E-16
1540.0          7.7716E-16
1541.0          2.2204E-15
1542.0          2.2204E-16
1543.0          8.8818E-16
1544.0          6.6613E-16
1545.0          5.5511E-15
1546.0          1.7764E-15
1547.0          -1.9984E-15
1548.0          3.8858E-15
1549.0          -1.7764E-15
1550.0          1.1102E-15
1551.0          2.7756E-15
1552.0          0.0000
1553.0          -1.3323E-15
1554.0          1.2212E-15
1555.0          6.6613E-16
1556.0          -6.6613E-16
1557.0          9.9920E-16
1558.0          -8.8818E-16
1559.0          5.5511E-16
1560.0          9.9920E-16
1561.0          4.4409E-16
1562.0          6.6613E-16
1563.0          1.1102E-15
1564.0          -1.7764E-15
1565.0          -4.4409E-16
1566.0          4.4409E-16
1567.0          2.2204E-16
1568.0          1.1102E-16
1569.0          -1.9984E-15
1570.0          -2.2204E-15
1571.0          2.7756E-15
1572.0          -1.9984E-15
1573.0          -8.8818E-16
1574.0          -2.4425E-15
1575.0          -4.4409E-16
1576.0          -2.4425E-15
1577.0          4.4409E-16
1578.0          2.2204E-15
1579.0          -4.4409E-16
1580.0          1.2212E-15
1581.0          7.7716E-16
1582.0          2.2204E-15
1583.0          -2.2204E-16
1584.0          -2.2204E-16
1585.0          3.3307E-16
1586.0          3.5527E-15
1587.0          -1.3323E-15
1588.0          -1.9984E-15
1589.0          -3.1086E-15
1590.0          1.7764E-15
1591.0          -3.5527E-15
1592.0          -4.4409E-16
1593.0          -6.6613E-16
1594.0          -1.9984E-15
1595.0          -2.2204E-15
1596.0          1.9984E-15
1597.0          -2.2204E-15
1598.0          3.3307E-15
1599.0          2.5535E-15
1600.0          -1.3323E-15
1601.0          -1.1102E-15
1602.0          9.9920E-16
1603.0          9.9920E-16
1604.0          -4.4409E-16
1605.0          -1.7764E-15
1606.0          9.9920E-16
1607.0          1.7764E-15
1608.0          0.0000
1609.0          8.8818E-16
1610.0          -4.4409E-16
1611.0          1.7764E-15
1612.0          -2.2204E-15
1613.0          2.1094E-15
1614.0          -2.6645E-15
1615.0          3.7748E-15
1616.0          -2.6645E-15
1617.0          -6.8834E-15
1618.0          4.4409E-16
1619.0          1.6653E-15
1620.0          -1.1102E-15
1621.0          1.3323E-15
1622.0          2.4425E-15
1623.0          1.4433E-15
1624.0          0.0000
1625.0          2.4425E-15
1626.0          6.6613E-16
1627.0          2.2204E-15
1628.0          2.2204E-16
1629.0          2.5535E-15
1630.0          1.8874E-15
1631.0          -6.6613E-16
1632.0          4.4409E-16
1633.0          3.3307E-15
1634.0          2.2204E-16
1635.0          -4.8850E-15
1636.0          -2.2204E-15
1637.0          -1.5543E-15
1638.0          2.4425E-15
1639.0          3.3307E-16
1640.0          -2.4425E-15
1641.0          -3.7748E-15
1642.0          -1.3323E-15
1643.0          1.1102E-15
1644.0          -2.2204E-16
1645.0          3.9968E-15
1646.0          -4.4409E-16
1647.0          -8.8818E-16
1648.0          1.7764E-15
1649.0          -1.5543E-15
1650.0          -1.3323E-15
