1400.0          0.86608
1401.0          0.86536
1402.0          0.86464
1403.0          0.86392
1404.0          0.86320
1405.0          0.86249
1406.0          0.86179
1407.0          0.86108
1408.0          0.86038
1409.0          0.85968
1410.0          0.85899
1411.0          0.85830
1412.0          0.85761
1413.0          0.85692
1414.0          0.85623
1415.0          0.85555
1416.0          0.85487
1417.0          0.85419
1418.0          0.85352
1419.0          0.85284
1420.0          0.85217
1421.0          0.85150
1422.0          0.85083
1423.0          0.85017
1424.0          0.84950
1425.0          0.84884
1426.0          0.84818
1427.0          0.84752
1428.0          0.84686
1429.0          0.84620
1430.0          0.84555
1431.0          0.84489
1432.0          0.84424
1433.0          0.84359
1434.0          0.84294
1435.0          0.84229
1436.0          0.84164
1437.0          0.84099
1438.0          0.84035
1439.0          0.83970
1440.0          0.83906
1441.0          0.83841
1442.0          0.83777
1443.0          0.83713
1444.0          0.83649
1445.0          0.83585
1446.0          0.83521
1447.0          0.83457
1448.0          0.83393
1449.0          0.83330
1450.0          0.83266
1451.0          0.83202
1452.0          0.83139
1453.0          0.83075
1454.0          0.83012
1455.0          0.82949
1456.0          0.82885
1457.0          0.82822
1458.0          0.82759
1459.0          0.82695
1460.0          0.82632
1461.0          0.82569
1462.0          0.82506
1463.0          0.82443
1464.0          0.82380
1465.0          0.82317
1466.0          0.82254
1467.0          0.82191
1468.0          0.82128
1469.0          0.82065
1470.0          0.82003
1471.0          0.81940
1472.0          0.81877
1473.0          0.81814
1474.0          0.81751
1475.0          0.81689
1476.0          0.81626
1477.0          0.81563
1478.0          0.81500
1479.0          0.81438
1480.0          0.81375
1481.0          0.81312
1482.0          0.81250
1483.0          0.81187
1484.0          0.81125
1485.0          0.81062
1486.0          0.80999
1487.0          0.80937
1488.0          0.80874
1489.0          0.80812
1490.0          0.80749
1491.0          0.80686
1492.0          0.80624
1493.0          0.80561
1494.0          0.80499
1495.0          0.80436
1496.0          0.80374
1497.0          0.80311
1498.0          0.80249
1499.0          0.80186
1500.0          0.80124
1501.0          0.80061
1502.0          0.79999
1503.0          0.79936
1504.0          0.79874
1505.0          0.79811
1506.0          0.79749
1507.0          0.79686
1508.0          0.79624
1509.0          0.79561
1510.0          0.79499
1511.0          0.79436
1512.0          0.79374
1513.0          0.79311
1514.0          0.79249
1515.0          0.79186
1516.0          0.79124
1517.0          0.79061
1518.0          0.78999
1519.0          0.78936
1520.0          0.78874
1521.0          0.78811
1522.0          0.78749
1523.0          0.78686
1524.0          0.78624
1525.0          0.78561
1526.0          0.78499
1527.0          0.78436
1528.0          0.78374
1529.0          0.78311
1530.0          0.78249
1531.0          0.78186
1532.0          0.78124
1533.0          0.78061
1534.0          0.77999
1535.0          0.77936
1536.0          0.77874
1537.0          0.77811
1538.0          0.77749
1539.0          0.77686
1540.0          0.77624
1541.0          0.77561
1542.0          0.77499
1543.0          0.77436
1544.0          0.77374
1545.0          0.77312
1546.0          0.77249
1547.0          0.77187
1548.0          0.77124
1549.0          0.77062
1550.0          0.76999
1551.0          0.76937
1552.0          0.76875
1553.0          0.76812
1554.0          0.76750
1555.0          0.76687
1556.0          0.76625
1557.0          0.76563
1558.0          0.76500
1559.0          0.76438
1560.0          0.76375
1561.0          0.76313
1562.0          0.76251
1563.0          0.76188
1564.0          0.76126
1565.0          0.76064
1566.0          0.76001
1567.0          0.75939
1568.0          0.75877
1569.0          0.75815
1570.0          0.75752
1571.0          0.75690
1572.0          0.75628
1573.0          0.75566
1574.0          0.75503
1575.0          0.75441
1576.0          0.75379
1577.0          0.75317
1578.0          0.75254
1579.0          0.75192
1580.0          0.75130
1581.0          0.75068
1582.0          0.75006
1583.0          0.74944
1584.0          0.74882
1585.0          0.74820
1586.0          0.74757
1587.0          0.74695
1588.0          0.74633
1589.0          0.74571
1590.0          0.74509
1591.0          0.74447
1592.0          0.74385
1593.0          0.74323
1594.0          0.74261
1595.0          0.74200
1596.0          0.74138
1597.0          0.74076
1598.0          0.74014
1599.0          0.73952
1600.0          0.73890
1601.0          0.73828
1602.0          0.73767
1603.0          0.73705
1604.0          0.73643
1605.0          0.73581
1606.0          0.73520
1607.0          0.73458
1608.0          0.73396
1609.0          0.73335
1610.0          0.73273
1611.0          0.73211
1612.0          0.73150
1613.0          0.73088
1614.0          0.73027
1615.0          0.72965
1616.0          0.72904
1617.0          0.72842
1618.0          0.72781
1619.0          0.72719
1620.0          0.72658
1621.0          0.72597
1622.0          0.72535
1623.0          0.72474
1624.0          0.72413
1625.0          0.72351
1626.0          0.72290
1627.0          0.72229
1628.0          0.72168
1629.0          0.72106
1630.0          0.72045
1631.0          0.71984
1632.0          0.71923
1633.0          0.71862
1634.0          0.71801
1635.0          0.71740
1636.0          0.71679
1637.0          0.71618
1638.0          0.71557
1639.0          0.71496
1640.0          0.71436
1641.0          0.71375
1642.0          0.71314
1643.0          0.71253
1644.0          0.71192
1645.0          0.71132
1646.0          0.71071
1647.0          0.71010
1648.0          0.70950
1649.0          0.70889
1650.0          0.70829
1400.0          0.13392
1401.0          0.13464
1402.0          0.13536
1403.0          0.13608
1404.0          0.13680
1405.0          0.13751
1406.0          0.13821
1407.0          0.13892
1408.0          0.13962
1409.0          0.14032
1410.0          0.14101
1411.0          0.14170
1412.0          0.14239
1413.0          0.14308
1414.0          0.14377
1415.0          0.14445
1416.0          0.14513
1417.0          0.14581
1418.0          0.14648
1419.0          0.14716
1420.0          0.14783
1421.0          0.14850
1422.0          0.14917
1423.0          0.14983
1424.0          0.15050
1425.0          0.15116
1426.0          0.15182
1427.0          0.15248
1428.0          0.15314
1429.0          0.15380
1430.0          0.15445
1431.0          0.15511
1432.0          0.15576
1433.0          0.15641
1434.0          0.15706
1435.0          0.15771
1436.0          0.15836
1437.0          0.15901
1438.0          0.15965
1439.0          0.16030
1440.0          0.16094
1441.0          0.16159
1442.0          0.16223
1443.0          0.16287
1444.0          0.16351
1445.0          0.16415
1446.0          0.16479
1447.0          0.16543
1448.0          0.16607
1449.0          0.16670
1450.0          0.16734
1451.0          0.16798
1452.0          0.16861
1453.0          0.16925
1454.0          0.16988
1455.0          0.17051
1456.0          0.17115
1457.0          0.17178
1458.0          0.17241
1459.0          0.17305
1460.0          0.17368
1461.0          0.17431
1462.0          0.17494
1463.0          0.17557
1464.0          0.17620
1465.0          0.17683
1466.0          0.17746
1467.0          0.17809
1468.0          0.17872
1469.0          0.17935
1470.0          0.17997
1471.0          0.18060
1472.0          0.18123
1473.0          0.18186
1474.0          0.18249
1475.0          0.18311
1476.0          0.18374
1477.0          0.18437
1478.0          0.18500
1479.0          0.18562
1480.0          0.18625
1481.0          0.18688
1482.0          0.18750
1483.0          0.18813
1484.0          0.18875
1485.0          0.18938
1486.0          0.19001
1487.0          0.19063
1488.0          0.19126
1489.0          0.19188
1490.0          0.19251
1491.0          0.19314
1492.0          0.19376
1493.0          0.19439
1494.0          0.19501
1495.0          0.19564
1496.0          0.19626
1497.0          0.19689
1498.0          0.19751
1499.0          0.19814
1500.0          0.19876
1501.0          0.19939
1502.0          0.20001
1503.0          0.20064
1504.0          0.20126
1505.0          0.20189
1506.0          0.20251
1507.0          0.20314
1508.0          0.20376
1509.0          0.20439
1510.0          0.20501
1511.0          0.20564
1512.0          0.20626
1513.0          0.20689
1514.0          0.20751
1515.0          0.20814
1516.0          0.20876
1517.0          0.20939
1518.0          0.21001
1519.0          0.21064
1520.0          0.21126
1521.0          0.21189
1522.0          0.21251
1523.0          0.21314
1524.0          0.21376
1525.0          0.21439
1526.0          0.21501
1527.0          0.21564
1528.0          0.21626
1529.0          0.21689
1530.0          0.21751
1531.0          0.21814
1532.0          0.21876
1533.0          0.21939
1534.0          0.22001
1535.0          0.22064
1536.0          0.22126
1537.0          0.22189
1538.0          0.22251
1539.0          0.22314
1540.0          0.22376
1541.0          0.22439
1542.0          0.22501
1543.0          0.22564
1544.0          0.22626
1545.0          0.22688
1546.0          0.22751
1547.0          0.22813
1548.0          0.22876
1549.0          0.22938
1550.0          0.23001
1551.0          0.23063
1552.0          0.23125
1553.0          0.23188
1554.0          0.23250
1555.0          0.23313
1556.0          0.23375
1557.0          0.23437
1558.0          0.23500
1559.0          0.23562
1560.0          0.23625
1561.0          0.23687
1562.0          0.23749
1563.0          0.23812
1564.0          0.23874
1565.0          0.23936
1566.0          0.23999
1567.0          0.24061
1568.0          0.24123
1569.0          0.24185
1570.0          0.24248
1571.0          0.24310
1572.0          0.24372
1573.0          0.24434
1574.0          0.24497
1575.0          0.24559
1576.0          0.24621
1577.0          0.24683
1578.0          0.24746
1579.0          0.24808
1580.0          0.24870
1581.0          0.24932
1582.0          0.24994
1583.0          0.25056
1584.0          0.25118
1585.0          0.25180
1586.0          0.25243
1587.0          0.25305
1588.0          0.25367
1589.0          0.25429
1590.0          0.25491
1591.0          0.25553
1592.0          0.25615
1593.0          0.25677
1594.0          0.25739
1595.0          0.25800
1596.0          0.25862
1597.0          0.25924
1598.0          0.25986
1599.0          0.26048
1600.0          0.26110
1601.0          0.26172
1602.0          0.26233
1603.0          0.26295
1604.0          0.26357
1605.0          0.26419
1606.0          0.26480
1607.0          0.26542
1608.0          0.26604
1609.0          0.26665
1610.0          0.26727
1611.0          0.26789
1612.0          0.26850
1613.0          0.26912
1614.0          0.26973
1615.0          0.27035
1616.0          0.27096
1617.0          0.27158
1618.0          0.27219
1619.0          0.27281
1620.0          0.27342
1621.0          0.27403
1622.0          0.27465
1623.0          0.27526
1624.0          0.27587
1625.0          0.27649
1626.0          0.27710
1627.0          0.27771
1628.0          0.27832
1629.0          0.27894
1630.0          0.27955
1631.0          0.28016
1632.0          0.28077
1633.0          0.28138
1634.0          0.28199
1635.0          0.28260
1636.0          0.28321
1637.0          0.28382
1638.0          0.28443
1639.0          0.28504
1640.0          0.28564
1641.0          0.28625
1642.0          0.28686
1643.0          0.28747
1644.0          0.28808
1645.0          0.28868
1646.0          0.28929
1647.0          0.28990
1648.0          0.29050
1649.0          0.29111
1650.0          0.29171
1400.0          1.0000
1401.0          1.0000
1402.0          1.0000
1403.0          1.0000
1404.0          1.0000
1405.0          1.0000
1406.0          1.0000
1407.0          1.0000
1408.0          1.0000
1409.0          1.0000
1410.0          1.0000
1411.0          1.0000
1412.0          1.0000
1413.0          1.0000
1414.0          1.0000
1415.0          1.0000
1416.0          1.0000
1417.0          1.0000
1418.0          1.0000
1419.0          1.0000
1420.0          1.0000
1421.0          1.0000
1422.0          1.0000
1423.0          1.0000
1424.0          1.0000
1425.0          1.0000
1426.0          1.0000
1427.0          1.0000
1428.0          1.0000
1429.0          1.0000
1430.0          1.0000
1431.0          1.0000
1432.0          1.0000
1433.0          1.0000
1434.0          1.0000
1435.0          1.0000
1436.0          1.0000
1437.0          1.0000
1438.0          1.0000
1439.0          1.0000
1440.0          1.0000
1441.0          1.0000
1442.0          1.0000
1443.0          1.0000
1444.0          1.0000
1445.0          1.0000
1446.0          1.0000
1447.0          1.0000
1448.0          1.0000
1449.0          1.0000
1450.0          1.0000
1451.0          1.0000
1452.0          1.0000
1453.0          1.0000
1454.0          1.0000
1455.0          1.0000
1456.0          1.0000
1457.0          1.0000
1458.0          1.0000
1459.0          1.0000
1460.0          1.0000
1461.0          1.0000
1462.0          1.0000
1463.0          1.0000
1464.0          1.0000
1465.0          1.0000
1466.0          1.0000
1467.0          1.0000
1468.0          1.0000
1469.0          1.0000
1470.0          1.0000
1471.0          1.0000
1472.0          1.0000
1473.0          1.0000
1474.0          1.0000
1475.0          1.0000
1476.0          1.0000
1477.0          1.0000
1478.0          1.0000
1479.0          1.0000
1480.0          1.0000
1481.0          1.0000
1482.0          1.0000
1483.0          1.0000
1484.0          1.0000
1485.0          1.0000
1486.0          1.0000
1487.0          1.0000
1488.0          1.0000
1489.0          1.0000
1490.0          1.0000
1491.0          1.0000
1492.0          1.0000
1493.0          1.0000
1494.0          1.0000
1495.0          1.0000
1496.0          1.0000
1497.0          1.0000
1498.0          1.0000
1499.0          1.0000
1500.0          1.0000
1501.0          1.0000
1502.0          1.0000
1503.0          1.0000
1504.0          1.0000
1505.0          1.0000
1506.0          1.0000
1507.0          1.0000
1508.0          1.0000
1509.0          1.0000
1510.0          1.0000
1511.0          1.0000
1512.0          1.0000
1513.0          1.0000
1514.0          1.0000
1515.0          1.0000
1516.0          1.0000
1517.0          1.0000
1518.0          1.0000
1519.0          1.0000
1520.0          1.0000
1521.0          1.0000
1522.0          1.0000
1523.0          1.0000
1524.0          1.0000
1525.0          1.0000
1526.0          1.0000
1527.0          1.0000
1528.0          1.0000
1529.0          1.0000
1530.0          1.0000
1531.0          1.0000
1532.0          1.0000
1533.0          1.0000
1534.0          1.0000
1535.0          1.0000
1536.0          1.0000
1537.0          1.0000
1538.0          1.0000
1539.0          1.0000
1540.0          1.0000
1541.0          1.0000
1542.0          1.0000
1543.0          1.0000
1544.0          1.0000
1545.0          1.0000
1546.0          1.0000
1547.0          1.0000
1548.0          1.0000
1549.0          1.0000
1550.0          1.0000
1551.0          1.0000
1552.0          1.0000
1553.0          1.0000
1554.0          1.0000
1555.0          1.0000
1556.0          1.0000
1557.0          1.0000
1558.0          1.0000
1559.0          1.0000
1560.0          1.0000
1561.0          1.0000
1562.0          1.0000
1563.0          1.0000
1564.0          1.0000
1565.0          1.0000
1566.0          1.0000
1567.0          1.0000
1568.0          1.0000
1569.0          1.0000
1570.0          1.0000
1571.0          1.0000
1572.0          1.0000
1573.0          1.0000
1574.0          1.0000
1575.0          1.0000
1576.0          1.0000
1577.0          1.0000
1578.0          1.0000
1579.0          1.0000
1580.0          1.0000
1581.0          1.0000
1582.0          1.0000
1583.0          1.0000
1584.0          1.0000
1585.0          1.0000
1586.0          1.0000
1587.0          1.0000
1588.0          1.0000
1589.0          1.0000
1590.0          1.0000
1591.0          1.0000
1592.0          1.0000
1593.0          1.0000
1594.0          1.0000
1595.0          1.0000
1596.0          1.0000
1597.0          1.0000
1598.0          1.0000
1599.0          1.0000
1600.0          1.0000
1601.0          1.0000
1602.0          1.0000
1603.0          1.0000
1604.0          1.0000
1605.0          1.0000
1606.0          1.0000
1607.0          1.0000
1608.0          1.0000
1609.0          1.0000
1610.0          1.0000
1611.0          1.0000
1612.0          1.0000
1613.0          1.0000
1614.0          1.0000
1615.0          1.0000
1616.0          1.0000
1617.0          1.0000
1618.0          1.0000
1619.0          1.0000
1620.0          1.0000
1621.0          1.0000
1622.0          1.0000
1623.0          1.0000
1624.0          1.0000
1625.0          1.0000
1626.0          1.0000
1627.0          1.0000
1628.0          1.0000
1629.0          1.0000
1630.0          1.0000
1631.0          1.0000
1632.0          1.0000
1633.0          1.0000
1634.0          1.0000
1635.0          1.0000
1636.0          1.0000
1637.0          1.0000
1638.0          1.0000
1639.0          1.0000
1640.0          1.0000
1641.0          1.0000
1642.0          1.0000
1643.0          1.0000
1644.0          1.0000
1645.0          1.0000
1646.0          1.0000
1647.0          1.0000
1648.0          1.0000
1649.0          1.0000
1650.0          1.0000
1400.0          -1.1102E-15
1401.0          1.1102E-16
1402.0          3.5527E-15
1403.0          1.3323E-15
1404.0          2.4425E-15
1405.0          7.7716E-16
1406.0          1.2212E-15
1407.0          -6.6613E-16
1408.0          -1.7764E-15
1409.0          1.6653E-15
1410.0          -2.8866E-15
1411.0          6.6613E-16
1412.0          6.6613E-16
1413.0          1.4433E-15
1414.0          4.8850E-15
1415.0          -2.2204E-16
1416.0          -6.6613E-16
1417.0          -1.1102E-15
1418.0          0.0000
1419.0          2.2204E-16
1420.0          -2.2204E-16
1421.0          -2.2204E-16
1422.0          5.5511E-16
1423.0          -8.8818E-16
1424.0          -8.8818E-16
1425.0          -6.6613E-16
1426.0          8.8818E-16
1427.0          -1.5543E-15
1428.0          -1.5543E-15
1429.0          -2.6645E-15
1430.0          -3.9968E-15
1431.0          -2.2204E-15
1432.0          3.6637E-15
1433.0          -2.2204E-16
1434.0          7.7716E-16
1435.0          -1.5543E-15
1436.0          -4.4409E-16
1437.0          -8.8818E-16
1438.0          -2.4425E-15
1439.0          -4.2188E-15
1440.0          -1.5543E-15
1441.0          -1.3323E-15
1442.0          1.1102E-16
1443.0          -3.5527E-15
1444.0          0.0000
1445.0          1.5543E-15
1446.0          -1.7764E-15
1447.0          5.5511E-16
1448.0          -2.6645E-15
1449.0          1.3323E-15
1450.0          1.9984E-15
1451.0          2.2204E-15
1452.0          -1.5543E-15
1453.0          -8.8818E-16
1454.0          1.7764E-15
1455.0          2.2204E-16
1456.0          -2.6645E-15
1457.0          3.3307E-16
1458.0          4.4409E-16
1459.0          3.3307E-16
1460.0          2.2204E-15
1461.0          3.3307E-16
1462.0          4.4409E-16
1463.0          -2.2204E-16
1464.0          2.2204E-16
1465.0          1.6653E-15
1466.0          -2.2204E-15
1467.0          4.4409E-16
1468.0          8.8818E-16
1469.0          3.3307E-15
1470.0          6.6613E-16
1471.0          6.6613E-16
1472.0          0.0000
1473.0          2.4425E-15
1474.0          1.5543E-15
1475.0          8.8818E-16
1476.0          2.5535E-15
1477.0          -2.2204E-15
1478.0          -1.9984E-15
1479.0          1.6653E-15
1480.0          -8.8818E-16
1481.0          -4.4409E-16
1482.0          -1.3323E-15
1483.0          0.0000
1484.0          2.3315E-15
1485.0          -2.2204E-15
1486.0          1.8874E-15
1487.0          2.6645E-15
1488.0          5.5511E-16
1489.0          0.0000
1490.0          2.6645E-15
1491.0          -8.8818E-16
1492.0          3.7748E-15
1493.0          -1.7764E-15
1494.0          1.3323E-15
1495.0          -6.6613E-16
1496.0          1.3323E-15
1497.0          5.8842E-15
1498.0          -6.6613E-16
1499.0          2.4425E-15
1500.0          -3.9968E-15
1501.0          4.4409E-16
1502.0          -4.4409E-16
1503.0          7.7716E-16
1504.0          -6.6613E-16
1505.0          3.3307E-15
1506.0          6.6613E-16
1507.0          6.6613E-16
1508.0          4.4409E-16
1509.0          -2.2204E-15
1510.0          2.2204E-15
1511.0          5.5511E-16
1512.0          -1.1102E-15
1513.0          -4.4409E-16
1514.0          8.8818E-16
1515.0          -4.2188E-15
1516.0          4.4409E-16
1517.0          -1.1102E-15
1518.0          -2.4425E-15
1519.0          -6.6613E-16
1520.0          0.0000
1521.0          -1.9984E-15
1522.0          1.9984E-15
1523.0          1.5543E-15
1524.0          -2.6645E-15
1525.0          1.9984E-15
1526.0          1.7764E-15
1527.0          -1.5543E-15
1528.0          -2.6645E-15
1529.0          -3.3307E-15
1530.0          2.1094E-15
1531.0          1.1102E-16
1532.0          -1.3323E-15
1533.0          -8.8818E-16
1534.0          1.9984E-15
1535.0          -2.6645E-15
1536.0          5.5511E-16
1537.0          -8.8818E-16
1538.0          -2.2204E-16
1539.0          8.8818E-16
1540.0          5.5511E-16
1541.0          -1.3323E-15
1542.0          1.7764E-15
1543.0          6.6613E-16
1544.0          -3.1086E-15
1545.0          -2.2204E-15
1546.0          -4.4409E-16
1547.0          -1.7764E-15
1548.0          3.1086E-15
1549.0          -4.4409E-16
1550.0          -1.3323E-15
1551.0          2.8866E-15
1552.0          -2.6645E-15
1553.0          5.5511E-16
1554.0          3.1086E-15
1555.0          2.8866E-15
1556.0          2.1094E-15
1557.0          8.8818E-16
1558.0          -1.9984E-15
1559.0          -6.6613E-16
1560.0          -8.8818E-16
1561.0          1.2212E-15
1562.0          0.0000
1563.0          -1.9984E-15
1564.0          -4.8850E-15
1565.0          -2.2204E-15
1566.0          2.2204E-15
1567.0          1.3323E-15
1568.0          2.6645E-15
1569.0          -8.8818E-16
1570.0          -2.2204E-16
1571.0          1.1102E-16
1572.0          -1.3323E-15
1573.0          -1.9984E-15
1574.0          1.7764E-15
1575.0          0.0000
1576.0          1.4433E-15
1577.0          -3.5527E-15
1578.0          0.0000
1579.0          1.6653E-15
1580.0          2.4425E-15
1581.0          -3.7748E-15
1582.0          -2.4425E-15
1583.0          -1.9984E-15
1584.0          -1.5543E-15
1585.0          -6.6613E-16
1586.0          -1.7764E-15
1587.0          -2.6645E-15
1588.0          1.1102E-16
1589.0          -3.1086E-15
1590.0          2.2204E-16
1591.0          0.0000
1592.0          2.1094E-15
1593.0          4.4409E-16
1594.0          -1.3323E-15
1595.0          2.5535E-15
1596.0          -2.6645E-15
1597.0          -2.2204E-15
1598.0          8.8818E-16
1599.0          2.1094E-15
1600.0          1.5543E-15
1601.0          1.1102E-15
1602.0          -2.2204E-16
1603.0          6.6613E-16
1604.0          -4.4409E-16
1605.0          -2.6645E-15
1606.0          3.7748E-15
1607.0          -4.2188E-15
1608.0          1.1102E-15
1609.0          -1.1102E-15
1610.0          1.9984E-15
1611.0          4.6629E-15
1612.0          5.3291E-15
1613.0          2.2204E-15
1614.0          -2.2204E-15
1615.0          8.8818E-16
1616.0          -2.4425E-15
1617.0          -5.3291E-15
1618.0          -2.6645E-15
1619.0          1.9984E-15
1620.0          1.5543E-15
1621.0          -1.3323E-15
1622.0          -2.2204E-15
1623.0          1.2212E-15
1624.0          -4.2188E-15
1625.0          2.9976E-15
1626.0          0.0000
1627.0          -2.2204E-16
1628.0          -2.2204E-15
1629.0          -4.4409E-15
1630.0          4.2188E-15
1631.0          -1.7764E-15
1632.0          8.8818E-16
1633.0          1.1102E-15
1634.0          -8.8818E-16
1635.0          -1.7764E-15
1636.0          1.1102E-15
1637.0          2.1094E-15
1638.0          0.0000
1639.0          3.5527E-15
1640.0          -3.1086E-15
1641.0          -8.8818E-16
1642.0          1.1102E-16
1643.0          1.5543E-15
1644.0          -1.3323E-15
1645.0          -2.2204E-16
1646.0          -6.2172E-15
1647.0          8.8818E-16
1648.0          2.2204E-16
1649.0          1.3323E-15
1650.0          2.8866E-15
