1400.0          0.32646
1401.0          0.32708
1402.0          0.32769
1403.0          0.32830
1404.0          0.32890
1405.0          0.32950
1406.0          0.33010
1407.0          0.33069
1408.0          0.33128
1409.0          0.33187
1410.0          0.33245
1411.0          0.33303
1412.0          0.33360
1413.0          0.33417
1414.0          0.33474
1415.0          0.33531
1416.0          0.33587
1417.0          0.33642
1418.0          0.33698
1419.0          0.33753
1420.0          0.33808
1421.0          0.33862
1422.0          0.33916
1423.0          0.33970
1424.0          0.34023
1425.0          0.34076
1426.0          0.34129
1427.0          0.34181
1428.0          0.34233
1429.0          0.34285
1430.0          0.34336
1431.0          0.34387
1432.0          0.34438
1433.0          0.34488
1434.0          0.34538
1435.0          0.34588
1436.0          0.34638
1437.0          0.34687
1438.0          0.34736
1439.0          0.34784
1440.0          0.34832
1441.0          0.34880
1442.0          0.34928
1443.0          0.34975
1444.0          0.35022
1445.0          0.35069
1446.0          0.35115
1447.0          0.35161
1448.0          0.35207
1449.0          0.35252
1450.0          0.35297
1451.0          0.35342
1452.0          0.35387
1453.0          0.35431
1454.0          0.35475
1455.0          0.35519
1456.0          0.35562
1457.0          0.35606
1458.0          0.35648
1459.0          0.35691
1460.0          0.35733
1461.0          0.35775
1462.0          0.35817
1463.0          0.35859
1464.0          0.35900
1465.0          0.35941
1466.0          0.35981
1467.0          0.36022
1468.0          0.36062
1469.0          0.36102
1470.0          0.36141
1471.0          0.36181
1472.0          0.36220
1473.0          0.36259
1474.0          0.36297
1475.0          0.36336
1476.0          0.36374
1477.0          0.36411
1478.0          0.36449
1479.0          0.36486
1480.0          0.36523
1481.0          0.36560
1482.0          0.36596
1483.0          0.36633
1484.0          0.36669
1485.0          0.36705
1486.0          0.36740
1487.0          0.36775
1488.0          0.36810
1489.0          0.36845
1490.0          0.36880
1491.0          0.36914
1492.0          0.36948
1493.0          0.36982
1494.0          0.37016
1495.0          0.37049
1496.0          0.37082
1497.0          0.37115
1498.0          0.37148
1499.0          0.37180
1500.0          0.37213
1501.0          0.37245
1502.0          0.37277
1503.0          0.37308
1504.0          0.37340
1505.0          0.37371
1506.0          0.37402
1507.0          0.37432
1508.0          0.37463
1509.0          0.37493
1510.0          0.37523
1511.0          0.37553
1512.0          0.37583
1513.0          0.37612
1514.0          0.37641
1515.0          0.37670
1516.0          0.37699
1517.0          0.37728
1518.0          0.37756
1519.0          0.37784
1520.0          0.37812
1521.0          0.37840
1522.0          0.37868
1523.0          0.37895
1524.0          0.37922
1525.0          0.37949
1526.0          0.37976
1527.0          0.38002
1528.0          0.38029
1529.0          0.38055
1530.0          0.38081
1531.0          0.38107
1532.0          0.38132
1533.0          0.38158
1534.0          0.38183
1535.0          0.38208
1536.0          0.38233
1537.0          0.38258
1538.0          0.38282
1539.0          0.38307
1540.0          0.38331
1541.0          0.38355
1542.0          0.38378
1543.0          0.38402
1544.0          0.38425
1545.0          0.38449
1546.0          0.38472
1547.0          0.38494
1548.0          0.38517
1549.0          0.38540
1550.0          0.38562
1551.0          0.38584
1552.0          0.38606
1553.0          0.38628
1554.0          0.38650
1555.0          0.38671
1556.0          0.38693
1557.0          0.38714
1558.0          0.38735
1559.0          0.38756
1560.0          0.38776
1561.0          0.38797
1562.0          0.38817
1563.0          0.38837
1564.0          0.38857
1565.0          0.38877
1566.0          0.38897
1567.0          0.38916
1568.0          0.38936
1569.0          0.38955
1570.0          0.38974
1571.0          0.38993
1572.0          0.39012
1573.0          0.39030
1574.0          0.39049
1575.0          0.39067
1576.0          0.39085
1577.0          0.39103
1578.0          0.39121
1579.0          0.39139
1580.0          0.39156
1581.0          0.39173
1582.0          0.39191
1583.0          0.39208
1584.0          0.39225
1585.0          0.39242
1586.0          0.39258
1587.0          0.39275
1588.0          0.39291
1589.0          0.39307
1590.0          0.39323
1591.0          0.39339
1592.0          0.39355
1593.0          0.39371
1594.0          0.39386
1595.0          0.39402
1596.0          0.39417
1597.0          0.39432
1598.0          0.39447
1599.0          0.39462
1600.0          0.39477
1601.0          0.39491
1602.0          0.39506
1603.0          0.39520
1604.0          0.39534
1605.0          0.39548
1606.0          0.39562
1607.0          0.39576
1608.0          0.39590
1609.0          0.39603
1610.0          0.39617
1611.0          0.39630
1612.0          0.39643
1613.0          0.39656
1614.0          0.39669
1615.0          0.39682
1616.0          0.39695
1617.0          0.39707
1618.0          0.39720
1619.0          0.39732
1620.0          0.39744
1621.0          0.39756
1622.0          0.39768
1623.0          0.39780
1624.0          0.39792
1625.0          0.39803
1626.0          0.39815
1627.0          0.39826
1628.0          0.39837
1629.0          0.39849
1630.0          0.39860
1631.0          0.39871
1632.0          0.39881
1633.0          0.39892
1634.0          0.39903
1635.0          0.39913
1636.0          0.39923
1637.0          0.39934
1638.0          0.39944
1639.0          0.39954
1640.0          0.39964
1641.0          0.39973
1642.0          0.39983
1643.0          0.39993
1644.0          0.40002
1645.0          0.40011
1646.0          0.40021
1647.0          0.40030
1648.0          0.40039
1649.0          0.40048
1650.0          0.40057
1400.0          0.67354
1401.0          0.67292
1402.0          0.67231
1403.0          0.67170
1404.0          0.67110
1405.0          0.67050
1406.0          0.66990
1407.0          0.66931
1408.0          0.66872
1409.0          0.66813
1410.0          0.66755
1411.0          0.66697
1412.0          0.66640
1413.0          0.66583
1414.0          0.66526
1415.0          0.66469
1416.0          0.66413
1417.0          0.66358
1418.0          0.66302
1419.0          0.66247
1420.0          0.66192
1421.0          0.66138
1422.0          0.66084
1423.0          0.66030
1424.0          0.65977
1425.0          0.65924
1426.0          0.65871
1427.0          0.65819
1428.0          0.65767
1429.0          0.65715
1430.0          0.65664
1431.0          0.65613
1432.0          0.65562
1433.0          0.65512
1434.0          0.65462
1435.0          0.65412
1436.0          0.65362
1437.0          0.65313
1438.0          0.65264
1439.0          0.65216
1440.0          0.65168
1441.0          0.65120
1442.0          0.65072
1443.0          0.65025
1444.0          0.64978
1445.0          0.64931
1446.0          0.64885
1447.0          0.64839
1448.0          0.64793
1449.0          0.64748
1450.0          0.64703
1451.0          0.64658
1452.0          0.64613
1453.0          0.64569
1454.0          0.64525
1455.0          0.64481
1456.0          0.64438
1457.0          0.64394
1458.0          0.64352
1459.0          0.64309
1460.0          0.64267
1461.0          0.64225
1462.0          0.64183
1463.0          0.64141
1464.0          0.64100
1465.0          0.64059
1466.0          0.64019
1467.0          0.63978
1468.0          0.63938
1469.0          0.63898
1470.0          0.63859
1471.0          0.63819
1472.0          0.63780
1473.0          0.63741
1474.0          0.63703
1475.0          0.63664
1476.0          0.63626
1477.0          0.63589
1478.0          0.63551
1479.0          0.63514
1480.0          0.63477
1481.0          0.63440
1482.0          0.63404
1483.0          0.63367
1484.0          0.63331
1485.0          0.63295
1486.0          0.63260
1487.0          0.63225
1488.0          0.63190
1489.0          0.63155
1490.0          0.63120
1491.0          0.63086
1492.0          0.63052
1493.0          0.63018
1494.0          0.62984
1495.0          0.62951
1496.0          0.62918
1497.0          0.62885
1498.0          0.62852
1499.0          0.62820
1500.0          0.62787
1501.0          0.62755
1502.0          0.62723
1503.0          0.62692
1504.0          0.62660
1505.0          0.62629
1506.0          0.62598
1507.0          0.62568
1508.0          0.62537
1509.0          0.62507
1510.0          0.62477
1511.0          0.62447
1512.0          0.62417
1513.0          0.62388
1514.0          0.62359
1515.0          0.62330
1516.0          0.62301
1517.0          0.62272
1518.0          0.62244
1519.0          0.62216
1520.0          0.62188
1521.0          0.62160
1522.0          0.62132
1523.0          0.62105
1524.0          0.62078
1525.0          0.62051
1526.0          0.62024
1527.0          0.61998
1528.0          0.61971
1529.0          0.61945
1530.0          0.61919
1531.0          0.61893
1532.0          0.61868
1533.0          0.61842
1534.0          0.61817
1535.0          0.61792
1536.0          0.61767
1537.0          0.61742
1538.0          0.61718
1539.0          0.61693
1540.0          0.61669
1541.0          0.61645
1542.0          0.61622
1543.0          0.61598
1544.0          0.61575
1545.0          0.61551
1546.0          0.61528
1547.0          0.61506
1548.0          0.61483
1549.0          0.61460
1550.0          0.61438
1551.0          0.61416
1552.0          0.61394
1553.0          0.61372
1554.0          0.61350
1555.0          0.61329
1556.0          0.61307
1557.0          0.61286
1558.0          0.61265
1559.0          0.61244
1560.0          0.61224
1561.0          0.61203
1562.0          0.61183
1563.0          0.61163
1564.0          0.61143
1565.0          0.61123
1566.0          0.61103
1567.0          0.61084
1568.0          0.61064
1569.0          0.61045
1570.0          0.61026
1571.0          0.61007
1572.0          0.60988
1573.0          0.60970
1574.0          0.60951
1575.0          0.60933
1576.0          0.60915
1577.0          0.60897
1578.0          0.60879
1579.0          0.60861
1580.0          0.60844
1581.0          0.60827
1582.0          0.60809
1583.0          0.60792
1584.0          0.60775
1585.0          0.60758
1586.0          0.60742
1587.0          0.60725
1588.0          0.60709
1589.0          0.60693
1590.0          0.60677
1591.0          0.60661
1592.0          0.60645
1593.0          0.60629
1594.0          0.60614
1595.0          0.60598
1596.0          0.60583
1597.0          0.60568
1598.0          0.60553
1599.0          0.60538
1600.0          0.60523
1601.0          0.60509
1602.0          0.60494
1603.0          0.60480
1604.0          0.60466
1605.0          0.60452
1606.0          0.60438
1607.0          0.60424
1608.0          0.60410
1609.0          0.60397
1610.0          0.60383
1611.0          0.60370
1612.0          0.60357
1613.0          0.60344
1614.0          0.60331
1615.0          0.60318
1616.0          0.60305
1617.0          0.60293
1618.0          0.60280
1619.0          0.60268
1620.0          0.60256
1621.0          0.60244
1622.0          0.60232
1623.0          0.60220
1624.0          0.60208
1625.0          0.60197
1626.0          0.60185
1627.0          0.60174
1628.0          0.60163
1629.0          0.60151
1630.0          0.60140
1631.0          0.60129
1632.0          0.60119
1633.0          0.60108
1634.0          0.60097
1635.0          0.60087
1636.0          0.60077
1637.0          0.60066
1638.0          0.60056
1639.0          0.60046
1640.0          0.60036
1641.0          0.60027
1642.0          0.60017
1643.0          0.60007
1644.0          0.59998
1645.0          0.59989
1646.0          0.59979
1647.0          0.59970
1648.0          0.59961
1649.0          0.59952
1650.0          0.59943
1400.0          1.0000
1401.0          1.0000
1402.0          1.0000
1403.0          1.0000
1404.0          1.0000
1405.0          1.0000
1406.0          1.0000
1407.0          1.0000
1408.0          1.0000
1409.0          1.0000
1410.0          1.0000
1411.0          1.0000
1412.0          1.0000
1413.0          1.0000
1414.0          1.0000
1415.0          1.0000
1416.0          1.0000
1417.0          1.0000
1418.0          1.0000
1419.0          1.0000
1420.0          1.0000
1421.0          1.0000
1422.0          1.0000
1423.0          1.0000
1424.0          1.0000
1425.0          1.0000
1426.0          1.0000
1427.0          1.0000
1428.0          1.0000
1429.0          1.0000
1430.0          1.0000
1431.0          1.0000
1432.0          1.0000
1433.0          1.0000
1434.0          1.0000
1435.0          1.0000
1436.0          1.0000
1437.0          1.0000
1438.0          1.0000
1439.0          1.0000
1440.0          1.0000
1441.0          1.0000
1442.0          1.0000
1443.0          1.0000
1444.0          1.0000
1445.0          1.0000
1446.0          1.0000
1447.0          1.0000
1448.0          1.0000
1449.0          1.0000
1450.0          1.0000
1451.0          1.0000
1452.0          1.0000
1453.0          1.0000
1454.0          1.0000
1455.0          1.0000
1456.0          1.0000
1457.0          1.0000
1458.0          1.0000
1459.0          1.0000
1460.0          1.0000
1461.0          1.0000
1462.0          1.0000
1463.0          1.0000
1464.0          1.0000
1465.0          1.0000
1466.0          1.0000
1467.0          1.0000
1468.0          1.0000
1469.0          1.0000
1470.0          1.0000
1471.0          1.0000
1472.0          1.0000
1473.0          1.0000
1474.0          1.0000
1475.0          1.0000
1476.0          1.0000
1477.0          1.0000
1478.0          1.0000
1479.0          1.0000
1480.0          1.0000
1481.0          1.0000
1482.0          1.0000
1483.0          1.0000
1484.0          1.0000
1485.0          1.0000
1486.0          1.0000
1487.0          1.0000
1488.0          1.0000
1489.0          1.0000
1490.0          1.0000
1491.0          1.0000
1492.0          1.0000
1493.0          1.0000
1494.0          1.0000
1495.0          1.0000
1496.0          1.0000
1497.0          1.0000
1498.0          1.0000
1499.0          1.0000
1500.0          1.0000
1501.0          1.0000
1502.0          1.0000
1503.0          1.0000
1504.0          1.0000
1505.0          1.0000
1506.0          1.0000
1507.0          1.0000
1508.0          1.0000
1509.0          1.0000
1510.0          1.0000
1511.0          1.0000
1512.0          1.0000
1513.0          1.0000
1514.0          1.0000
1515.0          1.0000
1516.0          1.0000
1517.0          1.0000
1518.0          1.0000
1519.0          1.0000
1520.0          1.0000
1521.0          1.0000
1522.0          1.0000
1523.0          1.0000
1524.0          1.0000
1525.0          1.0000
1526.0          1.0000
1527.0          1.0000
1528.0          1.0000
1529.0          1.0000
1530.0          1.0000
1531.0          1.0000
1532.0          1.0000
1533.0          1.0000
1534.0          1.0000
1535.0          1.0000
1536.0          1.0000
1537.0          1.0000
1538.0          1.0000
1539.0          1.0000
1540.0          1.0000
1541.0          1.0000
1542.0          1.0000
1543.0          1.0000
1544.0          1.0000
1545.0          1.0000
1546.0          1.0000
1547.0          1.0000
1548.0          1.0000
1549.0          1.0000
1550.0          1.0000
1551.0          1.0000
1552.0          1.0000
1553.0          1.0000
1554.0          1.0000
1555.0          1.0000
1556.0          1.0000
1557.0          1.0000
1558.0          1.0000
1559.0          1.0000
1560.0          1.0000
1561.0          1.0000
1562.0          1.0000
1563.0          1.0000
1564.0          1.0000
1565.0          1.0000
1566.0          1.0000
1567.0          1.0000
1568.0          1.0000
1569.0          1.0000
1570.0          1.0000
1571.0          1.0000
1572.0          1.0000
1573.0          1.0000
1574.0          1.0000
1575.0          1.0000
1576.0          1.0000
1577.0          1.0000
1578.0          1.0000
1579.0          1.0000
1580.0          1.0000
1581.0          1.0000
1582.0          1.0000
1583.0          1.0000
1584.0          1.0000
1585.0          1.0000
1586.0          1.0000
1587.0          1.0000
1588.0          1.0000
1589.0          1.0000
1590.0          1.0000
1591.0          1.0000
1592.0          1.0000
1593.0          1.0000
1594.0          1.0000
1595.0          1.0000
1596.0          1.0000
1597.0          1.0000
1598.0          1.0000
1599.0          1.0000
1600.0          1.0000
1601.0          1.0000
1602.0          1.0000
1603.0          1.0000
1604.0          1.0000
1605.0          1.0000
1606.0          1.0000
1607.0          1.0000
1608.0          1.0000
1609.0          1.0000
1610.0          1.0000
1611.0          1.0000
1612.0          1.0000
1613.0          1.0000
1614.0          1.0000
1615.0          1.0000
1616.0          1.0000
1617.0          1.0000
1618.0          1.0000
1619.0          1.0000
1620.0          1.0000
1621.0          1.0000
1622.0          1.0000
1623.0          1.0000
1624.0          1.0000
1625.0          1.0000
1626.0          1.0000
1627.0          1.0000
1628.0          1.0000
1629.0          1.0000
1630.0          1.0000
1631.0          1.0000
1632.0          1.0000
1633.0          1.0000
1634.0          1.0000
1635.0          1.0000
1636.0          1.0000
1637.0          1.0000
1638.0          1.0000
1639.0          1.0000
1640.0          1.0000
1641.0          1.0000
1642.0          1.0000
1643.0          1.0000
1644.0          1.0000
1645.0          1.0000
1646.0          1.0000
1647.0          1.0000
1648.0          1.0000
1649.0          1.0000
1650.0          1.0000
1400.0          -5.1070E-15
1401.0          6.6613E-16
1402.0          -4.4409E-16
1403.0          1.2212E-15
1404.0          4.4409E-16
1405.0          2.2204E-16
1406.0          1.4433E-15
1407.0          1.3323E-15
1408.0          -8.8818E-16
1409.0          -3.9968E-15
1410.0          -4.4409E-16
1411.0          -2.8866E-15
1412.0          9.9920E-16
1413.0          9.9920E-16
1414.0          -1.9984E-15
1415.0          2.1094E-15
1416.0          -3.7748E-15
1417.0          -8.8818E-16
1418.0          8.8818E-16
1419.0          1.8874E-15
1420.0          -1.3323E-15
1421.0          -2.2204E-16
1422.0          -1.3323E-15
1423.0          1.3323E-15
1424.0          6.6613E-16
1425.0          -1.5543E-15
1426.0          -1.5543E-15
1427.0          -8.8818E-16
1428.0          -3.5527E-15
1429.0          -1.3323E-15
1430.0          -8.8818E-16
1431.0          -1.3323E-15
1432.0          -4.4409E-16
1433.0          8.8818E-16
1434.0          -2.4425E-15
1435.0          1.7764E-15
1436.0          1.2212E-15
1437.0          2.2204E-15
1438.0          3.1086E-15
1439.0          -1.7764E-15
1440.0          -3.5527E-15
1441.0          -1.7764E-15
1442.0          2.6645E-15
1443.0          6.6613E-16
1444.0          -1.1102E-15
1445.0          1.9984E-15
1446.0          -1.7764E-15
1447.0          5.5511E-16
1448.0          0.0000
1449.0          9.9920E-16
1450.0          2.8866E-15
1451.0          8.8818E-16
1452.0          -2.2204E-16
1453.0          2.2204E-16
1454.0          -8.8818E-16
1455.0          8.8818E-16
1456.0          2.4425E-15
1457.0          1.8874E-15
1458.0          1.2212E-15
1459.0          6.6613E-16
1460.0          -2.2204E-16
1461.0          5.5511E-16
1462.0          -8.8818E-16
1463.0          2.5535E-15
1464.0          8.8818E-16
1465.0          1.4433E-15
1466.0          1.2212E-15
1467.0          -6.6613E-16
1468.0          8.8818E-16
1469.0          2.4425E-15
1470.0          8.8818E-16
1471.0          3.3307E-15
1472.0          2.3315E-15
1473.0          1.5543E-15
1474.0          1.1102E-15
1475.0          1.5543E-15
1476.0          -1.3323E-15
1477.0          -8.8818E-16
1478.0          -2.4425E-15
1479.0          2.4425E-15
1480.0          -2.2204E-16
1481.0          5.5511E-16
1482.0          8.8818E-16
1483.0          2.4425E-15
1484.0          -1.9984E-15
1485.0          2.3315E-15
1486.0          7.7716E-16
1487.0          -1.3323E-15
1488.0          -1.9984E-15
1489.0          -8.8818E-16
1490.0          3.5527E-15
1491.0          -2.4425E-15
1492.0          3.7748E-15
1493.0          2.2204E-16
1494.0          1.3323E-15
1495.0          -4.4409E-16
1496.0          2.2204E-16
1497.0          -1.3323E-15
1498.0          8.8818E-16
1499.0          -2.8866E-15
1500.0          -1.9984E-15
1501.0          4.8850E-15
1502.0          -4.4409E-16
1503.0          4.4409E-16
1504.0          9.9920E-16
1505.0          5.1070E-15
1506.0          1.9984E-15
1507.0          1.1102E-15
1508.0          3.1086E-15
1509.0          3.5527E-15
1510.0          -8.8818E-16
1511.0          0.0000
1512.0          -2.4425E-15
1513.0          3.2196E-15
1514.0          4.4409E-16
1515.0          3.8858E-15
1516.0          4.4409E-16
1517.0          -4.4409E-16
1518.0          4.6629E-15
1519.0          3.3307E-15
1520.0          -1.3323E-15
1521.0          -1.7764E-15
1522.0          2.9976E-15
1523.0          -1.1102E-15
1524.0          2.7756E-15
1525.0          4.4409E-16
1526.0          -2.2204E-16
1527.0          1.1102E-15
1528.0          3.1086E-15
1529.0          -3.5527E-15
1530.0          -2.2204E-16
1531.0          -3.3307E-15
1532.0          -1.3323E-15
1533.0          2.4425E-15
1534.0          2.2204E-15
1535.0          -1.7764E-15
1536.0          3.9968E-15
1537.0          2.8866E-15
1538.0          -8.8818E-16
1539.0          1.1102E-15
1540.0          2.2204E-15
1541.0          8.8818E-16
1542.0          6.6613E-16
1543.0          1.3323E-15
1544.0          -6.6613E-16
1545.0          3.3307E-16
1546.0          1.7764E-15
1547.0          -1.3323E-15
1548.0          -3.9968E-15
1549.0          2.2204E-16
1550.0          -2.2204E-15
1551.0          1.7764E-15
1552.0          -1.1102E-15
1553.0          3.7748E-15
1554.0          -6.6613E-16
1555.0          8.8818E-16
1556.0          -2.4425E-15
1557.0          1.6653E-15
1558.0          1.9984E-15
1559.0          -6.6613E-16
1560.0          9.9920E-16
1561.0          -2.2204E-15
1562.0          2.9976E-15
1563.0          1.9984E-15
1564.0          1.7764E-15
1565.0          -1.1102E-15
1566.0          6.6613E-16
1567.0          -8.8818E-16
1568.0          -6.6613E-16
1569.0          -8.8818E-16
1570.0          -1.9984E-15
1571.0          1.3323E-15
1572.0          1.1102E-15
1573.0          -4.4409E-16
1574.0          -1.5543E-15
1575.0          -2.2204E-16
1576.0          -3.3307E-15
1577.0          1.1102E-15
1578.0          -1.5543E-15
1579.0          1.7764E-15
1580.0          1.5543E-15
1581.0          2.2204E-16
1582.0          1.7764E-15
1583.0          1.1102E-16
1584.0          -3.1086E-15
1585.0          -3.3307E-15
1586.0          -8.8818E-16
1587.0          -4.6629E-15
1588.0          1.8874E-15
1589.0          -1.7764E-15
1590.0          -2.2204E-15
1591.0          -6.6613E-16
1592.0          -2.4425E-15
1593.0          -3.1086E-15
1594.0          1.3323E-15
1595.0          6.6613E-16
1596.0          -8.8818E-16
1597.0          2.2204E-15
1598.0          -8.8818E-16
1599.0          -2.2204E-16
1600.0          -2.2204E-16
1601.0          0.0000
1602.0          -8.8818E-16
1603.0          1.5543E-15
1604.0          -6.6613E-16
1605.0          -1.3323E-15
1606.0          2.2204E-16
1607.0          1.3323E-15
1608.0          1.4433E-15
1609.0          5.5511E-15
1610.0          1.9984E-15
1611.0          9.9920E-16
1612.0          9.9920E-16
1613.0          0.0000
1614.0          -3.1086E-15
1615.0          -2.2204E-16
1616.0          5.5511E-16
1617.0          1.6653E-15
1618.0          -1.3323E-15
1619.0          -3.3307E-15
1620.0          -1.5543E-15
1621.0          -1.1102E-15
1622.0          -4.4409E-16
1623.0          3.3307E-16
1624.0          1.3323E-15
1625.0          1.1102E-16
1626.0          -4.4409E-16
1627.0          -2.8866E-15
1628.0          -3.5527E-15
1629.0          8.8818E-16
1630.0          0.0000
1631.0          5.5511E-16
1632.0          2.1094E-15
1633.0          2.3315E-15
1634.0          3.7748E-15
1635.0          -1.7764E-15
1636.0          1.8874E-15
1637.0          -1.1102E-15
1638.0          3.4417E-15
1639.0          1.7764E-15
1640.0          2.2204E-16
1641.0          1.7764E-15
1642.0          2.5535E-15
1643.0          2.2204E-16
1644.0          -1.7764E-15
1645.0          -6.6613E-16
1646.0          0.0000
1647.0          1.6653E-15
1648.0          6.6613E-16
1649.0          1.1102E-16
1650.0          1.9984E-15
