1400.0          0.45619
1401.0          0.45648
1402.0          0.45676
1403.0          0.45705
1404.0          0.45733
1405.0          0.45760
1406.0          0.45788
1407.0          0.45814
1408.0          0.45841
1409.0          0.45867
1410.0          0.45893
1411.0          0.45919
1412.0          0.45945
1413.0          0.45970
1414.0          0.45994
1415.0          0.46019
1416.0          0.46043
1417.0          0.46067
1418.0          0.46090
1419.0          0.46113
1420.0          0.46136
1421.0          0.46159
1422.0          0.46181
1423.0          0.46203
1424.0          0.46225
1425.0          0.46246
1426.0          0.46267
1427.0          0.46288
1428.0          0.46308
1429.0          0.46329
1430.0          0.46349
1431.0          0.46368
1432.0          0.46388
1433.0          0.46407
1434.0          0.46426
1435.0          0.46444
1436.0          0.46463
1437.0          0.46481
1438.0          0.46499
1439.0          0.46516
1440.0          0.46533
1441.0          0.46550
1442.0          0.46567
1443.0          0.46584
1444.0          0.46600
1445.0          0.46616
1446.0          0.46632
1447.0          0.46647
1448.0          0.46663
1449.0          0.46678
1450.0          0.46692
1451.0          0.46707
1452.0          0.46721
1453.0          0.46735
1454.0          0.46749
1455.0          0.46763
1456.0          0.46776
1457.0          0.46789
1458.0          0.46802
1459.0          0.46815
1460.0          0.46827
1461.0          0.46840
1462.0          0.46852
1463.0          0.46864
1464.0          0.46875
1465.0          0.46887
1466.0          0.46898
1467.0          0.46909
1468.0          0.46919
1469.0          0.46930
1470.0          0.46940
1471.0          0.46950
1472.0          0.46960
1473.0          0.46970
1474.0          0.46980
1475.0          0.46989
1476.0          0.46998
1477.0          0.47007
1478.0          0.47016
1479.0          0.47024
1480.0          0.47033
1481.0          0.47041
1482.0          0.47049
1483.0          0.47056
1484.0          0.47064
1485.0          0.47071
1486.0          0.47079
1487.0          0.47086
1488.0          0.47092
1489.0          0.47099
1490.0          0.47106
1491.0          0.47112
1492.0          0.47118
1493.0          0.47124
1494.0          0.47130
1495.0          0.47135
1496.0          0.47141
1497.0          0.47146
1498.0          0.47151
1499.0          0.47156
1500.0          0.47161
1501.0          0.47165
1502.0          0.47170
1503.0          0.47174
1504.0          0.47178
1505.0          0.47182
1506.0          0.47186
1507.0          0.47189
1508.0          0.47193
1509.0          0.47196
1510.0          0.47199
1511.0          0.47202
1512.0          0.47205
1513.0          0.47208
1514.0          0.47210
1515.0          0.47213
1516.0          0.47215
1517.0          0.47217
1518.0          0.47219
1519.0          0.47221
1520.0          0.47223
1521.0          0.47224
1522.0          0.47225
1523.0          0.47227
1524.0          0.47228
1525.0          0.47229
1526.0          0.47230
1527.0          0.47230
1528.0          0.47231
1529.0          0.47231
1530.0          0.47231
1531.0          0.47231
1532.0          0.47231
1533.0          0.47231
1534.0          0.47231
1535.0          0.47231
1536.0          0.47230
1537.0          0.47230
1538.0          0.47229
1539.0          0.47228
1540.0          0.47227
1541.0          0.47226
1542.0          0.47224
1543.0          0.47223
1544.0          0.47221
1545.0          0.47220
1546.0          0.47218
1547.0          0.47216
1548.0          0.47214
1549.0          0.47212
1550.0          0.47210
1551.0          0.47207
1552.0          0.47205
1553.0          0.47202
1554.0          0.47200
1555.0          0.47197
1556.0          0.47194
1557.0          0.47191
1558.0          0.47188
1559.0          0.47184
1560.0          0.47181
1561.0          0.47178
1562.0          0.47174
1563.0          0.47170
1564.0          0.47167
1565.0          0.47163
1566.0          0.47159
1567.0          0.47155
1568.0          0.47150
1569.0          0.47146
1570.0          0.47142
1571.0          0.47137
1572.0          0.47132
1573.0          0.47128
1574.0          0.47123
1575.0          0.47118
1576.0          0.47113
1577.0          0.47108
1578.0          0.47103
1579.0          0.47097
1580.0          0.47092
1581.0          0.47086
1582.0          0.47081
1583.0          0.47075
1584.0          0.47069
1585.0          0.47064
1586.0          0.47058
1587.0          0.47052
1588.0          0.47045
1589.0          0.47039
1590.0          0.47033
1591.0          0.47027
1592.0          0.47020
1593.0          0.47013
1594.0          0.47007
1595.0          0.47000
1596.0          0.46993
1597.0          0.46986
1598.0          0.46979
1599.0          0.46972
1600.0          0.46965
1601.0          0.46958
1602.0          0.46950
1603.0          0.46943
1604.0          0.46936
1605.0          0.46928
1606.0          0.46920
1607.0          0.46913
1608.0          0.46905
1609.0          0.46897
1610.0          0.46889
1611.0          0.46881
1612.0          0.46873
1613.0          0.46865
1614.0          0.46856
1615.0          0.46848
1616.0          0.46840
1617.0          0.46831
1618.0          0.46823
1619.0          0.46814
1620.0          0.46805
1621.0          0.46797
1622.0          0.46788
1623.0          0.46779
1624.0          0.46770
1625.0          0.46761
1626.0          0.46752
1627.0          0.46742
1628.0          0.46733
1629.0          0.46724
1630.0          0.46714
1631.0          0.46705
1632.0          0.46695
1633.0          0.46686
1634.0          0.46676
1635.0          0.46666
1636.0          0.46657
1637.0          0.46647
1638.0          0.46637
1639.0          0.46627
1640.0          0.46617
1641.0          0.46607
1642.0          0.46597
1643.0          0.46586
1644.0          0.46576
1645.0          0.46566
1646.0          0.46555
1647.0          0.46545
1648.0          0.46534
1649.0          0.46524
1650.0          0.46513
1400.0          0.54381
1401.0          0.54352
1402.0          0.54324
1403.0          0.54295
1404.0          0.54267
1405.0          0.54240
1406.0          0.54212
1407.0          0.54186
1408.0          0.54159
1409.0          0.54133
1410.0          0.54107
1411.0          0.54081
1412.0          0.54055
1413.0          0.54030
1414.0          0.54006
1415.0          0.53981
1416.0          0.53957
1417.0          0.53933
1418.0          0.53910
1419.0          0.53887
1420.0          0.53864
1421.0          0.53841
1422.0          0.53819
1423.0          0.53797
1424.0          0.53775
1425.0          0.53754
1426.0          0.53733
1427.0          0.53712
1428.0          0.53692
1429.0          0.53671
1430.0          0.53651
1431.0          0.53632
1432.0          0.53612
1433.0          0.53593
1434.0          0.53574
1435.0          0.53556
1436.0          0.53537
1437.0          0.53519
1438.0          0.53501
1439.0          0.53484
1440.0          0.53467
1441.0          0.53450
1442.0          0.53433
1443.0          0.53416
1444.0          0.53400
1445.0          0.53384
1446.0          0.53368
1447.0          0.53353
1448.0          0.53337
1449.0          0.53322
1450.0          0.53308
1451.0          0.53293
1452.0          0.53279
1453.0          0.53265
1454.0          0.53251
1455.0          0.53237
1456.0          0.53224
1457.0          0.53211
1458.0          0.53198
1459.0          0.53185
1460.0          0.53173
1461.0          0.53160
1462.0          0.53148
1463.0          0.53136
1464.0          0.53125
1465.0          0.53113
1466.0          0.53102
1467.0          0.53091
1468.0          0.53081
1469.0          0.53070
1470.0          0.53060
1471.0          0.53050
1472.0          0.53040
1473.0          0.53030
1474.0          0.53020
1475.0          0.53011
1476.0          0.53002
1477.0          0.52993
1478.0          0.52984
1479.0          0.52976
1480.0          0.52967
1481.0          0.52959
1482.0          0.52951
1483.0          0.52944
1484.0          0.52936
1485.0          0.52929
1486.0          0.52921
1487.0          0.52914
1488.0          0.52908
1489.0          0.52901
1490.0          0.52894
1491.0          0.52888
1492.0          0.52882
1493.0          0.52876
1494.0          0.52870
1495.0          0.52865
1496.0          0.52859
1497.0          0.52854
1498.0          0.52849
1499.0          0.52844
1500.0          0.52839
1501.0          0.52835
1502.0          0.52830
1503.0          0.52826
1504.0          0.52822
1505.0          0.52818
1506.0          0.52814
1507.0          0.52811
1508.0          0.52807
1509.0          0.52804
1510.0          0.52801
1511.0          0.52798
1512.0          0.52795
1513.0          0.52792
1514.0          0.52790
1515.0          0.52787
1516.0          0.52785
1517.0          0.52783
1518.0          0.52781
1519.0          0.52779
1520.0          0.52777
1521.0          0.52776
1522.0          0.52775
1523.0          0.52773
1524.0          0.52772
1525.0          0.52771
1526.0          0.52770
1527.0          0.52770
1528.0          0.52769
1529.0          0.52769
1530.0          0.52769
1531.0          0.52769
1532.0          0.52769
1533.0          0.52769
1534.0          0.52769
1535.0          0.52769
1536.0          0.52770
1537.0          0.52770
1538.0          0.52771
1539.0          0.52772
1540.0          0.52773
1541.0          0.52774
1542.0          0.52776
1543.0          0.52777
1544.0          0.52779
1545.0          0.52780
1546.0          0.52782
1547.0          0.52784
1548.0          0.52786
1549.0          0.52788
1550.0          0.52790
1551.0          0.52793
1552.0          0.52795
1553.0          0.52798
1554.0          0.52800
1555.0          0.52803
1556.0          0.52806
1557.0          0.52809
1558.0          0.52812
1559.0          0.52816
1560.0          0.52819
1561.0          0.52822
1562.0          0.52826
1563.0          0.52830
1564.0          0.52833
1565.0          0.52837
1566.0          0.52841
1567.0          0.52845
1568.0          0.52850
1569.0          0.52854
1570.0          0.52858
1571.0          0.52863
1572.0          0.52868
1573.0          0.52872
1574.0          0.52877
1575.0          0.52882
1576.0          0.52887
1577.0          0.52892
1578.0          0.52897
1579.0          0.52903
1580.0          0.52908
1581.0          0.52914
1582.0          0.52919
1583.0          0.52925
1584.0          0.52931
1585.0          0.52936
1586.0          0.52942
1587.0          0.52948
1588.0          0.52955
1589.0          0.52961
1590.0          0.52967
1591.0          0.52973
1592.0          0.52980
1593.0          0.52987
1594.0          0.52993
1595.0          0.53000
1596.0          0.53007
1597.0          0.53014
1598.0          0.53021
1599.0          0.53028
1600.0          0.53035
1601.0          0.53042
1602.0          0.53050
1603.0          0.53057
1604.0          0.53064
1605.0          0.53072
1606.0          0.53080
1607.0          0.53087
1608.0          0.53095
1609.0          0.53103
1610.0          0.53111
1611.0          0.53119
1612.0          0.53127
1613.0          0.53135
1614.0          0.53144
1615.0          0.53152
1616.0          0.53160
1617.0          0.53169
1618.0          0.53177
1619.0          0.53186
1620.0          0.53195
1621.0          0.53203
1622.0          0.53212
1623.0          0.53221
1624.0          0.53230
1625.0          0.53239
1626.0          0.53248
1627.0          0.53258
1628.0          0.53267
1629.0          0.53276
1630.0          0.53286
1631.0          0.53295
1632.0          0.53305
1633.0          0.53314
1634.0          0.53324
1635.0          0.53334
1636.0          0.53343
1637.0          0.53353
1638.0          0.53363
1639.0          0.53373
1640.0          0.53383
1641.0          0.53393
1642.0          0.53403
1643.0          0.53414
1644.0          0.53424
1645.0          0.53434
1646.0          0.53445
1647.0          0.53455
1648.0          0.53466
1649.0          0.53476
1650.0          0.53487
1400.0          1.0000
1401.0          1.0000
1402.0          1.0000
1403.0          1.0000
1404.0          1.0000
1405.0          1.0000
1406.0          1.0000
1407.0          1.0000
1408.0          1.0000
1409.0          1.0000
1410.0          1.0000
1411.0          1.0000
1412.0          1.0000
1413.0          1.0000
1414.0          1.0000
1415.0          1.0000
1416.0          1.0000
1417.0          1.0000
1418.0          1.0000
1419.0          1.0000
1420.0          1.0000
1421.0          1.0000
1422.0          1.0000
1423.0          1.0000
1424.0          1.0000
1425.0          1.0000
1426.0          1.0000
1427.0          1.0000
1428.0          1.0000
1429.0          1.0000
1430.0          1.0000
1431.0          1.0000
1432.0          1.0000
1433.0          1.0000
1434.0          1.0000
1435.0          1.0000
1436.0          1.0000
1437.0          1.0000
1438.0          1.0000
1439.0          1.0000
1440.0          1.0000
1441.0          1.0000
1442.0          1.0000
1443.0          1.0000
1444.0          1.0000
1445.0          1.0000
1446.0          1.0000
1447.0          1.0000
1448.0          1.0000
1449.0          1.0000
1450.0          1.0000
1451.0          1.0000
1452.0          1.0000
1453.0          1.0000
1454.0          1.0000
1455.0          1.0000
1456.0          1.0000
1457.0          1.0000
1458.0          1.0000
1459.0          1.0000
1460.0          1.0000
1461.0          1.0000
1462.0          1.0000
1463.0          1.0000
1464.0          1.0000
1465.0          1.0000
1466.0          1.0000
1467.0          1.0000
1468.0          1.0000
1469.0          1.0000
1470.0          1.0000
1471.0          1.0000
1472.0          1.0000
1473.0          1.0000
1474.0          1.0000
1475.0          1.0000
1476.0          1.0000
1477.0          1.0000
1478.0          1.0000
1479.0          1.0000
1480.0          1.0000
1481.0          1.0000
1482.0          1.0000
1483.0          1.0000
1484.0          1.0000
1485.0          1.0000
1486.0          1.0000
1487.0          1.0000
1488.0          1.0000
1489.0          1.0000
1490.0          1.0000
1491.0          1.0000
1492.0          1.0000
1493.0          1.0000
1494.0          1.0000
1495.0          1.0000
1496.0          1.0000
1497.0          1.0000
1498.0          1.0000
1499.0          1.0000
1500.0          1.0000
1501.0          1.0000
1502.0          1.0000
1503.0          1.0000
1504.0          1.0000
1505.0          1.0000
1506.0          1.0000
1507.0          1.0000
1508.0          1.0000
1509.0          1.0000
1510.0          1.0000
1511.0          1.0000
1512.0          1.0000
1513.0          1.0000
1514.0          1.0000
1515.0          1.0000
1516.0          1.0000
1517.0          1.0000
1518.0          1.0000
1519.0          1.0000
1520.0          1.0000
1521.0          1.0000
1522.0          1.0000
1523.0          1.0000
1524.0          1.0000
1525.0          1.0000
1526.0          1.0000
1527.0          1.0000
1528.0          1.0000
1529.0          1.0000
1530.0          1.0000
1531.0          1.0000
1532.0          1.0000
1533.0          1.0000
1534.0          1.0000
1535.0          1.0000
1536.0          1.0000
1537.0          1.0000
1538.0          1.0000
1539.0          1.0000
1540.0          1.0000
1541.0          1.0000
1542.0          1.0000
1543.0          1.0000
1544.0          1.0000
1545.0          1.0000
1546.0          1.0000
1547.0          1.0000
1548.0          1.0000
1549.0          1.0000
1550.0          1.0000
1551.0          1.0000
1552.0          1.0000
1553.0          1.0000
1554.0          1.0000
1555.0          1.0000
1556.0          1.0000
1557.0          1.0000
1558.0          1.0000
1559.0          1.0000
1560.0          1.0000
1561.0          1.0000
1562.0          1.0000
1563.0          1.0000
1564.0          1.0000
1565.0          1.0000
1566.0          1.0000
1567.0          1.0000
1568.0          1.0000
1569.0          1.0000
1570.0          1.0000
1571.0          1.0000
1572.0          1.0000
1573.0          1.0000
1574.0          1.0000
1575.0          1.0000
1576.0          1.0000
1577.0          1.0000
1578.0          1.0000
1579.0          1.0000
1580.0          1.0000
1581.0          1.0000
1582.0          1.0000
1583.0          1.0000
1584.0          1.0000
1585.0          1.0000
1586.0          1.0000
1587.0          1.0000
1588.0          1.0000
1589.0          1.0000
1590.0          1.0000
1591.0          1.0000
1592.0          1.0000
1593.0          1.0000
1594.0          1.0000
1595.0          1.0000
1596.0          1.0000
1597.0          1.0000
1598.0          1.0000
1599.0          1.0000
1600.0          1.0000
1601.0          1.0000
1602.0          1.0000
1603.0          1.0000
1604.0          1.0000
1605.0          1.0000
1606.0          1.0000
1607.0          1.0000
1608.0          1.0000
1609.0          1.0000
1610.0          1.0000
1611.0          1.0000
1612.0          1.0000
1613.0          1.0000
1614.0          1.0000
1615.0          1.0000
1616.0          1.0000
1617.0          1.0000
1618.0          1.0000
1619.0          1.0000
1620.0          1.0000
1621.0          1.0000
1622.0          1.0000
1623.0          1.0000
1624.0          1.0000
1625.0          1.0000
1626.0          1.0000
1627.0          1.0000
1628.0          1.0000
1629.0          1.0000
1630.0          1.0000
1631.0          1.0000
1632.0          1.0000
1633.0          1.0000
1634.0          1.0000
1635.0          1.0000
1636.0          1.0000
1637.0          1.0000
1638.0          1.0000
1639.0          1.0000
1640.0          1.0000
1641.0          1.0000
1642.0          1.0000
1643.0          1.0000
1644.0          1.0000
1645.0          1.0000
1646.0          1.0000
1647.0          1.0000
1648.0          1.0000
1649.0          1.0000
1650.0          1.0000
1400.0          1.4433E-15
1401.0          -4.4409E-16
1402.0          0.0000
1403.0          1.7764E-15
1404.0          1.2212E-15
1405.0          -4.4409E-16
1406.0          -1.9984E-15
1407.0          -2.6645E-15
1408.0          -2.4425E-15
1409.0          1.1102E-15
1410.0          -1.3323E-15
1411.0          -2.2204E-16
1412.0          2.2204E-16
1413.0          8.8818E-16
1414.0          8.8818E-16
1415.0          -1.9984E-15
1416.0          -2.2204E-16
1417.0          2.2204E-15
1418.0          0.0000
1419.0          -1.1102E-15
1420.0          -3.7748E-15
1421.0          1.3323E-15
1422.0          -8.8818E-16
1423.0          -2.2204E-16
1424.0          1.1102E-15
1425.0          0.0000
1426.0          0.0000
1427.0          2.2204E-16
1428.0          1.1102E-16
1429.0          -3.5527E-15
1430.0          0.0000
1431.0          -1.3323E-15
1432.0          6.6613E-16
1433.0          2.6645E-15
1434.0          2.2204E-16
1435.0          4.4409E-16
1436.0          -8.8818E-16
1437.0          4.4409E-16
1438.0          -4.4409E-16
1439.0          -4.4409E-16
1440.0          -3.7748E-15
1441.0          1.1102E-15
1442.0          -1.3323E-15
1443.0          -2.6645E-15
1444.0          -4.4409E-16
1445.0          1.4433E-15
1446.0          8.8818E-16
1447.0          1.3323E-15
1448.0          1.4433E-15
1449.0          8.8818E-16
1450.0          -1.3323E-15
1451.0          -2.2204E-15
1452.0          -2.2204E-16
1453.0          2.2204E-15
1454.0          1.9984E-15
1455.0          -1.3323E-15
1456.0          -8.8818E-16
1457.0          -1.5543E-15
1458.0          -2.2204E-16
1459.0          1.9984E-15
1460.0          -1.5543E-15
1461.0          3.1086E-15
1462.0          8.8818E-16
1463.0          7.7716E-16
1464.0          -3.1086E-15
1465.0          1.5543E-15
1466.0          1.8874E-15
1467.0          1.8874E-15
1468.0          2.5535E-15
1469.0          4.4409E-16
1470.0          1.1102E-16
1471.0          3.3307E-15
1472.0          9.9920E-16
1473.0          -1.1102E-15
1474.0          -8.8818E-16
1475.0          0.0000
1476.0          8.8818E-16
1477.0          2.2204E-16
1478.0          3.1086E-15
1479.0          -4.4409E-16
1480.0          -2.6645E-15
1481.0          2.2204E-16
1482.0          -1.5543E-15
1483.0          8.8818E-16
1484.0          1.8874E-15
1485.0          -1.3323E-15
1486.0          -8.8818E-16
1487.0          1.2212E-15
1488.0          1.5543E-15
1489.0          1.2212E-15
1490.0          1.1102E-15
1491.0          4.4409E-16
1492.0          9.9920E-16
1493.0          -4.6629E-15
1494.0          0.0000
1495.0          2.4425E-15
1496.0          -2.4425E-15
1497.0          1.1102E-15
1498.0          -4.4409E-16
1499.0          1.1102E-16
1500.0          -1.7764E-15
1501.0          2.4425E-15
1502.0          -6.6613E-16
1503.0          1.3323E-15
1504.0          -8.8818E-16
1505.0          -1.1102E-15
1506.0          -1.5543E-15
1507.0          -1.3323E-15
1508.0          2.9976E-15
1509.0          4.4409E-16
1510.0          8.8818E-16
1511.0          3.3307E-16
1512.0          -4.4409E-16
1513.0          5.5511E-16
1514.0          -1.7764E-15
1515.0          1.3323E-15
1516.0          2.2204E-16
1517.0          2.4425E-15
1518.0          -8.8818E-16
1519.0          -4.4409E-16
1520.0          6.6613E-16
1521.0          9.9920E-16
1522.0          -1.3323E-15
1523.0          1.1102E-15
1524.0          8.8818E-16
1525.0          7.7716E-16
1526.0          -2.2204E-15
1527.0          3.1086E-15
1528.0          -4.4409E-16
1529.0          -4.4409E-16
1530.0          9.9920E-16
1531.0          -3.5527E-15
1532.0          3.3307E-15
1533.0          -1.3323E-15
1534.0          4.5519E-15
1535.0          9.9920E-16
1536.0          -1.9984E-15
1537.0          8.8818E-16
1538.0          -4.4409E-16
1539.0          -4.4409E-16
1540.0          -1.9984E-15
1541.0          -2.2204E-15
1542.0          -1.3323E-15
1543.0          1.5543E-15
1544.0          6.6613E-16
1545.0          -3.1086E-15
1546.0          9.9920E-16
1547.0          2.9976E-15
1548.0          -2.2204E-16
1549.0          2.2204E-15
1550.0          2.7756E-15
1551.0          4.4409E-16
1552.0          -8.8818E-16
1553.0          -2.2204E-15
1554.0          1.9984E-15
1555.0          -1.3323E-15
1556.0          -2.8866E-15
1557.0          -2.8866E-15
1558.0          -6.6613E-16
1559.0          -1.9984E-15
1560.0          -2.8866E-15
1561.0          3.1086E-15
1562.0          -1.5543E-15
1563.0          -1.3323E-15
1564.0          -1.1102E-15
1565.0          2.2204E-16
1566.0          -8.8818E-16
1567.0          -1.7764E-15
1568.0          8.8818E-16
1569.0          -1.7764E-15
1570.0          1.7764E-15
1571.0          -8.8818E-16
1572.0          8.8818E-16
1573.0          -8.8818E-16
1574.0          2.2204E-16
1575.0          3.3307E-16
1576.0          1.5543E-15
1577.0          1.3323E-15
1578.0          2.6645E-15
1579.0          1.9984E-15
1580.0          -1.1102E-15
1581.0          -3.1086E-15
1582.0          4.4409E-15
1583.0          -1.1102E-15
1584.0          -3.9968E-15
1585.0          -8.8818E-16
1586.0          -1.1102E-15
1587.0          1.1102E-15
1588.0          0.0000
1589.0          -3.7748E-15
1590.0          -4.4409E-16
1591.0          -2.6645E-15
1592.0          3.2196E-15
1593.0          -2.2204E-16
1594.0          2.2204E-15
1595.0          1.3323E-15
1596.0          2.5535E-15
1597.0          -3.7748E-15
1598.0          4.4409E-16
1599.0          -5.9952E-15
1600.0          -1.7764E-15
1601.0          7.5495E-15
1602.0          -8.4377E-15
1603.0          -7.5495E-15
1604.0          3.3307E-16
1605.0          -5.3291E-15
1606.0          -8.8818E-16
1607.0          2.2204E-16
1608.0          3.7748E-15
1609.0          0.0000
1610.0          3.7748E-15
1611.0          4.4409E-16
1612.0          -4.8850E-15
1613.0          3.1086E-15
1614.0          2.6645E-15
1615.0          -3.1086E-15
1616.0          -5.1070E-15
1617.0          1.2212E-15
1618.0          -2.4425E-15
1619.0          6.6613E-16
1620.0          0.0000
1621.0          4.4409E-16
1622.0          -6.6613E-15
1623.0          5.2180E-15
1624.0          3.5527E-15
1625.0          4.2188E-15
1626.0          -2.2204E-15
1627.0          -1.1102E-15
1628.0          3.3307E-15
1629.0          3.5527E-15
1630.0          -2.2204E-16
1631.0          -1.3323E-15
1632.0          6.6613E-16
1633.0          3.5527E-15
1634.0          8.8818E-16
1635.0          -4.4409E-16
1636.0          8.8818E-16
1637.0          1.9984E-15
1638.0          -2.4425E-15
1639.0          4.4409E-16
1640.0          -3.5527E-15
1641.0          2.4425E-15
1642.0          -4.4409E-16
1643.0          8.8818E-16
1644.0          1.1102E-15
1645.0          -8.8818E-16
1646.0          -3.7748E-15
1647.0          1.4433E-15
1648.0          -8.8818E-16
1649.0          4.4409E-16
1650.0          1.3323E-15
