1400.0          0.96180
1401.0          0.97848
1402.0          0.99054
1403.0          0.99773
1404.0          1.0000
1405.0          0.99745
1406.0          0.99034
1407.0          0.97907
1408.0          0.96412
1409.0          0.94606
1410.0          0.92545
1411.0          0.90287
1412.0          0.87886
1413.0          0.85391
1414.0          0.82846
1415.0          0.80289
1416.0          0.77749
1417.0          0.75252
1418.0          0.72817
1419.0          0.70459
1420.0          0.68188
1421.0          0.66010
1422.0          0.63931
1423.0          0.61951
1424.0          0.60070
1425.0          0.58289
1426.0          0.56603
1427.0          0.55010
1428.0          0.53506
1429.0          0.52088
1430.0          0.50751
1431.0          0.49492
1432.0          0.48305
1433.0          0.47188
1434.0          0.46136
1435.0          0.45144
1436.0          0.44211
1437.0          0.43332
1438.0          0.42503
1439.0          0.41722
1440.0          0.40986
1441.0          0.40293
1442.0          0.39638
1443.0          0.39021
1444.0          0.38439
1445.0          0.37890
1446.0          0.37371
1447.0          0.36881
1448.0          0.36419
1449.0          0.35982
1450.0          0.35570
1451.0          0.35180
1452.0          0.34812
1453.0          0.34464
1454.0          0.34135
1455.0          0.33824
1456.0          0.33531
1457.0          0.33253
1458.0          0.32991
1459.0          0.32744
1460.0          0.32510
1461.0          0.32289
1462.0          0.32081
1463.0          0.31884
1464.0          0.31699
1465.0          0.31524
1466.0          0.31359
1467.0          0.31204
1468.0          0.31058
1469.0          0.30920
1470.0          0.30791
1471.0          0.30670
1472.0          0.30556
1473.0          0.30450
1474.0          0.30350
1475.0          0.30257
1476.0          0.30171
1477.0          0.30090
1478.0          0.30015
1479.0          0.29945
1480.0          0.29881
1481.0          0.29822
1482.0          0.29768
1483.0          0.29718
1484.0          0.29673
1485.0          0.29632
1486.0          0.29595
1487.0          0.29562
1488.0          0.29533
1489.0          0.29507
1490.0          0.29485
1491.0          0.29466
1492.0          0.29451
1493.0          0.29438
1494.0          0.29429
1495.0          0.29422
1496.0          0.29418
1497.0          0.29417
1498.0          0.29418
1499.0          0.29422
1500.0          0.29428
1501.0          0.29437
1502.0          0.29447
1503.0          0.29460
1504.0          0.29475
1505.0          0.29492
1506.0          0.29511
1507.0          0.29531
1508.0          0.29554
1509.0          0.29578
1510.0          0.29603
1511.0          0.29631
1512.0          0.29660
1513.0          0.29690
1514.0          0.29722
1515.0          0.29755
1516.0          0.29789
1517.0          0.29825
1518.0          0.29862
1519.0          0.29900
1520.0          0.29939
1521.0          0.29980
1522.0          0.30021
1523.0          0.30064
1524.0          0.30108
1525.0          0.30152
1526.0          0.30198
1527.0          0.30244
1528.0          0.30291
1529.0          0.30340
1530.0          0.30389
1531.0          0.30438
1532.0          0.30489
1533.0          0.30540
1534.0          0.30592
1535.0          0.30645
1536.0          0.30698
1537.0          0.30752
1538.0          0.30806
1539.0          0.30861
1540.0          0.30917
1541.0          0.30973
1542.0          0.31030
1543.0          0.31087
1544.0          0.31145
1545.0          0.31203
1546.0          0.31261
1547.0          0.31320
1548.0          0.31380
1549.0          0.31440
1550.0          0.31500
1551.0          0.31560
1552.0          0.31621
1553.0          0.31682
1554.0          0.31744
1555.0          0.31806
1556.0          0.31868
1557.0          0.31930
1558.0          0.31993
1559.0          0.32056
1560.0          0.32119
1561.0          0.32182
1562.0          0.32246
1563.0          0.32309
1564.0          0.32373
1565.0          0.32437
1566.0          0.32502
1567.0          0.32566
1568.0          0.32631
1569.0          0.32695
1570.0          0.32760
1571.0          0.32825
1572.0          0.32890
1573.0          0.32955
1574.0          0.33020
1575.0          0.33086
1576.0          0.33151
1577.0          0.33216
1578.0          0.33282
1579.0          0.33347
1580.0          0.33413
1581.0          0.33478
1582.0          0.33544
1583.0          0.33609
1584.0          0.33675
1585.0          0.33740
1586.0          0.33806
1587.0          0.33871
1588.0          0.33937
1589.0          0.34002
1590.0          0.34068
1591.0          0.34133
1592.0          0.34198
1593.0          0.34263
1594.0          0.34328
1595.0          0.34393
1596.0          0.34458
1597.0          0.34523
1598.0          0.34588
1599.0          0.34653
1600.0          0.34717
1601.0          0.34782
1602.0          0.34846
1603.0          0.34910
1604.0          0.34975
1605.0          0.35039
1606.0          0.35102
1607.0          0.35166
1608.0          0.35230
1609.0          0.35293
1610.0          0.35356
1611.0          0.35419
1612.0          0.35482
1613.0          0.35545
1614.0          0.35607
1615.0          0.35670
1616.0          0.35732
1617.0          0.35794
1618.0          0.35855
1619.0          0.35917
1620.0          0.35978
1621.0          0.36039
1622.0          0.36100
1623.0          0.36161
1624.0          0.36221
1625.0          0.36281
1626.0          0.36341
1627.0          0.36401
1628.0          0.36460
1629.0          0.36519
1630.0          0.36578
1631.0          0.36637
1632.0          0.36695
1633.0          0.36753
1634.0          0.36811
1635.0          0.36868
1636.0          0.36925
1637.0          0.36982
1638.0          0.37038
1639.0          0.37094
1640.0          0.37150
1641.0          0.37206
1642.0          0.37261
1643.0          0.37316
1644.0          0.37370
1645.0          0.37424
1646.0          0.37478
1647.0          0.37531
1648.0          0.37584
1649.0          0.37637
1650.0          0.37689
1400.0          0.038202
1401.0          0.021518
1402.0          0.0094636
1403.0          0.0022708
1404.0          3.1035E-6
1405.0          0.0025543
1406.0          0.0096619
1407.0          0.020933
1408.0          0.035877
1409.0          0.053942
1410.0          0.074551
1411.0          0.097131
1412.0          0.12114
1413.0          0.14609
1414.0          0.17154
1415.0          0.19711
1416.0          0.22251
1417.0          0.24748
1418.0          0.27183
1419.0          0.29541
1420.0          0.31812
1421.0          0.33990
1422.0          0.36069
1423.0          0.38049
1424.0          0.39930
1425.0          0.41711
1426.0          0.43397
1427.0          0.44990
1428.0          0.46494
1429.0          0.47912
1430.0          0.49249
1431.0          0.50508
1432.0          0.51695
1433.0          0.52812
1434.0          0.53864
1435.0          0.54856
1436.0          0.55789
1437.0          0.56668
1438.0          0.57497
1439.0          0.58278
1440.0          0.59014
1441.0          0.59707
1442.0          0.60362
1443.0          0.60979
1444.0          0.61561
1445.0          0.62110
1446.0          0.62629
1447.0          0.63119
1448.0          0.63581
1449.0          0.64018
1450.0          0.64430
1451.0          0.64820
1452.0          0.65188
1453.0          0.65536
1454.0          0.65865
1455.0          0.66176
1456.0          0.66469
1457.0          0.66747
1458.0          0.67009
1459.0          0.67256
1460.0          0.67490
1461.0          0.67711
1462.0          0.67919
1463.0          0.68116
1464.0          0.68301
1465.0          0.68476
1466.0          0.68641
1467.0          0.68796
1468.0          0.68942
1469.0          0.69080
1470.0          0.69209
1471.0          0.69330
1472.0          0.69444
1473.0          0.69550
1474.0          0.69650
1475.0          0.69743
1476.0          0.69829
1477.0          0.69910
1478.0          0.69985
1479.0          0.70055
1480.0          0.70119
1481.0          0.70178
1482.0          0.70232
1483.0          0.70282
1484.0          0.70327
1485.0          0.70368
1486.0          0.70405
1487.0          0.70438
1488.0          0.70467
1489.0          0.70493
1490.0          0.70515
1491.0          0.70534
1492.0          0.70549
1493.0          0.70562
1494.0          0.70571
1495.0          0.70578
1496.0          0.70582
1497.0          0.70583
1498.0          0.70582
1499.0          0.70578
1500.0          0.70572
1501.0          0.70563
1502.0          0.70553
1503.0          0.70540
1504.0          0.70525
1505.0          0.70508
1506.0          0.70489
1507.0          0.70469
1508.0          0.70446
1509.0          0.70422
1510.0          0.70397
1511.0          0.70369
1512.0          0.70340
1513.0          0.70310
1514.0          0.70278
1515.0          0.70245
1516.0          0.70211
1517.0          0.70175
1518.0          0.70138
1519.0          0.70100
1520.0          0.70061
1521.0          0.70020
1522.0          0.69979
1523.0          0.69936
1524.0          0.69892
1525.0          0.69848
1526.0          0.69802
1527.0          0.69756
1528.0          0.69709
1529.0          0.69660
1530.0          0.69611
1531.0          0.69562
1532.0          0.69511
1533.0          0.69460
1534.0          0.69408
1535.0          0.69355
1536.0          0.69302
1537.0          0.69248
1538.0          0.69194
1539.0          0.69139
1540.0          0.69083
1541.0          0.69027
1542.0          0.68970
1543.0          0.68913
1544.0          0.68855
1545.0          0.68797
1546.0          0.68739
1547.0          0.68680
1548.0          0.68620
1549.0          0.68560
1550.0          0.68500
1551.0          0.68440
1552.0          0.68379
1553.0          0.68318
1554.0          0.68256
1555.0          0.68194
1556.0          0.68132
1557.0          0.68070
1558.0          0.68007
1559.0          0.67944
1560.0          0.67881
1561.0          0.67818
1562.0          0.67754
1563.0          0.67691
1564.0          0.67627
1565.0          0.67563
1566.0          0.67498
1567.0          0.67434
1568.0          0.67369
1569.0          0.67305
1570.0          0.67240
1571.0          0.67175
1572.0          0.67110
1573.0          0.67045
1574.0          0.66980
1575.0          0.66914
1576.0          0.66849
1577.0          0.66784
1578.0          0.66718
1579.0          0.66653
1580.0          0.66587
1581.0          0.66522
1582.0          0.66456
1583.0          0.66391
1584.0          0.66325
1585.0          0.66260
1586.0          0.66194
1587.0          0.66129
1588.0          0.66063
1589.0          0.65998
1590.0          0.65932
1591.0          0.65867
1592.0          0.65802
1593.0          0.65737
1594.0          0.65672
1595.0          0.65607
1596.0          0.65542
1597.0          0.65477
1598.0          0.65412
1599.0          0.65347
1600.0          0.65283
1601.0          0.65218
1602.0          0.65154
1603.0          0.65090
1604.0          0.65025
1605.0          0.64961
1606.0          0.64898
1607.0          0.64834
1608.0          0.64770
1609.0          0.64707
1610.0          0.64644
1611.0          0.64581
1612.0          0.64518
1613.0          0.64455
1614.0          0.64393
1615.0          0.64330
1616.0          0.64268
1617.0          0.64206
1618.0          0.64145
1619.0          0.64083
1620.0          0.64022
1621.0          0.63961
1622.0          0.63900
1623.0          0.63839
1624.0          0.63779
1625.0          0.63719
1626.0          0.63659
1627.0          0.63599
1628.0          0.63540
1629.0          0.63481
1630.0          0.63422
1631.0          0.63363
1632.0          0.63305
1633.0          0.63247
1634.0          0.63189
1635.0          0.63132
1636.0          0.63075
1637.0          0.63018
1638.0          0.62962
1639.0          0.62906
1640.0          0.62850
1641.0          0.62794
1642.0          0.62739
1643.0          0.62684
1644.0          0.62630
1645.0          0.62576
1646.0          0.62522
1647.0          0.62469
1648.0          0.62416
1649.0          0.62363
1650.0          0.62311
1400.0          1.0000
1401.0          1.0000
1402.0          1.0000
1403.0          1.0000
1404.0          1.0000
1405.0          1.0000
1406.0          1.0000
1407.0          1.0000
1408.0          1.0000
1409.0          1.0000
1410.0          1.0000
1411.0          1.0000
1412.0          1.0000
1413.0          1.0000
1414.0          1.0000
1415.0          1.0000
1416.0          1.0000
1417.0          1.0000
1418.0          1.0000
1419.0          1.0000
1420.0          1.0000
1421.0          1.0000
1422.0          1.0000
1423.0          1.0000
1424.0          1.0000
1425.0          1.0000
1426.0          1.0000
1427.0          1.0000
1428.0          1.0000
1429.0          1.0000
1430.0          1.0000
1431.0          1.0000
1432.0          1.0000
1433.0          1.0000
1434.0          1.0000
1435.0          1.0000
1436.0          1.0000
1437.0          1.0000
1438.0          1.0000
1439.0          1.0000
1440.0          1.0000
1441.0          1.0000
1442.0          1.0000
1443.0          1.0000
1444.0          1.0000
1445.0          1.0000
1446.0          1.0000
1447.0          1.0000
1448.0          1.0000
1449.0          1.0000
1450.0          1.0000
1451.0          1.0000
1452.0          1.0000
1453.0          1.0000
1454.0          1.0000
1455.0          1.0000
1456.0          1.0000
1457.0          1.0000
1458.0          1.0000
1459.0          1.0000
1460.0          1.0000
1461.0          1.0000
1462.0          1.0000
1463.0          1.0000
1464.0          1.0000
1465.0          1.0000
1466.0          1.0000
1467.0          1.0000
1468.0          1.0000
1469.0          1.0000
1470.0          1.0000
1471.0          1.0000
1472.0          1.0000
1473.0          1.0000
1474.0          1.0000
1475.0          1.0000
1476.0          1.0000
1477.0          1.0000
1478.0          1.0000
1479.0          1.0000
1480.0          1.0000
1481.0          1.0000
1482.0          1.0000
1483.0          1.0000
1484.0          1.0000
1485.0          1.0000
1486.0          1.0000
1487.0          1.0000
1488.0          1.0000
1489.0          1.0000
1490.0          1.0000
1491.0          1.0000
1492.0          1.0000
1493.0          1.0000
1494.0          1.0000
1495.0          1.0000
1496.0          1.0000
1497.0          1.0000
1498.0          1.0000
1499.0          1.0000
1500.0          1.0000
1501.0          1.0000
1502.0          1.0000
1503.0          1.0000
1504.0          1.0000
1505.0          1.0000
1506.0          1.0000
1507.0          1.0000
1508.0          1.0000
1509.0          1.0000
1510.0          1.0000
1511.0          1.0000
1512.0          1.0000
1513.0          1.0000
1514.0          1.0000
1515.0          1.0000
1516.0          1.0000
1517.0          1.0000
1518.0          1.0000
1519.0          1.0000
1520.0          1.0000
1521.0          1.0000
1522.0          1.0000
1523.0          1.0000
1524.0          1.0000
1525.0          1.0000
1526.0          1.0000
1527.0          1.0000
1528.0          1.0000
1529.0          1.0000
1530.0          1.0000
1531.0          1.0000
1532.0          1.0000
1533.0          1.0000
1534.0          1.0000
1535.0          1.0000
1536.0          1.0000
1537.0          1.0000
1538.0          1.0000
1539.0          1.0000
1540.0          1.0000
1541.0          1.0000
1542.0          1.0000
1543.0          1.0000
1544.0          1.0000
1545.0          1.0000
1546.0          1.0000
1547.0          1.0000
1548.0          1.0000
1549.0          1.0000
1550.0          1.0000
1551.0          1.0000
1552.0          1.0000
1553.0          1.0000
1554.0          1.0000
1555.0          1.0000
1556.0          1.0000
1557.0          1.0000
1558.0          1.0000
1559.0          1.0000
1560.0          1.0000
1561.0          1.0000
1562.0          1.0000
1563.0          1.0000
1564.0          1.0000
1565.0          1.0000
1566.0          1.0000
1567.0          1.0000
1568.0          1.0000
1569.0          1.0000
1570.0          1.0000
1571.0          1.0000
1572.0          1.0000
1573.0          1.0000
1574.0          1.0000
1575.0          1.0000
1576.0          1.0000
1577.0          1.0000
1578.0          1.0000
1579.0          1.0000
1580.0          1.0000
1581.0          1.0000
1582.0          1.0000
1583.0          1.0000
1584.0          1.0000
1585.0          1.0000
1586.0          1.0000
1587.0          1.0000
1588.0          1.0000
1589.0          1.0000
1590.0          1.0000
1591.0          1.0000
1592.0          1.0000
1593.0          1.0000
1594.0          1.0000
1595.0          1.0000
1596.0          1.0000
1597.0          1.0000
1598.0          1.0000
1599.0          1.0000
1600.0          1.0000
1601.0          1.0000
1602.0          1.0000
1603.0          1.0000
1604.0          1.0000
1605.0          1.0000
1606.0          1.0000
1607.0          1.0000
1608.0          1.0000
1609.0          1.0000
1610.0          1.0000
1611.0          1.0000
1612.0          1.0000
1613.0          1.0000
1614.0          1.0000
1615.0          1.0000
1616.0          1.0000
1617.0          1.0000
1618.0          1.0000
1619.0          1.0000
1620.0          1.0000
1621.0          1.0000
1622.0          1.0000
1623.0          1.0000
1624.0          1.0000
1625.0          1.0000
1626.0          1.0000
1627.0          1.0000
1628.0          1.0000
1629.0          1.0000
1630.0          1.0000
1631.0          1.0000
1632.0          1.0000
1633.0          1.0000
1634.0          1.0000
1635.0          1.0000
1636.0          1.0000
1637.0          1.0000
1638.0          1.0000
1639.0          1.0000
1640.0          1.0000
1641.0          1.0000
1642.0          1.0000
1643.0          1.0000
1644.0          1.0000
1645.0          1.0000
1646.0          1.0000
1647.0          1.0000
1648.0          1.0000
1649.0          1.0000
1650.0          1.0000
1400.0          9.9920E-15
1401.0          9.9920E-16
1402.0          -1.3323E-15
1403.0          -1.9984E-15
1404.0          -7.3275E-15
1405.0          3.7748E-15
1406.0          -8.2157E-15
1407.0          -1.7764E-15
1408.0          -3.5527E-15
1409.0          1.5543E-15
1410.0          8.5487E-15
1411.0          -9.3259E-15
1412.0          2.8866E-15
1413.0          -3.9968E-15
1414.0          3.3307E-15
1415.0          -4.4409E-15
1416.0          -1.7764E-15
1417.0          5.3291E-15
1418.0          8.8818E-16
1419.0          3.9968E-15
1420.0          1.3323E-15
1421.0          1.5543E-15
1422.0          -1.7764E-15
1423.0          1.8874E-15
1424.0          1.5543E-15
1425.0          -6.6613E-16
1426.0          -8.8818E-16
1427.0          3.9968E-15
1428.0          -2.2204E-16
1429.0          3.1086E-15
1430.0          2.6645E-15
1431.0          -1.9984E-15
1432.0          -1.5543E-15
1433.0          -1.7764E-15
1434.0          2.2204E-16
1435.0          -1.9984E-15
1436.0          2.3315E-15
1437.0          8.8818E-16
1438.0          -4.4409E-16
1439.0          4.4409E-16
1440.0          1.1102E-15
1441.0          4.4409E-16
1442.0          0.0000
1443.0          -1.1102E-15
1444.0          3.1086E-15
1445.0          2.4425E-15
1446.0          6.6613E-16
1447.0          -1.5543E-15
1448.0          1.1102E-16
1449.0          2.6645E-15
1450.0          -1.3323E-15
1451.0          1.1102E-15
1452.0          -1.5543E-15
1453.0          -1.5543E-15
1454.0          5.5511E-16
1455.0          1.5543E-15
1456.0          -1.3323E-15
1457.0          -1.7764E-15
1458.0          -4.6629E-15
1459.0          -1.1102E-15
1460.0          -1.1102E-15
1461.0          1.5543E-15
1462.0          -6.6613E-16
1463.0          1.1102E-15
1464.0          2.1094E-15
1465.0          -6.6613E-16
1466.0          -2.2204E-16
1467.0          2.8866E-15
1468.0          -2.2204E-15
1469.0          -1.1102E-15
1470.0          -2.2204E-16
1471.0          -4.4409E-16
1472.0          2.4425E-15
1473.0          -1.3323E-15
1474.0          2.2204E-15
1475.0          1.3323E-15
1476.0          6.6613E-16
1477.0          2.5535E-15
1478.0          -1.5543E-15
1479.0          -2.6645E-15
1480.0          -1.3323E-15
1481.0          4.4409E-16
1482.0          1.9984E-15
1483.0          1.3323E-15
1484.0          2.6645E-15
1485.0          2.7756E-15
1486.0          1.1102E-15
1487.0          -8.8818E-16
1488.0          2.2204E-16
1489.0          -1.9984E-15
1490.0          2.4425E-15
1491.0          -1.1102E-15
1492.0          1.7764E-15
1493.0          1.1102E-15
1494.0          2.5535E-15
1495.0          -6.6613E-16
1496.0          -1.5543E-15
1497.0          -1.7764E-15
1498.0          2.1094E-15
1499.0          -1.1102E-15
1500.0          1.6653E-15
1501.0          -1.9984E-15
1502.0          1.7764E-15
1503.0          -1.9984E-15
1504.0          2.3315E-15
1505.0          -8.8818E-16
1506.0          -1.3323E-15
1507.0          2.2204E-16
1508.0          1.3323E-15
1509.0          -1.3323E-15
1510.0          2.9976E-15
1511.0          -2.2204E-16
1512.0          -2.6645E-15
1513.0          1.7764E-15
1514.0          -2.2204E-16
1515.0          -4.4409E-16
1516.0          -1.3323E-15
1517.0          2.8866E-15
1518.0          -2.6645E-15
1519.0          1.1102E-15
1520.0          2.8866E-15
1521.0          5.5511E-16
1522.0          3.1086E-15
1523.0          -2.2204E-16
1524.0          -8.8818E-16
1525.0          -4.4409E-16
1526.0          1.1102E-15
1527.0          -2.2204E-15
1528.0          1.5543E-15
1529.0          -4.4409E-16
1530.0          1.3323E-15
1531.0          2.2204E-15
1532.0          -6.6613E-16
1533.0          -1.5543E-15
1534.0          1.9984E-15
1535.0          2.2204E-16
1536.0          4.1078E-15
1537.0          9.9920E-16
1538.0          -1.7764E-15
1539.0          6.2172E-15
1540.0          1.1102E-16
1541.0          -6.6613E-16
1542.0          4.4409E-16
1543.0          -8.8818E-16
1544.0          2.3315E-15
1545.0          3.1086E-15
1546.0          2.2204E-16
1547.0          2.4425E-15
1548.0          8.8818E-16
1549.0          0.0000
1550.0          5.1070E-15
1551.0          6.6613E-16
1552.0          -1.7764E-15
1553.0          1.9984E-15
1554.0          2.5535E-15
1555.0          9.9920E-16
1556.0          1.1102E-15
1557.0          -8.8818E-16
1558.0          2.5535E-15
1559.0          0.0000
1560.0          -4.4409E-16
1561.0          0.0000
1562.0          4.1078E-15
1563.0          0.0000
1564.0          -1.3323E-15
1565.0          3.5527E-15
1566.0          1.1102E-15
1567.0          -6.6613E-16
1568.0          2.2204E-16
1569.0          3.3307E-15
1570.0          6.6613E-16
1571.0          2.4425E-15
1572.0          1.6653E-15
1573.0          1.1102E-15
1574.0          2.2204E-16
1575.0          -8.8818E-16
1576.0          -1.3323E-15
1577.0          3.3307E-15
1578.0          1.1102E-15
1579.0          6.6613E-16
1580.0          3.7748E-15
1581.0          -1.5543E-15
1582.0          -1.7764E-15
1583.0          6.6613E-16
1584.0          -1.7764E-15
1585.0          8.8818E-16
1586.0          -2.6645E-15
1587.0          2.6645E-15
1588.0          3.1086E-15
1589.0          -2.2204E-15
1590.0          1.3323E-15
1591.0          8.8818E-16
1592.0          1.5543E-15
1593.0          -1.3323E-15
1594.0          -4.2188E-15
1595.0          -1.5543E-15
1596.0          -4.4409E-16
1597.0          -4.4409E-16
1598.0          1.8874E-15
1599.0          -2.2204E-15
1600.0          2.2204E-16
1601.0          0.0000
1602.0          1.7764E-15
1603.0          -5.1070E-15
1604.0          3.2196E-15
1605.0          -4.4409E-16
1606.0          8.8818E-16
1607.0          4.4409E-16
1608.0          8.8818E-16
1609.0          1.5543E-15
1610.0          -1.3323E-15
1611.0          -2.2204E-15
1612.0          1.3323E-15
1613.0          2.2204E-16
1614.0          -4.4409E-16
1615.0          7.7716E-16
1616.0          1.3323E-15
1617.0          -1.3323E-15
1618.0          4.8850E-15
1619.0          5.5511E-16
1620.0          -8.8818E-16
1621.0          2.4425E-15
1622.0          -2.2204E-15
1623.0          1.9984E-15
1624.0          -3.3307E-15
1625.0          -2.2204E-15
1626.0          2.2204E-15
1627.0          1.5543E-15
1628.0          2.4425E-15
1629.0          2.9976E-15
1630.0          4.6629E-15
1631.0          6.6613E-16
1632.0          -8.8818E-16
1633.0          3.5527E-15
1634.0          -2.4425E-15
1635.0          2.8866E-15
1636.0          2.4425E-15
1637.0          6.6613E-16
1638.0          -1.1102E-15
1639.0          -1.1102E-15
1640.0          -1.9984E-15
1641.0          -1.9984E-15
1642.0          -1.7764E-15
1643.0          -1.5543E-15
1644.0          -1.1102E-15
1645.0          2.4425E-15
1646.0          -2.4425E-15
1647.0          6.6613E-16
1648.0          6.6613E-16
1649.0          -1.9984E-15
1650.0          -8.8818E-16
