1400.0          0.99857
1401.0          0.99949
1402.0          0.99993
1403.0          0.99997
1404.0          0.99963
1405.0          0.99897
1406.0          0.99803
1407.0          0.99685
1408.0          0.99544
1409.0          0.99385
1410.0          0.99210
1411.0          0.99021
1412.0          0.98820
1413.0          0.98610
1414.0          0.98390
1415.0          0.98165
1416.0          0.97933
1417.0          0.97697
1418.0          0.97458
1419.0          0.97215
1420.0          0.96972
1421.0          0.96727
1422.0          0.96481
1423.0          0.96236
1424.0          0.95991
1425.0          0.95747
1426.0          0.95504
1427.0          0.95262
1428.0          0.95023
1429.0          0.94785
1430.0          0.94550
1431.0          0.94317
1432.0          0.94087
1433.0          0.93859
1434.0          0.93634
1435.0          0.93412
1436.0          0.93192
1437.0          0.92976
1438.0          0.92762
1439.0          0.92551
1440.0          0.92343
1441.0          0.92139
1442.0          0.91937
1443.0          0.91738
1444.0          0.91542
1445.0          0.91349
1446.0          0.91158
1447.0          0.90971
1448.0          0.90786
1449.0          0.90604
1450.0          0.90425
1451.0          0.90248
1452.0          0.90074
1453.0          0.89903
1454.0          0.89734
1455.0          0.89568
1456.0          0.89404
1457.0          0.89242
1458.0          0.89083
1459.0          0.88926
1460.0          0.88772
1461.0          0.88619
1462.0          0.88469
1463.0          0.88321
1464.0          0.88175
1465.0          0.88031
1466.0          0.87889
1467.0          0.87749
1468.0          0.87610
1469.0          0.87474
1470.0          0.87340
1471.0          0.87207
1472.0          0.87076
1473.0          0.86946
1474.0          0.86819
1475.0          0.86693
1476.0          0.86568
1477.0          0.86445
1478.0          0.86324
1479.0          0.86204
1480.0          0.86085
1481.0          0.85968
1482.0          0.85852
1483.0          0.85738
1484.0          0.85625
1485.0          0.85513
1486.0          0.85403
1487.0          0.85293
1488.0          0.85185
1489.0          0.85078
1490.0          0.84972
1491.0          0.84868
1492.0          0.84764
1493.0          0.84661
1494.0          0.84560
1495.0          0.84459
1496.0          0.84360
1497.0          0.84261
1498.0          0.84164
1499.0          0.84067
1500.0          0.83971
1501.0          0.83876
1502.0          0.83782
1503.0          0.83689
1504.0          0.83597
1505.0          0.83505
1506.0          0.83415
1507.0          0.83325
1508.0          0.83236
1509.0          0.83147
1510.0          0.83059
1511.0          0.82972
1512.0          0.82886
1513.0          0.82800
1514.0          0.82715
1515.0          0.82631
1516.0          0.82547
1517.0          0.82464
1518.0          0.82382
1519.0          0.82300
1520.0          0.82219
1521.0          0.82138
1522.0          0.82058
1523.0          0.81978
1524.0          0.81899
1525.0          0.81820
1526.0          0.81742
1527.0          0.81665
1528.0          0.81588
1529.0          0.81511
1530.0          0.81435
1531.0          0.81359
1532.0          0.81284
1533.0          0.81209
1534.0          0.81135
1535.0          0.81061
1536.0          0.80988
1537.0          0.80915
1538.0          0.80842
1539.0          0.80770
1540.0          0.80698
1541.0          0.80626
1542.0          0.80555
1543.0          0.80485
1544.0          0.80414
1545.0          0.80344
1546.0          0.80274
1547.0          0.80205
1548.0          0.80136
1549.0          0.80067
1550.0          0.79999
1551.0          0.79931
1552.0          0.79863
1553.0          0.79795
1554.0          0.79728
1555.0          0.79661
1556.0          0.79595
1557.0          0.79528
1558.0          0.79462
1559.0          0.79396
1560.0          0.79331
1561.0          0.79266
1562.0          0.79201
1563.0          0.79136
1564.0          0.79071
1565.0          0.79007
1566.0          0.78943
1567.0          0.78879
1568.0          0.78815
1569.0          0.78752
1570.0          0.78689
1571.0          0.78626
1572.0          0.78563
1573.0          0.78501
1574.0          0.78438
1575.0          0.78376
1576.0          0.78314
1577.0          0.78253
1578.0          0.78191
1579.0          0.78130
1580.0          0.78068
1581.0          0.78007
1582.0          0.77947
1583.0          0.77886
1584.0          0.77826
1585.0          0.77765
1586.0          0.77705
1587.0          0.77645
1588.0          0.77586
1589.0          0.77526
1590.0          0.77466
1591.0          0.77407
1592.0          0.77348
1593.0          0.77289
1594.0          0.77230
1595.0          0.77171
1596.0          0.77113
1597.0          0.77054
1598.0          0.76996
1599.0          0.76938
1600.0          0.76880
1601.0          0.76822
1602.0          0.76764
1603.0          0.76707
1604.0          0.76649
1605.0          0.76592
1606.0          0.76535
1607.0          0.76478
1608.0          0.76421
1609.0          0.76364
1610.0          0.76307
1611.0          0.76250
1612.0          0.76194
1613.0          0.76137
1614.0          0.76081
1615.0          0.76025
1616.0          0.75969
1617.0          0.75913
1618.0          0.75857
1619.0          0.75801
1620.0          0.75746
1621.0          0.75690
1622.0          0.75635
1623.0          0.75579
1624.0          0.75524
1625.0          0.75469
1626.0          0.75414
1627.0          0.75359
1628.0          0.75304
1629.0          0.75249
1630.0          0.75194
1631.0          0.75140
1632.0          0.75085
1633.0          0.75031
1634.0          0.74977
1635.0          0.74922
1636.0          0.74868
1637.0          0.74814
1638.0          0.74760
1639.0          0.74706
1640.0          0.74652
1641.0          0.74599
1642.0          0.74545
1643.0          0.74491
1644.0          0.74438
1645.0          0.74384
1646.0          0.74331
1647.0          0.74278
1648.0          0.74225
1649.0          0.74171
1650.0          0.74118
1400.0          0.0014291
1401.0          5.1325E-4
1402.0          6.5979E-5
1403.0          3.3854E-5
1404.0          3.6838E-4
1405.0          0.0010257
1406.0          0.0019662
1407.0          0.0031543
1408.0          0.0045580
1409.0          0.0061485
1410.0          0.0079002
1411.0          0.0097901
1412.0          0.011798
1413.0          0.013905
1414.0          0.016095
1415.0          0.018355
1416.0          0.020670
1417.0          0.023030
1418.0          0.025425
1419.0          0.027846
1420.0          0.030284
1421.0          0.032734
1422.0          0.035189
1423.0          0.037643
1424.0          0.040093
1425.0          0.042534
1426.0          0.044963
1427.0          0.047376
1428.0          0.049771
1429.0          0.052147
1430.0          0.054499
1431.0          0.056829
1432.0          0.059133
1433.0          0.061410
1434.0          0.063661
1435.0          0.065884
1436.0          0.068078
1437.0          0.070244
1438.0          0.072380
1439.0          0.074487
1440.0          0.076565
1441.0          0.078613
1442.0          0.080632
1443.0          0.082622
1444.0          0.084582
1445.0          0.086514
1446.0          0.088417
1447.0          0.090292
1448.0          0.092139
1449.0          0.093959
1450.0          0.095752
1451.0          0.097517
1452.0          0.099257
1453.0          0.10097
1454.0          0.10266
1455.0          0.10432
1456.0          0.10596
1457.0          0.10758
1458.0          0.10917
1459.0          0.11074
1460.0          0.11228
1461.0          0.11381
1462.0          0.11531
1463.0          0.11679
1464.0          0.11825
1465.0          0.11969
1466.0          0.12111
1467.0          0.12251
1468.0          0.12390
1469.0          0.12526
1470.0          0.12660
1471.0          0.12793
1472.0          0.12924
1473.0          0.13054
1474.0          0.13181
1475.0          0.13307
1476.0          0.13432
1477.0          0.13555
1478.0          0.13676
1479.0          0.13796
1480.0          0.13915
1481.0          0.14032
1482.0          0.14148
1483.0          0.14262
1484.0          0.14375
1485.0          0.14487
1486.0          0.14597
1487.0          0.14707
1488.0          0.14815
1489.0          0.14922
1490.0          0.15028
1491.0          0.15132
1492.0          0.15236
1493.0          0.15339
1494.0          0.15440
1495.0          0.15541
1496.0          0.15640
1497.0          0.15739
1498.0          0.15836
1499.0          0.15933
1500.0          0.16029
1501.0          0.16124
1502.0          0.16218
1503.0          0.16311
1504.0          0.16403
1505.0          0.16495
1506.0          0.16585
1507.0          0.16675
1508.0          0.16764
1509.0          0.16853
1510.0          0.16941
1511.0          0.17028
1512.0          0.17114
1513.0          0.17200
1514.0          0.17285
1515.0          0.17369
1516.0          0.17453
1517.0          0.17536
1518.0          0.17618
1519.0          0.17700
1520.0          0.17781
1521.0          0.17862
1522.0          0.17942
1523.0          0.18022
1524.0          0.18101
1525.0          0.18180
1526.0          0.18258
1527.0          0.18335
1528.0          0.18412
1529.0          0.18489
1530.0          0.18565
1531.0          0.18641
1532.0          0.18716
1533.0          0.18791
1534.0          0.18865
1535.0          0.18939
1536.0          0.19012
1537.0          0.19085
1538.0          0.19158
1539.0          0.19230
1540.0          0.19302
1541.0          0.19374
1542.0          0.19445
1543.0          0.19515
1544.0          0.19586
1545.0          0.19656
1546.0          0.19726
1547.0          0.19795
1548.0          0.19864
1549.0          0.19933
1550.0          0.20001
1551.0          0.20069
1552.0          0.20137
1553.0          0.20205
1554.0          0.20272
1555.0          0.20339
1556.0          0.20405
1557.0          0.20472
1558.0          0.20538
1559.0          0.20604
1560.0          0.20669
1561.0          0.20734
1562.0          0.20799
1563.0          0.20864
1564.0          0.20929
1565.0          0.20993
1566.0          0.21057
1567.0          0.21121
1568.0          0.21185
1569.0          0.21248
1570.0          0.21311
1571.0          0.21374
1572.0          0.21437
1573.0          0.21499
1574.0          0.21562
1575.0          0.21624
1576.0          0.21686
1577.0          0.21747
1578.0          0.21809
1579.0          0.21870
1580.0          0.21932
1581.0          0.21993
1582.0          0.22053
1583.0          0.22114
1584.0          0.22174
1585.0          0.22235
1586.0          0.22295
1587.0          0.22355
1588.0          0.22414
1589.0          0.22474
1590.0          0.22534
1591.0          0.22593
1592.0          0.22652
1593.0          0.22711
1594.0          0.22770
1595.0          0.22829
1596.0          0.22887
1597.0          0.22946
1598.0          0.23004
1599.0          0.23062
1600.0          0.23120
1601.0          0.23178
1602.0          0.23236
1603.0          0.23293
1604.0          0.23351
1605.0          0.23408
1606.0          0.23465
1607.0          0.23522
1608.0          0.23579
1609.0          0.23636
1610.0          0.23693
1611.0          0.23750
1612.0          0.23806
1613.0          0.23863
1614.0          0.23919
1615.0          0.23975
1616.0          0.24031
1617.0          0.24087
1618.0          0.24143
1619.0          0.24199
1620.0          0.24254
1621.0          0.24310
1622.0          0.24365
1623.0          0.24421
1624.0          0.24476
1625.0          0.24531
1626.0          0.24586
1627.0          0.24641
1628.0          0.24696
1629.0          0.24751
1630.0          0.24806
1631.0          0.24860
1632.0          0.24915
1633.0          0.24969
1634.0          0.25023
1635.0          0.25078
1636.0          0.25132
1637.0          0.25186
1638.0          0.25240
1639.0          0.25294
1640.0          0.25348
1641.0          0.25401
1642.0          0.25455
1643.0          0.25509
1644.0          0.25562
1645.0          0.25616
1646.0          0.25669
1647.0          0.25722
1648.0          0.25775
1649.0          0.25829
1650.0          0.25882
1400.0          1.0000
1401.0          1.0000
1402.0          1.0000
1403.0          1.0000
1404.0          1.0000
1405.0          1.0000
1406.0          1.0000
1407.0          1.0000
1408.0          1.0000
1409.0          1.0000
1410.0          1.0000
1411.0          1.0000
1412.0          1.0000
1413.0          1.0000
1414.0          1.0000
1415.0          1.0000
1416.0          1.0000
1417.0          1.0000
1418.0          1.0000
1419.0          1.0000
1420.0          1.0000
1421.0          1.0000
1422.0          1.0000
1423.0          1.0000
1424.0          1.0000
1425.0          1.0000
1426.0          1.0000
1427.0          1.0000
1428.0          1.0000
1429.0          1.0000
1430.0          1.0000
1431.0          1.0000
1432.0          1.0000
1433.0          1.0000
1434.0          1.0000
1435.0          1.0000
1436.0          1.0000
1437.0          1.0000
1438.0          1.0000
1439.0          1.0000
1440.0          1.0000
1441.0          1.0000
1442.0          1.0000
1443.0          1.0000
1444.0          1.0000
1445.0          1.0000
1446.0          1.0000
1447.0          1.0000
1448.0          1.0000
1449.0          1.0000
1450.0          1.0000
1451.0          1.0000
1452.0          1.0000
1453.0          1.0000
1454.0          1.0000
1455.0          1.0000
1456.0          1.0000
1457.0          1.0000
1458.0          1.0000
1459.0          1.0000
1460.0          1.0000
1461.0          1.0000
1462.0          1.0000
1463.0          1.0000
1464.0          1.0000
1465.0          1.0000
1466.0          1.0000
1467.0          1.0000
1468.0          1.0000
1469.0          1.0000
1470.0          1.0000
1471.0          1.0000
1472.0          1.0000
1473.0          1.0000
1474.0          1.0000
1475.0          1.0000
1476.0          1.0000
1477.0          1.0000
1478.0          1.0000
1479.0          1.0000
1480.0          1.0000
1481.0          1.0000
1482.0          1.0000
1483.0          1.0000
1484.0          1.0000
1485.0          1.0000
1486.0          1.0000
1487.0          1.0000
1488.0          1.0000
1489.0          1.0000
1490.0          1.0000
1491.0          1.0000
1492.0          1.0000
1493.0          1.0000
1494.0          1.0000
1495.0          1.0000
1496.0          1.0000
1497.0          1.0000
1498.0          1.0000
1499.0          1.0000
1500.0          1.0000
1501.0          1.0000
1502.0          1.0000
1503.0          1.0000
1504.0          1.0000
1505.0          1.0000
1506.0          1.0000
1507.0          1.0000
1508.0          1.0000
1509.0          1.0000
1510.0          1.0000
1511.0          1.0000
1512.0          1.0000
1513.0          1.0000
1514.0          1.0000
1515.0          1.0000
1516.0          1.0000
1517.0          1.0000
1518.0          1.0000
1519.0          1.0000
1520.0          1.0000
1521.0          1.0000
1522.0          1.0000
1523.0          1.0000
1524.0          1.0000
1525.0          1.0000
1526.0          1.0000
1527.0          1.0000
1528.0          1.0000
1529.0          1.0000
1530.0          1.0000
1531.0          1.0000
1532.0          1.0000
1533.0          1.0000
1534.0          1.0000
1535.0          1.0000
1536.0          1.0000
1537.0          1.0000
1538.0          1.0000
1539.0          1.0000
1540.0          1.0000
1541.0          1.0000
1542.0          1.0000
1543.0          1.0000
1544.0          1.0000
1545.0          1.0000
1546.0          1.0000
1547.0          1.0000
1548.0          1.0000
1549.0          1.0000
1550.0          1.0000
1551.0          1.0000
1552.0          1.0000
1553.0          1.0000
1554.0          1.0000
1555.0          1.0000
1556.0          1.0000
1557.0          1.0000
1558.0          1.0000
1559.0          1.0000
1560.0          1.0000
1561.0          1.0000
1562.0          1.0000
1563.0          1.0000
1564.0          1.0000
1565.0          1.0000
1566.0          1.0000
1567.0          1.0000
1568.0          1.0000
1569.0          1.0000
1570.0          1.0000
1571.0          1.0000
1572.0          1.0000
1573.0          1.0000
1574.0          1.0000
1575.0          1.0000
1576.0          1.0000
1577.0          1.0000
1578.0          1.0000
1579.0          1.0000
1580.0          1.0000
1581.0          1.0000
1582.0          1.0000
1583.0          1.0000
1584.0          1.0000
1585.0          1.0000
1586.0          1.0000
1587.0          1.0000
1588.0          1.0000
1589.0          1.0000
1590.0          1.0000
1591.0          1.0000
1592.0          1.0000
1593.0          1.0000
1594.0          1.0000
1595.0          1.0000
1596.0          1.0000
1597.0          1.0000
1598.0          1.0000
1599.0          1.0000
1600.0          1.0000
1601.0          1.0000
1602.0          1.0000
1603.0          1.0000
1604.0          1.0000
1605.0          1.0000
1606.0          1.0000
1607.0          1.0000
1608.0          1.0000
1609.0          1.0000
1610.0          1.0000
1611.0          1.0000
1612.0          1.0000
1613.0          1.0000
1614.0          1.0000
1615.0          1.0000
1616.0          1.0000
1617.0          1.0000
1618.0          1.0000
1619.0          1.0000
1620.0          1.0000
1621.0          1.0000
1622.0          1.0000
1623.0          1.0000
1624.0          1.0000
1625.0          1.0000
1626.0          1.0000
1627.0          1.0000
1628.0          1.0000
1629.0          1.0000
1630.0          1.0000
1631.0          1.0000
1632.0          1.0000
1633.0          1.0000
1634.0          1.0000
1635.0          1.0000
1636.0          1.0000
1637.0          1.0000
1638.0          1.0000
1639.0          1.0000
1640.0          1.0000
1641.0          1.0000
1642.0          1.0000
1643.0          1.0000
1644.0          1.0000
1645.0          1.0000
1646.0          1.0000
1647.0          1.0000
1648.0          1.0000
1649.0          1.0000
1650.0          1.0000
1400.0          1.6653E-15
1401.0          -2.2204E-16
1402.0          -3.9968E-15
1403.0          1.7764E-15
1404.0          1.9984E-15
1405.0          5.8842E-15
1406.0          -2.2204E-16
1407.0          -2.8866E-15
1408.0          -2.6645E-15
1409.0          1.4433E-15
1410.0          -2.2204E-16
1411.0          -1.1102E-15
1412.0          2.9976E-15
1413.0          7.7716E-16
1414.0          1.7764E-15
1415.0          -2.6645E-15
1416.0          4.4409E-16
1417.0          -2.8866E-15
1418.0          4.9960E-15
1419.0          2.5535E-15
1420.0          -3.3307E-15
1421.0          -7.1054E-15
1422.0          2.8866E-15
1423.0          -6.6613E-16
1424.0          5.5511E-16
1425.0          5.5511E-16
1426.0          5.5511E-16
1427.0          9.9920E-16
1428.0          3.1086E-15
1429.0          3.2196E-15
1430.0          2.4425E-15
1431.0          1.5543E-15
1432.0          -1.3323E-15
1433.0          -4.4409E-16
1434.0          3.4417E-15
1435.0          0.0000
1436.0          0.0000
1437.0          -1.1102E-15
1438.0          -1.3323E-15
1439.0          3.2196E-15
1440.0          2.8866E-15
1441.0          1.3323E-15
1442.0          2.4425E-15
1443.0          2.3315E-15
1444.0          -4.4409E-16
1445.0          -1.7764E-15
1446.0          -1.1102E-15
1447.0          2.6645E-15
1448.0          1.9984E-15
1449.0          2.4425E-15
1450.0          -1.3323E-15
1451.0          1.2212E-15
1452.0          -3.3307E-15
1453.0          -1.1102E-15
1454.0          -2.4425E-15
1455.0          -2.2204E-15
1456.0          1.1102E-16
1457.0          1.7764E-15
1458.0          2.7756E-15
1459.0          -3.7748E-15
1460.0          -2.4425E-15
1461.0          -3.1086E-15
1462.0          9.9920E-16
1463.0          -3.1086E-15
1464.0          2.2204E-16
1465.0          -3.3307E-15
1466.0          0.0000
1467.0          -6.6613E-16
1468.0          2.2204E-15
1469.0          -8.8818E-16
1470.0          1.5543E-15
1471.0          -2.8866E-15
1472.0          -6.6613E-16
1473.0          1.8874E-15
1474.0          1.6653E-15
1475.0          3.1086E-15
1476.0          -8.8818E-16
1477.0          -2.2204E-16
1478.0          -4.4409E-16
1479.0          2.2204E-15
1480.0          1.7764E-15
1481.0          1.3323E-15
1482.0          -1.9984E-15
1483.0          -8.8818E-16
1484.0          4.1078E-15
1485.0          1.5543E-15
1486.0          1.3323E-15
1487.0          1.3323E-15
1488.0          5.5511E-16
1489.0          1.1102E-15
1490.0          -4.4409E-16
1491.0          4.4409E-16
1492.0          1.1102E-15
1493.0          2.3315E-15
1494.0          -2.8866E-15
1495.0          3.3307E-16
1496.0          1.5543E-15
1497.0          1.9984E-15
1498.0          -1.1102E-15
1499.0          -3.5527E-15
1500.0          1.3323E-15
1501.0          -8.8818E-16
1502.0          -6.6613E-16
1503.0          -4.4409E-16
1504.0          1.5543E-15
1505.0          2.5535E-15
1506.0          3.4417E-15
1507.0          4.4409E-16
1508.0          2.6645E-15
1509.0          -4.4409E-16
1510.0          -1.3323E-15
1511.0          -2.2204E-15
1512.0          -1.1102E-15
1513.0          0.0000
1514.0          -1.9984E-15
1515.0          -2.2204E-15
1516.0          1.1102E-15
1517.0          1.2212E-15
1518.0          1.4433E-15
1519.0          5.5511E-16
1520.0          1.5543E-15
1521.0          1.5543E-15
1522.0          4.4409E-16
1523.0          1.1102E-15
1524.0          -2.8866E-15
1525.0          -2.2204E-16
1526.0          4.6629E-15
1527.0          0.0000
1528.0          -1.3323E-15
1529.0          -3.9968E-15
1530.0          -1.5543E-15
1531.0          9.9920E-16
1532.0          2.3315E-15
1533.0          2.2204E-15
1534.0          3.3307E-15
1535.0          4.4409E-16
1536.0          2.1094E-15
1537.0          2.2204E-16
1538.0          5.2180E-15
1539.0          -4.4409E-15
1540.0          -6.2172E-15
1541.0          -8.8818E-16
1542.0          -3.3307E-15
1543.0          0.0000
1544.0          0.0000
1545.0          1.8874E-15
1546.0          -3.9968E-15
1547.0          -2.2204E-15
1548.0          -3.9968E-15
1549.0          -4.4409E-16
1550.0          1.1102E-16
1551.0          -4.4409E-16
1552.0          -1.5543E-15
1553.0          2.6645E-15
1554.0          -4.2188E-15
1555.0          4.4409E-15
1556.0          3.3307E-16
1557.0          2.2204E-16
1558.0          3.1086E-15
1559.0          -6.6613E-16
1560.0          -4.4409E-16
1561.0          3.3307E-15
1562.0          1.5543E-15
1563.0          -3.1086E-15
1564.0          4.4409E-15
1565.0          -4.4409E-16
1566.0          6.3283E-15
1567.0          -8.8818E-16
1568.0          4.4409E-15
1569.0          2.6645E-15
1570.0          -5.5511E-15
1571.0          -1.3323E-15
1572.0          1.9984E-15
1573.0          -7.9936E-15
1574.0          4.7740E-15
1575.0          1.1102E-16
1576.0          -6.6613E-15
1577.0          8.5487E-15
1578.0          2.3315E-15
1579.0          6.3283E-15
1580.0          -3.5527E-15
1581.0          -3.1086E-15
1582.0          6.6613E-16
1583.0          -3.1086E-15
1584.0          2.4425E-15
1585.0          -4.4409E-15
1586.0          3.1086E-15
1587.0          -3.9968E-15
1588.0          -2.6645E-15
1589.0          -3.7748E-15
1590.0          -4.4409E-16
1591.0          -5.7732E-15
1592.0          -7.3275E-15
1593.0          -6.6613E-15
1594.0          -3.3307E-15
1595.0          -1.3323E-15
1596.0          -1.7764E-15
1597.0          2.1094E-15
1598.0          -3.5527E-15
1599.0          -1.5543E-15
1600.0          1.3323E-15
1601.0          2.2204E-15
1602.0          -3.1086E-15
1603.0          -1.3323E-15
1604.0          4.4409E-16
1605.0          2.5535E-15
1606.0          -2.4425E-15
1607.0          4.4409E-15
1608.0          1.3323E-15
1609.0          7.7716E-16
1610.0          1.1102E-16
1611.0          -3.9968E-15
1612.0          -2.2204E-16
1613.0          -3.9968E-15
1614.0          -7.3275E-15
1615.0          -1.3323E-15
1616.0          2.8866E-15
1617.0          1.6653E-15
1618.0          4.4409E-15
1619.0          1.9984E-15
1620.0          2.8866E-15
1621.0          2.4425E-15
1622.0          -2.2204E-16
1623.0          -2.2204E-16
1624.0          -6.6613E-16
1625.0          -2.2204E-16
1626.0          -1.3323E-15
1627.0          -1.5543E-15
1628.0          -1.3323E-15
1629.0          -1.9984E-15
1630.0          5.5511E-16
1631.0          2.6645E-15
1632.0          -5.9952E-15
1633.0          6.6613E-16
1634.0          4.8850E-15
1635.0          -5.5511E-15
1636.0          1.9984E-15
1637.0          4.9960E-15
1638.0          1.9984E-15
1639.0          3.1086E-15
1640.0          2.7756E-15
1641.0          0.0000
1642.0          1.5543E-15
1643.0          -2.2204E-15
1644.0          1.7764E-15
1645.0          -8.8818E-16
1646.0          1.5543E-15
1647.0          3.1086E-15
1648.0          4.2188E-15
1649.0          -1.9984E-15
1650.0          0.0000
