1400.0          0.11950
1401.0          0.12063
1402.0          0.12177
1403.0          0.12290
1404.0          0.12404
1405.0          0.12518
1406.0          0.12633
1407.0          0.12748
1408.0          0.12862
1409.0          0.12978
1410.0          0.13093
1411.0          0.13208
1412.0          0.13324
1413.0          0.13440
1414.0          0.13556
1415.0          0.13672
1416.0          0.13789
1417.0          0.13905
1418.0          0.14022
1419.0          0.14139
1420.0          0.14256
1421.0          0.14373
1422.0          0.14490
1423.0          0.14607
1424.0          0.14725
1425.0          0.14842
1426.0          0.14960
1427.0          0.15077
1428.0          0.15195
1429.0          0.15313
1430.0          0.15431
1431.0          0.15549
1432.0          0.15667
1433.0          0.15785
1434.0          0.15903
1435.0          0.16021
1436.0          0.16139
1437.0          0.16257
1438.0          0.16375
1439.0          0.16493
1440.0          0.16612
1441.0          0.16730
1442.0          0.16848
1443.0          0.16966
1444.0          0.17084
1445.0          0.17202
1446.0          0.17321
1447.0          0.17439
1448.0          0.17557
1449.0          0.17675
1450.0          0.17793
1451.0          0.17910
1452.0          0.18028
1453.0          0.18146
1454.0          0.18264
1455.0          0.18381
1456.0          0.18499
1457.0          0.18616
1458.0          0.18734
1459.0          0.18851
1460.0          0.18968
1461.0          0.19085
1462.0          0.19203
1463.0          0.19319
1464.0          0.19436
1465.0          0.19553
1466.0          0.19670
1467.0          0.19786
1468.0          0.19902
1469.0          0.20018
1470.0          0.20135
1471.0          0.20251
1472.0          0.20366
1473.0          0.20482
1474.0          0.20597
1475.0          0.20713
1476.0          0.20828
1477.0          0.20943
1478.0          0.21058
1479.0          0.21173
1480.0          0.21287
1481.0          0.21402
1482.0          0.21516
1483.0          0.21630
1484.0          0.21744
1485.0          0.21858
1486.0          0.21971
1487.0          0.22085
1488.0          0.22198
1489.0          0.22311
1490.0          0.22424
1491.0          0.22536
1492.0          0.22649
1493.0          0.22761
1494.0          0.22873
1495.0          0.22985
1496.0          0.23096
1497.0          0.23208
1498.0          0.23319
1499.0          0.23430
1500.0          0.23541
1501.0          0.23651
1502.0          0.23761
1503.0          0.23872
1504.0          0.23981
1505.0          0.24091
1506.0          0.24200
1507.0          0.24310
1508.0          0.24419
1509.0          0.24527
1510.0          0.24636
1511.0          0.24744
1512.0          0.24852
1513.0          0.24960
1514.0          0.25068
1515.0          0.25175
1516.0          0.25282
1517.0          0.25389
1518.0          0.25496
1519.0          0.25602
1520.0          0.25708
1521.0          0.25814
1522.0          0.25920
1523.0          0.26025
1524.0          0.26130
1525.0          0.26235
1526.0          0.26340
1527.0          0.26444
1528.0          0.26548
1529.0          0.26652
1530.0          0.26756
1531.0          0.26859
1532.0          0.26962
1533.0          0.27065
1534.0          0.27167
1535.0          0.27270
1536.0          0.27372
1537.0          0.27474
1538.0          0.27575
1539.0          0.27676
1540.0          0.27777
1541.0          0.27878
1542.0          0.27979
1543.0          0.28079
1544.0          0.28179
1545.0          0.28278
1546.0          0.28378
1547.0          0.28477
1548.0          0.28576
1549.0          0.28674
1550.0          0.28773
1551.0          0.28871
1552.0          0.28968
1553.0          0.29066
1554.0          0.29163
1555.0          0.29260
1556.0          0.29357
1557.0          0.29453
1558.0          0.29549
1559.0          0.29645
1560.0          0.29741
1561.0          0.29836
1562.0          0.29931
1563.0          0.30026
1564.0          0.30120
1565.0          0.30214
1566.0          0.30308
1567.0          0.30402
1568.0          0.30495
1569.0          0.30589
1570.0          0.30681
1571.0          0.30774
1572.0          0.30866
1573.0          0.30958
1574.0          0.31050
1575.0          0.31141
1576.0          0.31233
1577.0          0.31323
1578.0          0.31414
1579.0          0.31504
1580.0          0.31594
1581.0          0.31684
1582.0          0.31774
1583.0          0.31863
1584.0          0.31952
1585.0          0.32041
1586.0          0.32129
1587.0          0.32217
1588.0          0.32305
1589.0          0.32393
1590.0          0.32480
1591.0          0.32567
1592.0          0.32654
1593.0          0.32740
1594.0          0.32827
1595.0          0.32913
1596.0          0.32998
1597.0          0.33084
1598.0          0.33169
1599.0          0.33254
1600.0          0.33338
1601.0          0.33423
1602.0          0.33507
1603.0          0.33590
1604.0          0.33674
1605.0          0.33757
1606.0          0.33840
1607.0          0.33923
1608.0          0.34005
1609.0          0.34087
1610.0          0.34169
1611.0          0.34251
1612.0          0.34332
1613.0          0.34413
1614.0          0.34494
1615.0          0.34575
1616.0          0.34655
1617.0          0.34735
1618.0          0.34815
1619.0          0.34894
1620.0          0.34974
1621.0          0.35053
1622.0          0.35131
1623.0          0.35210
1624.0          0.35288
1625.0          0.35366
1626.0          0.35444
1627.0          0.35521
1628.0          0.35598
1629.0          0.35675
1630.0          0.35752
1631.0          0.35828
1632.0          0.35904
1633.0          0.35980
1634.0          0.36056
1635.0          0.36131
1636.0          0.36206
1637.0          0.36281
1638.0          0.36355
1639.0          0.36430
1640.0          0.36504
1641.0          0.36578
1642.0          0.36651
1643.0          0.36725
1644.0          0.36798
1645.0          0.36870
1646.0          0.36943
1647.0          0.37015
1648.0          0.37087
1649.0          0.37159
1650.0          0.37231
1400.0          0.88050
1401.0          0.87937
1402.0          0.87823
1403.0          0.87710
1404.0          0.87596
1405.0          0.87482
1406.0          0.87367
1407.0          0.87252
1408.0          0.87138
1409.0          0.87022
1410.0          0.86907
1411.0          0.86792
1412.0          0.86676
1413.0          0.86560
1414.0          0.86444
1415.0          0.86328
1416.0          0.86211
1417.0          0.86095
1418.0          0.85978
1419.0          0.85861
1420.0          0.85744
1421.0          0.85627
1422.0          0.85510
1423.0          0.85393
1424.0          0.85275
1425.0          0.85158
1426.0          0.85040
1427.0          0.84923
1428.0          0.84805
1429.0          0.84687
1430.0          0.84569
1431.0          0.84451
1432.0          0.84333
1433.0          0.84215
1434.0          0.84097
1435.0          0.83979
1436.0          0.83861
1437.0          0.83743
1438.0          0.83625
1439.0          0.83507
1440.0          0.83388
1441.0          0.83270
1442.0          0.83152
1443.0          0.83034
1444.0          0.82916
1445.0          0.82798
1446.0          0.82679
1447.0          0.82561
1448.0          0.82443
1449.0          0.82325
1450.0          0.82207
1451.0          0.82090
1452.0          0.81972
1453.0          0.81854
1454.0          0.81736
1455.0          0.81619
1456.0          0.81501
1457.0          0.81384
1458.0          0.81266
1459.0          0.81149
1460.0          0.81032
1461.0          0.80915
1462.0          0.80797
1463.0          0.80681
1464.0          0.80564
1465.0          0.80447
1466.0          0.80330
1467.0          0.80214
1468.0          0.80098
1469.0          0.79982
1470.0          0.79865
1471.0          0.79749
1472.0          0.79634
1473.0          0.79518
1474.0          0.79403
1475.0          0.79287
1476.0          0.79172
1477.0          0.79057
1478.0          0.78942
1479.0          0.78827
1480.0          0.78713
1481.0          0.78598
1482.0          0.78484
1483.0          0.78370
1484.0          0.78256
1485.0          0.78142
1486.0          0.78029
1487.0          0.77915
1488.0          0.77802
1489.0          0.77689
1490.0          0.77576
1491.0          0.77464
1492.0          0.77351
1493.0          0.77239
1494.0          0.77127
1495.0          0.77015
1496.0          0.76904
1497.0          0.76792
1498.0          0.76681
1499.0          0.76570
1500.0          0.76459
1501.0          0.76349
1502.0          0.76239
1503.0          0.76128
1504.0          0.76019
1505.0          0.75909
1506.0          0.75800
1507.0          0.75690
1508.0          0.75581
1509.0          0.75473
1510.0          0.75364
1511.0          0.75256
1512.0          0.75148
1513.0          0.75040
1514.0          0.74932
1515.0          0.74825
1516.0          0.74718
1517.0          0.74611
1518.0          0.74504
1519.0          0.74398
1520.0          0.74292
1521.0          0.74186
1522.0          0.74080
1523.0          0.73975
1524.0          0.73870
1525.0          0.73765
1526.0          0.73660
1527.0          0.73556
1528.0          0.73452
1529.0          0.73348
1530.0          0.73244
1531.0          0.73141
1532.0          0.73038
1533.0          0.72935
1534.0          0.72833
1535.0          0.72730
1536.0          0.72628
1537.0          0.72526
1538.0          0.72425
1539.0          0.72324
1540.0          0.72223
1541.0          0.72122
1542.0          0.72021
1543.0          0.71921
1544.0          0.71821
1545.0          0.71722
1546.0          0.71622
1547.0          0.71523
1548.0          0.71424
1549.0          0.71326
1550.0          0.71227
1551.0          0.71129
1552.0          0.71032
1553.0          0.70934
1554.0          0.70837
1555.0          0.70740
1556.0          0.70643
1557.0          0.70547
1558.0          0.70451
1559.0          0.70355
1560.0          0.70259
1561.0          0.70164
1562.0          0.70069
1563.0          0.69974
1564.0          0.69880
1565.0          0.69786
1566.0          0.69692
1567.0          0.69598
1568.0          0.69505
1569.0          0.69411
1570.0          0.69319
1571.0          0.69226
1572.0          0.69134
1573.0          0.69042
1574.0          0.68950
1575.0          0.68859
1576.0          0.68767
1577.0          0.68677
1578.0          0.68586
1579.0          0.68496
1580.0          0.68406
1581.0          0.68316
1582.0          0.68226
1583.0          0.68137
1584.0          0.68048
1585.0          0.67959
1586.0          0.67871
1587.0          0.67783
1588.0          0.67695
1589.0          0.67607
1590.0          0.67520
1591.0          0.67433
1592.0          0.67346
1593.0          0.67260
1594.0          0.67173
1595.0          0.67087
1596.0          0.67002
1597.0          0.66916
1598.0          0.66831
1599.0          0.66746
1600.0          0.66662
1601.0          0.66577
1602.0          0.66493
1603.0          0.66410
1604.0          0.66326
1605.0          0.66243
1606.0          0.66160
1607.0          0.66077
1608.0          0.65995
1609.0          0.65913
1610.0          0.65831
1611.0          0.65749
1612.0          0.65668
1613.0          0.65587
1614.0          0.65506
1615.0          0.65425
1616.0          0.65345
1617.0          0.65265
1618.0          0.65185
1619.0          0.65106
1620.0          0.65026
1621.0          0.64947
1622.0          0.64869
1623.0          0.64790
1624.0          0.64712
1625.0          0.64634
1626.0          0.64556
1627.0          0.64479
1628.0          0.64402
1629.0          0.64325
1630.0          0.64248
1631.0          0.64172
1632.0          0.64096
1633.0          0.64020
1634.0          0.63944
1635.0          0.63869
1636.0          0.63794
1637.0          0.63719
1638.0          0.63645
1639.0          0.63570
1640.0          0.63496
1641.0          0.63422
1642.0          0.63349
1643.0          0.63275
1644.0          0.63202
1645.0          0.63130
1646.0          0.63057
1647.0          0.62985
1648.0          0.62913
1649.0          0.62841
1650.0          0.62769
1400.0          1.0000
1401.0          1.0000
1402.0          1.0000
1403.0          1.0000
1404.0          1.0000
1405.0          1.0000
1406.0          1.0000
1407.0          1.0000
1408.0          1.0000
1409.0          1.0000
1410.0          1.0000
1411.0          1.0000
1412.0          1.0000
1413.0          1.0000
1414.0          1.0000
1415.0          1.0000
1416.0          1.0000
1417.0          1.0000
1418.0          1.0000
1419.0          1.0000
1420.0          1.0000
1421.0          1.0000
1422.0          1.0000
1423.0          1.0000
1424.0          1.0000
1425.0          1.0000
1426.0          1.0000
1427.0          1.0000
1428.0          1.0000
1429.0          1.0000
1430.0          1.0000
1431.0          1.0000
1432.0          1.0000
1433.0          1.0000
1434.0          1.0000
1435.0          1.0000
1436.0          1.0000
1437.0          1.0000
1438.0          1.0000
1439.0          1.0000
1440.0          1.0000
1441.0          1.0000
1442.0          1.0000
1443.0          1.0000
1444.0          1.0000
1445.0          1.0000
1446.0          1.0000
1447.0          1.0000
1448.0          1.0000
1449.0          1.0000
1450.0          1.0000
1451.0          1.0000
1452.0          1.0000
1453.0          1.0000
1454.0          1.0000
1455.0          1.0000
1456.0          1.0000
1457.0          1.0000
1458.0          1.0000
1459.0          1.0000
1460.0          1.0000
1461.0          1.0000
1462.0          1.0000
1463.0          1.0000
1464.0          1.0000
1465.0          1.0000
1466.0          1.0000
1467.0          1.0000
1468.0          1.0000
1469.0          1.0000
1470.0          1.0000
1471.0          1.0000
1472.0          1.0000
1473.0          1.0000
1474.0          1.0000
1475.0          1.0000
1476.0          1.0000
1477.0          1.0000
1478.0          1.0000
1479.0          1.0000
1480.0          1.0000
1481.0          1.0000
1482.0          1.0000
1483.0          1.0000
1484.0          1.0000
1485.0          1.0000
1486.0          1.0000
1487.0          1.0000
1488.0          1.0000
1489.0          1.0000
1490.0          1.0000
1491.0          1.0000
1492.0          1.0000
1493.0          1.0000
1494.0          1.0000
1495.0          1.0000
1496.0          1.0000
1497.0          1.0000
1498.0          1.0000
1499.0          1.0000
1500.0          1.0000
1501.0          1.0000
1502.0          1.0000
1503.0          1.0000
1504.0          1.0000
1505.0          1.0000
1506.0          1.0000
1507.0          1.0000
1508.0          1.0000
1509.0          1.0000
1510.0          1.0000
1511.0          1.0000
1512.0          1.0000
1513.0          1.0000
1514.0          1.0000
1515.0          1.0000
1516.0          1.0000
1517.0          1.0000
1518.0          1.0000
1519.0          1.0000
1520.0          1.0000
1521.0          1.0000
1522.0          1.0000
1523.0          1.0000
1524.0          1.0000
1525.0          1.0000
1526.0          1.0000
1527.0          1.0000
1528.0          1.0000
1529.0          1.0000
1530.0          1.0000
1531.0          1.0000
1532.0          1.0000
1533.0          1.0000
1534.0          1.0000
1535.0          1.0000
1536.0          1.0000
1537.0          1.0000
1538.0          1.0000
1539.0          1.0000
1540.0          1.0000
1541.0          1.0000
1542.0          1.0000
1543.0          1.0000
1544.0          1.0000
1545.0          1.0000
1546.0          1.0000
1547.0          1.0000
1548.0          1.0000
1549.0          1.0000
1550.0          1.0000
1551.0          1.0000
1552.0          1.0000
1553.0          1.0000
1554.0          1.0000
1555.0          1.0000
1556.0          1.0000
1557.0          1.0000
1558.0          1.0000
1559.0          1.0000
1560.0          1.0000
1561.0          1.0000
1562.0          1.0000
1563.0          1.0000
1564.0          1.0000
1565.0          1.0000
1566.0          1.0000
1567.0          1.0000
1568.0          1.0000
1569.0          1.0000
1570.0          1.0000
1571.0          1.0000
1572.0          1.0000
1573.0          1.0000
1574.0          1.0000
1575.0          1.0000
1576.0          1.0000
1577.0          1.0000
1578.0          1.0000
1579.0          1.0000
1580.0          1.0000
1581.0          1.0000
1582.0          1.0000
1583.0          1.0000
1584.0          1.0000
1585.0          1.0000
1586.0          1.0000
1587.0          1.0000
1588.0          1.0000
1589.0          1.0000
1590.0          1.0000
1591.0          1.0000
1592.0          1.0000
1593.0          1.0000
1594.0          1.0000
1595.0          1.0000
1596.0          1.0000
1597.0          1.0000
1598.0          1.0000
1599.0          1.0000
1600.0          1.0000
1601.0          1.0000
1602.0          1.0000
1603.0          1.0000
1604.0          1.0000
1605.0          1.0000
1606.0          1.0000
1607.0          1.0000
1608.0          1.0000
1609.0          1.0000
1610.0          1.0000
1611.0          1.0000
1612.0          1.0000
1613.0          1.0000
1614.0          1.0000
1615.0          1.0000
1616.0          1.0000
1617.0          1.0000
1618.0          1.0000
1619.0          1.0000
1620.0          1.0000
1621.0          1.0000
1622.0          1.0000
1623.0          1.0000
1624.0          1.0000
1625.0          1.0000
1626.0          1.0000
1627.0          1.0000
1628.0          1.0000
1629.0          1.0000
1630.0          1.0000
1631.0          1.0000
1632.0          1.0000
1633.0          1.0000
1634.0          1.0000
1635.0          1.0000
1636.0          1.0000
1637.0          1.0000
1638.0          1.0000
1639.0          1.0000
1640.0          1.0000
1641.0          1.0000
1642.0          1.0000
1643.0          1.0000
1644.0          1.0000
1645.0          1.0000
1646.0          1.0000
1647.0          1.0000
1648.0          1.0000
1649.0          1.0000
1650.0          1.0000
1400.0          -2.4425E-15
1401.0          0.0000
1402.0          -3.1086E-15
1403.0          -1.7764E-15
1404.0          -4.4409E-16
1405.0          -8.8818E-16
1406.0          3.5527E-15
1407.0          1.6653E-15
1408.0          -3.9968E-15
1409.0          -1.7764E-15
1410.0          -4.4409E-16
1411.0          2.4425E-15
1412.0          0.0000
1413.0          -2.6645E-15
1414.0          -6.6613E-16
1415.0          1.1102E-16
1416.0          3.3307E-16
1417.0          1.2212E-15
1418.0          0.0000
1419.0          5.5511E-16
1420.0          0.0000
1421.0          -1.7764E-15
1422.0          -1.5543E-15
1423.0          5.5511E-16
1424.0          1.7764E-15
1425.0          3.9968E-15
1426.0          -2.2204E-16
1427.0          6.6613E-16
1428.0          -1.3323E-15
1429.0          4.4409E-16
1430.0          -8.8818E-16
1431.0          -1.1102E-15
1432.0          2.2204E-16
1433.0          2.8866E-15
1434.0          7.7716E-16
1435.0          1.5543E-15
1436.0          0.0000
1437.0          -6.6613E-16
1438.0          -2.4425E-15
1439.0          2.4425E-15
1440.0          6.6613E-16
1441.0          -1.3323E-15
1442.0          -1.7764E-15
1443.0          -2.2204E-16
1444.0          -1.9984E-15
1445.0          -1.5543E-15
1446.0          -2.2204E-16
1447.0          -3.3307E-15
1448.0          -3.3307E-15
1449.0          1.6653E-15
1450.0          1.2212E-15
1451.0          -2.6645E-15
1452.0          5.5511E-16
1453.0          -3.1086E-15
1454.0          1.1102E-15
1455.0          -4.4409E-16
1456.0          -2.8866E-15
1457.0          1.3323E-15
1458.0          1.9984E-15
1459.0          8.8818E-16
1460.0          -1.3323E-15
1461.0          7.7716E-16
1462.0          -2.8866E-15
1463.0          -2.2204E-16
1464.0          -1.7764E-15
1465.0          -4.4409E-15
1466.0          2.2204E-16
1467.0          3.1086E-15
1468.0          -3.5527E-15
1469.0          4.4409E-16
1470.0          -1.5543E-15
1471.0          2.5535E-15
1472.0          -8.8818E-16
1473.0          -1.1102E-15
1474.0          -2.4425E-15
1475.0          7.7716E-16
1476.0          1.3323E-15
1477.0          2.5535E-15
1478.0          4.4409E-16
1479.0          7.7716E-16
1480.0          6.6613E-16
1481.0          4.4409E-16
1482.0          1.1102E-15
1483.0          2.2204E-15
1484.0          -2.8866E-15
1485.0          4.4409E-16
1486.0          -8.8818E-16
1487.0          -3.3307E-15
1488.0          2.2204E-16
1489.0          -2.4425E-15
1490.0          -6.6613E-16
1491.0          -4.4409E-16
1492.0          -1.5543E-15
1493.0          2.2204E-15
1494.0          2.2204E-15
1495.0          -8.8818E-16
1496.0          -2.2204E-15
1497.0          4.4409E-16
1498.0          2.3315E-15
1499.0          -3.7748E-15
1500.0          -1.1102E-15
1501.0          -1.3323E-15
1502.0          1.1102E-15
1503.0          -6.6613E-16
1504.0          -1.1102E-15
1505.0          8.8818E-16
1506.0          -8.8818E-16
1507.0          1.7764E-15
1508.0          -1.7764E-15
1509.0          1.4433E-15
1510.0          -1.1102E-15
1511.0          -3.7748E-15
1512.0          9.9920E-16
1513.0          -2.4425E-15
1514.0          -1.7764E-15
1515.0          -1.9984E-15
1516.0          -8.8818E-16
1517.0          2.2204E-16
1518.0          -6.6613E-16
1519.0          -8.8818E-16
1520.0          0.0000
1521.0          1.5543E-15
1522.0          -8.8818E-16
1523.0          -1.3323E-15
1524.0          1.4433E-15
1525.0          -2.6645E-15
1526.0          -6.6613E-16
1527.0          -2.2204E-16
1528.0          1.1102E-16
1529.0          -1.1102E-15
1530.0          1.2212E-15
1531.0          -3.3307E-15
1532.0          2.6645E-15
1533.0          -1.9984E-15
1534.0          -3.3307E-15
1535.0          2.1094E-15
1536.0          -2.8866E-15
1537.0          4.4409E-16
1538.0          -1.9984E-15
1539.0          -6.6613E-16
1540.0          -2.6645E-15
1541.0          -4.4409E-16
1542.0          -6.6613E-16
1543.0          -4.4409E-16
1544.0          -4.4409E-16
1545.0          0.0000
1546.0          -1.5543E-15
1547.0          -2.2204E-16
1548.0          1.1102E-15
1549.0          -2.2204E-16
1550.0          4.1078E-15
1551.0          8.8818E-16
1552.0          -1.3323E-15
1553.0          1.9984E-15
1554.0          -2.2204E-16
1555.0          -1.1102E-15
1556.0          -6.6613E-16
1557.0          -4.4409E-16
1558.0          1.1102E-15
1559.0          -1.5543E-15
1560.0          -1.5543E-15
1561.0          -8.8818E-16
1562.0          5.5511E-16
1563.0          6.6613E-16
1564.0          -2.8866E-15
1565.0          0.0000
1566.0          0.0000
1567.0          -1.3323E-15
1568.0          1.1102E-15
1569.0          -1.9984E-15
1570.0          -6.6613E-16
1571.0          -2.6645E-15
1572.0          4.8850E-15
1573.0          1.7764E-15
1574.0          2.5535E-15
1575.0          2.4425E-15
1576.0          2.6645E-15
1577.0          5.5511E-16
1578.0          -4.4409E-16
1579.0          8.8818E-16
1580.0          4.2188E-15
1581.0          -2.2204E-16
1582.0          -2.6645E-15
1583.0          0.0000
1584.0          1.1102E-15
1585.0          6.6613E-16
1586.0          -2.4425E-15
1587.0          3.1086E-15
1588.0          -2.2204E-15
1589.0          2.2204E-15
1590.0          -2.2204E-15
1591.0          -4.4409E-16
1592.0          -2.8866E-15
1593.0          -2.8866E-15
1594.0          -1.7764E-15
1595.0          4.4409E-16
1596.0          -4.4409E-16
1597.0          -1.1102E-15
1598.0          -2.6645E-15
1599.0          3.3307E-16
1600.0          2.8866E-15
1601.0          -1.3323E-15
1602.0          -1.1102E-15
1603.0          1.1102E-15
1604.0          2.3315E-15
1605.0          -2.6645E-15
1606.0          1.1102E-15
1607.0          -4.4409E-16
1608.0          -2.6645E-15
1609.0          -8.8818E-16
1610.0          2.4425E-15
1611.0          -1.5543E-15
1612.0          2.8866E-15
1613.0          4.6629E-15
1614.0          -4.4409E-16
1615.0          1.6653E-15
1616.0          6.6613E-16
1617.0          1.1102E-15
1618.0          1.7764E-15
1619.0          5.5511E-16
1620.0          2.2204E-15
1621.0          1.6653E-15
1622.0          -3.1086E-15
1623.0          4.4409E-16
1624.0          0.0000
1625.0          1.9984E-15
1626.0          -2.2204E-16
1627.0          -3.5527E-15
1628.0          1.7764E-15
1629.0          -6.6613E-16
1630.0          0.0000
1631.0          6.6613E-16
1632.0          0.0000
1633.0          9.9920E-16
1634.0          0.0000
1635.0          -8.8818E-16
1636.0          6.6613E-16
1637.0          4.4409E-16
1638.0          -8.8818E-16
1639.0          2.7756E-15
1640.0          1.7764E-15
1641.0          -6.6613E-16
1642.0          2.2204E-15
1643.0          -4.4409E-16
1644.0          -3.1086E-15
1645.0          -8.8818E-16
1646.0          1.3323E-15
1647.0          -1.5543E-15
1648.0          2.8866E-15
1649.0          -4.4409E-16
1650.0          -2.2204E-16
