1400.0          0.043216
1401.0          0.042843
1402.0          0.042490
1403.0          0.042157
1404.0          0.041844
1405.0          0.041551
1406.0          0.041277
1407.0          0.041023
1408.0          0.040787
1409.0          0.040571
1410.0          0.040373
1411.0          0.040193
1412.0          0.040032
1413.0          0.039889
1414.0          0.039763
1415.0          0.039655
1416.0          0.039564
1417.0          0.039490
1418.0          0.039433
1419.0          0.039393
1420.0          0.039369
1421.0          0.039361
1422.0          0.039370
1423.0          0.039394
1424.0          0.039434
1425.0          0.039490
1426.0          0.039561
1427.0          0.039647
1428.0          0.039747
1429.0          0.039863
1430.0          0.039993
1431.0          0.040137
1432.0          0.040295
1433.0          0.040468
1434.0          0.040654
1435.0          0.040853
1436.0          0.041066
1437.0          0.041292
1438.0          0.041532
1439.0          0.041783
1440.0          0.042048
1441.0          0.042325
1442.0          0.042614
1443.0          0.042916
1444.0          0.043229
1445.0          0.043554
1446.0          0.043890
1447.0          0.044238
1448.0          0.044597
1449.0          0.044967
1450.0          0.045348
1451.0          0.045740
1452.0          0.046142
1453.0          0.046554
1454.0          0.046977
1455.0          0.047409
1456.0          0.047851
1457.0          0.048303
1458.0          0.048765
1459.0          0.049235
1460.0          0.049715
1461.0          0.050204
1462.0          0.050701
1463.0          0.051207
1464.0          0.051722
1465.0          0.052244
1466.0          0.052775
1467.0          0.053314
1468.0          0.053861
1469.0          0.054415
1470.0          0.054977
1471.0          0.055546
1472.0          0.056122
1473.0          0.056705
1474.0          0.057295
1475.0          0.057891
1476.0          0.058495
1477.0          0.059104
1478.0          0.059720
1479.0          0.060342
1480.0          0.060969
1481.0          0.061603
1482.0          0.062242
1483.0          0.062886
1484.0          0.063536
1485.0          0.064191
1486.0          0.064851
1487.0          0.065515
1488.0          0.066185
1489.0          0.066859
1490.0          0.067537
1491.0          0.068220
1492.0          0.068907
1493.0          0.069597
1494.0          0.070292
1495.0          0.070990
1496.0          0.071692
1497.0          0.072397
1498.0          0.073106
1499.0          0.073817
1500.0          0.074532
1501.0          0.075250
1502.0          0.075970
1503.0          0.076692
1504.0          0.077418
1505.0          0.078145
1506.0          0.078875
1507.0          0.079607
1508.0          0.080340
1509.0          0.081076
1510.0          0.081813
1511.0          0.082551
1512.0          0.083291
1513.0          0.084032
1514.0          0.084775
1515.0          0.085518
1516.0          0.086262
1517.0          0.087007
1518.0          0.087752
1519.0          0.088498
1520.0          0.089245
1521.0          0.089991
1522.0          0.090738
1523.0          0.091484
1524.0          0.092231
1525.0          0.092977
1526.0          0.093722
1527.0          0.094468
1528.0          0.095212
1529.0          0.095956
1530.0          0.096699
1531.0          0.097441
1532.0          0.098181
1533.0          0.098921
1534.0          0.099659
1535.0          0.10040
1536.0          0.10113
1537.0          0.10186
1538.0          0.10259
1539.0          0.10332
1540.0          0.10405
1541.0          0.10477
1542.0          0.10550
1543.0          0.10622
1544.0          0.10693
1545.0          0.10765
1546.0          0.10836
1547.0          0.10907
1548.0          0.10977
1549.0          0.11048
1550.0          0.11118
1551.0          0.11187
1552.0          0.11256
1553.0          0.11325
1554.0          0.11393
1555.0          0.11461
1556.0          0.11529
1557.0          0.11596
1558.0          0.11663
1559.0          0.11729
1560.0          0.11795
1561.0          0.11860
1562.0          0.11925
1563.0          0.11990
1564.0          0.12053
1565.0          0.12117
1566.0          0.12180
1567.0          0.12242
1568.0          0.12303
1569.0          0.12364
1570.0          0.12425
1571.0          0.12485
1572.0          0.12544
1573.0          0.12602
1574.0          0.12660
1575.0          0.12717
1576.0          0.12774
1577.0          0.12830
1578.0          0.12885
1579.0          0.12939
1580.0          0.12993
1581.0          0.13046
1582.0          0.13098
1583.0          0.13149
1584.0          0.13200
1585.0          0.13249
1586.0          0.13298
1587.0          0.13346
1588.0          0.13393
1589.0          0.13439
1590.0          0.13484
1591.0          0.13529
1592.0          0.13572
1593.0          0.13614
1594.0          0.13656
1595.0          0.13696
1596.0          0.13735
1597.0          0.13774
1598.0          0.13811
1599.0          0.13847
1600.0          0.13882
1601.0          0.13916
1602.0          0.13948
1603.0          0.13980
1604.0          0.14010
1605.0          0.14039
1606.0          0.14067
1607.0          0.14093
1608.0          0.14119
1609.0          0.14142
1610.0          0.14165
1611.0          0.14186
1612.0          0.14206
1613.0          0.14224
1614.0          0.14241
1615.0          0.14256
1616.0          0.14269
1617.0          0.14282
1618.0          0.14292
1619.0          0.14301
1620.0          0.14308
1621.0          0.14314
1622.0          0.14317
1623.0          0.14319
1624.0          0.14319
1625.0          0.14318
1626.0          0.14314
1627.0          0.14308
1628.0          0.14301
1629.0          0.14291
1630.0          0.14280
1631.0          0.14266
1632.0          0.14250
1633.0          0.14232
1634.0          0.14211
1635.0          0.14188
1636.0          0.14163
1637.0          0.14136
1638.0          0.14106
1639.0          0.14073
1640.0          0.14038
1641.0          0.14000
1642.0          0.13959
1643.0          0.13916
1644.0          0.13870
1645.0          0.13821
1646.0          0.13768
1647.0          0.13713
1648.0          0.13655
1649.0          0.13593
1650.0          0.13528
1400.0          0.95678
1401.0          0.95716
1402.0          0.95751
1403.0          0.95784
1404.0          0.95816
1405.0          0.95845
1406.0          0.95872
1407.0          0.95898
1408.0          0.95921
1409.0          0.95943
1410.0          0.95963
1411.0          0.95981
1412.0          0.95997
1413.0          0.96011
1414.0          0.96024
1415.0          0.96035
1416.0          0.96044
1417.0          0.96051
1418.0          0.96057
1419.0          0.96061
1420.0          0.96063
1421.0          0.96064
1422.0          0.96063
1423.0          0.96061
1424.0          0.96057
1425.0          0.96051
1426.0          0.96044
1427.0          0.96035
1428.0          0.96025
1429.0          0.96014
1430.0          0.96001
1431.0          0.95986
1432.0          0.95970
1433.0          0.95953
1434.0          0.95935
1435.0          0.95915
1436.0          0.95893
1437.0          0.95871
1438.0          0.95847
1439.0          0.95822
1440.0          0.95795
1441.0          0.95767
1442.0          0.95739
1443.0          0.95708
1444.0          0.95677
1445.0          0.95645
1446.0          0.95611
1447.0          0.95576
1448.0          0.95540
1449.0          0.95503
1450.0          0.95465
1451.0          0.95426
1452.0          0.95386
1453.0          0.95345
1454.0          0.95302
1455.0          0.95259
1456.0          0.95215
1457.0          0.95170
1458.0          0.95124
1459.0          0.95076
1460.0          0.95029
1461.0          0.94980
1462.0          0.94930
1463.0          0.94879
1464.0          0.94828
1465.0          0.94776
1466.0          0.94722
1467.0          0.94669
1468.0          0.94614
1469.0          0.94559
1470.0          0.94502
1471.0          0.94445
1472.0          0.94388
1473.0          0.94330
1474.0          0.94271
1475.0          0.94211
1476.0          0.94151
1477.0          0.94090
1478.0          0.94028
1479.0          0.93966
1480.0          0.93903
1481.0          0.93840
1482.0          0.93776
1483.0          0.93711
1484.0          0.93646
1485.0          0.93581
1486.0          0.93515
1487.0          0.93448
1488.0          0.93382
1489.0          0.93314
1490.0          0.93246
1491.0          0.93178
1492.0          0.93109
1493.0          0.93040
1494.0          0.92971
1495.0          0.92901
1496.0          0.92831
1497.0          0.92760
1498.0          0.92689
1499.0          0.92618
1500.0          0.92547
1501.0          0.92475
1502.0          0.92403
1503.0          0.92331
1504.0          0.92258
1505.0          0.92185
1506.0          0.92113
1507.0          0.92039
1508.0          0.91966
1509.0          0.91892
1510.0          0.91819
1511.0          0.91745
1512.0          0.91671
1513.0          0.91597
1514.0          0.91523
1515.0          0.91448
1516.0          0.91374
1517.0          0.91299
1518.0          0.91225
1519.0          0.91150
1520.0          0.91076
1521.0          0.91001
1522.0          0.90926
1523.0          0.90852
1524.0          0.90777
1525.0          0.90702
1526.0          0.90628
1527.0          0.90553
1528.0          0.90479
1529.0          0.90404
1530.0          0.90330
1531.0          0.90256
1532.0          0.90182
1533.0          0.90108
1534.0          0.90034
1535.0          0.89960
1536.0          0.89887
1537.0          0.89814
1538.0          0.89741
1539.0          0.89668
1540.0          0.89595
1541.0          0.89523
1542.0          0.89450
1543.0          0.89378
1544.0          0.89307
1545.0          0.89235
1546.0          0.89164
1547.0          0.89093
1548.0          0.89023
1549.0          0.88952
1550.0          0.88882
1551.0          0.88813
1552.0          0.88744
1553.0          0.88675
1554.0          0.88607
1555.0          0.88539
1556.0          0.88471
1557.0          0.88404
1558.0          0.88337
1559.0          0.88271
1560.0          0.88205
1561.0          0.88140
1562.0          0.88075
1563.0          0.88010
1564.0          0.87947
1565.0          0.87883
1566.0          0.87820
1567.0          0.87758
1568.0          0.87697
1569.0          0.87636
1570.0          0.87575
1571.0          0.87515
1572.0          0.87456
1573.0          0.87398
1574.0          0.87340
1575.0          0.87283
1576.0          0.87226
1577.0          0.87170
1578.0          0.87115
1579.0          0.87061
1580.0          0.87007
1581.0          0.86954
1582.0          0.86902
1583.0          0.86851
1584.0          0.86800
1585.0          0.86751
1586.0          0.86702
1587.0          0.86654
1588.0          0.86607
1589.0          0.86561
1590.0          0.86516
1591.0          0.86471
1592.0          0.86428
1593.0          0.86386
1594.0          0.86344
1595.0          0.86304
1596.0          0.86265
1597.0          0.86226
1598.0          0.86189
1599.0          0.86153
1600.0          0.86118
1601.0          0.86084
1602.0          0.86052
1603.0          0.86020
1604.0          0.85990
1605.0          0.85961
1606.0          0.85933
1607.0          0.85907
1608.0          0.85881
1609.0          0.85858
1610.0          0.85835
1611.0          0.85814
1612.0          0.85794
1613.0          0.85776
1614.0          0.85759
1615.0          0.85744
1616.0          0.85731
1617.0          0.85718
1618.0          0.85708
1619.0          0.85699
1620.0          0.85692
1621.0          0.85686
1622.0          0.85683
1623.0          0.85681
1624.0          0.85681
1625.0          0.85682
1626.0          0.85686
1627.0          0.85692
1628.0          0.85699
1629.0          0.85709
1630.0          0.85720
1631.0          0.85734
1632.0          0.85750
1633.0          0.85768
1634.0          0.85789
1635.0          0.85812
1636.0          0.85837
1637.0          0.85864
1638.0          0.85894
1639.0          0.85927
1640.0          0.85962
1641.0          0.86000
1642.0          0.86041
1643.0          0.86084
1644.0          0.86130
1645.0          0.86179
1646.0          0.86232
1647.0          0.86287
1648.0          0.86345
1649.0          0.86407
1650.0          0.86472
1400.0          1.0000
1401.0          1.0000
1402.0          1.0000
1403.0          1.0000
1404.0          1.0000
1405.0          1.0000
1406.0          1.0000
1407.0          1.0000
1408.0          1.0000
1409.0          1.0000
1410.0          1.0000
1411.0          1.0000
1412.0          1.0000
1413.0          1.0000
1414.0          1.0000
1415.0          1.0000
1416.0          1.0000
1417.0          1.0000
1418.0          1.0000
1419.0          1.0000
1420.0          1.0000
1421.0          1.0000
1422.0          1.0000
1423.0          1.0000
1424.0          1.0000
1425.0          1.0000
1426.0          1.0000
1427.0          1.0000
1428.0          1.0000
1429.0          1.0000
1430.0          1.0000
1431.0          1.0000
1432.0          1.0000
1433.0          1.0000
1434.0          1.0000
1435.0          1.0000
1436.0          1.0000
1437.0          1.0000
1438.0          1.0000
1439.0          1.0000
1440.0          1.0000
1441.0          1.0000
1442.0          1.0000
1443.0          1.0000
1444.0          1.0000
1445.0          1.0000
1446.0          1.0000
1447.0          1.0000
1448.0          1.0000
1449.0          1.0000
1450.0          1.0000
1451.0          1.0000
1452.0          1.0000
1453.0          1.0000
1454.0          1.0000
1455.0          1.0000
1456.0          1.0000
1457.0          1.0000
1458.0          1.0000
1459.0          1.0000
1460.0          1.0000
1461.0          1.0000
1462.0          1.0000
1463.0          1.0000
1464.0          1.0000
1465.0          1.0000
1466.0          1.0000
1467.0          1.0000
1468.0          1.0000
1469.0          1.0000
1470.0          1.0000
1471.0          1.0000
1472.0          1.0000
1473.0          1.0000
1474.0          1.0000
1475.0          1.0000
1476.0          1.0000
1477.0          1.0000
1478.0          1.0000
1479.0          1.0000
1480.0          1.0000
1481.0          1.0000
1482.0          1.0000
1483.0          1.0000
1484.0          1.0000
1485.0          1.0000
1486.0          1.0000
1487.0          1.0000
1488.0          1.0000
1489.0          1.0000
1490.0          1.0000
1491.0          1.0000
1492.0          1.0000
1493.0          1.0000
1494.0          1.0000
1495.0          1.0000
1496.0          1.0000
1497.0          1.0000
1498.0          1.0000
1499.0          1.0000
1500.0          1.0000
1501.0          1.0000
1502.0          1.0000
1503.0          1.0000
1504.0          1.0000
1505.0          1.0000
1506.0          1.0000
1507.0          1.0000
1508.0          1.0000
1509.0          1.0000
1510.0          1.0000
1511.0          1.0000
1512.0          1.0000
1513.0          1.0000
1514.0          1.0000
1515.0          1.0000
1516.0          1.0000
1517.0          1.0000
1518.0          1.0000
1519.0          1.0000
1520.0          1.0000
1521.0          1.0000
1522.0          1.0000
1523.0          1.0000
1524.0          1.0000
1525.0          1.0000
1526.0          1.0000
1527.0          1.0000
1528.0          1.0000
1529.0          1.0000
1530.0          1.0000
1531.0          1.0000
1532.0          1.0000
1533.0          1.0000
1534.0          1.0000
1535.0          1.0000
1536.0          1.0000
1537.0          1.0000
1538.0          1.0000
1539.0          1.0000
1540.0          1.0000
1541.0          1.0000
1542.0          1.0000
1543.0          1.0000
1544.0          1.0000
1545.0          1.0000
1546.0          1.0000
1547.0          1.0000
1548.0          1.0000
1549.0          1.0000
1550.0          1.0000
1551.0          1.0000
1552.0          1.0000
1553.0          1.0000
1554.0          1.0000
1555.0          1.0000
1556.0          1.0000
1557.0          1.0000
1558.0          1.0000
1559.0          1.0000
1560.0          1.0000
1561.0          1.0000
1562.0          1.0000
1563.0          1.0000
1564.0          1.0000
1565.0          1.0000
1566.0          1.0000
1567.0          1.0000
1568.0          1.0000
1569.0          1.0000
1570.0          1.0000
1571.0          1.0000
1572.0          1.0000
1573.0          1.0000
1574.0          1.0000
1575.0          1.0000
1576.0          1.0000
1577.0          1.0000
1578.0          1.0000
1579.0          1.0000
1580.0          1.0000
1581.0          1.0000
1582.0          1.0000
1583.0          1.0000
1584.0          1.0000
1585.0          1.0000
1586.0          1.0000
1587.0          1.0000
1588.0          1.0000
1589.0          1.0000
1590.0          1.0000
1591.0          1.0000
1592.0          1.0000
1593.0          1.0000
1594.0          1.0000
1595.0          1.0000
1596.0          1.0000
1597.0          1.0000
1598.0          1.0000
1599.0          1.0000
1600.0          1.0000
1601.0          1.0000
1602.0          1.0000
1603.0          1.0000
1604.0          1.0000
1605.0          1.0000
1606.0          1.0000
1607.0          1.0000
1608.0          1.0000
1609.0          1.0000
1610.0          1.0000
1611.0          1.0000
1612.0          1.0000
1613.0          1.0000
1614.0          1.0000
1615.0          1.0000
1616.0          1.0000
1617.0          1.0000
1618.0          1.0000
1619.0          1.0000
1620.0          1.0000
1621.0          1.0000
1622.0          1.0000
1623.0          1.0000
1624.0          1.0000
1625.0          1.0000
1626.0          1.0000
1627.0          1.0000
1628.0          1.0000
1629.0          1.0000
1630.0          1.0000
1631.0          1.0000
1632.0          1.0000
1633.0          1.0000
1634.0          1.0000
1635.0          1.0000
1636.0          1.0000
1637.0          1.0000
1638.0          1.0000
1639.0          1.0000
1640.0          1.0000
1641.0          1.0000
1642.0          1.0000
1643.0          1.0000
1644.0          1.0000
1645.0          1.0000
1646.0          1.0000
1647.0          1.0000
1648.0          1.0000
1649.0          1.0000
1650.0          1.0000
1400.0          4.4409E-16
1401.0          3.6637E-15
1402.0          8.8818E-16
1403.0          -1.5543E-15
1404.0          -1.1102E-15
1405.0          8.8818E-16
1406.0          -8.8818E-16
1407.0          9.9920E-16
1408.0          6.6613E-16
1409.0          -4.4409E-16
1410.0          -4.4409E-16
1411.0          -1.7764E-15
1412.0          -2.2204E-16
1413.0          -4.6629E-15
1414.0          -8.8818E-16
1415.0          -2.2204E-16
1416.0          1.6653E-15
1417.0          6.6613E-16
1418.0          2.2204E-16
1419.0          8.8818E-16
1420.0          -2.2204E-15
1421.0          -2.2204E-15
1422.0          -1.1102E-15
1423.0          1.5543E-15
1424.0          6.6613E-16
1425.0          1.7764E-15
1426.0          -1.1102E-15
1427.0          -1.3323E-15
1428.0          3.3307E-16
1429.0          -2.2204E-16
1430.0          -3.7748E-15
1431.0          1.9984E-15
1432.0          -1.7764E-15
1433.0          -3.1086E-15
1434.0          1.8874E-15
1435.0          -1.3323E-15
1436.0          0.0000
1437.0          -2.2204E-15
1438.0          -2.6645E-15
1439.0          -4.4409E-16
1440.0          -2.2204E-16
1441.0          -1.1102E-15
1442.0          -1.1102E-15
1443.0          -1.3323E-15
1444.0          1.7764E-15
1445.0          0.0000
1446.0          2.2204E-16
1447.0          -1.3323E-15
1448.0          6.6613E-16
1449.0          9.9920E-16
1450.0          4.4409E-16
1451.0          5.5511E-16
1452.0          4.4409E-16
1453.0          -1.5543E-15
1454.0          5.5511E-16
1455.0          0.0000
1456.0          4.4409E-16
1457.0          4.4409E-16
1458.0          0.0000
1459.0          -4.4409E-16
1460.0          0.0000
1461.0          7.7716E-16
1462.0          -8.8818E-16
1463.0          2.1094E-15
1464.0          -3.5527E-15
1465.0          1.1102E-16
1466.0          -4.4409E-16
1467.0          -2.2204E-16
1468.0          -4.4409E-16
1469.0          6.6613E-16
1470.0          -8.8818E-16
1471.0          5.5511E-16
1472.0          -8.8818E-16
1473.0          -2.2204E-16
1474.0          -4.4409E-16
1475.0          7.7716E-16
1476.0          1.1102E-15
1477.0          -4.4409E-16
1478.0          8.8818E-16
1479.0          5.5511E-16
1480.0          6.6613E-16
1481.0          -1.9984E-15
1482.0          -1.1102E-15
1483.0          -6.6613E-16
1484.0          -4.4409E-16
1485.0          2.6645E-15
1486.0          1.2212E-15
1487.0          5.5511E-16
1488.0          -6.6613E-16
1489.0          -2.6645E-15
1490.0          1.1102E-16
1491.0          -4.2188E-15
1492.0          4.4409E-16
1493.0          2.2204E-15
1494.0          -1.1102E-15
1495.0          -3.3307E-15
1496.0          2.2204E-16
1497.0          -6.6613E-16
1498.0          -5.9952E-15
1499.0          -3.9968E-15
1500.0          0.0000
1501.0          3.2196E-15
1502.0          7.7716E-16
1503.0          -4.4409E-16
1504.0          -2.6645E-15
1505.0          1.4433E-15
1506.0          5.5511E-16
1507.0          -2.8866E-15
1508.0          -6.6613E-16
1509.0          0.0000
1510.0          -2.2204E-16
1511.0          -8.8818E-16
1512.0          -2.2204E-16
1513.0          -6.6613E-16
1514.0          7.7716E-16
1515.0          -8.8818E-16
1516.0          1.2212E-15
1517.0          0.0000
1518.0          1.1102E-16
1519.0          -4.4409E-16
1520.0          0.0000
1521.0          3.5527E-15
1522.0          -2.8866E-15
1523.0          2.2204E-16
1524.0          -8.8818E-16
1525.0          -2.2204E-16
1526.0          -1.9984E-15
1527.0          0.0000
1528.0          -8.8818E-16
1529.0          1.4433E-15
1530.0          -1.5543E-15
1531.0          1.7764E-15
1532.0          -2.2204E-16
1533.0          -4.4409E-16
1534.0          4.4409E-16
1535.0          -4.4409E-16
1536.0          1.9984E-15
1537.0          2.2204E-16
1538.0          0.0000
1539.0          3.6637E-15
1540.0          8.8818E-16
1541.0          5.5511E-16
1542.0          1.2212E-15
1543.0          -8.8818E-16
1544.0          1.5543E-15
1545.0          -1.9984E-15
1546.0          -1.7764E-15
1547.0          -3.5527E-15
1548.0          -6.6613E-16
1549.0          -2.2204E-16
1550.0          3.3307E-16
1551.0          -2.2204E-15
1552.0          7.7716E-16
1553.0          8.8818E-16
1554.0          -1.9984E-15
1555.0          -1.9984E-15
1556.0          1.7764E-15
1557.0          -1.3323E-15
1558.0          1.2212E-15
1559.0          4.4409E-16
1560.0          -1.5543E-15
1561.0          1.7764E-15
1562.0          6.6613E-16
1563.0          2.6645E-15
1564.0          6.6613E-16
1565.0          -1.5543E-15
1566.0          1.5543E-15
1567.0          -6.6613E-16
1568.0          -1.7764E-15
1569.0          -1.7764E-15
1570.0          1.3323E-15
1571.0          3.8858E-15
1572.0          0.0000
1573.0          1.5543E-15
1574.0          6.6613E-16
1575.0          -2.2204E-16
1576.0          0.0000
1577.0          -1.9984E-15
1578.0          -1.1102E-15
1579.0          5.5511E-16
1580.0          -2.6645E-15
1581.0          2.2204E-16
1582.0          0.0000
1583.0          -8.8818E-16
1584.0          -5.7732E-15
1585.0          -2.4425E-15
1586.0          -6.6613E-16
1587.0          -6.6613E-16
1588.0          -6.6613E-16
1589.0          -2.8866E-15
1590.0          1.5543E-15
1591.0          -1.9984E-15
1592.0          3.9968E-15
1593.0          -1.3323E-15
1594.0          -3.1086E-15
1595.0          -6.6613E-16
1596.0          -8.8818E-16
1597.0          -1.9984E-15
1598.0          -1.7764E-15
1599.0          2.1094E-15
1600.0          4.4409E-16
1601.0          -2.8866E-15
1602.0          2.2204E-16
1603.0          -1.3323E-15
1604.0          2.2204E-15
1605.0          -2.2204E-16
1606.0          7.7716E-16
1607.0          -6.6613E-16
1608.0          3.3307E-16
1609.0          2.4425E-15
1610.0          -2.2204E-15
1611.0          -1.9984E-15
1612.0          -2.2204E-16
1613.0          -1.5543E-15
1614.0          -1.7764E-15
1615.0          2.8866E-15
1616.0          3.3307E-15
1617.0          -1.9984E-15
1618.0          -1.5543E-15
1619.0          -1.5543E-15
1620.0          7.7716E-16
1621.0          3.7748E-15
1622.0          1.3323E-15
1623.0          -3.3307E-15
1624.0          -1.5543E-15
1625.0          -8.8818E-16
1626.0          -1.3323E-15
1627.0          -1.5543E-15
1628.0          -4.4409E-16
1629.0          1.3323E-15
1630.0          -1.3323E-15
1631.0          -1.1102E-15
1632.0          -2.2204E-16
1633.0          -2.8866E-15
1634.0          1.1102E-16
1635.0          -4.4409E-16
1636.0          -2.8866E-15
1637.0          -2.8866E-15
1638.0          3.2196E-15
1639.0          6.6613E-16
1640.0          -1.7764E-15
1641.0          -6.6613E-16
1642.0          3.3307E-15
1643.0          -2.2204E-15
1644.0          -2.2204E-15
1645.0          1.3323E-15
1646.0          -8.8818E-16
1647.0          1.2212E-15
1648.0          1.5543E-15
1649.0          -6.6613E-16
1650.0          -4.4409E-16
