1400.0          0.46405
1401.0          0.46256
1402.0          0.46119
1403.0          0.45993
1404.0          0.45877
1405.0          0.45770
1406.0          0.45672
1407.0          0.45582
1408.0          0.45500
1409.0          0.45426
1410.0          0.45357
1411.0          0.45295
1412.0          0.45240
1413.0          0.45189
1414.0          0.45144
1415.0          0.45104
1416.0          0.45068
1417.0          0.45037
1418.0          0.45009
1419.0          0.44986
1420.0          0.44966
1421.0          0.44950
1422.0          0.44937
1423.0          0.44927
1424.0          0.44920
1425.0          0.44916
1426.0          0.44914
1427.0          0.44915
1428.0          0.44918
1429.0          0.44923
1430.0          0.44931
1431.0          0.44940
1432.0          0.44951
1433.0          0.44964
1434.0          0.44979
1435.0          0.44995
1436.0          0.45013
1437.0          0.45033
1438.0          0.45053
1439.0          0.45075
1440.0          0.45098
1441.0          0.45123
1442.0          0.45148
1443.0          0.45175
1444.0          0.45202
1445.0          0.45231
1446.0          0.45260
1447.0          0.45290
1448.0          0.45321
1449.0          0.45353
1450.0          0.45385
1451.0          0.45418
1452.0          0.45452
1453.0          0.45487
1454.0          0.45522
1455.0          0.45557
1456.0          0.45593
1457.0          0.45630
1458.0          0.45667
1459.0          0.45704
1460.0          0.45742
1461.0          0.45780
1462.0          0.45819
1463.0          0.45858
1464.0          0.45897
1465.0          0.45936
1466.0          0.45976
1467.0          0.46016
1468.0          0.46056
1469.0          0.46097
1470.0          0.46137
1471.0          0.46178
1472.0          0.46219
1473.0          0.46260
1474.0          0.46302
1475.0          0.46343
1476.0          0.46385
1477.0          0.46426
1478.0          0.46468
1479.0          0.46510
1480.0          0.46552
1481.0          0.46594
1482.0          0.46636
1483.0          0.46678
1484.0          0.46720
1485.0          0.46762
1486.0          0.46804
1487.0          0.46846
1488.0          0.46888
1489.0          0.46930
1490.0          0.46972
1491.0          0.47014
1492.0          0.47056
1493.0          0.47098
1494.0          0.47140
1495.0          0.47182
1496.0          0.47224
1497.0          0.47266
1498.0          0.47307
1499.0          0.47349
1500.0          0.47390
1501.0          0.47432
1502.0          0.47473
1503.0          0.47514
1504.0          0.47556
1505.0          0.47597
1506.0          0.47638
1507.0          0.47678
1508.0          0.47719
1509.0          0.47760
1510.0          0.47800
1511.0          0.47841
1512.0          0.47881
1513.0          0.47921
1514.0          0.47961
1515.0          0.48001
1516.0          0.48040
1517.0          0.48080
1518.0          0.48119
1519.0          0.48159
1520.0          0.48198
1521.0          0.48237
1522.0          0.48276
1523.0          0.48314
1524.0          0.48353
1525.0          0.48391
1526.0          0.48430
1527.0          0.48468
1528.0          0.48505
1529.0          0.48543
1530.0          0.48581
1531.0          0.48618
1532.0          0.48656
1533.0          0.48693
1534.0          0.48730
1535.0          0.48766
1536.0          0.48803
1537.0          0.48839
1538.0          0.48876
1539.0          0.48912
1540.0          0.48948
1541.0          0.48983
1542.0          0.49019
1543.0          0.49054
1544.0          0.49090
1545.0          0.49125
1546.0          0.49159
1547.0          0.49194
1548.0          0.49229
1549.0          0.49263
1550.0          0.49297
1551.0          0.49331
1552.0          0.49365
1553.0          0.49399
1554.0          0.49432
1555.0          0.49465
1556.0          0.49499
1557.0          0.49531
1558.0          0.49564
1559.0          0.49597
1560.0          0.49629
1561.0          0.49661
1562.0          0.49693
1563.0          0.49725
1564.0          0.49757
1565.0          0.49789
1566.0          0.49820
1567.0          0.49851
1568.0          0.49882
1569.0          0.49913
1570.0          0.49943
1571.0          0.49974
1572.0          0.50004
1573.0          0.50034
1574.0          0.50064
1575.0          0.50094
1576.0          0.50123
1577.0          0.50153
1578.0          0.50182
1579.0          0.50211
1580.0          0.50240
1581.0          0.50269
1582.0          0.50297
1583.0          0.50325
1584.0          0.50354
1585.0          0.50382
1586.0          0.50409
1587.0          0.50437
1588.0          0.50465
1589.0          0.50492
1590.0          0.50519
1591.0          0.50546
1592.0          0.50573
1593.0          0.50599
1594.0          0.50626
1595.0          0.50652
1596.0          0.50678
1597.0          0.50704
1598.0          0.50730
1599.0          0.50756
1600.0          0.50781
1601.0          0.50806
1602.0          0.50831
1603.0          0.50856
1604.0          0.50881
1605.0          0.50906
1606.0          0.50930
1607.0          0.50955
1608.0          0.50979
1609.0          0.51003
1610.0          0.51027
1611.0          0.51050
1612.0          0.51074
1613.0          0.51097
1614.0          0.51120
1615.0          0.51143
1616.0          0.51166
1617.0          0.51189
1618.0          0.51211
1619.0          0.51234
1620.0          0.51256
1621.0          0.51278
1622.0          0.51300
1623.0          0.51322
1624.0          0.51343
1625.0          0.51365
1626.0          0.51386
1627.0          0.51407
1628.0          0.51428
1629.0          0.51449
1630.0          0.51470
1631.0          0.51490
1632.0          0.51511
1633.0          0.51531
1634.0          0.51551
1635.0          0.51571
1636.0          0.51591
1637.0          0.51611
1638.0          0.51630
1639.0          0.51650
1640.0          0.51669
1641.0          0.51688
1642.0          0.51707
1643.0          0.51726
1644.0          0.51744
1645.0          0.51763
1646.0          0.51781
1647.0          0.51800
1648.0          0.51818
1649.0          0.51836
1650.0          0.51853
1400.0          0.53595
1401.0          0.53744
1402.0          0.53881
1403.0          0.54007
1404.0          0.54123
1405.0          0.54230
1406.0          0.54328
1407.0          0.54418
1408.0          0.54500
1409.0          0.54574
1410.0          0.54643
1411.0          0.54705
1412.0          0.54760
1413.0          0.54811
1414.0          0.54856
1415.0          0.54896
1416.0          0.54932
1417.0          0.54963
1418.0          0.54991
1419.0          0.55014
1420.0          0.55034
1421.0          0.55050
1422.0          0.55063
1423.0          0.55073
1424.0          0.55080
1425.0          0.55084
1426.0          0.55086
1427.0          0.55085
1428.0          0.55082
1429.0          0.55077
1430.0          0.55069
1431.0          0.55060
1432.0          0.55049
1433.0          0.55036
1434.0          0.55021
1435.0          0.55005
1436.0          0.54987
1437.0          0.54967
1438.0          0.54947
1439.0          0.54925
1440.0          0.54902
1441.0          0.54877
1442.0          0.54852
1443.0          0.54825
1444.0          0.54798
1445.0          0.54769
1446.0          0.54740
1447.0          0.54710
1448.0          0.54679
1449.0          0.54647
1450.0          0.54615
1451.0          0.54582
1452.0          0.54548
1453.0          0.54513
1454.0          0.54478
1455.0          0.54443
1456.0          0.54407
1457.0          0.54370
1458.0          0.54333
1459.0          0.54296
1460.0          0.54258
1461.0          0.54220
1462.0          0.54181
1463.0          0.54142
1464.0          0.54103
1465.0          0.54064
1466.0          0.54024
1467.0          0.53984
1468.0          0.53944
1469.0          0.53903
1470.0          0.53863
1471.0          0.53822
1472.0          0.53781
1473.0          0.53740
1474.0          0.53698
1475.0          0.53657
1476.0          0.53615
1477.0          0.53574
1478.0          0.53532
1479.0          0.53490
1480.0          0.53448
1481.0          0.53406
1482.0          0.53364
1483.0          0.53322
1484.0          0.53280
1485.0          0.53238
1486.0          0.53196
1487.0          0.53154
1488.0          0.53112
1489.0          0.53070
1490.0          0.53028
1491.0          0.52986
1492.0          0.52944
1493.0          0.52902
1494.0          0.52860
1495.0          0.52818
1496.0          0.52776
1497.0          0.52734
1498.0          0.52693
1499.0          0.52651
1500.0          0.52610
1501.0          0.52568
1502.0          0.52527
1503.0          0.52486
1504.0          0.52444
1505.0          0.52403
1506.0          0.52362
1507.0          0.52322
1508.0          0.52281
1509.0          0.52240
1510.0          0.52200
1511.0          0.52159
1512.0          0.52119
1513.0          0.52079
1514.0          0.52039
1515.0          0.51999
1516.0          0.51960
1517.0          0.51920
1518.0          0.51881
1519.0          0.51841
1520.0          0.51802
1521.0          0.51763
1522.0          0.51724
1523.0          0.51686
1524.0          0.51647
1525.0          0.51609
1526.0          0.51570
1527.0          0.51532
1528.0          0.51495
1529.0          0.51457
1530.0          0.51419
1531.0          0.51382
1532.0          0.51344
1533.0          0.51307
1534.0          0.51270
1535.0          0.51234
1536.0          0.51197
1537.0          0.51161
1538.0          0.51124
1539.0          0.51088
1540.0          0.51052
1541.0          0.51017
1542.0          0.50981
1543.0          0.50946
1544.0          0.50910
1545.0          0.50875
1546.0          0.50841
1547.0          0.50806
1548.0          0.50771
1549.0          0.50737
1550.0          0.50703
1551.0          0.50669
1552.0          0.50635
1553.0          0.50601
1554.0          0.50568
1555.0          0.50535
1556.0          0.50501
1557.0          0.50469
1558.0          0.50436
1559.0          0.50403
1560.0          0.50371
1561.0          0.50339
1562.0          0.50307
1563.0          0.50275
1564.0          0.50243
1565.0          0.50211
1566.0          0.50180
1567.0          0.50149
1568.0          0.50118
1569.0          0.50087
1570.0          0.50057
1571.0          0.50026
1572.0          0.49996
1573.0          0.49966
1574.0          0.49936
1575.0          0.49906
1576.0          0.49877
1577.0          0.49847
1578.0          0.49818
1579.0          0.49789
1580.0          0.49760
1581.0          0.49731
1582.0          0.49703
1583.0          0.49675
1584.0          0.49646
1585.0          0.49618
1586.0          0.49591
1587.0          0.49563
1588.0          0.49535
1589.0          0.49508
1590.0          0.49481
1591.0          0.49454
1592.0          0.49427
1593.0          0.49401
1594.0          0.49374
1595.0          0.49348
1596.0          0.49322
1597.0          0.49296
1598.0          0.49270
1599.0          0.49244
1600.0          0.49219
1601.0          0.49194
1602.0          0.49169
1603.0          0.49144
1604.0          0.49119
1605.0          0.49094
1606.0          0.49070
1607.0          0.49045
1608.0          0.49021
1609.0          0.48997
1610.0          0.48973
1611.0          0.48950
1612.0          0.48926
1613.0          0.48903
1614.0          0.48880
1615.0          0.48857
1616.0          0.48834
1617.0          0.48811
1618.0          0.48789
1619.0          0.48766
1620.0          0.48744
1621.0          0.48722
1622.0          0.48700
1623.0          0.48678
1624.0          0.48657
1625.0          0.48635
1626.0          0.48614
1627.0          0.48593
1628.0          0.48572
1629.0          0.48551
1630.0          0.48530
1631.0          0.48510
1632.0          0.48489
1633.0          0.48469
1634.0          0.48449
1635.0          0.48429
1636.0          0.48409
1637.0          0.48389
1638.0          0.48370
1639.0          0.48350
1640.0          0.48331
1641.0          0.48312
1642.0          0.48293
1643.0          0.48274
1644.0          0.48256
1645.0          0.48237
1646.0          0.48219
1647.0          0.48200
1648.0          0.48182
1649.0          0.48164
1650.0          0.48147
1400.0          1.0000
1401.0          1.0000
1402.0          1.0000
1403.0          1.0000
1404.0          1.0000
1405.0          1.0000
1406.0          1.0000
1407.0          1.0000
1408.0          1.0000
1409.0          1.0000
1410.0          1.0000
1411.0          1.0000
1412.0          1.0000
1413.0          1.0000
1414.0          1.0000
1415.0          1.0000
1416.0          1.0000
1417.0          1.0000
1418.0          1.0000
1419.0          1.0000
1420.0          1.0000
1421.0          1.0000
1422.0          1.0000
1423.0          1.0000
1424.0          1.0000
1425.0          1.0000
1426.0          1.0000
1427.0          1.0000
1428.0          1.0000
1429.0          1.0000
1430.0          1.0000
1431.0          1.0000
1432.0          1.0000
1433.0          1.0000
1434.0          1.0000
1435.0          1.0000
1436.0          1.0000
1437.0          1.0000
1438.0          1.0000
1439.0          1.0000
1440.0          1.0000
1441.0          1.0000
1442.0          1.0000
1443.0          1.0000
1444.0          1.0000
1445.0          1.0000
1446.0          1.0000
1447.0          1.0000
1448.0          1.0000
1449.0          1.0000
1450.0          1.0000
1451.0          1.0000
1452.0          1.0000
1453.0          1.0000
1454.0          1.0000
1455.0          1.0000
1456.0          1.0000
1457.0          1.0000
1458.0          1.0000
1459.0          1.0000
1460.0          1.0000
1461.0          1.0000
1462.0          1.0000
1463.0          1.0000
1464.0          1.0000
1465.0          1.0000
1466.0          1.0000
1467.0          1.0000
1468.0          1.0000
1469.0          1.0000
1470.0          1.0000
1471.0          1.0000
1472.0          1.0000
1473.0          1.0000
1474.0          1.0000
1475.0          1.0000
1476.0          1.0000
1477.0          1.0000
1478.0          1.0000
1479.0          1.0000
1480.0          1.0000
1481.0          1.0000
1482.0          1.0000
1483.0          1.0000
1484.0          1.0000
1485.0          1.0000
1486.0          1.0000
1487.0          1.0000
1488.0          1.0000
1489.0          1.0000
1490.0          1.0000
1491.0          1.0000
1492.0          1.0000
1493.0          1.0000
1494.0          1.0000
1495.0          1.0000
1496.0          1.0000
1497.0          1.0000
1498.0          1.0000
1499.0          1.0000
1500.0          1.0000
1501.0          1.0000
1502.0          1.0000
1503.0          1.0000
1504.0          1.0000
1505.0          1.0000
1506.0          1.0000
1507.0          1.0000
1508.0          1.0000
1509.0          1.0000
1510.0          1.0000
1511.0          1.0000
1512.0          1.0000
1513.0          1.0000
1514.0          1.0000
1515.0          1.0000
1516.0          1.0000
1517.0          1.0000
1518.0          1.0000
1519.0          1.0000
1520.0          1.0000
1521.0          1.0000
1522.0          1.0000
1523.0          1.0000
1524.0          1.0000
1525.0          1.0000
1526.0          1.0000
1527.0          1.0000
1528.0          1.0000
1529.0          1.0000
1530.0          1.0000
1531.0          1.0000
1532.0          1.0000
1533.0          1.0000
1534.0          1.0000
1535.0          1.0000
1536.0          1.0000
1537.0          1.0000
1538.0          1.0000
1539.0          1.0000
1540.0          1.0000
1541.0          1.0000
1542.0          1.0000
1543.0          1.0000
1544.0          1.0000
1545.0          1.0000
1546.0          1.0000
1547.0          1.0000
1548.0          1.0000
1549.0          1.0000
1550.0          1.0000
1551.0          1.0000
1552.0          1.0000
1553.0          1.0000
1554.0          1.0000
1555.0          1.0000
1556.0          1.0000
1557.0          1.0000
1558.0          1.0000
1559.0          1.0000
1560.0          1.0000
1561.0          1.0000
1562.0          1.0000
1563.0          1.0000
1564.0          1.0000
1565.0          1.0000
1566.0          1.0000
1567.0          1.0000
1568.0          1.0000
1569.0          1.0000
1570.0          1.0000
1571.0          1.0000
1572.0          1.0000
1573.0          1.0000
1574.0          1.0000
1575.0          1.0000
1576.0          1.0000
1577.0          1.0000
1578.0          1.0000
1579.0          1.0000
1580.0          1.0000
1581.0          1.0000
1582.0          1.0000
1583.0          1.0000
1584.0          1.0000
1585.0          1.0000
1586.0          1.0000
1587.0          1.0000
1588.0          1.0000
1589.0          1.0000
1590.0          1.0000
1591.0          1.0000
1592.0          1.0000
1593.0          1.0000
1594.0          1.0000
1595.0          1.0000
1596.0          1.0000
1597.0          1.0000
1598.0          1.0000
1599.0          1.0000
1600.0          1.0000
1601.0          1.0000
1602.0          1.0000
1603.0          1.0000
1604.0          1.0000
1605.0          1.0000
1606.0          1.0000
1607.0          1.0000
1608.0          1.0000
1609.0          1.0000
1610.0          1.0000
1611.0          1.0000
1612.0          1.0000
1613.0          1.0000
1614.0          1.0000
1615.0          1.0000
1616.0          1.0000
1617.0          1.0000
1618.0          1.0000
1619.0          1.0000
1620.0          1.0000
1621.0          1.0000
1622.0          1.0000
1623.0          1.0000
1624.0          1.0000
1625.0          1.0000
1626.0          1.0000
1627.0          1.0000
1628.0          1.0000
1629.0          1.0000
1630.0          1.0000
1631.0          1.0000
1632.0          1.0000
1633.0          1.0000
1634.0          1.0000
1635.0          1.0000
1636.0          1.0000
1637.0          1.0000
1638.0          1.0000
1639.0          1.0000
1640.0          1.0000
1641.0          1.0000
1642.0          1.0000
1643.0          1.0000
1644.0          1.0000
1645.0          1.0000
1646.0          1.0000
1647.0          1.0000
1648.0          1.0000
1649.0          1.0000
1650.0          1.0000
1400.0          4.4409E-15
1401.0          -3.5527E-15
1402.0          6.6613E-16
1403.0          -8.8818E-16
1404.0          2.3315E-15
1405.0          -6.6613E-16
1406.0          1.3323E-15
1407.0          2.6645E-15
1408.0          8.8818E-16
1409.0          4.4409E-16
1410.0          -1.1102E-15
1411.0          -3.3307E-15
1412.0          1.1102E-15
1413.0          1.3323E-15
1414.0          6.6613E-16
1415.0          -3.1086E-15
1416.0          0.0000
1417.0          -4.4409E-16
1418.0          -1.7764E-15
1419.0          -2.2204E-15
1420.0          -3.7748E-15
1421.0          6.6613E-16
1422.0          -1.9984E-15
1423.0          0.0000
1424.0          2.7756E-15
1425.0          1.1102E-15
1426.0          2.6645E-15
1427.0          2.8866E-15
1428.0          -3.1086E-15
1429.0          -1.9984E-15
1430.0          2.4425E-15
1431.0          2.1094E-15
1432.0          -8.8818E-16
1433.0          -2.2204E-15
1434.0          -1.1102E-15
1435.0          -4.2188E-15
1436.0          -4.4409E-16
1437.0          1.1102E-15
1438.0          1.1102E-15
1439.0          9.9920E-16
1440.0          -6.6613E-16
1441.0          -1.3323E-15
1442.0          -1.3323E-15
1443.0          2.2204E-15
1444.0          1.7764E-15
1445.0          -1.3323E-15
1446.0          -1.7764E-15
1447.0          3.2196E-15
1448.0          -2.2204E-16
1449.0          5.5511E-16
1450.0          0.0000
1451.0          -2.6645E-15
1452.0          -2.8866E-15
1453.0          9.9920E-16
1454.0          -8.8818E-16
1455.0          -2.2204E-15
1456.0          2.2204E-16
1457.0          1.7764E-15
1458.0          8.8818E-16
1459.0          1.1102E-16
1460.0          -4.4409E-16
1461.0          1.3323E-15
1462.0          -1.7764E-15
1463.0          1.4433E-15
1464.0          2.2204E-16
1465.0          -6.6613E-16
1466.0          1.2212E-15
1467.0          -3.1086E-15
1468.0          -3.1086E-15
1469.0          1.1102E-16
1470.0          4.4409E-16
1471.0          -6.6613E-16
1472.0          -1.9984E-15
1473.0          6.6613E-16
1474.0          4.4409E-16
1475.0          1.5543E-15
1476.0          -1.1102E-15
1477.0          -8.8818E-16
1478.0          -6.6613E-16
1479.0          -6.6613E-16
1480.0          4.4409E-15
1481.0          2.6645E-15
1482.0          8.8818E-16
1483.0          5.5511E-16
1484.0          2.7756E-15
1485.0          -2.2204E-16
1486.0          8.8818E-16
1487.0          -1.5543E-15
1488.0          -1.5543E-15
1489.0          2.5535E-15
1490.0          2.2204E-16
1491.0          -2.6645E-15
1492.0          1.2212E-15
1493.0          0.0000
1494.0          -6.6613E-16
1495.0          -4.4409E-16
1496.0          -2.4425E-15
1497.0          2.1094E-15
1498.0          -2.8866E-15
1499.0          -4.4409E-16
1500.0          -3.5527E-15
1501.0          8.8818E-16
1502.0          -1.9984E-15
1503.0          -2.2204E-16
1504.0          -1.3323E-15
1505.0          3.6637E-15
1506.0          6.6613E-16
1507.0          3.2196E-15
1508.0          -4.4409E-16
1509.0          -2.2204E-15
1510.0          5.5511E-16
1511.0          6.6613E-16
1512.0          2.6645E-15
1513.0          -2.2204E-15
1514.0          -6.6613E-16
1515.0          -1.3323E-15
1516.0          3.3307E-15
1517.0          2.8866E-15
1518.0          0.0000
1519.0          1.9984E-15
1520.0          -8.8818E-16
1521.0          -4.4409E-16
1522.0          8.8818E-16
1523.0          6.6613E-16
1524.0          2.6645E-15
1525.0          -1.7764E-15
1526.0          0.0000
1527.0          -6.6613E-16
1528.0          -1.3323E-15
1529.0          3.7748E-15
1530.0          -1.5543E-15
1531.0          1.7764E-15
1532.0          -1.1102E-15
1533.0          4.4409E-16
1534.0          3.1086E-15
1535.0          2.2204E-15
1536.0          3.2196E-15
1537.0          2.2204E-15
1538.0          1.1102E-16
1539.0          3.8858E-15
1540.0          9.9920E-16
1541.0          -4.4409E-16
1542.0          7.7716E-16
1543.0          1.7764E-15
1544.0          -1.3323E-15
1545.0          -1.3323E-15
1546.0          -1.3323E-15
1547.0          -3.9968E-15
1548.0          -1.7764E-15
1549.0          6.6613E-16
1550.0          4.7740E-15
1551.0          6.6613E-16
1552.0          2.2204E-16
1553.0          -2.2204E-16
1554.0          8.8818E-16
1555.0          6.6613E-16
1556.0          -8.8818E-16
1557.0          3.3307E-15
1558.0          2.2204E-16
1559.0          3.5527E-15
1560.0          1.5543E-15
1561.0          0.0000
1562.0          5.9952E-15
1563.0          3.1086E-15
1564.0          3.3307E-16
1565.0          -2.2204E-16
1566.0          5.5511E-16
1567.0          3.9968E-15
1568.0          -4.4409E-15
1569.0          3.5527E-15
1570.0          2.8866E-15
1571.0          -1.3323E-15
1572.0          -2.8866E-15
1573.0          -4.4409E-15
1574.0          8.8818E-16
1575.0          1.1102E-16
1576.0          3.7748E-15
1577.0          3.5527E-15
1578.0          -8.8818E-16
1579.0          1.9984E-15
1580.0          4.4409E-16
1581.0          6.6613E-16
1582.0          9.9920E-16
1583.0          8.8818E-16
1584.0          1.4433E-15
1585.0          1.3323E-15
1586.0          0.0000
1587.0          -1.1102E-15
1588.0          5.5511E-16
1589.0          -1.1102E-15
1590.0          -1.1102E-15
1591.0          -1.9984E-15
1592.0          -8.8818E-16
1593.0          6.6613E-16
1594.0          6.6613E-16
1595.0          -1.5543E-15
1596.0          -8.8818E-16
1597.0          -2.2204E-16
1598.0          -2.2204E-15
1599.0          2.4425E-15
1600.0          2.7756E-15
1601.0          4.4409E-16
1602.0          1.4433E-15
1603.0          -2.2204E-15
1604.0          -1.5543E-15
1605.0          3.7748E-15
1606.0          2.2204E-16
1607.0          4.4409E-16
1608.0          -4.4409E-16
1609.0          1.3323E-15
1610.0          -2.2204E-16
1611.0          2.8866E-15
1612.0          -5.5511E-15
1613.0          1.8874E-15
1614.0          -1.7764E-15
1615.0          -2.2204E-15
1616.0          -6.6613E-16
1617.0          -1.5543E-15
1618.0          0.0000
1619.0          1.5543E-15
1620.0          -8.8818E-16
1621.0          3.3307E-15
1622.0          6.6613E-16
1623.0          1.9984E-15
1624.0          -1.9984E-15
1625.0          -1.3323E-15
1626.0          -2.6645E-15
1627.0          4.6629E-15
1628.0          2.2204E-16
1629.0          1.2212E-15
1630.0          -1.7764E-15
1631.0          1.5543E-15
1632.0          1.4433E-15
1633.0          1.7764E-15
1634.0          1.5543E-15
1635.0          -1.3323E-15
1636.0          2.2204E-15
1637.0          1.9984E-15
1638.0          8.8818E-16
1639.0          3.5527E-15
1640.0          6.6613E-16
1641.0          -2.2204E-15
1642.0          4.4409E-16
1643.0          -1.3323E-15
1644.0          -2.2204E-16
1645.0          1.5543E-15
1646.0          2.4425E-15
1647.0          1.1102E-15
1648.0          0.0000
1649.0          -4.4409E-16
1650.0          2.4425E-15
