1400.0          0.13432
1401.0          0.11826
1402.0          0.10607
1403.0          0.096646
1404.0          0.089263
1405.0          0.083403
1406.0          0.078700
1407.0          0.074891
1408.0          0.071781
1409.0          0.069227
1410.0          0.067118
1411.0          0.065370
1412.0          0.063919
1413.0          0.062713
1414.0          0.061712
1415.0          0.060884
1416.0          0.060203
1417.0          0.059648
1418.0          0.059201
1419.0          0.058848
1420.0          0.058578
1421.0          0.058380
1422.0          0.058247
1423.0          0.058170
1424.0          0.058146
1425.0          0.058167
1426.0          0.058231
1427.0          0.058333
1428.0          0.058470
1429.0          0.058639
1430.0          0.058838
1431.0          0.059065
1432.0          0.059317
1433.0          0.059594
1434.0          0.059893
1435.0          0.060214
1436.0          0.060555
1437.0          0.060916
1438.0          0.061294
1439.0          0.061690
1440.0          0.062103
1441.0          0.062532
1442.0          0.062976
1443.0          0.063435
1444.0          0.063909
1445.0          0.064396
1446.0          0.064897
1447.0          0.065410
1448.0          0.065936
1449.0          0.066475
1450.0          0.067025
1451.0          0.067587
1452.0          0.068160
1453.0          0.068744
1454.0          0.069339
1455.0          0.069945
1456.0          0.070561
1457.0          0.071187
1458.0          0.071823
1459.0          0.072468
1460.0          0.073123
1461.0          0.073788
1462.0          0.074461
1463.0          0.075143
1464.0          0.075834
1465.0          0.076534
1466.0          0.077242
1467.0          0.077958
1468.0          0.078683
1469.0          0.079415
1470.0          0.080156
1471.0          0.080904
1472.0          0.081659
1473.0          0.082422
1474.0          0.083192
1475.0          0.083969
1476.0          0.084754
1477.0          0.085545
1478.0          0.086343
1479.0          0.087147
1480.0          0.087958
1481.0          0.088775
1482.0          0.089599
1483.0          0.090429
1484.0          0.091265
1485.0          0.092106
1486.0          0.092954
1487.0          0.093807
1488.0          0.094665
1489.0          0.095529
1490.0          0.096398
1491.0          0.097273
1492.0          0.098152
1493.0          0.099036
1494.0          0.099926
1495.0          0.10082
1496.0          0.10172
1497.0          0.10262
1498.0          0.10353
1499.0          0.10444
1500.0          0.10536
1501.0          0.10628
1502.0          0.10720
1503.0          0.10813
1504.0          0.10906
1505.0          0.10999
1506.0          0.11093
1507.0          0.11187
1508.0          0.11282
1509.0          0.11377
1510.0          0.11472
1511.0          0.11567
1512.0          0.11663
1513.0          0.11759
1514.0          0.11855
1515.0          0.11951
1516.0          0.12048
1517.0          0.12145
1518.0          0.12242
1519.0          0.12339
1520.0          0.12436
1521.0          0.12534
1522.0          0.12632
1523.0          0.12729
1524.0          0.12827
1525.0          0.12926
1526.0          0.13024
1527.0          0.13122
1528.0          0.13220
1529.0          0.13319
1530.0          0.13417
1531.0          0.13516
1532.0          0.13614
1533.0          0.13713
1534.0          0.13811
1535.0          0.13910
1536.0          0.14008
1537.0          0.14106
1538.0          0.14205
1539.0          0.14303
1540.0          0.14401
1541.0          0.14499
1542.0          0.14596
1543.0          0.14694
1544.0          0.14791
1545.0          0.14888
1546.0          0.14985
1547.0          0.15081
1548.0          0.15177
1549.0          0.15273
1550.0          0.15368
1551.0          0.15463
1552.0          0.15558
1553.0          0.15652
1554.0          0.15746
1555.0          0.15839
1556.0          0.15931
1557.0          0.16023
1558.0          0.16114
1559.0          0.16205
1560.0          0.16294
1561.0          0.16383
1562.0          0.16471
1563.0          0.16558
1564.0          0.16644
1565.0          0.16728
1566.0          0.16812
1567.0          0.16894
1568.0          0.16975
1569.0          0.17054
1570.0          0.17132
1571.0          0.17208
1572.0          0.17282
1573.0          0.17354
1574.0          0.17423
1575.0          0.17491
1576.0          0.17555
1577.0          0.17617
1578.0          0.17675
1579.0          0.17730
1580.0          0.17781
1581.0          0.17828
1582.0          0.17870
1583.0          0.17907
1584.0          0.17938
1585.0          0.17962
1586.0          0.17979
1587.0          0.17988
1588.0          0.17987
1589.0          0.17975
1590.0          0.17951
1591.0          0.17912
1592.0          0.17856
1593.0          0.17780
1594.0          0.17681
1595.0          0.17553
1596.0          0.17390
1597.0          0.17185
1598.0          0.16927
1599.0          0.16601
1600.0          0.16187
1601.0          0.15656
1602.0          0.14964
1603.0          0.14046
1604.0          0.12794
1605.0          0.11030
1606.0          0.084485
1607.0          0.046633
1608.0          0.015184
1609.0          0.48790
1610.0          0.87964
1611.0          0.57772
1612.0          0.45406
1613.0          0.39430
1614.0          0.36017
1615.0          0.33849
1616.0          0.32370
1617.0          0.31311
1618.0          0.30526
1619.0          0.29929
1620.0          0.29466
1621.0          0.29102
1622.0          0.28814
1623.0          0.28585
1624.0          0.28402
1625.0          0.28257
1626.0          0.28143
1627.0          0.28053
1628.0          0.27985
1629.0          0.27935
1630.0          0.27900
1631.0          0.27879
1632.0          0.27868
1633.0          0.27867
1634.0          0.27875
1635.0          0.27891
1636.0          0.27913
1637.0          0.27941
1638.0          0.27974
1639.0          0.28012
1640.0          0.28054
1641.0          0.28101
1642.0          0.28150
1643.0          0.28203
1644.0          0.28258
1645.0          0.28316
1646.0          0.28377
1647.0          0.28439
1648.0          0.28504
1649.0          0.28570
1650.0          0.28638
1400.0          0.86568
1401.0          0.88174
1402.0          0.89393
1403.0          0.90335
1404.0          0.91074
1405.0          0.91660
1406.0          0.92130
1407.0          0.92511
1408.0          0.92822
1409.0          0.93077
1410.0          0.93288
1411.0          0.93463
1412.0          0.93608
1413.0          0.93729
1414.0          0.93829
1415.0          0.93912
1416.0          0.93980
1417.0          0.94035
1418.0          0.94080
1419.0          0.94115
1420.0          0.94142
1421.0          0.94162
1422.0          0.94175
1423.0          0.94183
1424.0          0.94185
1425.0          0.94183
1426.0          0.94177
1427.0          0.94167
1428.0          0.94153
1429.0          0.94136
1430.0          0.94116
1431.0          0.94094
1432.0          0.94068
1433.0          0.94041
1434.0          0.94011
1435.0          0.93979
1436.0          0.93944
1437.0          0.93908
1438.0          0.93871
1439.0          0.93831
1440.0          0.93790
1441.0          0.93747
1442.0          0.93702
1443.0          0.93656
1444.0          0.93609
1445.0          0.93560
1446.0          0.93510
1447.0          0.93459
1448.0          0.93406
1449.0          0.93353
1450.0          0.93298
1451.0          0.93241
1452.0          0.93184
1453.0          0.93126
1454.0          0.93066
1455.0          0.93005
1456.0          0.92944
1457.0          0.92881
1458.0          0.92818
1459.0          0.92753
1460.0          0.92688
1461.0          0.92621
1462.0          0.92554
1463.0          0.92486
1464.0          0.92417
1465.0          0.92347
1466.0          0.92276
1467.0          0.92204
1468.0          0.92132
1469.0          0.92058
1470.0          0.91984
1471.0          0.91910
1472.0          0.91834
1473.0          0.91758
1474.0          0.91681
1475.0          0.91603
1476.0          0.91525
1477.0          0.91446
1478.0          0.91366
1479.0          0.91285
1480.0          0.91204
1481.0          0.91122
1482.0          0.91040
1483.0          0.90957
1484.0          0.90874
1485.0          0.90789
1486.0          0.90705
1487.0          0.90619
1488.0          0.90533
1489.0          0.90447
1490.0          0.90360
1491.0          0.90273
1492.0          0.90185
1493.0          0.90096
1494.0          0.90007
1495.0          0.89918
1496.0          0.89828
1497.0          0.89738
1498.0          0.89647
1499.0          0.89556
1500.0          0.89464
1501.0          0.89372
1502.0          0.89280
1503.0          0.89187
1504.0          0.89094
1505.0          0.89001
1506.0          0.88907
1507.0          0.88813
1508.0          0.88718
1509.0          0.88623
1510.0          0.88528
1511.0          0.88433
1512.0          0.88337
1513.0          0.88241
1514.0          0.88145
1515.0          0.88049
1516.0          0.87952
1517.0          0.87855
1518.0          0.87758
1519.0          0.87661
1520.0          0.87564
1521.0          0.87466
1522.0          0.87368
1523.0          0.87271
1524.0          0.87173
1525.0          0.87074
1526.0          0.86976
1527.0          0.86878
1528.0          0.86780
1529.0          0.86681
1530.0          0.86583
1531.0          0.86484
1532.0          0.86386
1533.0          0.86287
1534.0          0.86189
1535.0          0.86090
1536.0          0.85992
1537.0          0.85894
1538.0          0.85795
1539.0          0.85697
1540.0          0.85599
1541.0          0.85501
1542.0          0.85404
1543.0          0.85306
1544.0          0.85209
1545.0          0.85112
1546.0          0.85015
1547.0          0.84919
1548.0          0.84823
1549.0          0.84727
1550.0          0.84632
1551.0          0.84537
1552.0          0.84442
1553.0          0.84348
1554.0          0.84254
1555.0          0.84161
1556.0          0.84069
1557.0          0.83977
1558.0          0.83886
1559.0          0.83795
1560.0          0.83706
1561.0          0.83617
1562.0          0.83529
1563.0          0.83442
1564.0          0.83356
1565.0          0.83272
1566.0          0.83188
1567.0          0.83106
1568.0          0.83025
1569.0          0.82946
1570.0          0.82868
1571.0          0.82792
1572.0          0.82718
1573.0          0.82646
1574.0          0.82577
1575.0          0.82509
1576.0          0.82445
1577.0          0.82383
1578.0          0.82325
1579.0          0.82270
1580.0          0.82219
1581.0          0.82172
1582.0          0.82130
1583.0          0.82093
1584.0          0.82062
1585.0          0.82038
1586.0          0.82021
1587.0          0.82012
1588.0          0.82013
1589.0          0.82025
1590.0          0.82049
1591.0          0.82088
1592.0          0.82144
1593.0          0.82220
1594.0          0.82319
1595.0          0.82447
1596.0          0.82610
1597.0          0.82815
1598.0          0.83073
1599.0          0.83399
1600.0          0.83813
1601.0          0.84344
1602.0          0.85036
1603.0          0.85954
1604.0          0.87206
1605.0          0.88970
1606.0          0.91552
1607.0          0.95337
1608.0          0.98482
1609.0          0.51210
1610.0          0.12036
1611.0          0.42228
1612.0          0.54594
1613.0          0.60570
1614.0          0.63983
1615.0          0.66151
1616.0          0.67630
1617.0          0.68689
1618.0          0.69474
1619.0          0.70071
1620.0          0.70534
1621.0          0.70898
1622.0          0.71186
1623.0          0.71415
1624.0          0.71598
1625.0          0.71743
1626.0          0.71857
1627.0          0.71947
1628.0          0.72015
1629.0          0.72065
1630.0          0.72100
1631.0          0.72121
1632.0          0.72132
1633.0          0.72133
1634.0          0.72125
1635.0          0.72109
1636.0          0.72087
1637.0          0.72059
1638.0          0.72026
1639.0          0.71988
1640.0          0.71946
1641.0          0.71899
1642.0          0.71850
1643.0          0.71797
1644.0          0.71742
1645.0          0.71684
1646.0          0.71623
1647.0          0.71561
1648.0          0.71496
1649.0          0.71430
1650.0          0.71362
1400.0          1.0000
1401.0          1.0000
1402.0          1.0000
1403.0          1.0000
1404.0          1.0000
1405.0          1.0000
1406.0          1.0000
1407.0          1.0000
1408.0          1.0000
1409.0          1.0000
1410.0          1.0000
1411.0          1.0000
1412.0          1.0000
1413.0          1.0000
1414.0          1.0000
1415.0          1.0000
1416.0          1.0000
1417.0          1.0000
1418.0          1.0000
1419.0          1.0000
1420.0          1.0000
1421.0          1.0000
1422.0          1.0000
1423.0          1.0000
1424.0          1.0000
1425.0          1.0000
1426.0          1.0000
1427.0          1.0000
1428.0          1.0000
1429.0          1.0000
1430.0          1.0000
1431.0          1.0000
1432.0          1.0000
1433.0          1.0000
1434.0          1.0000
1435.0          1.0000
1436.0          1.0000
1437.0          1.0000
1438.0          1.0000
1439.0          1.0000
1440.0          1.0000
1441.0          1.0000
1442.0          1.0000
1443.0          1.0000
1444.0          1.0000
1445.0          1.0000
1446.0          1.0000
1447.0          1.0000
1448.0          1.0000
1449.0          1.0000
1450.0          1.0000
1451.0          1.0000
1452.0          1.0000
1453.0          1.0000
1454.0          1.0000
1455.0          1.0000
1456.0          1.0000
1457.0          1.0000
1458.0          1.0000
1459.0          1.0000
1460.0          1.0000
1461.0          1.0000
1462.0          1.0000
1463.0          1.0000
1464.0          1.0000
1465.0          1.0000
1466.0          1.0000
1467.0          1.0000
1468.0          1.0000
1469.0          1.0000
1470.0          1.0000
1471.0          1.0000
1472.0          1.0000
1473.0          1.0000
1474.0          1.0000
1475.0          1.0000
1476.0          1.0000
1477.0          1.0000
1478.0          1.0000
1479.0          1.0000
1480.0          1.0000
1481.0          1.0000
1482.0          1.0000
1483.0          1.0000
1484.0          1.0000
1485.0          1.0000
1486.0          1.0000
1487.0          1.0000
1488.0          1.0000
1489.0          1.0000
1490.0          1.0000
1491.0          1.0000
1492.0          1.0000
1493.0          1.0000
1494.0          1.0000
1495.0          1.0000
1496.0          1.0000
1497.0          1.0000
1498.0          1.0000
1499.0          1.0000
1500.0          1.0000
1501.0          1.0000
1502.0          1.0000
1503.0          1.0000
1504.0          1.0000
1505.0          1.0000
1506.0          1.0000
1507.0          1.0000
1508.0          1.0000
1509.0          1.0000
1510.0          1.0000
1511.0          1.0000
1512.0          1.0000
1513.0          1.0000
1514.0          1.0000
1515.0          1.0000
1516.0          1.0000
1517.0          1.0000
1518.0          1.0000
1519.0          1.0000
1520.0          1.0000
1521.0          1.0000
1522.0          1.0000
1523.0          1.0000
1524.0          1.0000
1525.0          1.0000
1526.0          1.0000
1527.0          1.0000
1528.0          1.0000
1529.0          1.0000
1530.0          1.0000
1531.0          1.0000
1532.0          1.0000
1533.0          1.0000
1534.0          1.0000
1535.0          1.0000
1536.0          1.0000
1537.0          1.0000
1538.0          1.0000
1539.0          1.0000
1540.0          1.0000
1541.0          1.0000
1542.0          1.0000
1543.0          1.0000
1544.0          1.0000
1545.0          1.0000
1546.0          1.0000
1547.0          1.0000
1548.0          1.0000
1549.0          1.0000
1550.0          1.0000
1551.0          1.0000
1552.0          1.0000
1553.0          1.0000
1554.0          1.0000
1555.0          1.0000
1556.0          1.0000
1557.0          1.0000
1558.0          1.0000
1559.0          1.0000
1560.0          1.0000
1561.0          1.0000
1562.0          1.0000
1563.0          1.0000
1564.0          1.0000
1565.0          1.0000
1566.0          1.0000
1567.0          1.0000
1568.0          1.0000
1569.0          1.0000
1570.0          1.0000
1571.0          1.0000
1572.0          1.0000
1573.0          1.0000
1574.0          1.0000
1575.0          1.0000
1576.0          1.0000
1577.0          1.0000
1578.0          1.0000
1579.0          1.0000
1580.0          1.0000
1581.0          1.0000
1582.0          1.0000
1583.0          1.0000
1584.0          1.0000
1585.0          1.0000
1586.0          1.0000
1587.0          1.0000
1588.0          1.0000
1589.0          1.0000
1590.0          1.0000
1591.0          1.0000
1592.0          1.0000
1593.0          1.0000
1594.0          1.0000
1595.0          1.0000
1596.0          1.0000
1597.0          1.0000
1598.0          1.0000
1599.0          1.0000
1600.0          1.0000
1601.0          1.0000
1602.0          1.0000
1603.0          1.0000
1604.0          1.0000
1605.0          1.0000
1606.0          1.0000
1607.0          1.0000
1608.0          1.0000
1609.0          1.0000
1610.0          1.0000
1611.0          1.0000
1612.0          1.0000
1613.0          1.0000
1614.0          1.0000
1615.0          1.0000
1616.0          1.0000
1617.0          1.0000
1618.0          1.0000
1619.0          1.0000
1620.0          1.0000
1621.0          1.0000
1622.0          1.0000
1623.0          1.0000
1624.0          1.0000
1625.0          1.0000
1626.0          1.0000
1627.0          1.0000
1628.0          1.0000
1629.0          1.0000
1630.0          1.0000
1631.0          1.0000
1632.0          1.0000
1633.0          1.0000
1634.0          1.0000
1635.0          1.0000
1636.0          1.0000
1637.0          1.0000
1638.0          1.0000
1639.0          1.0000
1640.0          1.0000
1641.0          1.0000
1642.0          1.0000
1643.0          1.0000
1644.0          1.0000
1645.0          1.0000
1646.0          1.0000
1647.0          1.0000
1648.0          1.0000
1649.0          1.0000
1650.0          1.0000
1400.0          -4.2188E-15
1401.0          -1.1102E-15
1402.0          -1.9984E-15
1403.0          7.4385E-15
1404.0          5.8842E-15
1405.0          -1.5543E-15
1406.0          -4.8850E-15
1407.0          4.4409E-15
1408.0          -1.1102E-15
1409.0          -4.2188E-15
1410.0          9.9920E-16
1411.0          -4.4409E-16
1412.0          -1.7764E-15
1413.0          2.7756E-15
1414.0          -2.2204E-15
1415.0          -2.8866E-15
1416.0          4.7740E-15
1417.0          1.6653E-15
1418.0          -6.6613E-16
1419.0          -8.8818E-16
1420.0          -1.1102E-15
1421.0          2.4425E-15
1422.0          6.6613E-16
1423.0          -8.8818E-16
1424.0          -2.2204E-15
1425.0          -1.9984E-15
1426.0          9.9920E-16
1427.0          1.6653E-15
1428.0          -1.3323E-15
1429.0          1.7764E-15
1430.0          0.0000
1431.0          1.7764E-15
1432.0          0.0000
1433.0          2.2204E-16
1434.0          1.1102E-15
1435.0          4.4409E-16
1436.0          2.3315E-15
1437.0          -4.4409E-16
1438.0          2.5535E-15
1439.0          1.7764E-15
1440.0          -6.6613E-16
1441.0          2.4425E-15
1442.0          -2.2204E-16
1443.0          1.1102E-16
1444.0          1.3323E-15
1445.0          8.8818E-16
1446.0          -1.1102E-15
1447.0          1.8874E-15
1448.0          1.3323E-15
1449.0          4.4409E-16
1450.0          -2.2204E-16
1451.0          -2.2204E-16
1452.0          -8.8818E-16
1453.0          -1.3323E-15
1454.0          4.1078E-15
1455.0          7.7716E-16
1456.0          -1.1102E-15
1457.0          1.2212E-15
1458.0          9.9920E-16
1459.0          0.0000
1460.0          2.8866E-15
1461.0          2.5535E-15
1462.0          1.8874E-15
1463.0          -1.1102E-15
1464.0          1.3323E-15
1465.0          -1.1102E-15
1466.0          -3.1086E-15
1467.0          -1.5543E-15
1468.0          -1.5543E-15
1469.0          -2.8866E-15
1470.0          -6.6613E-16
1471.0          5.5511E-16
1472.0          2.2204E-16
1473.0          2.9976E-15
1474.0          -4.4409E-16
1475.0          6.6613E-16
1476.0          3.9968E-15
1477.0          4.4409E-16
1478.0          -1.1102E-15
1479.0          -8.8818E-16
1480.0          1.4433E-15
1481.0          8.8818E-16
1482.0          0.0000
1483.0          -2.8866E-15
1484.0          -1.7764E-15
1485.0          -1.9984E-15
1486.0          4.4409E-16
1487.0          1.7764E-15
1488.0          2.2204E-16
1489.0          -3.7748E-15
1490.0          -3.1086E-15
1491.0          0.0000
1492.0          -2.2204E-15
1493.0          1.8874E-15
1494.0          -1.3323E-15
1495.0          -3.5527E-15
1496.0          -1.9984E-15
1497.0          0.0000
1498.0          2.5535E-15
1499.0          -1.7764E-15
1500.0          1.1102E-15
1501.0          8.8818E-16
1502.0          -2.8866E-15
1503.0          -2.2204E-15
1504.0          1.3323E-15
1505.0          -2.4425E-15
1506.0          -6.6613E-16
1507.0          4.4409E-16
1508.0          1.1102E-15
1509.0          -8.8818E-16
1510.0          8.8818E-16
1511.0          -8.8818E-16
1512.0          -6.6613E-16
1513.0          -8.8818E-16
1514.0          0.0000
1515.0          1.4433E-15
1516.0          -1.5543E-15
1517.0          -4.4409E-16
1518.0          -2.4425E-15
1519.0          -4.4409E-15
1520.0          -4.4409E-16
1521.0          5.5511E-16
1522.0          -8.8818E-16
1523.0          2.5535E-15
1524.0          -2.8866E-15
1525.0          8.8818E-16
1526.0          2.2204E-16
1527.0          2.7756E-15
1528.0          1.3323E-15
1529.0          1.7764E-15
1530.0          6.6613E-16
1531.0          -3.3307E-15
1532.0          -8.8818E-16
1533.0          -2.4425E-15
1534.0          -1.3323E-15
1535.0          2.3315E-15
1536.0          9.9920E-16
1537.0          -1.3323E-15
1538.0          -6.6613E-16
1539.0          1.8874E-15
1540.0          2.2204E-16
1541.0          1.1102E-15
1542.0          -2.6645E-15
1543.0          -8.8818E-16
1544.0          3.3307E-15
1545.0          0.0000
1546.0          -2.6645E-15
1547.0          -8.8818E-16
1548.0          -8.8818E-16
1549.0          -1.9984E-15
1550.0          -1.7764E-15
1551.0          1.3323E-15
1552.0          9.9920E-16
1553.0          -3.7748E-15
1554.0          -2.2204E-15
1555.0          -1.1102E-15
1556.0          8.8818E-16
1557.0          -6.6613E-16
1558.0          2.2204E-16
1559.0          0.0000
1560.0          -4.2188E-15
1561.0          -1.3323E-15
1562.0          3.3307E-16
1563.0          7.7716E-16
1564.0          -2.8866E-15
1565.0          -2.2204E-15
1566.0          -1.7764E-15
1567.0          6.6613E-16
1568.0          -2.2204E-16
1569.0          -1.7764E-15
1570.0          1.4433E-15
1571.0          2.8866E-15
1572.0          -1.9984E-15
1573.0          1.7764E-15
1574.0          4.4409E-16
1575.0          0.0000
1576.0          4.4409E-16
1577.0          -2.2204E-16
1578.0          -1.7764E-15
1579.0          5.5511E-16
1580.0          -1.9984E-15
1581.0          -1.3323E-15
1582.0          4.4409E-16
1583.0          -1.9984E-15
1584.0          1.2212E-15
1585.0          2.5535E-15
1586.0          -3.3307E-15
1587.0          -8.8818E-16
1588.0          8.8818E-16
1589.0          -4.4409E-16
1590.0          -1.3323E-15
1591.0          1.1102E-15
1592.0          7.7716E-16
1593.0          7.7716E-16
1594.0          -1.1102E-15
1595.0          3.7748E-15
1596.0          1.5543E-15
1597.0          -2.4425E-15
1598.0          -2.6645E-15
1599.0          -8.8818E-16
1600.0          -1.1102E-15
1601.0          -6.6613E-16
1602.0          1.2212E-15
1603.0          -1.3323E-15
1604.0          -1.5543E-15
1605.0          2.2204E-15
1606.0          5.7732E-15
1607.0          -2.2204E-15
1608.0          -3.2196E-14
1609.0          -1.7764E-14
1610.0          -2.2649E-14
1611.0          -2.2204E-15
1612.0          -4.2188E-15
1613.0          -2.2204E-16
1614.0          -2.6645E-15
1615.0          4.4409E-16
1616.0          1.7764E-15
1617.0          -1.7764E-15
1618.0          -2.8866E-15
1619.0          -3.1086E-15
1620.0          3.1086E-15
1621.0          1.7764E-15
1622.0          -6.6613E-16
1623.0          -3.5527E-15
1624.0          1.3323E-15
1625.0          -1.7764E-15
1626.0          3.7748E-15
1627.0          0.0000
1628.0          1.3323E-15
1629.0          2.3315E-15
1630.0          1.5543E-15
1631.0          9.9920E-16
1632.0          -1.3323E-15
1633.0          -3.1086E-15
1634.0          0.0000
1635.0          -1.3323E-15
1636.0          2.4425E-15
1637.0          -8.8818E-16
1638.0          -5.3291E-15
1639.0          -2.2204E-16
1640.0          -3.1086E-15
1641.0          -1.3323E-15
1642.0          1.1102E-16
1643.0          -3.3307E-15
1644.0          -1.9984E-15
1645.0          5.5511E-15
1646.0          0.0000
1647.0          -6.6613E-16
1648.0          2.8866E-15
1649.0          -8.8818E-16
1650.0          -8.8818E-16
