1400.0          0.050220
1401.0          0.049944
1402.0          0.049642
1403.0          0.049318
1404.0          0.048976
1405.0          0.048618
1406.0          0.048247
1407.0          0.047866
1408.0          0.047477
1409.0          0.047080
1410.0          0.046679
1411.0          0.046275
1412.0          0.045869
1413.0          0.045461
1414.0          0.045054
1415.0          0.044648
1416.0          0.044243
1417.0          0.043842
1418.0          0.043444
1419.0          0.043051
1420.0          0.042662
1421.0          0.042278
1422.0          0.041900
1423.0          0.041529
1424.0          0.041164
1425.0          0.040807
1426.0          0.040457
1427.0          0.040114
1428.0          0.039780
1429.0          0.039454
1430.0          0.039137
1431.0          0.038829
1432.0          0.038530
1433.0          0.038240
1434.0          0.037960
1435.0          0.037689
1436.0          0.037428
1437.0          0.037178
1438.0          0.036937
1439.0          0.036707
1440.0          0.036487
1441.0          0.036277
1442.0          0.036078
1443.0          0.035890
1444.0          0.035712
1445.0          0.035545
1446.0          0.035390
1447.0          0.035245
1448.0          0.035111
1449.0          0.034988
1450.0          0.034876
1451.0          0.034775
1452.0          0.034686
1453.0          0.034607
1454.0          0.034540
1455.0          0.034484
1456.0          0.034440
1457.0          0.034406
1458.0          0.034384
1459.0          0.034373
1460.0          0.034374
1461.0          0.034385
1462.0          0.034408
1463.0          0.034442
1464.0          0.034488
1465.0          0.034544
1466.0          0.034612
1467.0          0.034691
1468.0          0.034781
1469.0          0.034883
1470.0          0.034995
1471.0          0.035119
1472.0          0.035253
1473.0          0.035399
1474.0          0.035555
1475.0          0.035723
1476.0          0.035901
1477.0          0.036091
1478.0          0.036291
1479.0          0.036502
1480.0          0.036723
1481.0          0.036956
1482.0          0.037199
1483.0          0.037452
1484.0          0.037716
1485.0          0.037991
1486.0          0.038276
1487.0          0.038572
1488.0          0.038877
1489.0          0.039193
1490.0          0.039520
1491.0          0.039856
1492.0          0.040203
1493.0          0.040559
1494.0          0.040926
1495.0          0.041302
1496.0          0.041689
1497.0          0.042085
1498.0          0.042490
1499.0          0.042906
1500.0          0.043331
1501.0          0.043765
1502.0          0.044209
1503.0          0.044663
1504.0          0.045125
1505.0          0.045597
1506.0          0.046078
1507.0          0.046568
1508.0          0.047068
1509.0          0.047576
1510.0          0.048093
1511.0          0.048618
1512.0          0.049153
1513.0          0.049696
1514.0          0.050248
1515.0          0.050808
1516.0          0.051377
1517.0          0.051954
1518.0          0.052539
1519.0          0.053133
1520.0          0.053734
1521.0          0.054344
1522.0          0.054962
1523.0          0.055587
1524.0          0.056220
1525.0          0.056861
1526.0          0.057510
1527.0          0.058166
1528.0          0.058830
1529.0          0.059502
1530.0          0.060180
1531.0          0.060866
1532.0          0.061559
1533.0          0.062259
1534.0          0.062966
1535.0          0.063680
1536.0          0.064401
1537.0          0.065129
1538.0          0.065864
1539.0          0.066605
1540.0          0.067353
1541.0          0.068107
1542.0          0.068867
1543.0          0.069634
1544.0          0.070407
1545.0          0.071187
1546.0          0.071972
1547.0          0.072764
1548.0          0.073561
1549.0          0.074364
1550.0          0.075173
1551.0          0.075988
1552.0          0.076808
1553.0          0.077634
1554.0          0.078466
1555.0          0.079302
1556.0          0.080144
1557.0          0.080992
1558.0          0.081844
1559.0          0.082702
1560.0          0.083565
1561.0          0.084432
1562.0          0.085305
1563.0          0.086182
1564.0          0.087064
1565.0          0.087950
1566.0          0.088842
1567.0          0.089737
1568.0          0.090638
1569.0          0.091542
1570.0          0.092451
1571.0          0.093364
1572.0          0.094281
1573.0          0.095202
1574.0          0.096128
1575.0          0.097057
1576.0          0.097990
1577.0          0.098927
1578.0          0.099868
1579.0          0.10081
1580.0          0.10176
1581.0          0.10271
1582.0          0.10367
1583.0          0.10462
1584.0          0.10559
1585.0          0.10655
1586.0          0.10752
1587.0          0.10849
1588.0          0.10946
1589.0          0.11044
1590.0          0.11142
1591.0          0.11240
1592.0          0.11339
1593.0          0.11438
1594.0          0.11537
1595.0          0.11636
1596.0          0.11736
1597.0          0.11836
1598.0          0.11936
1599.0          0.12037
1600.0          0.12137
1601.0          0.12238
1602.0          0.12339
1603.0          0.12440
1604.0          0.12542
1605.0          0.12644
1606.0          0.12745
1607.0          0.12848
1608.0          0.12950
1609.0          0.13052
1610.0          0.13155
1611.0          0.13258
1612.0          0.13361
1613.0          0.13464
1614.0          0.13567
1615.0          0.13670
1616.0          0.13774
1617.0          0.13878
1618.0          0.13982
1619.0          0.14086
1620.0          0.14190
1621.0          0.14294
1622.0          0.14398
1623.0          0.14503
1624.0          0.14607
1625.0          0.14712
1626.0          0.14817
1627.0          0.14922
1628.0          0.15026
1629.0          0.15131
1630.0          0.15237
1631.0          0.15342
1632.0          0.15447
1633.0          0.15552
1634.0          0.15658
1635.0          0.15763
1636.0          0.15868
1637.0          0.15974
1638.0          0.16079
1639.0          0.16185
1640.0          0.16291
1641.0          0.16396
1642.0          0.16502
1643.0          0.16608
1644.0          0.16713
1645.0          0.16819
1646.0          0.16925
1647.0          0.17031
1648.0          0.17136
1649.0          0.17242
1650.0          0.17348
1400.0          0.94978
1401.0          0.95006
1402.0          0.95036
1403.0          0.95068
1404.0          0.95102
1405.0          0.95138
1406.0          0.95175
1407.0          0.95213
1408.0          0.95252
1409.0          0.95292
1410.0          0.95332
1411.0          0.95372
1412.0          0.95413
1413.0          0.95454
1414.0          0.95495
1415.0          0.95535
1416.0          0.95576
1417.0          0.95616
1418.0          0.95656
1419.0          0.95695
1420.0          0.95734
1421.0          0.95772
1422.0          0.95810
1423.0          0.95847
1424.0          0.95884
1425.0          0.95919
1426.0          0.95954
1427.0          0.95989
1428.0          0.96022
1429.0          0.96055
1430.0          0.96086
1431.0          0.96117
1432.0          0.96147
1433.0          0.96176
1434.0          0.96204
1435.0          0.96231
1436.0          0.96257
1437.0          0.96282
1438.0          0.96306
1439.0          0.96329
1440.0          0.96351
1441.0          0.96372
1442.0          0.96392
1443.0          0.96411
1444.0          0.96429
1445.0          0.96445
1446.0          0.96461
1447.0          0.96476
1448.0          0.96489
1449.0          0.96501
1450.0          0.96512
1451.0          0.96522
1452.0          0.96531
1453.0          0.96539
1454.0          0.96546
1455.0          0.96552
1456.0          0.96556
1457.0          0.96559
1458.0          0.96562
1459.0          0.96563
1460.0          0.96563
1461.0          0.96561
1462.0          0.96559
1463.0          0.96556
1464.0          0.96551
1465.0          0.96546
1466.0          0.96539
1467.0          0.96531
1468.0          0.96522
1469.0          0.96512
1470.0          0.96500
1471.0          0.96488
1472.0          0.96475
1473.0          0.96460
1474.0          0.96444
1475.0          0.96428
1476.0          0.96410
1477.0          0.96391
1478.0          0.96371
1479.0          0.96350
1480.0          0.96328
1481.0          0.96304
1482.0          0.96280
1483.0          0.96255
1484.0          0.96228
1485.0          0.96201
1486.0          0.96172
1487.0          0.96143
1488.0          0.96112
1489.0          0.96081
1490.0          0.96048
1491.0          0.96014
1492.0          0.95980
1493.0          0.95944
1494.0          0.95907
1495.0          0.95870
1496.0          0.95831
1497.0          0.95792
1498.0          0.95751
1499.0          0.95709
1500.0          0.95667
1501.0          0.95623
1502.0          0.95579
1503.0          0.95534
1504.0          0.95487
1505.0          0.95440
1506.0          0.95392
1507.0          0.95343
1508.0          0.95293
1509.0          0.95242
1510.0          0.95191
1511.0          0.95138
1512.0          0.95085
1513.0          0.95030
1514.0          0.94975
1515.0          0.94919
1516.0          0.94862
1517.0          0.94805
1518.0          0.94746
1519.0          0.94687
1520.0          0.94627
1521.0          0.94566
1522.0          0.94504
1523.0          0.94441
1524.0          0.94378
1525.0          0.94314
1526.0          0.94249
1527.0          0.94183
1528.0          0.94117
1529.0          0.94050
1530.0          0.93982
1531.0          0.93913
1532.0          0.93844
1533.0          0.93774
1534.0          0.93703
1535.0          0.93632
1536.0          0.93560
1537.0          0.93487
1538.0          0.93414
1539.0          0.93340
1540.0          0.93265
1541.0          0.93189
1542.0          0.93113
1543.0          0.93037
1544.0          0.92959
1545.0          0.92881
1546.0          0.92803
1547.0          0.92724
1548.0          0.92644
1549.0          0.92564
1550.0          0.92483
1551.0          0.92401
1552.0          0.92319
1553.0          0.92237
1554.0          0.92153
1555.0          0.92070
1556.0          0.91986
1557.0          0.91901
1558.0          0.91816
1559.0          0.91730
1560.0          0.91644
1561.0          0.91557
1562.0          0.91470
1563.0          0.91382
1564.0          0.91294
1565.0          0.91205
1566.0          0.91116
1567.0          0.91026
1568.0          0.90936
1569.0          0.90846
1570.0          0.90755
1571.0          0.90664
1572.0          0.90572
1573.0          0.90480
1574.0          0.90387
1575.0          0.90294
1576.0          0.90201
1577.0          0.90107
1578.0          0.90013
1579.0          0.89919
1580.0          0.89824
1581.0          0.89729
1582.0          0.89633
1583.0          0.89538
1584.0          0.89441
1585.0          0.89345
1586.0          0.89248
1587.0          0.89151
1588.0          0.89054
1589.0          0.88956
1590.0          0.88858
1591.0          0.88760
1592.0          0.88661
1593.0          0.88562
1594.0          0.88463
1595.0          0.88364
1596.0          0.88264
1597.0          0.88164
1598.0          0.88064
1599.0          0.87963
1600.0          0.87863
1601.0          0.87762
1602.0          0.87661
1603.0          0.87560
1604.0          0.87458
1605.0          0.87356
1606.0          0.87255
1607.0          0.87152
1608.0          0.87050
1609.0          0.86948
1610.0          0.86845
1611.0          0.86742
1612.0          0.86639
1613.0          0.86536
1614.0          0.86433
1615.0          0.86330
1616.0          0.86226
1617.0          0.86122
1618.0          0.86018
1619.0          0.85914
1620.0          0.85810
1621.0          0.85706
1622.0          0.85602
1623.0          0.85497
1624.0          0.85393
1625.0          0.85288
1626.0          0.85183
1627.0          0.85078
1628.0          0.84974
1629.0          0.84869
1630.0          0.84763
1631.0          0.84658
1632.0          0.84553
1633.0          0.84448
1634.0          0.84342
1635.0          0.84237
1636.0          0.84132
1637.0          0.84026
1638.0          0.83921
1639.0          0.83815
1640.0          0.83709
1641.0          0.83604
1642.0          0.83498
1643.0          0.83392
1644.0          0.83287
1645.0          0.83181
1646.0          0.83075
1647.0          0.82969
1648.0          0.82864
1649.0          0.82758
1650.0          0.82652
1400.0          1.0000
1401.0          1.0000
1402.0          1.0000
1403.0          1.0000
1404.0          1.0000
1405.0          1.0000
1406.0          1.0000
1407.0          1.0000
1408.0          1.0000
1409.0          1.0000
1410.0          1.0000
1411.0          1.0000
1412.0          1.0000
1413.0          1.0000
1414.0          1.0000
1415.0          1.0000
1416.0          1.0000
1417.0          1.0000
1418.0          1.0000
1419.0          1.0000
1420.0          1.0000
1421.0          1.0000
1422.0          1.0000
1423.0          1.0000
1424.0          1.0000
1425.0          1.0000
1426.0          1.0000
1427.0          1.0000
1428.0          1.0000
1429.0          1.0000
1430.0          1.0000
1431.0          1.0000
1432.0          1.0000
1433.0          1.0000
1434.0          1.0000
1435.0          1.0000
1436.0          1.0000
1437.0          1.0000
1438.0          1.0000
1439.0          1.0000
1440.0          1.0000
1441.0          1.0000
1442.0          1.0000
1443.0          1.0000
1444.0          1.0000
1445.0          1.0000
1446.0          1.0000
1447.0          1.0000
1448.0          1.0000
1449.0          1.0000
1450.0          1.0000
1451.0          1.0000
1452.0          1.0000
1453.0          1.0000
1454.0          1.0000
1455.0          1.0000
1456.0          1.0000
1457.0          1.0000
1458.0          1.0000
1459.0          1.0000
1460.0          1.0000
1461.0          1.0000
1462.0          1.0000
1463.0          1.0000
1464.0          1.0000
1465.0          1.0000
1466.0          1.0000
1467.0          1.0000
1468.0          1.0000
1469.0          1.0000
1470.0          1.0000
1471.0          1.0000
1472.0          1.0000
1473.0          1.0000
1474.0          1.0000
1475.0          1.0000
1476.0          1.0000
1477.0          1.0000
1478.0          1.0000
1479.0          1.0000
1480.0          1.0000
1481.0          1.0000
1482.0          1.0000
1483.0          1.0000
1484.0          1.0000
1485.0          1.0000
1486.0          1.0000
1487.0          1.0000
1488.0          1.0000
1489.0          1.0000
1490.0          1.0000
1491.0          1.0000
1492.0          1.0000
1493.0          1.0000
1494.0          1.0000
1495.0          1.0000
1496.0          1.0000
1497.0          1.0000
1498.0          1.0000
1499.0          1.0000
1500.0          1.0000
1501.0          1.0000
1502.0          1.0000
1503.0          1.0000
1504.0          1.0000
1505.0          1.0000
1506.0          1.0000
1507.0          1.0000
1508.0          1.0000
1509.0          1.0000
1510.0          1.0000
1511.0          1.0000
1512.0          1.0000
1513.0          1.0000
1514.0          1.0000
1515.0          1.0000
1516.0          1.0000
1517.0          1.0000
1518.0          1.0000
1519.0          1.0000
1520.0          1.0000
1521.0          1.0000
1522.0          1.0000
1523.0          1.0000
1524.0          1.0000
1525.0          1.0000
1526.0          1.0000
1527.0          1.0000
1528.0          1.0000
1529.0          1.0000
1530.0          1.0000
1531.0          1.0000
1532.0          1.0000
1533.0          1.0000
1534.0          1.0000
1535.0          1.0000
1536.0          1.0000
1537.0          1.0000
1538.0          1.0000
1539.0          1.0000
1540.0          1.0000
1541.0          1.0000
1542.0          1.0000
1543.0          1.0000
1544.0          1.0000
1545.0          1.0000
1546.0          1.0000
1547.0          1.0000
1548.0          1.0000
1549.0          1.0000
1550.0          1.0000
1551.0          1.0000
1552.0          1.0000
1553.0          1.0000
1554.0          1.0000
1555.0          1.0000
1556.0          1.0000
1557.0          1.0000
1558.0          1.0000
1559.0          1.0000
1560.0          1.0000
1561.0          1.0000
1562.0          1.0000
1563.0          1.0000
1564.0          1.0000
1565.0          1.0000
1566.0          1.0000
1567.0          1.0000
1568.0          1.0000
1569.0          1.0000
1570.0          1.0000
1571.0          1.0000
1572.0          1.0000
1573.0          1.0000
1574.0          1.0000
1575.0          1.0000
1576.0          1.0000
1577.0          1.0000
1578.0          1.0000
1579.0          1.0000
1580.0          1.0000
1581.0          1.0000
1582.0          1.0000
1583.0          1.0000
1584.0          1.0000
1585.0          1.0000
1586.0          1.0000
1587.0          1.0000
1588.0          1.0000
1589.0          1.0000
1590.0          1.0000
1591.0          1.0000
1592.0          1.0000
1593.0          1.0000
1594.0          1.0000
1595.0          1.0000
1596.0          1.0000
1597.0          1.0000
1598.0          1.0000
1599.0          1.0000
1600.0          1.0000
1601.0          1.0000
1602.0          1.0000
1603.0          1.0000
1604.0          1.0000
1605.0          1.0000
1606.0          1.0000
1607.0          1.0000
1608.0          1.0000
1609.0          1.0000
1610.0          1.0000
1611.0          1.0000
1612.0          1.0000
1613.0          1.0000
1614.0          1.0000
1615.0          1.0000
1616.0          1.0000
1617.0          1.0000
1618.0          1.0000
1619.0          1.0000
1620.0          1.0000
1621.0          1.0000
1622.0          1.0000
1623.0          1.0000
1624.0          1.0000
1625.0          1.0000
1626.0          1.0000
1627.0          1.0000
1628.0          1.0000
1629.0          1.0000
1630.0          1.0000
1631.0          1.0000
1632.0          1.0000
1633.0          1.0000
1634.0          1.0000
1635.0          1.0000
1636.0          1.0000
1637.0          1.0000
1638.0          1.0000
1639.0          1.0000
1640.0          1.0000
1641.0          1.0000
1642.0          1.0000
1643.0          1.0000
1644.0          1.0000
1645.0          1.0000
1646.0          1.0000
1647.0          1.0000
1648.0          1.0000
1649.0          1.0000
1650.0          1.0000
1400.0          -1.9984E-15
1401.0          -2.2204E-16
1402.0          -2.6645E-15
1403.0          -4.8850E-15
1404.0          4.4409E-16
1405.0          1.9984E-15
1406.0          2.2204E-15
1407.0          9.9920E-16
1408.0          9.9920E-16
1409.0          1.6653E-15
1410.0          -6.6613E-16
1411.0          -2.2204E-16
1412.0          2.3315E-15
1413.0          1.1102E-16
1414.0          -4.4409E-15
1415.0          -1.9984E-15
1416.0          2.2204E-15
1417.0          -1.3323E-15
1418.0          -3.9968E-15
1419.0          -1.3323E-15
1420.0          -1.3323E-15
1421.0          -6.6613E-16
1422.0          4.4409E-16
1423.0          0.0000
1424.0          1.6653E-15
1425.0          2.2204E-15
1426.0          -1.5543E-15
1427.0          7.7716E-16
1428.0          -1.7764E-15
1429.0          -3.9968E-15
1430.0          -3.1086E-15
1431.0          5.5511E-16
1432.0          -2.6645E-15
1433.0          -1.9984E-15
1434.0          4.4409E-16
1435.0          -8.8818E-16
1436.0          -1.1102E-15
1437.0          1.6653E-15
1438.0          -1.3323E-15
1439.0          1.1102E-15
1440.0          -3.7748E-15
1441.0          2.2204E-16
1442.0          -1.1102E-15
1443.0          2.4425E-15
1444.0          1.1102E-15
1445.0          2.1094E-15
1446.0          3.7748E-15
1447.0          2.7756E-15
1448.0          -1.7764E-15
1449.0          2.2204E-15
1450.0          -2.2204E-16
1451.0          2.3315E-15
1452.0          -2.2204E-15
1453.0          3.4417E-15
1454.0          2.2204E-16
1455.0          3.1086E-15
1456.0          7.7716E-16
1457.0          8.8818E-16
1458.0          -1.1102E-15
1459.0          -6.6613E-16
1460.0          1.2212E-15
1461.0          -2.2204E-16
1462.0          -5.1070E-15
1463.0          -1.1102E-15
1464.0          8.8818E-16
1465.0          -8.8818E-16
1466.0          2.3315E-15
1467.0          0.0000
1468.0          3.3307E-16
1469.0          7.7716E-16
1470.0          1.1102E-15
1471.0          4.2188E-15
1472.0          2.3315E-15
1473.0          4.4409E-16
1474.0          1.6653E-15
1475.0          -1.3323E-15
1476.0          -1.3323E-15
1477.0          3.3307E-15
1478.0          -1.5543E-15
1479.0          5.5511E-16
1480.0          -3.3307E-15
1481.0          2.2204E-16
1482.0          -2.2204E-15
1483.0          -1.1102E-15
1484.0          -1.3323E-15
1485.0          2.6645E-15
1486.0          -1.5543E-15
1487.0          -1.1102E-15
1488.0          1.9984E-15
1489.0          -2.2204E-15
1490.0          -2.6645E-15
1491.0          -1.5543E-15
1492.0          2.1094E-15
1493.0          -2.6645E-15
1494.0          -2.4425E-15
1495.0          9.9920E-16
1496.0          -4.4409E-16
1497.0          1.1102E-16
1498.0          4.4409E-16
1499.0          1.7764E-15
1500.0          -2.2204E-16
1501.0          0.0000
1502.0          2.1094E-15
1503.0          -2.2204E-16
1504.0          9.9920E-16
1505.0          -2.8866E-15
1506.0          6.6613E-16
1507.0          1.9984E-15
1508.0          1.3323E-15
1509.0          -3.9968E-15
1510.0          -2.2204E-16
1511.0          7.7716E-16
1512.0          2.2204E-16
1513.0          -1.1102E-15
1514.0          -2.2204E-16
1515.0          -2.4425E-15
1516.0          3.3307E-16
1517.0          -1.9984E-15
1518.0          -2.2204E-15
1519.0          2.1094E-15
1520.0          7.7716E-16
1521.0          6.6613E-16
1522.0          -2.2204E-16
1523.0          1.4433E-15
1524.0          2.2204E-15
1525.0          -8.8818E-16
1526.0          1.5543E-15
1527.0          -8.8818E-16
1528.0          1.6653E-15
1529.0          6.6613E-16
1530.0          -2.4425E-15
1531.0          -8.8818E-16
1532.0          1.8874E-15
1533.0          -8.8818E-16
1534.0          -1.1102E-15
1535.0          -3.9968E-15
1536.0          -1.5543E-15
1537.0          2.5535E-15
1538.0          -1.5543E-15
1539.0          -1.1102E-15
1540.0          4.4409E-16
1541.0          6.6613E-16
1542.0          0.0000
1543.0          1.3323E-15
1544.0          2.2204E-16
1545.0          -4.4409E-16
1546.0          1.1102E-16
1547.0          -4.4409E-16
1548.0          6.6613E-16
1549.0          -3.7748E-15
1550.0          3.3307E-16
1551.0          2.2204E-16
1552.0          -2.2204E-16
1553.0          1.5543E-15
1554.0          -2.2204E-15
1555.0          1.5543E-15
1556.0          3.3307E-15
1557.0          2.9976E-15
1558.0          2.4425E-15
1559.0          1.5543E-15
1560.0          0.0000
1561.0          2.6645E-15
1562.0          -1.7764E-15
1563.0          -4.4409E-16
1564.0          2.1094E-15
1565.0          -4.4409E-16
1566.0          -2.8866E-15
1567.0          -2.2204E-15
1568.0          -1.1102E-15
1569.0          -4.4409E-16
1570.0          3.1086E-15
1571.0          -1.3323E-15
1572.0          -6.6613E-16
1573.0          2.6645E-15
1574.0          -1.5543E-15
1575.0          1.1102E-15
1576.0          2.8866E-15
1577.0          1.1102E-15
1578.0          2.9976E-15
1579.0          2.7756E-15
1580.0          -2.6645E-15
1581.0          -1.9984E-15
1582.0          -1.1102E-15
1583.0          6.6613E-16
1584.0          -4.4409E-16
1585.0          1.7764E-15
1586.0          5.5511E-15
1587.0          3.3307E-16
1588.0          -2.4425E-15
1589.0          2.3315E-15
1590.0          -1.7764E-15
1591.0          8.8818E-16
1592.0          -3.3307E-15
1593.0          3.3307E-16
1594.0          4.4409E-15
1595.0          -8.8818E-16
1596.0          -8.8818E-16
1597.0          -4.4409E-15
1598.0          1.1102E-15
1599.0          1.9984E-15
1600.0          -6.6613E-16
1601.0          1.5543E-15
1602.0          0.0000
1603.0          1.2212E-15
1604.0          8.8818E-16
1605.0          -1.1102E-15
1606.0          -6.6613E-16
1607.0          1.3323E-15
1608.0          -1.5543E-15
1609.0          2.8866E-15
1610.0          -1.1102E-15
1611.0          2.3315E-15
1612.0          1.7764E-15
1613.0          -4.4409E-16
1614.0          -4.4409E-16
1615.0          -1.1102E-15
1616.0          5.5511E-16
1617.0          -1.3323E-15
1618.0          0.0000
1619.0          -2.6645E-15
1620.0          9.9920E-16
1621.0          -8.8818E-16
1622.0          1.5543E-15
1623.0          2.2204E-16
1624.0          2.9976E-15
1625.0          5.3291E-15
1626.0          -1.7764E-15
1627.0          -2.2204E-16
1628.0          -1.7764E-15
1629.0          -1.3323E-15
1630.0          -8.8818E-16
1631.0          -4.4409E-15
1632.0          -6.6613E-16
1633.0          7.7716E-16
1634.0          1.4433E-15
1635.0          -2.6645E-15
1636.0          6.6613E-16
1637.0          -4.4409E-16
1638.0          4.4409E-15
1639.0          3.1086E-15
1640.0          -1.9984E-15
1641.0          -1.7764E-15
1642.0          -4.4409E-16
1643.0          2.4425E-15
1644.0          -3.3307E-15
1645.0          3.2196E-15
1646.0          2.2204E-16
1647.0          -1.7764E-15
1648.0          3.3307E-16
1649.0          -3.3307E-15
1650.0          3.7748E-15
