1400.0          0.025488
1401.0          0.026997
1402.0          0.028317
1403.0          0.029464
1404.0          0.030456
1405.0          0.031310
1406.0          0.032041
1407.0          0.032664
1408.0          0.033191
1409.0          0.033633
1410.0          0.034000
1411.0          0.034301
1412.0          0.034544
1413.0          0.034735
1414.0          0.034881
1415.0          0.034986
1416.0          0.035056
1417.0          0.035095
1418.0          0.035106
1419.0          0.035093
1420.0          0.035059
1421.0          0.035006
1422.0          0.034938
1423.0          0.034856
1424.0          0.034762
1425.0          0.034659
1426.0          0.034547
1427.0          0.034429
1428.0          0.034305
1429.0          0.034177
1430.0          0.034046
1431.0          0.033913
1432.0          0.033779
1433.0          0.033645
1434.0          0.033512
1435.0          0.033380
1436.0          0.033251
1437.0          0.033124
1438.0          0.033001
1439.0          0.032881
1440.0          0.032766
1441.0          0.032656
1442.0          0.032551
1443.0          0.032452
1444.0          0.032359
1445.0          0.032272
1446.0          0.032193
1447.0          0.032120
1448.0          0.032054
1449.0          0.031996
1450.0          0.031946
1451.0          0.031904
1452.0          0.031870
1453.0          0.031844
1454.0          0.031827
1455.0          0.031818
1456.0          0.031819
1457.0          0.031828
1458.0          0.031847
1459.0          0.031875
1460.0          0.031912
1461.0          0.031958
1462.0          0.032014
1463.0          0.032080
1464.0          0.032155
1465.0          0.032240
1466.0          0.032335
1467.0          0.032439
1468.0          0.032554
1469.0          0.032678
1470.0          0.032812
1471.0          0.032956
1472.0          0.033111
1473.0          0.033275
1474.0          0.033449
1475.0          0.033633
1476.0          0.033827
1477.0          0.034031
1478.0          0.034245
1479.0          0.034470
1480.0          0.034704
1481.0          0.034948
1482.0          0.035202
1483.0          0.035466
1484.0          0.035740
1485.0          0.036024
1486.0          0.036318
1487.0          0.036621
1488.0          0.036934
1489.0          0.037257
1490.0          0.037590
1491.0          0.037933
1492.0          0.038285
1493.0          0.038647
1494.0          0.039018
1495.0          0.039399
1496.0          0.039789
1497.0          0.040188
1498.0          0.040597
1499.0          0.041016
1500.0          0.041443
1501.0          0.041880
1502.0          0.042326
1503.0          0.042780
1504.0          0.043244
1505.0          0.043717
1506.0          0.044199
1507.0          0.044689
1508.0          0.045188
1509.0          0.045696
1510.0          0.046213
1511.0          0.046738
1512.0          0.047272
1513.0          0.047814
1514.0          0.048364
1515.0          0.048922
1516.0          0.049489
1517.0          0.050064
1518.0          0.050647
1519.0          0.051238
1520.0          0.051837
1521.0          0.052443
1522.0          0.053058
1523.0          0.053680
1524.0          0.054310
1525.0          0.054947
1526.0          0.055592
1527.0          0.056244
1528.0          0.056903
1529.0          0.057570
1530.0          0.058243
1531.0          0.058924
1532.0          0.059612
1533.0          0.060307
1534.0          0.061008
1535.0          0.061716
1536.0          0.062431
1537.0          0.063153
1538.0          0.063881
1539.0          0.064616
1540.0          0.065357
1541.0          0.066104
1542.0          0.066857
1543.0          0.067617
1544.0          0.068382
1545.0          0.069154
1546.0          0.069931
1547.0          0.070714
1548.0          0.071503
1549.0          0.072298
1550.0          0.073098
1551.0          0.073904
1552.0          0.074715
1553.0          0.075531
1554.0          0.076353
1555.0          0.077180
1556.0          0.078012
1557.0          0.078849
1558.0          0.079691
1559.0          0.080538
1560.0          0.081390
1561.0          0.082246
1562.0          0.083107
1563.0          0.083973
1564.0          0.084843
1565.0          0.085718
1566.0          0.086597
1567.0          0.087480
1568.0          0.088368
1569.0          0.089259
1570.0          0.090155
1571.0          0.091055
1572.0          0.091958
1573.0          0.092866
1574.0          0.093777
1575.0          0.094692
1576.0          0.095611
1577.0          0.096533
1578.0          0.097458
1579.0          0.098387
1580.0          0.099320
1581.0          0.10026
1582.0          0.10119
1583.0          0.10214
1584.0          0.10308
1585.0          0.10403
1586.0          0.10498
1587.0          0.10594
1588.0          0.10689
1589.0          0.10785
1590.0          0.10881
1591.0          0.10978
1592.0          0.11075
1593.0          0.11172
1594.0          0.11269
1595.0          0.11366
1596.0          0.11464
1597.0          0.11562
1598.0          0.11660
1599.0          0.11759
1600.0          0.11857
1601.0          0.11956
1602.0          0.12055
1603.0          0.12154
1604.0          0.12254
1605.0          0.12353
1606.0          0.12453
1607.0          0.12553
1608.0          0.12653
1609.0          0.12753
1610.0          0.12853
1611.0          0.12954
1612.0          0.13055
1613.0          0.13155
1614.0          0.13256
1615.0          0.13357
1616.0          0.13458
1617.0          0.13560
1618.0          0.13661
1619.0          0.13763
1620.0          0.13864
1621.0          0.13966
1622.0          0.14068
1623.0          0.14169
1624.0          0.14271
1625.0          0.14373
1626.0          0.14475
1627.0          0.14578
1628.0          0.14680
1629.0          0.14782
1630.0          0.14884
1631.0          0.14987
1632.0          0.15089
1633.0          0.15192
1634.0          0.15294
1635.0          0.15397
1636.0          0.15499
1637.0          0.15602
1638.0          0.15704
1639.0          0.15807
1640.0          0.15909
1641.0          0.16012
1642.0          0.16115
1643.0          0.16217
1644.0          0.16320
1645.0          0.16422
1646.0          0.16525
1647.0          0.16628
1648.0          0.16730
1649.0          0.16833
1650.0          0.16935
1400.0          0.97451
1401.0          0.97300
1402.0          0.97168
1403.0          0.97054
1404.0          0.96954
1405.0          0.96869
1406.0          0.96796
1407.0          0.96734
1408.0          0.96681
1409.0          0.96637
1410.0          0.96600
1411.0          0.96570
1412.0          0.96546
1413.0          0.96526
1414.0          0.96512
1415.0          0.96501
1416.0          0.96494
1417.0          0.96491
1418.0          0.96489
1419.0          0.96491
1420.0          0.96494
1421.0          0.96499
1422.0          0.96506
1423.0          0.96514
1424.0          0.96524
1425.0          0.96534
1426.0          0.96545
1427.0          0.96557
1428.0          0.96570
1429.0          0.96582
1430.0          0.96595
1431.0          0.96609
1432.0          0.96622
1433.0          0.96635
1434.0          0.96649
1435.0          0.96662
1436.0          0.96675
1437.0          0.96688
1438.0          0.96700
1439.0          0.96712
1440.0          0.96723
1441.0          0.96734
1442.0          0.96745
1443.0          0.96755
1444.0          0.96764
1445.0          0.96773
1446.0          0.96781
1447.0          0.96788
1448.0          0.96795
1449.0          0.96800
1450.0          0.96805
1451.0          0.96810
1452.0          0.96813
1453.0          0.96816
1454.0          0.96817
1455.0          0.96818
1456.0          0.96818
1457.0          0.96817
1458.0          0.96815
1459.0          0.96813
1460.0          0.96809
1461.0          0.96804
1462.0          0.96799
1463.0          0.96792
1464.0          0.96784
1465.0          0.96776
1466.0          0.96767
1467.0          0.96756
1468.0          0.96745
1469.0          0.96732
1470.0          0.96719
1471.0          0.96704
1472.0          0.96689
1473.0          0.96673
1474.0          0.96655
1475.0          0.96637
1476.0          0.96617
1477.0          0.96597
1478.0          0.96575
1479.0          0.96553
1480.0          0.96530
1481.0          0.96505
1482.0          0.96480
1483.0          0.96453
1484.0          0.96426
1485.0          0.96398
1486.0          0.96368
1487.0          0.96338
1488.0          0.96307
1489.0          0.96274
1490.0          0.96241
1491.0          0.96207
1492.0          0.96172
1493.0          0.96135
1494.0          0.96098
1495.0          0.96060
1496.0          0.96021
1497.0          0.95981
1498.0          0.95940
1499.0          0.95898
1500.0          0.95856
1501.0          0.95812
1502.0          0.95767
1503.0          0.95722
1504.0          0.95676
1505.0          0.95628
1506.0          0.95580
1507.0          0.95531
1508.0          0.95481
1509.0          0.95430
1510.0          0.95379
1511.0          0.95326
1512.0          0.95273
1513.0          0.95219
1514.0          0.95164
1515.0          0.95108
1516.0          0.95051
1517.0          0.94994
1518.0          0.94935
1519.0          0.94876
1520.0          0.94816
1521.0          0.94756
1522.0          0.94694
1523.0          0.94632
1524.0          0.94569
1525.0          0.94505
1526.0          0.94441
1527.0          0.94376
1528.0          0.94310
1529.0          0.94243
1530.0          0.94176
1531.0          0.94108
1532.0          0.94039
1533.0          0.93969
1534.0          0.93899
1535.0          0.93828
1536.0          0.93757
1537.0          0.93685
1538.0          0.93612
1539.0          0.93538
1540.0          0.93464
1541.0          0.93390
1542.0          0.93314
1543.0          0.93238
1544.0          0.93162
1545.0          0.93085
1546.0          0.93007
1547.0          0.92929
1548.0          0.92850
1549.0          0.92770
1550.0          0.92690
1551.0          0.92610
1552.0          0.92529
1553.0          0.92447
1554.0          0.92365
1555.0          0.92282
1556.0          0.92199
1557.0          0.92115
1558.0          0.92031
1559.0          0.91946
1560.0          0.91861
1561.0          0.91775
1562.0          0.91689
1563.0          0.91603
1564.0          0.91516
1565.0          0.91428
1566.0          0.91340
1567.0          0.91252
1568.0          0.91163
1569.0          0.91074
1570.0          0.90985
1571.0          0.90895
1572.0          0.90804
1573.0          0.90713
1574.0          0.90622
1575.0          0.90531
1576.0          0.90439
1577.0          0.90347
1578.0          0.90254
1579.0          0.90161
1580.0          0.90068
1581.0          0.89974
1582.0          0.89881
1583.0          0.89786
1584.0          0.89692
1585.0          0.89597
1586.0          0.89502
1587.0          0.89406
1588.0          0.89311
1589.0          0.89215
1590.0          0.89119
1591.0          0.89022
1592.0          0.88925
1593.0          0.88828
1594.0          0.88731
1595.0          0.88634
1596.0          0.88536
1597.0          0.88438
1598.0          0.88340
1599.0          0.88241
1600.0          0.88143
1601.0          0.88044
1602.0          0.87945
1603.0          0.87846
1604.0          0.87746
1605.0          0.87647
1606.0          0.87547
1607.0          0.87447
1608.0          0.87347
1609.0          0.87247
1610.0          0.87147
1611.0          0.87046
1612.0          0.86945
1613.0          0.86845
1614.0          0.86744
1615.0          0.86643
1616.0          0.86542
1617.0          0.86440
1618.0          0.86339
1619.0          0.86237
1620.0          0.86136
1621.0          0.86034
1622.0          0.85932
1623.0          0.85831
1624.0          0.85729
1625.0          0.85627
1626.0          0.85525
1627.0          0.85422
1628.0          0.85320
1629.0          0.85218
1630.0          0.85116
1631.0          0.85013
1632.0          0.84911
1633.0          0.84808
1634.0          0.84706
1635.0          0.84603
1636.0          0.84501
1637.0          0.84398
1638.0          0.84296
1639.0          0.84193
1640.0          0.84091
1641.0          0.83988
1642.0          0.83885
1643.0          0.83783
1644.0          0.83680
1645.0          0.83578
1646.0          0.83475
1647.0          0.83372
1648.0          0.83270
1649.0          0.83167
1650.0          0.83065
1400.0          1.0000
1401.0          1.0000
1402.0          1.0000
1403.0          1.0000
1404.0          1.0000
1405.0          1.0000
1406.0          1.0000
1407.0          1.0000
1408.0          1.0000
1409.0          1.0000
1410.0          1.0000
1411.0          1.0000
1412.0          1.0000
1413.0          1.0000
1414.0          1.0000
1415.0          1.0000
1416.0          1.0000
1417.0          1.0000
1418.0          1.0000
1419.0          1.0000
1420.0          1.0000
1421.0          1.0000
1422.0          1.0000
1423.0          1.0000
1424.0          1.0000
1425.0          1.0000
1426.0          1.0000
1427.0          1.0000
1428.0          1.0000
1429.0          1.0000
1430.0          1.0000
1431.0          1.0000
1432.0          1.0000
1433.0          1.0000
1434.0          1.0000
1435.0          1.0000
1436.0          1.0000
1437.0          1.0000
1438.0          1.0000
1439.0          1.0000
1440.0          1.0000
1441.0          1.0000
1442.0          1.0000
1443.0          1.0000
1444.0          1.0000
1445.0          1.0000
1446.0          1.0000
1447.0          1.0000
1448.0          1.0000
1449.0          1.0000
1450.0          1.0000
1451.0          1.0000
1452.0          1.0000
1453.0          1.0000
1454.0          1.0000
1455.0          1.0000
1456.0          1.0000
1457.0          1.0000
1458.0          1.0000
1459.0          1.0000
1460.0          1.0000
1461.0          1.0000
1462.0          1.0000
1463.0          1.0000
1464.0          1.0000
1465.0          1.0000
1466.0          1.0000
1467.0          1.0000
1468.0          1.0000
1469.0          1.0000
1470.0          1.0000
1471.0          1.0000
1472.0          1.0000
1473.0          1.0000
1474.0          1.0000
1475.0          1.0000
1476.0          1.0000
1477.0          1.0000
1478.0          1.0000
1479.0          1.0000
1480.0          1.0000
1481.0          1.0000
1482.0          1.0000
1483.0          1.0000
1484.0          1.0000
1485.0          1.0000
1486.0          1.0000
1487.0          1.0000
1488.0          1.0000
1489.0          1.0000
1490.0          1.0000
1491.0          1.0000
1492.0          1.0000
1493.0          1.0000
1494.0          1.0000
1495.0          1.0000
1496.0          1.0000
1497.0          1.0000
1498.0          1.0000
1499.0          1.0000
1500.0          1.0000
1501.0          1.0000
1502.0          1.0000
1503.0          1.0000
1504.0          1.0000
1505.0          1.0000
1506.0          1.0000
1507.0          1.0000
1508.0          1.0000
1509.0          1.0000
1510.0          1.0000
1511.0          1.0000
1512.0          1.0000
1513.0          1.0000
1514.0          1.0000
1515.0          1.0000
1516.0          1.0000
1517.0          1.0000
1518.0          1.0000
1519.0          1.0000
1520.0          1.0000
1521.0          1.0000
1522.0          1.0000
1523.0          1.0000
1524.0          1.0000
1525.0          1.0000
1526.0          1.0000
1527.0          1.0000
1528.0          1.0000
1529.0          1.0000
1530.0          1.0000
1531.0          1.0000
1532.0          1.0000
1533.0          1.0000
1534.0          1.0000
1535.0          1.0000
1536.0          1.0000
1537.0          1.0000
1538.0          1.0000
1539.0          1.0000
1540.0          1.0000
1541.0          1.0000
1542.0          1.0000
1543.0          1.0000
1544.0          1.0000
1545.0          1.0000
1546.0          1.0000
1547.0          1.0000
1548.0          1.0000
1549.0          1.0000
1550.0          1.0000
1551.0          1.0000
1552.0          1.0000
1553.0          1.0000
1554.0          1.0000
1555.0          1.0000
1556.0          1.0000
1557.0          1.0000
1558.0          1.0000
1559.0          1.0000
1560.0          1.0000
1561.0          1.0000
1562.0          1.0000
1563.0          1.0000
1564.0          1.0000
1565.0          1.0000
1566.0          1.0000
1567.0          1.0000
1568.0          1.0000
1569.0          1.0000
1570.0          1.0000
1571.0          1.0000
1572.0          1.0000
1573.0          1.0000
1574.0          1.0000
1575.0          1.0000
1576.0          1.0000
1577.0          1.0000
1578.0          1.0000
1579.0          1.0000
1580.0          1.0000
1581.0          1.0000
1582.0          1.0000
1583.0          1.0000
1584.0          1.0000
1585.0          1.0000
1586.0          1.0000
1587.0          1.0000
1588.0          1.0000
1589.0          1.0000
1590.0          1.0000
1591.0          1.0000
1592.0          1.0000
1593.0          1.0000
1594.0          1.0000
1595.0          1.0000
1596.0          1.0000
1597.0          1.0000
1598.0          1.0000
1599.0          1.0000
1600.0          1.0000
1601.0          1.0000
1602.0          1.0000
1603.0          1.0000
1604.0          1.0000
1605.0          1.0000
1606.0          1.0000
1607.0          1.0000
1608.0          1.0000
1609.0          1.0000
1610.0          1.0000
1611.0          1.0000
1612.0          1.0000
1613.0          1.0000
1614.0          1.0000
1615.0          1.0000
1616.0          1.0000
1617.0          1.0000
1618.0          1.0000
1619.0          1.0000
1620.0          1.0000
1621.0          1.0000
1622.0          1.0000
1623.0          1.0000
1624.0          1.0000
1625.0          1.0000
1626.0          1.0000
1627.0          1.0000
1628.0          1.0000
1629.0          1.0000
1630.0          1.0000
1631.0          1.0000
1632.0          1.0000
1633.0          1.0000
1634.0          1.0000
1635.0          1.0000
1636.0          1.0000
1637.0          1.0000
1638.0          1.0000
1639.0          1.0000
1640.0          1.0000
1641.0          1.0000
1642.0          1.0000
1643.0          1.0000
1644.0          1.0000
1645.0          1.0000
1646.0          1.0000
1647.0          1.0000
1648.0          1.0000
1649.0          1.0000
1650.0          1.0000
1400.0          3.3307E-16
1401.0          -2.4425E-15
1402.0          -1.7764E-15
1403.0          -4.4409E-16
1404.0          -3.3307E-15
1405.0          8.8818E-16
1406.0          -2.2204E-16
1407.0          7.7716E-16
1408.0          -8.8818E-16
1409.0          -2.2204E-16
1410.0          -4.4409E-16
1411.0          1.1102E-16
1412.0          -4.4409E-16
1413.0          1.9984E-15
1414.0          9.9920E-16
1415.0          -2.2204E-15
1416.0          4.4409E-16
1417.0          7.7716E-16
1418.0          4.4409E-16
1419.0          -4.4409E-16
1420.0          0.0000
1421.0          -2.2204E-16
1422.0          2.2204E-16
1423.0          1.5543E-15
1424.0          2.2204E-15
1425.0          -2.2204E-16
1426.0          -6.6613E-16
1427.0          -2.2204E-16
1428.0          1.2212E-15
1429.0          -2.6645E-15
1430.0          2.2204E-16
1431.0          1.5543E-15
1432.0          6.6613E-16
1433.0          2.4425E-15
1434.0          -8.8818E-16
1435.0          1.1102E-15
1436.0          -4.4409E-16
1437.0          6.6613E-16
1438.0          -2.4425E-15
1439.0          -1.7764E-15
1440.0          -1.1102E-15
1441.0          -2.2204E-15
1442.0          2.2204E-16
1443.0          7.7716E-16
1444.0          1.8874E-15
1445.0          -1.5543E-15
1446.0          4.4409E-16
1447.0          -8.8818E-16
1448.0          2.6645E-15
1449.0          2.2204E-16
1450.0          -4.4409E-16
1451.0          -1.3323E-15
1452.0          -2.8866E-15
1453.0          -4.4409E-16
1454.0          2.5535E-15
1455.0          2.2204E-15
1456.0          0.0000
1457.0          -2.2204E-15
1458.0          -1.1102E-15
1459.0          3.1086E-15
1460.0          -1.5543E-15
1461.0          -1.3323E-15
1462.0          -3.5527E-15
1463.0          2.8866E-15
1464.0          6.6613E-16
1465.0          1.3323E-15
1466.0          2.2204E-15
1467.0          -4.4409E-16
1468.0          3.8858E-15
1469.0          7.7716E-16
1470.0          2.2204E-16
1471.0          -1.5543E-15
1472.0          -1.9984E-15
1473.0          1.8874E-15
1474.0          -1.3323E-15
1475.0          1.7764E-15
1476.0          4.4409E-16
1477.0          2.1094E-15
1478.0          1.4433E-15
1479.0          7.7716E-16
1480.0          2.2204E-16
1481.0          2.8866E-15
1482.0          1.3323E-15
1483.0          7.7716E-16
1484.0          1.8874E-15
1485.0          1.4433E-15
1486.0          8.8818E-16
1487.0          -1.1102E-15
1488.0          2.2204E-15
1489.0          8.8818E-16
1490.0          3.3307E-16
1491.0          8.8818E-16
1492.0          -2.8866E-15
1493.0          3.3307E-16
1494.0          -3.1086E-15
1495.0          2.2204E-16
1496.0          -6.6613E-16
1497.0          -8.8818E-16
1498.0          3.4417E-15
1499.0          -2.2204E-16
1500.0          9.9920E-16
1501.0          2.2204E-15
1502.0          1.7764E-15
1503.0          7.7716E-16
1504.0          1.1102E-16
1505.0          2.2204E-15
1506.0          2.6645E-15
1507.0          1.6653E-15
1508.0          -2.2204E-16
1509.0          -2.6645E-15
1510.0          7.7716E-16
1511.0          5.5511E-16
1512.0          2.1094E-15
1513.0          3.3307E-16
1514.0          -2.2204E-16
1515.0          -1.9984E-15
1516.0          -2.4425E-15
1517.0          3.3307E-16
1518.0          3.4417E-15
1519.0          2.2204E-15
1520.0          1.1102E-15
1521.0          2.1094E-15
1522.0          1.1102E-16
1523.0          6.6613E-16
1524.0          -1.3323E-15
1525.0          2.2204E-16
1526.0          -4.4409E-16
1527.0          -1.1102E-15
1528.0          1.4433E-15
1529.0          -2.4425E-15
1530.0          -1.7764E-15
1531.0          -2.4425E-15
1532.0          1.3323E-15
1533.0          -4.4409E-16
1534.0          1.1102E-15
1535.0          1.7764E-15
1536.0          -1.7764E-15
1537.0          -2.2204E-16
1538.0          1.7764E-15
1539.0          -8.8818E-16
1540.0          2.5535E-15
1541.0          -4.4409E-16
1542.0          -2.2204E-15
1543.0          3.3307E-16
1544.0          -1.3323E-15
1545.0          8.8818E-16
1546.0          7.7716E-16
1547.0          -6.6613E-16
1548.0          1.4433E-15
1549.0          -4.4409E-16
1550.0          1.2212E-15
1551.0          -2.2204E-16
1552.0          7.7716E-16
1553.0          3.2196E-15
1554.0          5.5511E-16
1555.0          -1.9984E-15
1556.0          -1.5543E-15
1557.0          -1.5543E-15
1558.0          7.7716E-16
1559.0          4.4409E-16
1560.0          -1.5543E-15
1561.0          -8.8818E-16
1562.0          2.4425E-15
1563.0          -6.6613E-16
1564.0          -4.4409E-16
1565.0          -1.1102E-15
1566.0          0.0000
1567.0          -1.7764E-15
1568.0          3.3307E-16
1569.0          1.1102E-15
1570.0          0.0000
1571.0          -2.8866E-15
1572.0          -8.8818E-16
1573.0          6.6613E-16
1574.0          5.5511E-16
1575.0          -1.1102E-15
1576.0          7.7716E-16
1577.0          5.5511E-16
1578.0          9.9920E-16
1579.0          1.1102E-15
1580.0          -1.7764E-15
1581.0          2.2204E-16
1582.0          1.1102E-15
1583.0          2.4425E-15
1584.0          -4.4409E-16
1585.0          6.6613E-16
1586.0          1.2212E-15
1587.0          -1.7764E-15
1588.0          -2.2204E-15
1589.0          1.4433E-15
1590.0          -4.4409E-16
1591.0          1.2212E-15
1592.0          1.8874E-15
1593.0          -2.4425E-15
1594.0          -1.3323E-15
1595.0          -1.5543E-15
1596.0          -1.5543E-15
1597.0          -4.4409E-16
1598.0          -2.2204E-15
1599.0          2.2204E-16
1600.0          -8.8818E-16
1601.0          3.4417E-15
1602.0          -8.8818E-16
1603.0          0.0000
1604.0          1.3323E-15
1605.0          -3.1086E-15
1606.0          -2.2204E-16
1607.0          -3.3307E-15
1608.0          7.7716E-16
1609.0          7.7716E-16
1610.0          1.7764E-15
1611.0          -1.3323E-15
1612.0          2.4425E-15
1613.0          -1.9984E-15
1614.0          -4.4409E-16
1615.0          -1.1102E-15
1616.0          0.0000
1617.0          7.7716E-16
1618.0          2.2204E-15
1619.0          -2.8866E-15
1620.0          -6.6613E-16
1621.0          1.5543E-15
1622.0          1.5543E-15
1623.0          6.6613E-16
1624.0          -4.2188E-15
1625.0          0.0000
1626.0          5.5511E-15
1627.0          -6.6613E-16
1628.0          5.5511E-16
1629.0          1.3323E-15
1630.0          -1.3323E-15
1631.0          -2.2204E-16
1632.0          -1.3323E-15
1633.0          -8.8818E-16
1634.0          5.3291E-15
1635.0          3.3307E-16
1636.0          2.6645E-15
1637.0          1.7764E-15
1638.0          1.8874E-15
1639.0          2.2204E-16
1640.0          4.4409E-16
1641.0          -1.1102E-15
1642.0          0.0000
1643.0          1.1102E-15
1644.0          -8.8818E-16
1645.0          5.5511E-16
1646.0          -2.2204E-15
1647.0          6.6613E-16
1648.0          -4.2188E-15
1649.0          -3.5527E-15
1650.0          2.2204E-15
