1400.0          0.069186
1401.0          0.069936
1402.0          0.070679
1403.0          0.071414
1404.0          0.072142
1405.0          0.072860
1406.0          0.073568
1407.0          0.074265
1408.0          0.074951
1409.0          0.075624
1410.0          0.076284
1411.0          0.076929
1412.0          0.077559
1413.0          0.078172
1414.0          0.078768
1415.0          0.079344
1416.0          0.079900
1417.0          0.080434
1418.0          0.080944
1419.0          0.081430
1420.0          0.081888
1421.0          0.082319
1422.0          0.082719
1423.0          0.083086
1424.0          0.083418
1425.0          0.083713
1426.0          0.083968
1427.0          0.084180
1428.0          0.084346
1429.0          0.084464
1430.0          0.084528
1431.0          0.084536
1432.0          0.084483
1433.0          0.084365
1434.0          0.084177
1435.0          0.083912
1436.0          0.083566
1437.0          0.083132
1438.0          0.082603
1439.0          0.081970
1440.0          0.081225
1441.0          0.080360
1442.0          0.079364
1443.0          0.078226
1444.0          0.076934
1445.0          0.075475
1446.0          0.073836
1447.0          0.072002
1448.0          0.069959
1449.0          0.067693
1450.0          0.065192
1451.0          0.062447
1452.0          0.059455
1453.0          0.056227
1454.0          0.052794
1455.0          0.049225
1456.0          0.045649
1457.0          0.042306
1458.0          0.039624
1459.0          0.038370
1460.0          0.039920
1461.0          0.046780
1462.0          0.063552
1463.0          0.098690
1464.0          0.16716
1465.0          0.29196
1466.0          0.49356
1467.0          0.74685
1468.0          0.94497
1469.0          0.99906
1470.0          0.94107
1471.0          0.84417
1472.0          0.74960
1473.0          0.66992
1474.0          0.60587
1475.0          0.55490
1476.0          0.51418
1477.0          0.48134
1478.0          0.45455
1479.0          0.43246
1480.0          0.41405
1481.0          0.39856
1482.0          0.38542
1483.0          0.37418
1484.0          0.36451
1485.0          0.35613
1486.0          0.34884
1487.0          0.34247
1488.0          0.33688
1489.0          0.33195
1490.0          0.32761
1491.0          0.32376
1492.0          0.32036
1493.0          0.31733
1494.0          0.31465
1495.0          0.31227
1496.0          0.31015
1497.0          0.30828
1498.0          0.30661
1499.0          0.30514
1500.0          0.30385
1501.0          0.30271
1502.0          0.30171
1503.0          0.30084
1504.0          0.30009
1505.0          0.29945
1506.0          0.29891
1507.0          0.29847
1508.0          0.29810
1509.0          0.29781
1510.0          0.29760
1511.0          0.29745
1512.0          0.29736
1513.0          0.29732
1514.0          0.29734
1515.0          0.29741
1516.0          0.29753
1517.0          0.29769
1518.0          0.29788
1519.0          0.29812
1520.0          0.29839
1521.0          0.29869
1522.0          0.29902
1523.0          0.29938
1524.0          0.29977
1525.0          0.30018
1526.0          0.30061
1527.0          0.30107
1528.0          0.30155
1529.0          0.30205
1530.0          0.30256
1531.0          0.30310
1532.0          0.30365
1533.0          0.30421
1534.0          0.30479
1535.0          0.30538
1536.0          0.30599
1537.0          0.30661
1538.0          0.30724
1539.0          0.30788
1540.0          0.30853
1541.0          0.30919
1542.0          0.30986
1543.0          0.31053
1544.0          0.31122
1545.0          0.31191
1546.0          0.31261
1547.0          0.31332
1548.0          0.31403
1549.0          0.31475
1550.0          0.31547
1551.0          0.31620
1552.0          0.31694
1553.0          0.31767
1554.0          0.31842
1555.0          0.31916
1556.0          0.31991
1557.0          0.32067
1558.0          0.32142
1559.0          0.32218
1560.0          0.32294
1561.0          0.32371
1562.0          0.32448
1563.0          0.32525
1564.0          0.32602
1565.0          0.32679
1566.0          0.32756
1567.0          0.32834
1568.0          0.32912
1569.0          0.32989
1570.0          0.33067
1571.0          0.33145
1572.0          0.33223
1573.0          0.33301
1574.0          0.33379
1575.0          0.33458
1576.0          0.33536
1577.0          0.33614
1578.0          0.33692
1579.0          0.33770
1580.0          0.33849
1581.0          0.33927
1582.0          0.34005
1583.0          0.34083
1584.0          0.34161
1585.0          0.34239
1586.0          0.34317
1587.0          0.34394
1588.0          0.34472
1589.0          0.34550
1590.0          0.34627
1591.0          0.34705
1592.0          0.34782
1593.0          0.34859
1594.0          0.34936
1595.0          0.35013
1596.0          0.35090
1597.0          0.35167
1598.0          0.35243
1599.0          0.35320
1600.0          0.35396
1601.0          0.35472
1602.0          0.35548
1603.0          0.35624
1604.0          0.35699
1605.0          0.35775
1606.0          0.35850
1607.0          0.35925
1608.0          0.36000
1609.0          0.36075
1610.0          0.36149
1611.0          0.36224
1612.0          0.36298
1613.0          0.36372
1614.0          0.36446
1615.0          0.36519
1616.0          0.36593
1617.0          0.36666
1618.0          0.36739
1619.0          0.36812
1620.0          0.36884
1621.0          0.36957
1622.0          0.37029
1623.0          0.37101
1624.0          0.37173
1625.0          0.37244
1626.0          0.37316
1627.0          0.37387
1628.0          0.37458
1629.0          0.37528
1630.0          0.37599
1631.0          0.37669
1632.0          0.37739
1633.0          0.37809
1634.0          0.37878
1635.0          0.37948
1636.0          0.38017
1637.0          0.38086
1638.0          0.38154
1639.0          0.38223
1640.0          0.38291
1641.0          0.38359
1642.0          0.38426
1643.0          0.38494
1644.0          0.38561
1645.0          0.38628
1646.0          0.38695
1647.0          0.38762
1648.0          0.38828
1649.0          0.38894
1650.0          0.38960
1400.0          0.93081
1401.0          0.93006
1402.0          0.92932
1403.0          0.92859
1404.0          0.92786
1405.0          0.92714
1406.0          0.92643
1407.0          0.92573
1408.0          0.92505
1409.0          0.92438
1410.0          0.92372
1411.0          0.92307
1412.0          0.92244
1413.0          0.92183
1414.0          0.92123
1415.0          0.92066
1416.0          0.92010
1417.0          0.91957
1418.0          0.91906
1419.0          0.91857
1420.0          0.91811
1421.0          0.91768
1422.0          0.91728
1423.0          0.91691
1424.0          0.91658
1425.0          0.91629
1426.0          0.91603
1427.0          0.91582
1428.0          0.91565
1429.0          0.91554
1430.0          0.91547
1431.0          0.91546
1432.0          0.91552
1433.0          0.91563
1434.0          0.91582
1435.0          0.91609
1436.0          0.91643
1437.0          0.91687
1438.0          0.91740
1439.0          0.91803
1440.0          0.91877
1441.0          0.91964
1442.0          0.92064
1443.0          0.92177
1444.0          0.92307
1445.0          0.92453
1446.0          0.92616
1447.0          0.92800
1448.0          0.93004
1449.0          0.93231
1450.0          0.93481
1451.0          0.93755
1452.0          0.94054
1453.0          0.94377
1454.0          0.94721
1455.0          0.95078
1456.0          0.95435
1457.0          0.95769
1458.0          0.96038
1459.0          0.96163
1460.0          0.96008
1461.0          0.95322
1462.0          0.93645
1463.0          0.90131
1464.0          0.83284
1465.0          0.70804
1466.0          0.50644
1467.0          0.25315
1468.0          0.055029
1469.0          9.4124E-4
1470.0          0.058935
1471.0          0.15583
1472.0          0.25040
1473.0          0.33008
1474.0          0.39413
1475.0          0.44510
1476.0          0.48582
1477.0          0.51866
1478.0          0.54545
1479.0          0.56754
1480.0          0.58595
1481.0          0.60144
1482.0          0.61458
1483.0          0.62582
1484.0          0.63549
1485.0          0.64387
1486.0          0.65116
1487.0          0.65753
1488.0          0.66312
1489.0          0.66805
1490.0          0.67239
1491.0          0.67624
1492.0          0.67964
1493.0          0.68267
1494.0          0.68535
1495.0          0.68773
1496.0          0.68985
1497.0          0.69172
1498.0          0.69339
1499.0          0.69486
1500.0          0.69615
1501.0          0.69729
1502.0          0.69829
1503.0          0.69916
1504.0          0.69991
1505.0          0.70055
1506.0          0.70109
1507.0          0.70153
1508.0          0.70190
1509.0          0.70219
1510.0          0.70240
1511.0          0.70255
1512.0          0.70264
1513.0          0.70268
1514.0          0.70266
1515.0          0.70259
1516.0          0.70247
1517.0          0.70231
1518.0          0.70212
1519.0          0.70188
1520.0          0.70161
1521.0          0.70131
1522.0          0.70098
1523.0          0.70062
1524.0          0.70023
1525.0          0.69982
1526.0          0.69939
1527.0          0.69893
1528.0          0.69845
1529.0          0.69795
1530.0          0.69744
1531.0          0.69690
1532.0          0.69635
1533.0          0.69579
1534.0          0.69521
1535.0          0.69462
1536.0          0.69401
1537.0          0.69339
1538.0          0.69276
1539.0          0.69212
1540.0          0.69147
1541.0          0.69081
1542.0          0.69014
1543.0          0.68947
1544.0          0.68878
1545.0          0.68809
1546.0          0.68739
1547.0          0.68668
1548.0          0.68597
1549.0          0.68525
1550.0          0.68453
1551.0          0.68380
1552.0          0.68306
1553.0          0.68233
1554.0          0.68158
1555.0          0.68084
1556.0          0.68009
1557.0          0.67933
1558.0          0.67858
1559.0          0.67782
1560.0          0.67706
1561.0          0.67629
1562.0          0.67552
1563.0          0.67475
1564.0          0.67398
1565.0          0.67321
1566.0          0.67244
1567.0          0.67166
1568.0          0.67088
1569.0          0.67011
1570.0          0.66933
1571.0          0.66855
1572.0          0.66777
1573.0          0.66699
1574.0          0.66621
1575.0          0.66542
1576.0          0.66464
1577.0          0.66386
1578.0          0.66308
1579.0          0.66230
1580.0          0.66151
1581.0          0.66073
1582.0          0.65995
1583.0          0.65917
1584.0          0.65839
1585.0          0.65761
1586.0          0.65683
1587.0          0.65606
1588.0          0.65528
1589.0          0.65450
1590.0          0.65373
1591.0          0.65295
1592.0          0.65218
1593.0          0.65141
1594.0          0.65064
1595.0          0.64987
1596.0          0.64910
1597.0          0.64833
1598.0          0.64757
1599.0          0.64680
1600.0          0.64604
1601.0          0.64528
1602.0          0.64452
1603.0          0.64376
1604.0          0.64301
1605.0          0.64225
1606.0          0.64150
1607.0          0.64075
1608.0          0.64000
1609.0          0.63925
1610.0          0.63851
1611.0          0.63776
1612.0          0.63702
1613.0          0.63628
1614.0          0.63554
1615.0          0.63481
1616.0          0.63407
1617.0          0.63334
1618.0          0.63261
1619.0          0.63188
1620.0          0.63116
1621.0          0.63043
1622.0          0.62971
1623.0          0.62899
1624.0          0.62827
1625.0          0.62756
1626.0          0.62684
1627.0          0.62613
1628.0          0.62542
1629.0          0.62472
1630.0          0.62401
1631.0          0.62331
1632.0          0.62261
1633.0          0.62191
1634.0          0.62122
1635.0          0.62052
1636.0          0.61983
1637.0          0.61914
1638.0          0.61846
1639.0          0.61777
1640.0          0.61709
1641.0          0.61641
1642.0          0.61574
1643.0          0.61506
1644.0          0.61439
1645.0          0.61372
1646.0          0.61305
1647.0          0.61238
1648.0          0.61172
1649.0          0.61106
1650.0          0.61040
1400.0          1.0000
1401.0          1.0000
1402.0          1.0000
1403.0          1.0000
1404.0          1.0000
1405.0          1.0000
1406.0          1.0000
1407.0          1.0000
1408.0          1.0000
1409.0          1.0000
1410.0          1.0000
1411.0          1.0000
1412.0          1.0000
1413.0          1.0000
1414.0          1.0000
1415.0          1.0000
1416.0          1.0000
1417.0          1.0000
1418.0          1.0000
1419.0          1.0000
1420.0          1.0000
1421.0          1.0000
1422.0          1.0000
1423.0          1.0000
1424.0          1.0000
1425.0          1.0000
1426.0          1.0000
1427.0          1.0000
1428.0          1.0000
1429.0          1.0000
1430.0          1.0000
1431.0          1.0000
1432.0          1.0000
1433.0          1.0000
1434.0          1.0000
1435.0          1.0000
1436.0          1.0000
1437.0          1.0000
1438.0          1.0000
1439.0          1.0000
1440.0          1.0000
1441.0          1.0000
1442.0          1.0000
1443.0          1.0000
1444.0          1.0000
1445.0          1.0000
1446.0          1.0000
1447.0          1.0000
1448.0          1.0000
1449.0          1.0000
1450.0          1.0000
1451.0          1.0000
1452.0          1.0000
1453.0          1.0000
1454.0          1.0000
1455.0          1.0000
1456.0          1.0000
1457.0          1.0000
1458.0          1.0000
1459.0          1.0000
1460.0          1.0000
1461.0          1.0000
1462.0          1.0000
1463.0          1.0000
1464.0          1.0000
1465.0          1.0000
1466.0          1.0000
1467.0          1.0000
1468.0          1.0000
1469.0          1.0000
1470.0          1.0000
1471.0          1.0000
1472.0          1.0000
1473.0          1.0000
1474.0          1.0000
1475.0          1.0000
1476.0          1.0000
1477.0          1.0000
1478.0          1.0000
1479.0          1.0000
1480.0          1.0000
1481.0          1.0000
1482.0          1.0000
1483.0          1.0000
1484.0          1.0000
1485.0          1.0000
1486.0          1.0000
1487.0          1.0000
1488.0          1.0000
1489.0          1.0000
1490.0          1.0000
1491.0          1.0000
1492.0          1.0000
1493.0          1.0000
1494.0          1.0000
1495.0          1.0000
1496.0          1.0000
1497.0          1.0000
1498.0          1.0000
1499.0          1.0000
1500.0          1.0000
1501.0          1.0000
1502.0          1.0000
1503.0          1.0000
1504.0          1.0000
1505.0          1.0000
1506.0          1.0000
1507.0          1.0000
1508.0          1.0000
1509.0          1.0000
1510.0          1.0000
1511.0          1.0000
1512.0          1.0000
1513.0          1.0000
1514.0          1.0000
1515.0          1.0000
1516.0          1.0000
1517.0          1.0000
1518.0          1.0000
1519.0          1.0000
1520.0          1.0000
1521.0          1.0000
1522.0          1.0000
1523.0          1.0000
1524.0          1.0000
1525.0          1.0000
1526.0          1.0000
1527.0          1.0000
1528.0          1.0000
1529.0          1.0000
1530.0          1.0000
1531.0          1.0000
1532.0          1.0000
1533.0          1.0000
1534.0          1.0000
1535.0          1.0000
1536.0          1.0000
1537.0          1.0000
1538.0          1.0000
1539.0          1.0000
1540.0          1.0000
1541.0          1.0000
1542.0          1.0000
1543.0          1.0000
1544.0          1.0000
1545.0          1.0000
1546.0          1.0000
1547.0          1.0000
1548.0          1.0000
1549.0          1.0000
1550.0          1.0000
1551.0          1.0000
1552.0          1.0000
1553.0          1.0000
1554.0          1.0000
1555.0          1.0000
1556.0          1.0000
1557.0          1.0000
1558.0          1.0000
1559.0          1.0000
1560.0          1.0000
1561.0          1.0000
1562.0          1.0000
1563.0          1.0000
1564.0          1.0000
1565.0          1.0000
1566.0          1.0000
1567.0          1.0000
1568.0          1.0000
1569.0          1.0000
1570.0          1.0000
1571.0          1.0000
1572.0          1.0000
1573.0          1.0000
1574.0          1.0000
1575.0          1.0000
1576.0          1.0000
1577.0          1.0000
1578.0          1.0000
1579.0          1.0000
1580.0          1.0000
1581.0          1.0000
1582.0          1.0000
1583.0          1.0000
1584.0          1.0000
1585.0          1.0000
1586.0          1.0000
1587.0          1.0000
1588.0          1.0000
1589.0          1.0000
1590.0          1.0000
1591.0          1.0000
1592.0          1.0000
1593.0          1.0000
1594.0          1.0000
1595.0          1.0000
1596.0          1.0000
1597.0          1.0000
1598.0          1.0000
1599.0          1.0000
1600.0          1.0000
1601.0          1.0000
1602.0          1.0000
1603.0          1.0000
1604.0          1.0000
1605.0          1.0000
1606.0          1.0000
1607.0          1.0000
1608.0          1.0000
1609.0          1.0000
1610.0          1.0000
1611.0          1.0000
1612.0          1.0000
1613.0          1.0000
1614.0          1.0000
1615.0          1.0000
1616.0          1.0000
1617.0          1.0000
1618.0          1.0000
1619.0          1.0000
1620.0          1.0000
1621.0          1.0000
1622.0          1.0000
1623.0          1.0000
1624.0          1.0000
1625.0          1.0000
1626.0          1.0000
1627.0          1.0000
1628.0          1.0000
1629.0          1.0000
1630.0          1.0000
1631.0          1.0000
1632.0          1.0000
1633.0          1.0000
1634.0          1.0000
1635.0          1.0000
1636.0          1.0000
1637.0          1.0000
1638.0          1.0000
1639.0          1.0000
1640.0          1.0000
1641.0          1.0000
1642.0          1.0000
1643.0          1.0000
1644.0          1.0000
1645.0          1.0000
1646.0          1.0000
1647.0          1.0000
1648.0          1.0000
1649.0          1.0000
1650.0          1.0000
1400.0          -1.7764E-15
1401.0          1.5543E-15
1402.0          -8.8818E-16
1403.0          1.6653E-15
1404.0          2.6645E-15
1405.0          5.5511E-16
1406.0          -1.3323E-15
1407.0          -6.6613E-16
1408.0          3.3307E-16
1409.0          -1.9984E-15
1410.0          -6.6613E-16
1411.0          -8.8818E-16
1412.0          -1.3323E-15
1413.0          -1.5543E-15
1414.0          4.4409E-16
1415.0          4.4409E-16
1416.0          4.4409E-16
1417.0          -1.9984E-15
1418.0          7.7716E-16
1419.0          1.4433E-15
1420.0          2.2204E-15
1421.0          1.5543E-15
1422.0          -3.1086E-15
1423.0          1.8874E-15
1424.0          2.2204E-16
1425.0          1.4433E-15
1426.0          1.7764E-15
1427.0          1.7764E-15
1428.0          1.1102E-15
1429.0          6.6613E-16
1430.0          -4.4409E-16
1431.0          8.8818E-16
1432.0          2.7756E-15
1433.0          -1.7764E-15
1434.0          3.3307E-15
1435.0          2.2204E-15
1436.0          2.1094E-15
1437.0          -8.8818E-16
1438.0          7.7716E-16
1439.0          1.7764E-15
1440.0          7.7716E-16
1441.0          4.4409E-16
1442.0          -6.6613E-16
1443.0          -2.2204E-15
1444.0          -1.5543E-15
1445.0          0.0000
1446.0          -2.2204E-16
1447.0          5.5511E-16
1448.0          -2.8866E-15
1449.0          -1.1102E-15
1450.0          -2.6645E-15
1451.0          9.9920E-16
1452.0          -2.6645E-15
1453.0          5.5511E-16
1454.0          8.8818E-16
1455.0          -4.4409E-16
1456.0          6.6613E-16
1457.0          -1.1102E-15
1458.0          1.1102E-15
1459.0          -3.3307E-15
1460.0          -4.4409E-16
1461.0          -2.4425E-15
1462.0          2.5535E-15
1463.0          2.8866E-15
1464.0          -1.9984E-15
1465.0          1.1102E-16
1466.0          -1.5543E-15
1467.0          -1.2434E-14
1468.0          -1.0214E-14
1469.0          1.0325E-14
1470.0          -5.9952E-15
1471.0          1.0991E-14
1472.0          6.6613E-15
1473.0          -2.8866E-15
1474.0          0.0000
1475.0          4.8850E-15
1476.0          1.5543E-15
1477.0          3.3307E-15
1478.0          -2.2204E-16
1479.0          -4.4409E-16
1480.0          8.8818E-16
1481.0          1.1102E-15
1482.0          1.1102E-16
1483.0          -1.9984E-15
1484.0          -2.2204E-16
1485.0          2.6645E-15
1486.0          2.6645E-15
1487.0          -6.6613E-16
1488.0          -2.2204E-15
1489.0          -8.8818E-16
1490.0          -4.4409E-15
1491.0          -2.2204E-15
1492.0          -2.4425E-15
1493.0          2.7756E-15
1494.0          1.1102E-16
1495.0          0.0000
1496.0          -8.8818E-16
1497.0          -2.2204E-16
1498.0          -1.7764E-15
1499.0          -4.4409E-16
1500.0          -4.4409E-16
1501.0          0.0000
1502.0          3.9968E-15
1503.0          -6.6613E-16
1504.0          -1.3323E-15
1505.0          1.3323E-15
1506.0          -3.1086E-15
1507.0          -1.1102E-15
1508.0          -2.8866E-15
1509.0          0.0000
1510.0          -4.4409E-16
1511.0          0.0000
1512.0          -1.7764E-15
1513.0          1.9984E-15
1514.0          2.6645E-15
1515.0          6.6613E-16
1516.0          3.9968E-15
1517.0          -1.9984E-15
1518.0          1.7764E-15
1519.0          2.4425E-15
1520.0          1.7764E-15
1521.0          2.2204E-16
1522.0          2.9976E-15
1523.0          -4.4409E-16
1524.0          -2.2204E-16
1525.0          -6.6613E-16
1526.0          1.2212E-15
1527.0          6.6613E-16
1528.0          1.7764E-15
1529.0          0.0000
1530.0          -1.1546E-14
1531.0          3.5527E-15
1532.0          8.6597E-15
1533.0          2.2204E-15
1534.0          -2.2204E-16
1535.0          -3.5527E-15
1536.0          4.4409E-16
1537.0          -1.5543E-15
1538.0          2.4425E-15
1539.0          3.7748E-15
1540.0          1.2212E-15
1541.0          1.1102E-15
1542.0          -8.8818E-16
1543.0          2.8866E-15
1544.0          -3.7748E-15
1545.0          -2.2204E-15
1546.0          -1.7764E-15
1547.0          5.1070E-15
1548.0          -4.6629E-15
1549.0          3.3307E-16
1550.0          -3.5527E-15
1551.0          2.2204E-16
1552.0          -1.7764E-15
1553.0          1.8874E-15
1554.0          1.1102E-15
1555.0          -4.4409E-16
1556.0          8.8818E-16
1557.0          -3.5527E-15
1558.0          0.0000
1559.0          -2.2204E-16
1560.0          1.1102E-15
1561.0          -1.5543E-15
1562.0          1.1102E-15
1563.0          3.7748E-15
1564.0          -2.4425E-15
1565.0          -3.9968E-15
1566.0          7.7716E-16
1567.0          -4.4409E-16
1568.0          -1.7764E-15
1569.0          4.4409E-16
1570.0          -8.8818E-16
1571.0          -1.7764E-15
1572.0          -3.1086E-15
1573.0          5.3291E-15
1574.0          -3.3307E-15
1575.0          -1.3323E-15
1576.0          -2.2204E-16
1577.0          5.3291E-15
1578.0          -3.9968E-15
1579.0          -3.1086E-15
1580.0          -7.3275E-15
1581.0          -1.7764E-15
1582.0          -2.4425E-15
1583.0          1.3323E-15
1584.0          -2.6645E-15
1585.0          5.3291E-15
1586.0          -3.1086E-15
1587.0          -3.1086E-15
1588.0          -8.8818E-16
1589.0          -2.2204E-15
1590.0          -1.3323E-15
1591.0          -1.5543E-15
1592.0          -2.2204E-15
1593.0          1.9984E-15
1594.0          0.0000
1595.0          1.1102E-15
1596.0          2.2204E-15
1597.0          -5.7732E-15
1598.0          1.1102E-15
1599.0          1.7764E-15
1600.0          1.5543E-15
1601.0          1.5543E-15
1602.0          3.3307E-15
1603.0          4.6629E-15
1604.0          2.6645E-15
1605.0          1.7764E-15
1606.0          4.5519E-15
1607.0          3.1086E-15
1608.0          -4.4409E-16
1609.0          -1.1102E-15
1610.0          1.5543E-15
1611.0          -1.9984E-15
1612.0          2.5535E-15
1613.0          -4.4409E-16
1614.0          8.8818E-16
1615.0          -2.8866E-15
1616.0          0.0000
1617.0          -1.5543E-15
1618.0          -8.8818E-16
1619.0          1.7764E-15
1620.0          3.9968E-15
1621.0          2.9976E-15
1622.0          -2.2204E-16
1623.0          -1.9984E-15
1624.0          2.3315E-15
1625.0          -1.7764E-15
1626.0          -1.7764E-15
1627.0          8.8818E-16
1628.0          3.3307E-15
1629.0          0.0000
1630.0          8.8818E-16
1631.0          -2.4425E-15
1632.0          6.4393E-15
1633.0          4.4409E-16
1634.0          -1.7764E-15
1635.0          -2.2204E-16
1636.0          -6.6613E-16
1637.0          2.4425E-15
1638.0          2.1094E-15
1639.0          -1.7764E-15
1640.0          2.6645E-15
1641.0          3.9968E-15
1642.0          2.9976E-15
1643.0          9.9920E-16
1644.0          -8.8818E-16
1645.0          2.5535E-15
1646.0          2.8866E-15
1647.0          -6.6613E-16
1648.0          -6.6613E-16
1649.0          2.9976E-15
1650.0          0.0000
