1400.0          0.36815
1401.0          0.36773
1402.0          0.36741
1403.0          0.36721
1404.0          0.36715
1405.0          0.36724
1406.0          0.36752
1407.0          0.36803
1408.0          0.36880
1409.0          0.36991
1410.0          0.37142
1411.0          0.37343
1412.0          0.37609
1413.0          0.37958
1414.0          0.38420
1415.0          0.39034
1416.0          0.39867
1417.0          0.41025
1418.0          0.42698
1419.0          0.45256
1420.0          0.49514
1421.0          0.57631
1422.0          0.76626
1423.0          0.89894
1424.0          0.0013898
1425.0          0.070519
1426.0          0.13365
1427.0          0.17061
1428.0          0.19373
1429.0          0.20915
1430.0          0.21995
1431.0          0.22776
1432.0          0.23353
1433.0          0.23787
1434.0          0.24115
1435.0          0.24363
1436.0          0.24549
1437.0          0.24686
1438.0          0.24784
1439.0          0.24849
1440.0          0.24888
1441.0          0.24906
1442.0          0.24904
1443.0          0.24886
1444.0          0.24855
1445.0          0.24812
1446.0          0.24759
1447.0          0.24697
1448.0          0.24627
1449.0          0.24550
1450.0          0.24467
1451.0          0.24378
1452.0          0.24284
1453.0          0.24185
1454.0          0.24083
1455.0          0.23977
1456.0          0.23868
1457.0          0.23755
1458.0          0.23640
1459.0          0.23522
1460.0          0.23403
1461.0          0.23281
1462.0          0.23157
1463.0          0.23031
1464.0          0.22904
1465.0          0.22775
1466.0          0.22645
1467.0          0.22513
1468.0          0.22380
1469.0          0.22247
1470.0          0.22112
1471.0          0.21976
1472.0          0.21840
1473.0          0.21703
1474.0          0.21565
1475.0          0.21426
1476.0          0.21287
1477.0          0.21148
1478.0          0.21007
1479.0          0.20867
1480.0          0.20726
1481.0          0.20584
1482.0          0.20443
1483.0          0.20301
1484.0          0.20158
1485.0          0.20016
1486.0          0.19873
1487.0          0.19730
1488.0          0.19587
1489.0          0.19444
1490.0          0.19301
1491.0          0.19158
1492.0          0.19015
1493.0          0.18871
1494.0          0.18728
1495.0          0.18585
1496.0          0.18442
1497.0          0.18299
1498.0          0.18156
1499.0          0.18013
1500.0          0.17870
1501.0          0.17728
1502.0          0.17585
1503.0          0.17443
1504.0          0.17301
1505.0          0.17159
1506.0          0.17018
1507.0          0.16876
1508.0          0.16735
1509.0          0.16595
1510.0          0.16454
1511.0          0.16314
1512.0          0.16174
1513.0          0.16035
1514.0          0.15896
1515.0          0.15757
1516.0          0.15619
1517.0          0.15481
1518.0          0.15343
1519.0          0.15206
1520.0          0.15069
1521.0          0.14933
1522.0          0.14797
1523.0          0.14662
1524.0          0.14527
1525.0          0.14392
1526.0          0.14258
1527.0          0.14125
1528.0          0.13992
1529.0          0.13859
1530.0          0.13728
1531.0          0.13596
1532.0          0.13465
1533.0          0.13335
1534.0          0.13205
1535.0          0.13076
1536.0          0.12948
1537.0          0.12820
1538.0          0.12693
1539.0          0.12566
1540.0          0.12440
1541.0          0.12315
1542.0          0.12190
1543.0          0.12066
1544.0          0.11942
1545.0          0.11820
1546.0          0.11698
1547.0          0.11576
1548.0          0.11455
1549.0          0.11335
1550.0          0.11216
1551.0          0.11098
1552.0          0.10980
1553.0          0.10863
1554.0          0.10746
1555.0          0.10631
1556.0          0.10516
1557.0          0.10402
1558.0          0.10289
1559.0          0.10176
1560.0          0.10064
1561.0          0.099533
1562.0          0.098431
1563.0          0.097338
1564.0          0.096252
1565.0          0.095175
1566.0          0.094106
1567.0          0.093045
1568.0          0.091993
1569.0          0.090949
1570.0          0.089914
1571.0          0.088887
1572.0          0.087868
1573.0          0.086859
1574.0          0.085858
1575.0          0.084866
1576.0          0.083882
1577.0          0.082908
1578.0          0.081942
1579.0          0.080986
1580.0          0.080038
1581.0          0.079100
1582.0          0.078171
1583.0          0.077251
1584.0          0.076340
1585.0          0.075438
1586.0          0.074546
1587.0          0.073663
1588.0          0.072789
1589.0          0.071925
1590.0          0.071070
1591.0          0.070225
1592.0          0.069389
1593.0          0.068563
1594.0          0.067747
1595.0          0.066940
1596.0          0.066143
1597.0          0.065355
1598.0          0.064578
1599.0          0.063810
1600.0          0.063052
1601.0          0.062303
1602.0          0.061565
1603.0          0.060837
1604.0          0.060118
1605.0          0.059410
1606.0          0.058711
1607.0          0.058023
1608.0          0.057344
1609.0          0.056676
1610.0          0.056017
1611.0          0.055369
1612.0          0.054731
1613.0          0.054102
1614.0          0.053484
1615.0          0.052877
1616.0          0.052279
1617.0          0.051691
1618.0          0.051114
1619.0          0.050547
1620.0          0.049990
1621.0          0.049444
1622.0          0.048907
1623.0          0.048381
1624.0          0.047865
1625.0          0.047360
1626.0          0.046864
1627.0          0.046379
1628.0          0.045904
1629.0          0.045440
1630.0          0.044985
1631.0          0.044541
1632.0          0.044108
1633.0          0.043684
1634.0          0.043271
1635.0          0.042868
1636.0          0.042475
1637.0          0.042093
1638.0          0.041721
1639.0          0.041359
1640.0          0.041007
1641.0          0.040666
1642.0          0.040335
1643.0          0.040014
1644.0          0.039703
1645.0          0.039403
1646.0          0.039112
1647.0          0.038832
1648.0          0.038562
1649.0          0.038302
1650.0          0.038052
1400.0          0.63185
1401.0          0.63227
1402.0          0.63259
1403.0          0.63279
1404.0          0.63285
1405.0          0.63276
1406.0          0.63248
1407.0          0.63197
1408.0          0.63120
1409.0          0.63009
1410.0          0.62858
1411.0          0.62657
1412.0          0.62391
1413.0          0.62042
1414.0          0.61580
1415.0          0.60966
1416.0          0.60133
1417.0          0.58975
1418.0          0.57302
1419.0          0.54744
1420.0          0.50486
1421.0          0.42369
1422.0          0.23374
1423.0          0.10106
1424.0          0.99861
1425.0          0.92948
1426.0          0.86635
1427.0          0.82939
1428.0          0.80627
1429.0          0.79085
1430.0          0.78005
1431.0          0.77224
1432.0          0.76647
1433.0          0.76213
1434.0          0.75885
1435.0          0.75637
1436.0          0.75451
1437.0          0.75314
1438.0          0.75216
1439.0          0.75151
1440.0          0.75112
1441.0          0.75094
1442.0          0.75096
1443.0          0.75114
1444.0          0.75145
1445.0          0.75188
1446.0          0.75241
1447.0          0.75303
1448.0          0.75373
1449.0          0.75450
1450.0          0.75533
1451.0          0.75622
1452.0          0.75716
1453.0          0.75815
1454.0          0.75917
1455.0          0.76023
1456.0          0.76132
1457.0          0.76245
1458.0          0.76360
1459.0          0.76478
1460.0          0.76597
1461.0          0.76719
1462.0          0.76843
1463.0          0.76969
1464.0          0.77096
1465.0          0.77225
1466.0          0.77355
1467.0          0.77487
1468.0          0.77620
1469.0          0.77753
1470.0          0.77888
1471.0          0.78024
1472.0          0.78160
1473.0          0.78297
1474.0          0.78435
1475.0          0.78574
1476.0          0.78713
1477.0          0.78852
1478.0          0.78993
1479.0          0.79133
1480.0          0.79274
1481.0          0.79416
1482.0          0.79557
1483.0          0.79699
1484.0          0.79842
1485.0          0.79984
1486.0          0.80127
1487.0          0.80270
1488.0          0.80413
1489.0          0.80556
1490.0          0.80699
1491.0          0.80842
1492.0          0.80985
1493.0          0.81129
1494.0          0.81272
1495.0          0.81415
1496.0          0.81558
1497.0          0.81701
1498.0          0.81844
1499.0          0.81987
1500.0          0.82130
1501.0          0.82272
1502.0          0.82415
1503.0          0.82557
1504.0          0.82699
1505.0          0.82841
1506.0          0.82982
1507.0          0.83124
1508.0          0.83265
1509.0          0.83405
1510.0          0.83546
1511.0          0.83686
1512.0          0.83826
1513.0          0.83965
1514.0          0.84104
1515.0          0.84243
1516.0          0.84381
1517.0          0.84519
1518.0          0.84657
1519.0          0.84794
1520.0          0.84931
1521.0          0.85067
1522.0          0.85203
1523.0          0.85338
1524.0          0.85473
1525.0          0.85608
1526.0          0.85742
1527.0          0.85875
1528.0          0.86008
1529.0          0.86141
1530.0          0.86272
1531.0          0.86404
1532.0          0.86535
1533.0          0.86665
1534.0          0.86795
1535.0          0.86924
1536.0          0.87052
1537.0          0.87180
1538.0          0.87307
1539.0          0.87434
1540.0          0.87560
1541.0          0.87685
1542.0          0.87810
1543.0          0.87934
1544.0          0.88058
1545.0          0.88180
1546.0          0.88302
1547.0          0.88424
1548.0          0.88545
1549.0          0.88665
1550.0          0.88784
1551.0          0.88902
1552.0          0.89020
1553.0          0.89137
1554.0          0.89254
1555.0          0.89369
1556.0          0.89484
1557.0          0.89598
1558.0          0.89711
1559.0          0.89824
1560.0          0.89936
1561.0          0.90047
1562.0          0.90157
1563.0          0.90266
1564.0          0.90375
1565.0          0.90483
1566.0          0.90589
1567.0          0.90695
1568.0          0.90801
1569.0          0.90905
1570.0          0.91009
1571.0          0.91111
1572.0          0.91213
1573.0          0.91314
1574.0          0.91414
1575.0          0.91513
1576.0          0.91612
1577.0          0.91709
1578.0          0.91806
1579.0          0.91901
1580.0          0.91996
1581.0          0.92090
1582.0          0.92183
1583.0          0.92275
1584.0          0.92366
1585.0          0.92456
1586.0          0.92545
1587.0          0.92634
1588.0          0.92721
1589.0          0.92808
1590.0          0.92893
1591.0          0.92978
1592.0          0.93061
1593.0          0.93144
1594.0          0.93225
1595.0          0.93306
1596.0          0.93386
1597.0          0.93464
1598.0          0.93542
1599.0          0.93619
1600.0          0.93695
1601.0          0.93770
1602.0          0.93843
1603.0          0.93916
1604.0          0.93988
1605.0          0.94059
1606.0          0.94129
1607.0          0.94198
1608.0          0.94266
1609.0          0.94332
1610.0          0.94398
1611.0          0.94463
1612.0          0.94527
1613.0          0.94590
1614.0          0.94652
1615.0          0.94712
1616.0          0.94772
1617.0          0.94831
1618.0          0.94889
1619.0          0.94945
1620.0          0.95001
1621.0          0.95056
1622.0          0.95109
1623.0          0.95162
1624.0          0.95213
1625.0          0.95264
1626.0          0.95314
1627.0          0.95362
1628.0          0.95410
1629.0          0.95456
1630.0          0.95501
1631.0          0.95546
1632.0          0.95589
1633.0          0.95632
1634.0          0.95673
1635.0          0.95713
1636.0          0.95752
1637.0          0.95791
1638.0          0.95828
1639.0          0.95864
1640.0          0.95899
1641.0          0.95933
1642.0          0.95967
1643.0          0.95999
1644.0          0.96030
1645.0          0.96060
1646.0          0.96089
1647.0          0.96117
1648.0          0.96144
1649.0          0.96170
1650.0          0.96195
1400.0          1.0000
1401.0          1.0000
1402.0          1.0000
1403.0          1.0000
1404.0          1.0000
1405.0          1.0000
1406.0          1.0000
1407.0          1.0000
1408.0          1.0000
1409.0          1.0000
1410.0          1.0000
1411.0          1.0000
1412.0          1.0000
1413.0          1.0000
1414.0          1.0000
1415.0          1.0000
1416.0          1.0000
1417.0          1.0000
1418.0          1.0000
1419.0          1.0000
1420.0          1.0000
1421.0          1.0000
1422.0          1.0000
1423.0          1.0000
1424.0          1.0000
1425.0          1.0000
1426.0          1.0000
1427.0          1.0000
1428.0          1.0000
1429.0          1.0000
1430.0          1.0000
1431.0          1.0000
1432.0          1.0000
1433.0          1.0000
1434.0          1.0000
1435.0          1.0000
1436.0          1.0000
1437.0          1.0000
1438.0          1.0000
1439.0          1.0000
1440.0          1.0000
1441.0          1.0000
1442.0          1.0000
1443.0          1.0000
1444.0          1.0000
1445.0          1.0000
1446.0          1.0000
1447.0          1.0000
1448.0          1.0000
1449.0          1.0000
1450.0          1.0000
1451.0          1.0000
1452.0          1.0000
1453.0          1.0000
1454.0          1.0000
1455.0          1.0000
1456.0          1.0000
1457.0          1.0000
1458.0          1.0000
1459.0          1.0000
1460.0          1.0000
1461.0          1.0000
1462.0          1.0000
1463.0          1.0000
1464.0          1.0000
1465.0          1.0000
1466.0          1.0000
1467.0          1.0000
1468.0          1.0000
1469.0          1.0000
1470.0          1.0000
1471.0          1.0000
1472.0          1.0000
1473.0          1.0000
1474.0          1.0000
1475.0          1.0000
1476.0          1.0000
1477.0          1.0000
1478.0          1.0000
1479.0          1.0000
1480.0          1.0000
1481.0          1.0000
1482.0          1.0000
1483.0          1.0000
1484.0          1.0000
1485.0          1.0000
1486.0          1.0000
1487.0          1.0000
1488.0          1.0000
1489.0          1.0000
1490.0          1.0000
1491.0          1.0000
1492.0          1.0000
1493.0          1.0000
1494.0          1.0000
1495.0          1.0000
1496.0          1.0000
1497.0          1.0000
1498.0          1.0000
1499.0          1.0000
1500.0          1.0000
1501.0          1.0000
1502.0          1.0000
1503.0          1.0000
1504.0          1.0000
1505.0          1.0000
1506.0          1.0000
1507.0          1.0000
1508.0          1.0000
1509.0          1.0000
1510.0          1.0000
1511.0          1.0000
1512.0          1.0000
1513.0          1.0000
1514.0          1.0000
1515.0          1.0000
1516.0          1.0000
1517.0          1.0000
1518.0          1.0000
1519.0          1.0000
1520.0          1.0000
1521.0          1.0000
1522.0          1.0000
1523.0          1.0000
1524.0          1.0000
1525.0          1.0000
1526.0          1.0000
1527.0          1.0000
1528.0          1.0000
1529.0          1.0000
1530.0          1.0000
1531.0          1.0000
1532.0          1.0000
1533.0          1.0000
1534.0          1.0000
1535.0          1.0000
1536.0          1.0000
1537.0          1.0000
1538.0          1.0000
1539.0          1.0000
1540.0          1.0000
1541.0          1.0000
1542.0          1.0000
1543.0          1.0000
1544.0          1.0000
1545.0          1.0000
1546.0          1.0000
1547.0          1.0000
1548.0          1.0000
1549.0          1.0000
1550.0          1.0000
1551.0          1.0000
1552.0          1.0000
1553.0          1.0000
1554.0          1.0000
1555.0          1.0000
1556.0          1.0000
1557.0          1.0000
1558.0          1.0000
1559.0          1.0000
1560.0          1.0000
1561.0          1.0000
1562.0          1.0000
1563.0          1.0000
1564.0          1.0000
1565.0          1.0000
1566.0          1.0000
1567.0          1.0000
1568.0          1.0000
1569.0          1.0000
1570.0          1.0000
1571.0          1.0000
1572.0          1.0000
1573.0          1.0000
1574.0          1.0000
1575.0          1.0000
1576.0          1.0000
1577.0          1.0000
1578.0          1.0000
1579.0          1.0000
1580.0          1.0000
1581.0          1.0000
1582.0          1.0000
1583.0          1.0000
1584.0          1.0000
1585.0          1.0000
1586.0          1.0000
1587.0          1.0000
1588.0          1.0000
1589.0          1.0000
1590.0          1.0000
1591.0          1.0000
1592.0          1.0000
1593.0          1.0000
1594.0          1.0000
1595.0          1.0000
1596.0          1.0000
1597.0          1.0000
1598.0          1.0000
1599.0          1.0000
1600.0          1.0000
1601.0          1.0000
1602.0          1.0000
1603.0          1.0000
1604.0          1.0000
1605.0          1.0000
1606.0          1.0000
1607.0          1.0000
1608.0          1.0000
1609.0          1.0000
1610.0          1.0000
1611.0          1.0000
1612.0          1.0000
1613.0          1.0000
1614.0          1.0000
1615.0          1.0000
1616.0          1.0000
1617.0          1.0000
1618.0          1.0000
1619.0          1.0000
1620.0          1.0000
1621.0          1.0000
1622.0          1.0000
1623.0          1.0000
1624.0          1.0000
1625.0          1.0000
1626.0          1.0000
1627.0          1.0000
1628.0          1.0000
1629.0          1.0000
1630.0          1.0000
1631.0          1.0000
1632.0          1.0000
1633.0          1.0000
1634.0          1.0000
1635.0          1.0000
1636.0          1.0000
1637.0          1.0000
1638.0          1.0000
1639.0          1.0000
1640.0          1.0000
1641.0          1.0000
1642.0          1.0000
1643.0          1.0000
1644.0          1.0000
1645.0          1.0000
1646.0          1.0000
1647.0          1.0000
1648.0          1.0000
1649.0          1.0000
1650.0          1.0000
1400.0          6.6613E-16
1401.0          1.2212E-15
1402.0          1.5543E-15
1403.0          -3.3307E-15
1404.0          -1.7764E-15
1405.0          -8.8818E-16
1406.0          8.8818E-16
1407.0          -7.5495E-15
1408.0          -1.7764E-15
1409.0          1.3323E-15
1410.0          2.4425E-15
1411.0          -3.1086E-15
1412.0          -3.5527E-15
1413.0          -6.6613E-16
1414.0          -1.5543E-15
1415.0          2.4425E-15
1416.0          4.8850E-15
1417.0          3.9968E-15
1418.0          1.7764E-15
1419.0          6.1062E-15
1420.0          1.8874E-15
1421.0          2.9310E-14
1422.0          -2.4869E-14
1423.0          1.9873E-13
1424.0          -4.2411E-14
1425.0          -5.1070E-15
1426.0          8.2157E-15
1427.0          1.8874E-15
1428.0          -1.5543E-15
1429.0          1.5543E-15
1430.0          -3.7748E-15
1431.0          1.5543E-15
1432.0          -1.3323E-15
1433.0          -8.8818E-16
1434.0          -6.6613E-16
1435.0          6.6613E-16
1436.0          -1.7764E-15
1437.0          9.9920E-16
1438.0          6.6613E-16
1439.0          -1.7764E-15
1440.0          3.9968E-15
1441.0          3.2196E-15
1442.0          2.9976E-15
1443.0          8.8818E-16
1444.0          -3.7748E-15
1445.0          1.6653E-15
1446.0          1.1102E-16
1447.0          -2.8866E-15
1448.0          -2.6645E-15
1449.0          1.4433E-15
1450.0          2.2204E-15
1451.0          4.4409E-15
1452.0          1.2212E-15
1453.0          1.3323E-15
1454.0          1.8874E-15
1455.0          7.7716E-16
1456.0          -6.6613E-16
1457.0          3.6637E-15
1458.0          5.8842E-15
1459.0          -4.4409E-16
1460.0          -3.5527E-15
1461.0          -1.9984E-15
1462.0          3.7748E-15
1463.0          -2.6645E-15
1464.0          0.0000
1465.0          2.6645E-15
1466.0          -2.6645E-15
1467.0          3.3307E-16
1468.0          -1.3323E-15
1469.0          -1.5543E-15
1470.0          1.8874E-15
1471.0          -4.4409E-16
1472.0          -2.4425E-15
1473.0          1.3323E-15
1474.0          3.4417E-15
1475.0          -1.1102E-15
1476.0          -4.4409E-16
1477.0          1.5543E-15
1478.0          -3.5527E-15
1479.0          3.3307E-16
1480.0          -3.1086E-15
1481.0          -2.2204E-15
1482.0          2.6645E-15
1483.0          8.8818E-16
1484.0          -2.2204E-15
1485.0          9.9920E-16
1486.0          -2.2204E-15
1487.0          2.2204E-16
1488.0          -8.8818E-16
1489.0          -3.5527E-15
1490.0          0.0000
1491.0          8.8818E-16
1492.0          -6.6613E-16
1493.0          -2.2204E-16
1494.0          2.8866E-15
1495.0          1.3323E-15
1496.0          -6.6613E-16
1497.0          -6.6613E-16
1498.0          6.6613E-16
1499.0          -2.6645E-15
1500.0          2.4425E-15
1501.0          -1.1102E-15
1502.0          4.4409E-16
1503.0          -1.3323E-15
1504.0          4.4409E-16
1505.0          1.5543E-15
1506.0          -1.1102E-15
1507.0          -1.1102E-15
1508.0          2.4425E-15
1509.0          4.4409E-16
1510.0          9.9920E-16
1511.0          2.8866E-15
1512.0          -2.6645E-15
1513.0          6.6613E-16
1514.0          -4.4409E-16
1515.0          2.2204E-16
1516.0          -2.2204E-16
1517.0          1.1102E-15
1518.0          -2.2204E-15
1519.0          -1.9984E-15
1520.0          1.3323E-15
1521.0          -2.2204E-15
1522.0          1.4433E-15
1523.0          -3.3307E-15
1524.0          -2.2204E-16
1525.0          -2.2204E-16
1526.0          1.6653E-15
1527.0          -1.9984E-15
1528.0          -1.7764E-15
1529.0          -2.2204E-15
1530.0          8.8818E-16
1531.0          -2.4425E-15
1532.0          -2.2204E-16
1533.0          -1.5543E-15
1534.0          -2.2204E-16
1535.0          2.2204E-15
1536.0          -2.8866E-15
1537.0          -4.4409E-16
1538.0          -4.4409E-16
1539.0          0.0000
1540.0          -2.8866E-15
1541.0          1.2212E-15
1542.0          -8.8818E-16
1543.0          1.5543E-15
1544.0          1.2212E-15
1545.0          -1.1102E-15
1546.0          -3.3307E-15
1547.0          -1.3323E-15
1548.0          0.0000
1549.0          6.6613E-16
1550.0          -2.2204E-16
1551.0          -1.9984E-15
1552.0          -2.6645E-15
1553.0          2.6645E-15
1554.0          1.4433E-15
1555.0          2.2204E-16
1556.0          -3.7748E-15
1557.0          -3.1086E-15
1558.0          1.1102E-15
1559.0          -1.9984E-15
1560.0          1.1102E-16
1561.0          -2.2204E-16
1562.0          0.0000
1563.0          -2.4425E-15
1564.0          -2.2204E-15
1565.0          -3.5527E-15
1566.0          3.2196E-15
1567.0          -4.4409E-16
1568.0          -6.6613E-16
1569.0          -3.3307E-15
1570.0          2.2204E-15
1571.0          -1.7764E-15
1572.0          2.4425E-15
1573.0          -1.9984E-15
1574.0          3.6637E-15
1575.0          2.7756E-15
1576.0          2.5535E-15
1577.0          9.9920E-16
1578.0          2.7756E-15
1579.0          1.1102E-15
1580.0          -3.1086E-15
1581.0          -5.3291E-15
1582.0          3.2196E-15
1583.0          2.1094E-15
1584.0          1.4433E-15
1585.0          5.5511E-16
1586.0          -8.8818E-16
1587.0          3.3307E-15
1588.0          4.4409E-16
1589.0          -3.9968E-15
1590.0          -3.9968E-15
1591.0          2.1094E-15
1592.0          1.1102E-15
1593.0          7.7716E-16
1594.0          1.6653E-15
1595.0          -2.2204E-15
1596.0          3.3307E-15
1597.0          8.8818E-16
1598.0          3.6637E-15
1599.0          -1.1102E-15
1600.0          1.5543E-15
1601.0          0.0000
1602.0          2.8866E-15
1603.0          -4.4409E-16
1604.0          2.9976E-15
1605.0          -3.7748E-15
1606.0          1.1102E-16
1607.0          1.9984E-15
1608.0          1.5543E-15
1609.0          0.0000
1610.0          -1.5543E-15
1611.0          -8.8818E-16
1612.0          4.4409E-16
1613.0          1.2212E-15
1614.0          2.7756E-15
1615.0          -5.3291E-15
1616.0          -8.8818E-16
1617.0          -2.2204E-16
1618.0          7.7716E-16
1619.0          -1.3323E-15
1620.0          -5.1070E-15
1621.0          6.6613E-16
1622.0          -3.1086E-15
1623.0          8.8818E-16
1624.0          1.1102E-16
1625.0          -2.2204E-16
1626.0          1.8874E-15
1627.0          -4.4409E-16
1628.0          3.1086E-15
1629.0          1.7764E-15
1630.0          -2.8866E-15
1631.0          -3.5527E-15
1632.0          2.5535E-15
1633.0          7.7716E-16
1634.0          2.8866E-15
1635.0          2.2204E-16
1636.0          1.1102E-16
1637.0          4.4409E-16
1638.0          -1.5543E-15
1639.0          1.1102E-16
1640.0          -4.4409E-16
1641.0          -8.8818E-16
1642.0          -8.8818E-16
1643.0          -1.1102E-15
1644.0          -4.2188E-15
1645.0          -1.5543E-15
1646.0          1.1102E-16
1647.0          1.8874E-15
1648.0          -4.4409E-16
1649.0          8.8818E-16
1650.0          2.5535E-15
