1400.0          0.14761
1401.0          0.14884
1402.0          0.15009
1403.0          0.15133
1404.0          0.15258
1405.0          0.15382
1406.0          0.15507
1407.0          0.15633
1408.0          0.15758
1409.0          0.15883
1410.0          0.16009
1411.0          0.16135
1412.0          0.16261
1413.0          0.16387
1414.0          0.16513
1415.0          0.16639
1416.0          0.16765
1417.0          0.16892
1418.0          0.17018
1419.0          0.17145
1420.0          0.17271
1421.0          0.17397
1422.0          0.17524
1423.0          0.17650
1424.0          0.17777
1425.0          0.17903
1426.0          0.18030
1427.0          0.18156
1428.0          0.18282
1429.0          0.18409
1430.0          0.18535
1431.0          0.18661
1432.0          0.18787
1433.0          0.18913
1434.0          0.19039
1435.0          0.19165
1436.0          0.19290
1437.0          0.19416
1438.0          0.19541
1439.0          0.19667
1440.0          0.19792
1441.0          0.19917
1442.0          0.20042
1443.0          0.20166
1444.0          0.20291
1445.0          0.20415
1446.0          0.20539
1447.0          0.20663
1448.0          0.20787
1449.0          0.20911
1450.0          0.21034
1451.0          0.21158
1452.0          0.21281
1453.0          0.21403
1454.0          0.21526
1455.0          0.21648
1456.0          0.21770
1457.0          0.21892
1458.0          0.22014
1459.0          0.22135
1460.0          0.22257
1461.0          0.22377
1462.0          0.22498
1463.0          0.22618
1464.0          0.22739
1465.0          0.22858
1466.0          0.22978
1467.0          0.23097
1468.0          0.23216
1469.0          0.23335
1470.0          0.23454
1471.0          0.23572
1472.0          0.23690
1473.0          0.23807
1474.0          0.23925
1475.0          0.24042
1476.0          0.24158
1477.0          0.24275
1478.0          0.24391
1479.0          0.24507
1480.0          0.24622
1481.0          0.24737
1482.0          0.24852
1483.0          0.24966
1484.0          0.25081
1485.0          0.25194
1486.0          0.25308
1487.0          0.25421
1488.0          0.25534
1489.0          0.25647
1490.0          0.25759
1491.0          0.25871
1492.0          0.25982
1493.0          0.26093
1494.0          0.26204
1495.0          0.26315
1496.0          0.26425
1497.0          0.26534
1498.0          0.26644
1499.0          0.26753
1500.0          0.26862
1501.0          0.26970
1502.0          0.27078
1503.0          0.27186
1504.0          0.27293
1505.0          0.27400
1506.0          0.27507
1507.0          0.27613
1508.0          0.27719
1509.0          0.27824
1510.0          0.27930
1511.0          0.28034
1512.0          0.28139
1513.0          0.28243
1514.0          0.28347
1515.0          0.28450
1516.0          0.28553
1517.0          0.28656
1518.0          0.28758
1519.0          0.28860
1520.0          0.28961
1521.0          0.29062
1522.0          0.29163
1523.0          0.29264
1524.0          0.29364
1525.0          0.29463
1526.0          0.29563
1527.0          0.29662
1528.0          0.29760
1529.0          0.29858
1530.0          0.29956
1531.0          0.30054
1532.0          0.30151
1533.0          0.30248
1534.0          0.30344
1535.0          0.30440
1536.0          0.30536
1537.0          0.30631
1538.0          0.30726
1539.0          0.30820
1540.0          0.30915
1541.0          0.31008
1542.0          0.31102
1543.0          0.31195
1544.0          0.31288
1545.0          0.31380
1546.0          0.31472
1547.0          0.31563
1548.0          0.31655
1549.0          0.31746
1550.0          0.31836
1551.0          0.31926
1552.0          0.32016
1553.0          0.32106
1554.0          0.32195
1555.0          0.32283
1556.0          0.32372
1557.0          0.32460
1558.0          0.32547
1559.0          0.32635
1560.0          0.32721
1561.0          0.32808
1562.0          0.32894
1563.0          0.32980
1564.0          0.33066
1565.0          0.33151
1566.0          0.33235
1567.0          0.33320
1568.0          0.33404
1569.0          0.33488
1570.0          0.33571
1571.0          0.33654
1572.0          0.33737
1573.0          0.33819
1574.0          0.33901
1575.0          0.33983
1576.0          0.34064
1577.0          0.34145
1578.0          0.34226
1579.0          0.34306
1580.0          0.34386
1581.0          0.34465
1582.0          0.34545
1583.0          0.34623
1584.0          0.34702
1585.0          0.34780
1586.0          0.34858
1587.0          0.34936
1588.0          0.35013
1589.0          0.35090
1590.0          0.35166
1591.0          0.35242
1592.0          0.35318
1593.0          0.35394
1594.0          0.35469
1595.0          0.35544
1596.0          0.35618
1597.0          0.35693
1598.0          0.35767
1599.0          0.35840
1600.0          0.35913
1601.0          0.35986
1602.0          0.36059
1603.0          0.36131
1604.0          0.36203
1605.0          0.36275
1606.0          0.36346
1607.0          0.36417
1608.0          0.36488
1609.0          0.36558
1610.0          0.36628
1611.0          0.36698
1612.0          0.36768
1613.0          0.36837
1614.0          0.36906
1615.0          0.36974
1616.0          0.37042
1617.0          0.37110
1618.0          0.37178
1619.0          0.37245
1620.0          0.37312
1621.0          0.37379
1622.0          0.37445
1623.0          0.37511
1624.0          0.37577
1625.0          0.37642
1626.0          0.37708
1627.0          0.37773
1628.0          0.37837
1629.0          0.37901
1630.0          0.37966
1631.0          0.38029
1632.0          0.38093
1633.0          0.38156
1634.0          0.38219
1635.0          0.38281
1636.0          0.38344
1637.0          0.38406
1638.0          0.38467
1639.0          0.38529
1640.0          0.38590
1641.0          0.38651
1642.0          0.38711
1643.0          0.38772
1644.0          0.38832
1645.0          0.38891
1646.0          0.38951
1647.0          0.39010
1648.0          0.39069
1649.0          0.39128
1650.0          0.39186
1400.0          0.85239
1401.0          0.85116
1402.0          0.84991
1403.0          0.84867
1404.0          0.84742
1405.0          0.84618
1406.0          0.84493
1407.0          0.84367
1408.0          0.84242
1409.0          0.84117
1410.0          0.83991
1411.0          0.83865
1412.0          0.83739
1413.0          0.83613
1414.0          0.83487
1415.0          0.83361
1416.0          0.83235
1417.0          0.83108
1418.0          0.82982
1419.0          0.82855
1420.0          0.82729
1421.0          0.82603
1422.0          0.82476
1423.0          0.82350
1424.0          0.82223
1425.0          0.82097
1426.0          0.81970
1427.0          0.81844
1428.0          0.81718
1429.0          0.81591
1430.0          0.81465
1431.0          0.81339
1432.0          0.81213
1433.0          0.81087
1434.0          0.80961
1435.0          0.80835
1436.0          0.80710
1437.0          0.80584
1438.0          0.80459
1439.0          0.80333
1440.0          0.80208
1441.0          0.80083
1442.0          0.79958
1443.0          0.79834
1444.0          0.79709
1445.0          0.79585
1446.0          0.79461
1447.0          0.79337
1448.0          0.79213
1449.0          0.79089
1450.0          0.78966
1451.0          0.78842
1452.0          0.78719
1453.0          0.78597
1454.0          0.78474
1455.0          0.78352
1456.0          0.78230
1457.0          0.78108
1458.0          0.77986
1459.0          0.77865
1460.0          0.77743
1461.0          0.77623
1462.0          0.77502
1463.0          0.77382
1464.0          0.77261
1465.0          0.77142
1466.0          0.77022
1467.0          0.76903
1468.0          0.76784
1469.0          0.76665
1470.0          0.76546
1471.0          0.76428
1472.0          0.76310
1473.0          0.76193
1474.0          0.76075
1475.0          0.75958
1476.0          0.75842
1477.0          0.75725
1478.0          0.75609
1479.0          0.75493
1480.0          0.75378
1481.0          0.75263
1482.0          0.75148
1483.0          0.75034
1484.0          0.74919
1485.0          0.74806
1486.0          0.74692
1487.0          0.74579
1488.0          0.74466
1489.0          0.74353
1490.0          0.74241
1491.0          0.74129
1492.0          0.74018
1493.0          0.73907
1494.0          0.73796
1495.0          0.73685
1496.0          0.73575
1497.0          0.73466
1498.0          0.73356
1499.0          0.73247
1500.0          0.73138
1501.0          0.73030
1502.0          0.72922
1503.0          0.72814
1504.0          0.72707
1505.0          0.72600
1506.0          0.72493
1507.0          0.72387
1508.0          0.72281
1509.0          0.72176
1510.0          0.72070
1511.0          0.71966
1512.0          0.71861
1513.0          0.71757
1514.0          0.71653
1515.0          0.71550
1516.0          0.71447
1517.0          0.71344
1518.0          0.71242
1519.0          0.71140
1520.0          0.71039
1521.0          0.70938
1522.0          0.70837
1523.0          0.70736
1524.0          0.70636
1525.0          0.70537
1526.0          0.70437
1527.0          0.70338
1528.0          0.70240
1529.0          0.70142
1530.0          0.70044
1531.0          0.69946
1532.0          0.69849
1533.0          0.69752
1534.0          0.69656
1535.0          0.69560
1536.0          0.69464
1537.0          0.69369
1538.0          0.69274
1539.0          0.69180
1540.0          0.69085
1541.0          0.68992
1542.0          0.68898
1543.0          0.68805
1544.0          0.68712
1545.0          0.68620
1546.0          0.68528
1547.0          0.68437
1548.0          0.68345
1549.0          0.68254
1550.0          0.68164
1551.0          0.68074
1552.0          0.67984
1553.0          0.67894
1554.0          0.67805
1555.0          0.67717
1556.0          0.67628
1557.0          0.67540
1558.0          0.67453
1559.0          0.67365
1560.0          0.67279
1561.0          0.67192
1562.0          0.67106
1563.0          0.67020
1564.0          0.66934
1565.0          0.66849
1566.0          0.66765
1567.0          0.66680
1568.0          0.66596
1569.0          0.66512
1570.0          0.66429
1571.0          0.66346
1572.0          0.66263
1573.0          0.66181
1574.0          0.66099
1575.0          0.66017
1576.0          0.65936
1577.0          0.65855
1578.0          0.65774
1579.0          0.65694
1580.0          0.65614
1581.0          0.65535
1582.0          0.65455
1583.0          0.65377
1584.0          0.65298
1585.0          0.65220
1586.0          0.65142
1587.0          0.65064
1588.0          0.64987
1589.0          0.64910
1590.0          0.64834
1591.0          0.64758
1592.0          0.64682
1593.0          0.64606
1594.0          0.64531
1595.0          0.64456
1596.0          0.64382
1597.0          0.64307
1598.0          0.64233
1599.0          0.64160
1600.0          0.64087
1601.0          0.64014
1602.0          0.63941
1603.0          0.63869
1604.0          0.63797
1605.0          0.63725
1606.0          0.63654
1607.0          0.63583
1608.0          0.63512
1609.0          0.63442
1610.0          0.63372
1611.0          0.63302
1612.0          0.63232
1613.0          0.63163
1614.0          0.63094
1615.0          0.63026
1616.0          0.62958
1617.0          0.62890
1618.0          0.62822
1619.0          0.62755
1620.0          0.62688
1621.0          0.62621
1622.0          0.62555
1623.0          0.62489
1624.0          0.62423
1625.0          0.62358
1626.0          0.62292
1627.0          0.62227
1628.0          0.62163
1629.0          0.62099
1630.0          0.62034
1631.0          0.61971
1632.0          0.61907
1633.0          0.61844
1634.0          0.61781
1635.0          0.61719
1636.0          0.61656
1637.0          0.61594
1638.0          0.61533
1639.0          0.61471
1640.0          0.61410
1641.0          0.61349
1642.0          0.61289
1643.0          0.61228
1644.0          0.61168
1645.0          0.61109
1646.0          0.61049
1647.0          0.60990
1648.0          0.60931
1649.0          0.60872
1650.0          0.60814
1400.0          1.0000
1401.0          1.0000
1402.0          1.0000
1403.0          1.0000
1404.0          1.0000
1405.0          1.0000
1406.0          1.0000
1407.0          1.0000
1408.0          1.0000
1409.0          1.0000
1410.0          1.0000
1411.0          1.0000
1412.0          1.0000
1413.0          1.0000
1414.0          1.0000
1415.0          1.0000
1416.0          1.0000
1417.0          1.0000
1418.0          1.0000
1419.0          1.0000
1420.0          1.0000
1421.0          1.0000
1422.0          1.0000
1423.0          1.0000
1424.0          1.0000
1425.0          1.0000
1426.0          1.0000
1427.0          1.0000
1428.0          1.0000
1429.0          1.0000
1430.0          1.0000
1431.0          1.0000
1432.0          1.0000
1433.0          1.0000
1434.0          1.0000
1435.0          1.0000
1436.0          1.0000
1437.0          1.0000
1438.0          1.0000
1439.0          1.0000
1440.0          1.0000
1441.0          1.0000
1442.0          1.0000
1443.0          1.0000
1444.0          1.0000
1445.0          1.0000
1446.0          1.0000
1447.0          1.0000
1448.0          1.0000
1449.0          1.0000
1450.0          1.0000
1451.0          1.0000
1452.0          1.0000
1453.0          1.0000
1454.0          1.0000
1455.0          1.0000
1456.0          1.0000
1457.0          1.0000
1458.0          1.0000
1459.0          1.0000
1460.0          1.0000
1461.0          1.0000
1462.0          1.0000
1463.0          1.0000
1464.0          1.0000
1465.0          1.0000
1466.0          1.0000
1467.0          1.0000
1468.0          1.0000
1469.0          1.0000
1470.0          1.0000
1471.0          1.0000
1472.0          1.0000
1473.0          1.0000
1474.0          1.0000
1475.0          1.0000
1476.0          1.0000
1477.0          1.0000
1478.0          1.0000
1479.0          1.0000
1480.0          1.0000
1481.0          1.0000
1482.0          1.0000
1483.0          1.0000
1484.0          1.0000
1485.0          1.0000
1486.0          1.0000
1487.0          1.0000
1488.0          1.0000
1489.0          1.0000
1490.0          1.0000
1491.0          1.0000
1492.0          1.0000
1493.0          1.0000
1494.0          1.0000
1495.0          1.0000
1496.0          1.0000
1497.0          1.0000
1498.0          1.0000
1499.0          1.0000
1500.0          1.0000
1501.0          1.0000
1502.0          1.0000
1503.0          1.0000
1504.0          1.0000
1505.0          1.0000
1506.0          1.0000
1507.0          1.0000
1508.0          1.0000
1509.0          1.0000
1510.0          1.0000
1511.0          1.0000
1512.0          1.0000
1513.0          1.0000
1514.0          1.0000
1515.0          1.0000
1516.0          1.0000
1517.0          1.0000
1518.0          1.0000
1519.0          1.0000
1520.0          1.0000
1521.0          1.0000
1522.0          1.0000
1523.0          1.0000
1524.0          1.0000
1525.0          1.0000
1526.0          1.0000
1527.0          1.0000
1528.0          1.0000
1529.0          1.0000
1530.0          1.0000
1531.0          1.0000
1532.0          1.0000
1533.0          1.0000
1534.0          1.0000
1535.0          1.0000
1536.0          1.0000
1537.0          1.0000
1538.0          1.0000
1539.0          1.0000
1540.0          1.0000
1541.0          1.0000
1542.0          1.0000
1543.0          1.0000
1544.0          1.0000
1545.0          1.0000
1546.0          1.0000
1547.0          1.0000
1548.0          1.0000
1549.0          1.0000
1550.0          1.0000
1551.0          1.0000
1552.0          1.0000
1553.0          1.0000
1554.0          1.0000
1555.0          1.0000
1556.0          1.0000
1557.0          1.0000
1558.0          1.0000
1559.0          1.0000
1560.0          1.0000
1561.0          1.0000
1562.0          1.0000
1563.0          1.0000
1564.0          1.0000
1565.0          1.0000
1566.0          1.0000
1567.0          1.0000
1568.0          1.0000
1569.0          1.0000
1570.0          1.0000
1571.0          1.0000
1572.0          1.0000
1573.0          1.0000
1574.0          1.0000
1575.0          1.0000
1576.0          1.0000
1577.0          1.0000
1578.0          1.0000
1579.0          1.0000
1580.0          1.0000
1581.0          1.0000
1582.0          1.0000
1583.0          1.0000
1584.0          1.0000
1585.0          1.0000
1586.0          1.0000
1587.0          1.0000
1588.0          1.0000
1589.0          1.0000
1590.0          1.0000
1591.0          1.0000
1592.0          1.0000
1593.0          1.0000
1594.0          1.0000
1595.0          1.0000
1596.0          1.0000
1597.0          1.0000
1598.0          1.0000
1599.0          1.0000
1600.0          1.0000
1601.0          1.0000
1602.0          1.0000
1603.0          1.0000
1604.0          1.0000
1605.0          1.0000
1606.0          1.0000
1607.0          1.0000
1608.0          1.0000
1609.0          1.0000
1610.0          1.0000
1611.0          1.0000
1612.0          1.0000
1613.0          1.0000
1614.0          1.0000
1615.0          1.0000
1616.0          1.0000
1617.0          1.0000
1618.0          1.0000
1619.0          1.0000
1620.0          1.0000
1621.0          1.0000
1622.0          1.0000
1623.0          1.0000
1624.0          1.0000
1625.0          1.0000
1626.0          1.0000
1627.0          1.0000
1628.0          1.0000
1629.0          1.0000
1630.0          1.0000
1631.0          1.0000
1632.0          1.0000
1633.0          1.0000
1634.0          1.0000
1635.0          1.0000
1636.0          1.0000
1637.0          1.0000
1638.0          1.0000
1639.0          1.0000
1640.0          1.0000
1641.0          1.0000
1642.0          1.0000
1643.0          1.0000
1644.0          1.0000
1645.0          1.0000
1646.0          1.0000
1647.0          1.0000
1648.0          1.0000
1649.0          1.0000
1650.0          1.0000
1400.0          5.5511E-16
1401.0          6.6613E-16
1402.0          -4.6629E-15
1403.0          -2.2204E-16
1404.0          -3.5527E-15
1405.0          0.0000
1406.0          2.3315E-15
1407.0          2.2204E-15
1408.0          6.6613E-16
1409.0          1.1102E-15
1410.0          2.6645E-15
1411.0          2.5535E-15
1412.0          -1.3323E-15
1413.0          -2.6645E-15
1414.0          2.8866E-15
1415.0          -4.2188E-15
1416.0          6.6613E-16
1417.0          2.2204E-16
1418.0          9.9920E-16
1419.0          4.4409E-16
1420.0          1.3323E-15
1421.0          1.3323E-15
1422.0          -2.2204E-15
1423.0          4.8850E-15
1424.0          1.1102E-16
1425.0          -1.9984E-15
1426.0          -1.1102E-15
1427.0          1.9984E-15
1428.0          -4.4409E-16
1429.0          -2.8866E-15
1430.0          4.4409E-16
1431.0          -4.4409E-16
1432.0          1.1102E-15
1433.0          1.2212E-15
1434.0          -4.4409E-16
1435.0          0.0000
1436.0          -1.5543E-15
1437.0          5.5511E-16
1438.0          -4.2188E-15
1439.0          -3.1086E-15
1440.0          2.2204E-15
1441.0          1.8874E-15
1442.0          -4.4409E-15
1443.0          6.6613E-16
1444.0          1.7764E-15
1445.0          -1.1102E-15
1446.0          -2.2204E-15
1447.0          6.6613E-16
1448.0          4.4409E-16
1449.0          4.3299E-15
1450.0          -5.7732E-15
1451.0          1.1102E-15
1452.0          -2.2204E-15
1453.0          -4.4409E-16
1454.0          -1.1102E-15
1455.0          7.7716E-16
1456.0          8.8818E-16
1457.0          -2.4425E-15
1458.0          9.9920E-16
1459.0          1.3323E-15
1460.0          -2.2204E-16
1461.0          -1.9984E-15
1462.0          -4.4409E-16
1463.0          2.4425E-15
1464.0          -1.3323E-15
1465.0          7.7716E-16
1466.0          -2.2204E-16
1467.0          7.7716E-16
1468.0          2.5535E-15
1469.0          3.5527E-15
1470.0          9.9920E-16
1471.0          -1.1102E-15
1472.0          3.1086E-15
1473.0          6.6613E-16
1474.0          -1.7764E-15
1475.0          0.0000
1476.0          -1.5543E-15
1477.0          6.6613E-16
1478.0          -4.4409E-16
1479.0          3.3307E-16
1480.0          0.0000
1481.0          -4.4409E-16
1482.0          2.8866E-15
1483.0          1.4433E-15
1484.0          -1.1102E-15
1485.0          9.9920E-16
1486.0          2.2204E-16
1487.0          -1.5543E-15
1488.0          -1.9984E-15
1489.0          0.0000
1490.0          1.5543E-15
1491.0          1.1102E-16
1492.0          2.1094E-15
1493.0          -6.6613E-16
1494.0          -4.4409E-16
1495.0          -8.8818E-16
1496.0          1.5543E-15
1497.0          4.4409E-16
1498.0          0.0000
1499.0          1.1102E-15
1500.0          1.8874E-15
1501.0          -2.2204E-16
1502.0          1.2212E-15
1503.0          -8.8818E-16
1504.0          1.5543E-15
1505.0          6.6613E-16
1506.0          -1.5543E-15
1507.0          1.1102E-15
1508.0          9.9920E-16
1509.0          2.2204E-16
1510.0          1.7764E-15
1511.0          -4.4409E-15
1512.0          4.4409E-16
1513.0          -1.3323E-15
1514.0          -1.7764E-15
1515.0          0.0000
1516.0          -1.9984E-15
1517.0          -1.5543E-15
1518.0          -8.8818E-16
1519.0          0.0000
1520.0          0.0000
1521.0          2.2204E-16
1522.0          -5.3291E-15
1523.0          1.7764E-15
1524.0          -3.3307E-15
1525.0          -8.8818E-16
1526.0          -1.1102E-15
1527.0          6.6613E-16
1528.0          -2.2204E-15
1529.0          -3.5527E-15
1530.0          6.6613E-16
1531.0          -1.1102E-15
1532.0          -1.5543E-15
1533.0          3.4417E-15
1534.0          -5.9952E-15
1535.0          -2.6645E-15
1536.0          -2.2204E-16
1537.0          -2.2204E-16
1538.0          -4.4409E-16
1539.0          -8.8818E-16
1540.0          1.6653E-15
1541.0          1.5543E-15
1542.0          4.4409E-16
1543.0          8.8818E-16
1544.0          1.1102E-15
1545.0          2.2204E-16
1546.0          -6.6613E-16
1547.0          -4.4409E-16
1548.0          2.2204E-16
1549.0          -1.5543E-15
1550.0          3.2196E-15
1551.0          -1.5543E-15
1552.0          -8.8818E-16
1553.0          1.1102E-15
1554.0          -4.4409E-16
1555.0          -1.3323E-15
1556.0          6.6613E-16
1557.0          1.2212E-15
1558.0          2.2204E-16
1559.0          -1.1102E-15
1560.0          -2.6645E-15
1561.0          2.4425E-15
1562.0          1.1102E-16
1563.0          -2.2204E-15
1564.0          -4.4409E-16
1565.0          2.2204E-16
1566.0          2.9976E-15
1567.0          1.7764E-15
1568.0          4.8850E-15
1569.0          -3.1086E-15
1570.0          1.2212E-15
1571.0          2.8866E-15
1572.0          0.0000
1573.0          5.5511E-16
1574.0          -1.7764E-15
1575.0          -3.5527E-15
1576.0          -8.8818E-16
1577.0          1.3323E-15
1578.0          -4.4409E-16
1579.0          3.6637E-15
1580.0          1.5543E-15
1581.0          -6.6613E-16
1582.0          -1.1102E-15
1583.0          -2.2204E-16
1584.0          0.0000
1585.0          1.5543E-15
1586.0          -1.5543E-15
1587.0          -6.6613E-16
1588.0          2.2204E-16
1589.0          6.6613E-16
1590.0          -4.4409E-16
1591.0          2.4425E-15
1592.0          -4.8850E-15
1593.0          -2.4425E-15
1594.0          3.1086E-15
1595.0          -4.4409E-16
1596.0          2.4425E-15
1597.0          -8.8818E-16
1598.0          -3.5527E-15
1599.0          4.2188E-15
1600.0          2.2204E-16
1601.0          -1.1102E-15
1602.0          -6.6613E-16
1603.0          -2.2204E-16
1604.0          2.4425E-15
1605.0          -8.8818E-16
1606.0          -8.8818E-16
1607.0          -2.2204E-16
1608.0          4.4409E-16
1609.0          1.6653E-15
1610.0          -3.1086E-15
1611.0          2.4425E-15
1612.0          -2.2204E-16
1613.0          -2.2204E-15
1614.0          -3.1086E-15
1615.0          -1.1102E-15
1616.0          -1.7764E-15
1617.0          6.6613E-16
1618.0          -8.8818E-16
1619.0          0.0000
1620.0          -1.9984E-15
1621.0          -3.1086E-15
1622.0          -8.8818E-16
1623.0          2.2204E-16
1624.0          -2.2204E-15
1625.0          5.5511E-16
1626.0          8.8818E-16
1627.0          -1.7764E-15
1628.0          1.9984E-15
1629.0          0.0000
1630.0          1.5543E-15
1631.0          -4.4409E-16
1632.0          1.5543E-15
1633.0          4.4409E-16
1634.0          -2.4425E-15
1635.0          -1.1102E-15
1636.0          -4.4409E-16
1637.0          -2.4425E-15
1638.0          -3.9968E-15
1639.0          2.2204E-16
1640.0          4.4409E-16
1641.0          1.1102E-15
1642.0          6.6613E-16
1643.0          1.1102E-15
1644.0          -3.5527E-15
1645.0          -6.6613E-16
1646.0          -1.5543E-15
1647.0          -2.6645E-15
1648.0          -3.5527E-15
1649.0          -1.9984E-15
1650.0          2.2204E-16
