1400.0          0.19285
1401.0          0.19342
1402.0          0.19416
1403.0          0.19506
1404.0          0.19615
1405.0          0.19745
1406.0          0.19899
1407.0          0.20078
1408.0          0.20287
1409.0          0.20530
1410.0          0.20810
1411.0          0.21134
1412.0          0.21508
1413.0          0.21941
1414.0          0.22440
1415.0          0.23020
1416.0          0.23694
1417.0          0.24482
1418.0          0.25407
1419.0          0.26499
1420.0          0.27799
1421.0          0.29358
1422.0          0.31248
1423.0          0.33563
1424.0          0.36433
1425.0          0.40040
1426.0          0.44631
1427.0          0.50545
1428.0          0.58203
1429.0          0.68008
1430.0          0.79920
1431.0          0.92255
1432.0          0.99780
1433.0          0.94893
1434.0          0.76612
1435.0          0.54160
1436.0          0.35804
1437.0          0.23341
1438.0          0.15462
1439.0          0.10569
1440.0          0.075197
1441.0          0.056001
1442.0          0.043813
1443.0          0.036044
1444.0          0.031110
1445.0          0.028024
1446.0          0.026156
1447.0          0.025099
1448.0          0.024584
1449.0          0.024432
1450.0          0.024520
1451.0          0.024765
1452.0          0.025108
1453.0          0.025510
1454.0          0.025944
1455.0          0.026389
1456.0          0.026834
1457.0          0.027268
1458.0          0.027687
1459.0          0.028085
1460.0          0.028462
1461.0          0.028816
1462.0          0.029146
1463.0          0.029453
1464.0          0.029738
1465.0          0.030002
1466.0          0.030245
1467.0          0.030469
1468.0          0.030675
1469.0          0.030864
1470.0          0.031038
1471.0          0.031198
1472.0          0.031346
1473.0          0.031481
1474.0          0.031606
1475.0          0.031721
1476.0          0.031828
1477.0          0.031928
1478.0          0.032021
1479.0          0.032109
1480.0          0.032192
1481.0          0.032271
1482.0          0.032347
1483.0          0.032421
1484.0          0.032492
1485.0          0.032563
1486.0          0.032633
1487.0          0.032703
1488.0          0.032774
1489.0          0.032846
1490.0          0.032920
1491.0          0.032995
1492.0          0.033073
1493.0          0.033153
1494.0          0.033237
1495.0          0.033325
1496.0          0.033416
1497.0          0.033511
1498.0          0.033611
1499.0          0.033716
1500.0          0.033825
1501.0          0.033940
1502.0          0.034060
1503.0          0.034186
1504.0          0.034318
1505.0          0.034455
1506.0          0.034599
1507.0          0.034749
1508.0          0.034906
1509.0          0.035069
1510.0          0.035240
1511.0          0.035417
1512.0          0.035601
1513.0          0.035792
1514.0          0.035990
1515.0          0.036196
1516.0          0.036409
1517.0          0.036630
1518.0          0.036858
1519.0          0.037093
1520.0          0.037337
1521.0          0.037587
1522.0          0.037846
1523.0          0.038112
1524.0          0.038387
1525.0          0.038669
1526.0          0.038958
1527.0          0.039256
1528.0          0.039562
1529.0          0.039875
1530.0          0.040196
1531.0          0.040526
1532.0          0.040863
1533.0          0.041208
1534.0          0.041560
1535.0          0.041921
1536.0          0.042289
1537.0          0.042666
1538.0          0.043050
1539.0          0.043442
1540.0          0.043841
1541.0          0.044249
1542.0          0.044664
1543.0          0.045086
1544.0          0.045517
1545.0          0.045954
1546.0          0.046400
1547.0          0.046852
1548.0          0.047313
1549.0          0.047780
1550.0          0.048255
1551.0          0.048737
1552.0          0.049227
1553.0          0.049723
1554.0          0.050227
1555.0          0.050737
1556.0          0.051255
1557.0          0.051779
1558.0          0.052311
1559.0          0.052849
1560.0          0.053393
1561.0          0.053945
1562.0          0.054503
1563.0          0.055067
1564.0          0.055637
1565.0          0.056214
1566.0          0.056797
1567.0          0.057387
1568.0          0.057982
1569.0          0.058583
1570.0          0.059190
1571.0          0.059802
1572.0          0.060421
1573.0          0.061044
1574.0          0.061674
1575.0          0.062308
1576.0          0.062948
1577.0          0.063593
1578.0          0.064242
1579.0          0.064897
1580.0          0.065556
1581.0          0.066220
1582.0          0.066889
1583.0          0.067561
1584.0          0.068238
1585.0          0.068919
1586.0          0.069604
1587.0          0.070293
1588.0          0.070985
1589.0          0.071681
1590.0          0.072380
1591.0          0.073082
1592.0          0.073787
1593.0          0.074495
1594.0          0.075206
1595.0          0.075919
1596.0          0.076633
1597.0          0.077350
1598.0          0.078069
1599.0          0.078789
1600.0          0.079510
1601.0          0.080232
1602.0          0.080955
1603.0          0.081679
1604.0          0.082402
1605.0          0.083125
1606.0          0.083848
1607.0          0.084569
1608.0          0.085289
1609.0          0.086008
1610.0          0.086724
1611.0          0.087438
1612.0          0.088148
1613.0          0.088855
1614.0          0.089557
1615.0          0.090255
1616.0          0.090946
1617.0          0.091632
1618.0          0.092310
1619.0          0.092980
1620.0          0.093641
1621.0          0.094292
1622.0          0.094932
1623.0          0.095559
1624.0          0.096173
1625.0          0.096771
1626.0          0.097351
1627.0          0.097912
1628.0          0.098452
1629.0          0.098968
1630.0          0.099457
1631.0          0.099917
1632.0          0.10034
1633.0          0.10073
1634.0          0.10108
1635.0          0.10137
1636.0          0.10162
1637.0          0.10180
1638.0          0.10191
1639.0          0.10194
1640.0          0.10187
1641.0          0.10169
1642.0          0.10138
1643.0          0.10092
1644.0          0.10028
1645.0          0.099421
1646.0          0.098291
1647.0          0.096832
1648.0          0.094961
1649.0          0.092564
1650.0          0.089488
1400.0          0.80715
1401.0          0.80658
1402.0          0.80584
1403.0          0.80494
1404.0          0.80385
1405.0          0.80255
1406.0          0.80101
1407.0          0.79922
1408.0          0.79713
1409.0          0.79470
1410.0          0.79190
1411.0          0.78866
1412.0          0.78492
1413.0          0.78059
1414.0          0.77560
1415.0          0.76980
1416.0          0.76306
1417.0          0.75518
1418.0          0.74593
1419.0          0.73501
1420.0          0.72201
1421.0          0.70642
1422.0          0.68752
1423.0          0.66437
1424.0          0.63567
1425.0          0.59960
1426.0          0.55369
1427.0          0.49455
1428.0          0.41797
1429.0          0.31992
1430.0          0.20080
1431.0          0.077447
1432.0          0.0022017
1433.0          0.051074
1434.0          0.23388
1435.0          0.45840
1436.0          0.64196
1437.0          0.76659
1438.0          0.84538
1439.0          0.89431
1440.0          0.92480
1441.0          0.94400
1442.0          0.95619
1443.0          0.96396
1444.0          0.96889
1445.0          0.97198
1446.0          0.97384
1447.0          0.97490
1448.0          0.97542
1449.0          0.97557
1450.0          0.97548
1451.0          0.97524
1452.0          0.97489
1453.0          0.97449
1454.0          0.97406
1455.0          0.97361
1456.0          0.97317
1457.0          0.97273
1458.0          0.97231
1459.0          0.97191
1460.0          0.97154
1461.0          0.97118
1462.0          0.97085
1463.0          0.97055
1464.0          0.97026
1465.0          0.97000
1466.0          0.96976
1467.0          0.96953
1468.0          0.96933
1469.0          0.96914
1470.0          0.96896
1471.0          0.96880
1472.0          0.96865
1473.0          0.96852
1474.0          0.96839
1475.0          0.96828
1476.0          0.96817
1477.0          0.96807
1478.0          0.96798
1479.0          0.96789
1480.0          0.96781
1481.0          0.96773
1482.0          0.96765
1483.0          0.96758
1484.0          0.96751
1485.0          0.96744
1486.0          0.96737
1487.0          0.96730
1488.0          0.96723
1489.0          0.96715
1490.0          0.96708
1491.0          0.96701
1492.0          0.96693
1493.0          0.96685
1494.0          0.96676
1495.0          0.96668
1496.0          0.96658
1497.0          0.96649
1498.0          0.96639
1499.0          0.96628
1500.0          0.96617
1501.0          0.96606
1502.0          0.96594
1503.0          0.96581
1504.0          0.96568
1505.0          0.96554
1506.0          0.96540
1507.0          0.96525
1508.0          0.96509
1509.0          0.96493
1510.0          0.96476
1511.0          0.96458
1512.0          0.96440
1513.0          0.96421
1514.0          0.96401
1515.0          0.96380
1516.0          0.96359
1517.0          0.96337
1518.0          0.96314
1519.0          0.96291
1520.0          0.96266
1521.0          0.96241
1522.0          0.96215
1523.0          0.96189
1524.0          0.96161
1525.0          0.96133
1526.0          0.96104
1527.0          0.96074
1528.0          0.96044
1529.0          0.96012
1530.0          0.95980
1531.0          0.95947
1532.0          0.95914
1533.0          0.95879
1534.0          0.95844
1535.0          0.95808
1536.0          0.95771
1537.0          0.95733
1538.0          0.95695
1539.0          0.95656
1540.0          0.95616
1541.0          0.95575
1542.0          0.95534
1543.0          0.95491
1544.0          0.95448
1545.0          0.95405
1546.0          0.95360
1547.0          0.95315
1548.0          0.95269
1549.0          0.95222
1550.0          0.95174
1551.0          0.95126
1552.0          0.95077
1553.0          0.95028
1554.0          0.94977
1555.0          0.94926
1556.0          0.94875
1557.0          0.94822
1558.0          0.94769
1559.0          0.94715
1560.0          0.94661
1561.0          0.94606
1562.0          0.94550
1563.0          0.94493
1564.0          0.94436
1565.0          0.94379
1566.0          0.94320
1567.0          0.94261
1568.0          0.94202
1569.0          0.94142
1570.0          0.94081
1571.0          0.94020
1572.0          0.93958
1573.0          0.93896
1574.0          0.93833
1575.0          0.93769
1576.0          0.93705
1577.0          0.93641
1578.0          0.93576
1579.0          0.93510
1580.0          0.93444
1581.0          0.93378
1582.0          0.93311
1583.0          0.93244
1584.0          0.93176
1585.0          0.93108
1586.0          0.93040
1587.0          0.92971
1588.0          0.92901
1589.0          0.92832
1590.0          0.92762
1591.0          0.92692
1592.0          0.92621
1593.0          0.92550
1594.0          0.92479
1595.0          0.92408
1596.0          0.92337
1597.0          0.92265
1598.0          0.92193
1599.0          0.92121
1600.0          0.92049
1601.0          0.91977
1602.0          0.91904
1603.0          0.91832
1604.0          0.91760
1605.0          0.91687
1606.0          0.91615
1607.0          0.91543
1608.0          0.91471
1609.0          0.91399
1610.0          0.91328
1611.0          0.91256
1612.0          0.91185
1613.0          0.91115
1614.0          0.91044
1615.0          0.90975
1616.0          0.90905
1617.0          0.90837
1618.0          0.90769
1619.0          0.90702
1620.0          0.90636
1621.0          0.90571
1622.0          0.90507
1623.0          0.90444
1624.0          0.90383
1625.0          0.90323
1626.0          0.90265
1627.0          0.90209
1628.0          0.90155
1629.0          0.90103
1630.0          0.90054
1631.0          0.90008
1632.0          0.89966
1633.0          0.89927
1634.0          0.89892
1635.0          0.89863
1636.0          0.89838
1637.0          0.89820
1638.0          0.89809
1639.0          0.89806
1640.0          0.89813
1641.0          0.89831
1642.0          0.89862
1643.0          0.89908
1644.0          0.89972
1645.0          0.90058
1646.0          0.90171
1647.0          0.90317
1648.0          0.90504
1649.0          0.90744
1650.0          0.91051
1400.0          1.0000
1401.0          1.0000
1402.0          1.0000
1403.0          1.0000
1404.0          1.0000
1405.0          1.0000
1406.0          1.0000
1407.0          1.0000
1408.0          1.0000
1409.0          1.0000
1410.0          1.0000
1411.0          1.0000
1412.0          1.0000
1413.0          1.0000
1414.0          1.0000
1415.0          1.0000
1416.0          1.0000
1417.0          1.0000
1418.0          1.0000
1419.0          1.0000
1420.0          1.0000
1421.0          1.0000
1422.0          1.0000
1423.0          1.0000
1424.0          1.0000
1425.0          1.0000
1426.0          1.0000
1427.0          1.0000
1428.0          1.0000
1429.0          1.0000
1430.0          1.0000
1431.0          1.0000
1432.0          1.0000
1433.0          1.0000
1434.0          1.0000
1435.0          1.0000
1436.0          1.0000
1437.0          1.0000
1438.0          1.0000
1439.0          1.0000
1440.0          1.0000
1441.0          1.0000
1442.0          1.0000
1443.0          1.0000
1444.0          1.0000
1445.0          1.0000
1446.0          1.0000
1447.0          1.0000
1448.0          1.0000
1449.0          1.0000
1450.0          1.0000
1451.0          1.0000
1452.0          1.0000
1453.0          1.0000
1454.0          1.0000
1455.0          1.0000
1456.0          1.0000
1457.0          1.0000
1458.0          1.0000
1459.0          1.0000
1460.0          1.0000
1461.0          1.0000
1462.0          1.0000
1463.0          1.0000
1464.0          1.0000
1465.0          1.0000
1466.0          1.0000
1467.0          1.0000
1468.0          1.0000
1469.0          1.0000
1470.0          1.0000
1471.0          1.0000
1472.0          1.0000
1473.0          1.0000
1474.0          1.0000
1475.0          1.0000
1476.0          1.0000
1477.0          1.0000
1478.0          1.0000
1479.0          1.0000
1480.0          1.0000
1481.0          1.0000
1482.0          1.0000
1483.0          1.0000
1484.0          1.0000
1485.0          1.0000
1486.0          1.0000
1487.0          1.0000
1488.0          1.0000
1489.0          1.0000
1490.0          1.0000
1491.0          1.0000
1492.0          1.0000
1493.0          1.0000
1494.0          1.0000
1495.0          1.0000
1496.0          1.0000
1497.0          1.0000
1498.0          1.0000
1499.0          1.0000
1500.0          1.0000
1501.0          1.0000
1502.0          1.0000
1503.0          1.0000
1504.0          1.0000
1505.0          1.0000
1506.0          1.0000
1507.0          1.0000
1508.0          1.0000
1509.0          1.0000
1510.0          1.0000
1511.0          1.0000
1512.0          1.0000
1513.0          1.0000
1514.0          1.0000
1515.0          1.0000
1516.0          1.0000
1517.0          1.0000
1518.0          1.0000
1519.0          1.0000
1520.0          1.0000
1521.0          1.0000
1522.0          1.0000
1523.0          1.0000
1524.0          1.0000
1525.0          1.0000
1526.0          1.0000
1527.0          1.0000
1528.0          1.0000
1529.0          1.0000
1530.0          1.0000
1531.0          1.0000
1532.0          1.0000
1533.0          1.0000
1534.0          1.0000
1535.0          1.0000
1536.0          1.0000
1537.0          1.0000
1538.0          1.0000
1539.0          1.0000
1540.0          1.0000
1541.0          1.0000
1542.0          1.0000
1543.0          1.0000
1544.0          1.0000
1545.0          1.0000
1546.0          1.0000
1547.0          1.0000
1548.0          1.0000
1549.0          1.0000
1550.0          1.0000
1551.0          1.0000
1552.0          1.0000
1553.0          1.0000
1554.0          1.0000
1555.0          1.0000
1556.0          1.0000
1557.0          1.0000
1558.0          1.0000
1559.0          1.0000
1560.0          1.0000
1561.0          1.0000
1562.0          1.0000
1563.0          1.0000
1564.0          1.0000
1565.0          1.0000
1566.0          1.0000
1567.0          1.0000
1568.0          1.0000
1569.0          1.0000
1570.0          1.0000
1571.0          1.0000
1572.0          1.0000
1573.0          1.0000
1574.0          1.0000
1575.0          1.0000
1576.0          1.0000
1577.0          1.0000
1578.0          1.0000
1579.0          1.0000
1580.0          1.0000
1581.0          1.0000
1582.0          1.0000
1583.0          1.0000
1584.0          1.0000
1585.0          1.0000
1586.0          1.0000
1587.0          1.0000
1588.0          1.0000
1589.0          1.0000
1590.0          1.0000
1591.0          1.0000
1592.0          1.0000
1593.0          1.0000
1594.0          1.0000
1595.0          1.0000
1596.0          1.0000
1597.0          1.0000
1598.0          1.0000
1599.0          1.0000
1600.0          1.0000
1601.0          1.0000
1602.0          1.0000
1603.0          1.0000
1604.0          1.0000
1605.0          1.0000
1606.0          1.0000
1607.0          1.0000
1608.0          1.0000
1609.0          1.0000
1610.0          1.0000
1611.0          1.0000
1612.0          1.0000
1613.0          1.0000
1614.0          1.0000
1615.0          1.0000
1616.0          1.0000
1617.0          1.0000
1618.0          1.0000
1619.0          1.0000
1620.0          1.0000
1621.0          1.0000
1622.0          1.0000
1623.0          1.0000
1624.0          1.0000
1625.0          1.0000
1626.0          1.0000
1627.0          1.0000
1628.0          1.0000
1629.0          1.0000
1630.0          1.0000
1631.0          1.0000
1632.0          1.0000
1633.0          1.0000
1634.0          1.0000
1635.0          1.0000
1636.0          1.0000
1637.0          1.0000
1638.0          1.0000
1639.0          1.0000
1640.0          1.0000
1641.0          1.0000
1642.0          1.0000
1643.0          1.0000
1644.0          1.0000
1645.0          1.0000
1646.0          1.0000
1647.0          1.0000
1648.0          1.0000
1649.0          1.0000
1650.0          1.0000
1400.0          4.2188E-15
1401.0          1.5543E-15
1402.0          -1.9984E-15
1403.0          4.7740E-15
1404.0          0.0000
1405.0          -1.1102E-15
1406.0          -2.2204E-15
1407.0          1.9984E-15
1408.0          2.5535E-15
1409.0          2.6645E-15
1410.0          -3.3307E-15
1411.0          -5.9952E-15
1412.0          1.9984E-15
1413.0          3.1086E-15
1414.0          -2.6645E-15
1415.0          2.6645E-15
1416.0          -4.6629E-15
1417.0          5.5511E-16
1418.0          -1.9984E-15
1419.0          -1.3323E-15
1420.0          -1.9984E-15
1421.0          -8.8818E-16
1422.0          -3.5527E-15
1423.0          -7.5495E-15
1424.0          5.9952E-15
1425.0          2.9976E-15
1426.0          1.4766E-14
1427.0          -1.7097E-14
1428.0          -2.6201E-14
1429.0          -5.9952E-15
1430.0          1.6986E-14
1431.0          3.5749E-14
1432.0          1.4322E-14
1433.0          -4.8850E-15
1434.0          -4.8628E-14
1435.0          3.7748E-15
1436.0          2.9976E-14
1437.0          -2.2204E-16
1438.0          1.1990E-14
1439.0          -6.4393E-15
1440.0          1.9762E-14
1441.0          -2.1094E-14
1442.0          4.3299E-15
1443.0          0.0000
1444.0          1.2434E-14
1445.0          6.7724E-15
1446.0          -9.3259E-15
1447.0          3.4417E-15
1448.0          -5.3291E-15
1449.0          -2.4425E-15
1450.0          2.5535E-15
1451.0          4.4409E-15
1452.0          3.4417E-15
1453.0          1.8874E-15
1454.0          3.7748E-15
1455.0          0.0000
1456.0          4.4409E-16
1457.0          -4.4409E-16
1458.0          2.3315E-15
1459.0          -1.9984E-15
1460.0          -1.9984E-15
1461.0          4.3299E-15
1462.0          -3.1086E-15
1463.0          -1.1102E-15
1464.0          4.4409E-16
1465.0          2.3315E-15
1466.0          1.9984E-15
1467.0          3.2196E-15
1468.0          7.7716E-16
1469.0          2.2204E-16
1470.0          9.9920E-16
1471.0          9.9920E-16
1472.0          7.7716E-16
1473.0          3.3307E-16
1474.0          -4.4409E-16
1475.0          1.2212E-15
1476.0          1.6653E-15
1477.0          1.6653E-15
1478.0          0.0000
1479.0          1.3323E-15
1480.0          -2.2204E-15
1481.0          -1.1102E-15
1482.0          2.6645E-15
1483.0          -6.6613E-16
1484.0          6.6613E-16
1485.0          -1.3323E-15
1486.0          2.2204E-16
1487.0          -1.3323E-15
1488.0          -6.6613E-16
1489.0          -5.7732E-15
1490.0          9.9920E-16
1491.0          -5.7732E-15
1492.0          2.8866E-15
1493.0          -6.6613E-16
1494.0          4.4409E-16
1495.0          1.6653E-15
1496.0          2.2204E-15
1497.0          -2.2204E-16
1498.0          -2.2204E-16
1499.0          -6.6613E-16
1500.0          2.6645E-15
1501.0          -6.6613E-16
1502.0          -4.4409E-16
1503.0          6.6613E-16
1504.0          1.9984E-15
1505.0          -1.7764E-15
1506.0          -1.7764E-15
1507.0          -1.9984E-15
1508.0          3.1086E-15
1509.0          5.5511E-16
1510.0          2.6645E-15
1511.0          8.8818E-16
1512.0          -3.1086E-15
1513.0          -4.4409E-16
1514.0          -4.4409E-16
1515.0          7.7716E-16
1516.0          -4.4409E-16
1517.0          1.6653E-15
1518.0          -1.3323E-15
1519.0          2.9976E-15
1520.0          -2.2204E-16
1521.0          -1.7764E-15
1522.0          -2.2204E-15
1523.0          -8.8818E-16
1524.0          -4.4409E-16
1525.0          1.1102E-16
1526.0          2.2204E-16
1527.0          1.3323E-15
1528.0          1.4433E-15
1529.0          3.2196E-15
1530.0          1.8874E-15
1531.0          5.5511E-16
1532.0          4.4409E-16
1533.0          0.0000
1534.0          1.2212E-15
1535.0          1.7764E-15
1536.0          3.3307E-16
1537.0          1.9984E-15
1538.0          1.9984E-15
1539.0          -3.1086E-15
1540.0          2.7756E-15
1541.0          -1.1102E-15
1542.0          -1.5543E-15
1543.0          5.5511E-16
1544.0          6.6613E-16
1545.0          1.5543E-15
1546.0          -8.8818E-16
1547.0          1.1102E-16
1548.0          -2.2204E-16
1549.0          -2.2204E-16
1550.0          -1.7764E-15
1551.0          -2.6645E-15
1552.0          0.0000
1553.0          1.1102E-16
1554.0          -4.4409E-16
1555.0          -1.9984E-15
1556.0          -4.4409E-16
1557.0          1.6653E-15
1558.0          2.2204E-15
1559.0          2.3315E-15
1560.0          -6.6613E-16
1561.0          5.5511E-16
1562.0          7.7716E-16
1563.0          1.1102E-16
1564.0          1.1102E-16
1565.0          2.2204E-16
1566.0          -2.2204E-16
1567.0          3.3307E-16
1568.0          8.8818E-16
1569.0          -1.1102E-15
1570.0          -1.3323E-15
1571.0          1.1102E-16
1572.0          1.1102E-15
1573.0          -2.8866E-15
1574.0          1.4433E-15
1575.0          -1.3323E-15
1576.0          1.5543E-15
1577.0          1.5543E-15
1578.0          1.3323E-15
1579.0          -2.2204E-16
1580.0          -8.8818E-16
1581.0          2.2204E-16
1582.0          -8.8818E-16
1583.0          -8.8818E-16
1584.0          1.2212E-15
1585.0          -2.2204E-16
1586.0          -2.4425E-15
1587.0          8.8818E-16
1588.0          -1.3323E-15
1589.0          1.1102E-16
1590.0          1.9984E-15
1591.0          -1.7764E-15
1592.0          1.5543E-15
1593.0          7.7716E-16
1594.0          6.6613E-16
1595.0          4.4409E-16
1596.0          2.5535E-15
1597.0          -8.8818E-16
1598.0          8.8818E-16
1599.0          4.4409E-16
1600.0          1.5543E-15
1601.0          1.7764E-15
1602.0          -1.7764E-15
1603.0          -1.5543E-15
1604.0          -2.2204E-16
1605.0          2.3315E-15
1606.0          5.5511E-16
1607.0          -4.4409E-16
1608.0          6.6613E-16
1609.0          -1.5543E-15
1610.0          1.8874E-15
1611.0          -8.8818E-16
1612.0          -1.3323E-15
1613.0          1.3323E-15
1614.0          1.5543E-15
1615.0          -8.8818E-16
1616.0          -1.7764E-15
1617.0          -1.7764E-15
1618.0          1.1102E-15
1619.0          8.8818E-16
1620.0          8.8818E-16
1621.0          8.8818E-16
1622.0          -1.9984E-15
1623.0          -6.6613E-16
1624.0          1.6653E-15
1625.0          1.9984E-15
1626.0          -6.6613E-16
1627.0          -1.7764E-15
1628.0          4.4409E-16
1629.0          1.1102E-15
1630.0          8.8818E-16
1631.0          -8.8818E-16
1632.0          1.8874E-15
1633.0          7.7716E-16
1634.0          -2.2204E-16
1635.0          -2.2204E-16
1636.0          7.7716E-16
1637.0          3.3307E-16
1638.0          -2.2204E-16
1639.0          3.3307E-16
1640.0          1.4433E-15
1641.0          -3.9968E-15
1642.0          2.4425E-15
1643.0          -2.4425E-15
1644.0          1.1102E-15
1645.0          -1.3323E-15
1646.0          -1.3323E-15
1647.0          -1.3323E-15
1648.0          3.9968E-15
1649.0          2.4425E-15
1650.0          -2.8866E-15
