1400.0          0.068957
1401.0          0.069753
1402.0          0.070554
1403.0          0.071361
1404.0          0.072174
1405.0          0.072992
1406.0          0.073816
1407.0          0.074645
1408.0          0.075479
1409.0          0.076318
1410.0          0.077163
1411.0          0.078012
1412.0          0.078866
1413.0          0.079725
1414.0          0.080589
1415.0          0.081457
1416.0          0.082330
1417.0          0.083207
1418.0          0.084088
1419.0          0.084974
1420.0          0.085864
1421.0          0.086758
1422.0          0.087655
1423.0          0.088557
1424.0          0.089462
1425.0          0.090372
1426.0          0.091284
1427.0          0.092201
1428.0          0.093120
1429.0          0.094044
1430.0          0.094970
1431.0          0.095900
1432.0          0.096832
1433.0          0.097768
1434.0          0.098707
1435.0          0.099648
1436.0          0.10059
1437.0          0.10154
1438.0          0.10249
1439.0          0.10344
1440.0          0.10440
1441.0          0.10535
1442.0          0.10631
1443.0          0.10728
1444.0          0.10824
1445.0          0.10921
1446.0          0.11018
1447.0          0.11115
1448.0          0.11212
1449.0          0.11309
1450.0          0.11407
1451.0          0.11505
1452.0          0.11603
1453.0          0.11701
1454.0          0.11799
1455.0          0.11897
1456.0          0.11996
1457.0          0.12095
1458.0          0.12193
1459.0          0.12292
1460.0          0.12391
1461.0          0.12491
1462.0          0.12590
1463.0          0.12689
1464.0          0.12789
1465.0          0.12888
1466.0          0.12988
1467.0          0.13088
1468.0          0.13188
1469.0          0.13287
1470.0          0.13387
1471.0          0.13487
1472.0          0.13587
1473.0          0.13687
1474.0          0.13788
1475.0          0.13888
1476.0          0.13988
1477.0          0.14088
1478.0          0.14188
1479.0          0.14289
1480.0          0.14389
1481.0          0.14489
1482.0          0.14589
1483.0          0.14690
1484.0          0.14790
1485.0          0.14890
1486.0          0.14990
1487.0          0.15090
1488.0          0.15191
1489.0          0.15291
1490.0          0.15391
1491.0          0.15491
1492.0          0.15591
1493.0          0.15691
1494.0          0.15791
1495.0          0.15891
1496.0          0.15991
1497.0          0.16091
1498.0          0.16190
1499.0          0.16290
1500.0          0.16389
1501.0          0.16489
1502.0          0.16588
1503.0          0.16688
1504.0          0.16787
1505.0          0.16886
1506.0          0.16985
1507.0          0.17084
1508.0          0.17183
1509.0          0.17282
1510.0          0.17381
1511.0          0.17479
1512.0          0.17578
1513.0          0.17676
1514.0          0.17774
1515.0          0.17873
1516.0          0.17971
1517.0          0.18069
1518.0          0.18166
1519.0          0.18264
1520.0          0.18361
1521.0          0.18459
1522.0          0.18556
1523.0          0.18653
1524.0          0.18750
1525.0          0.18847
1526.0          0.18944
1527.0          0.19040
1528.0          0.19137
1529.0          0.19233
1530.0          0.19329
1531.0          0.19425
1532.0          0.19521
1533.0          0.19616
1534.0          0.19712
1535.0          0.19807
1536.0          0.19902
1537.0          0.19997
1538.0          0.20092
1539.0          0.20186
1540.0          0.20281
1541.0          0.20375
1542.0          0.20469
1543.0          0.20563
1544.0          0.20657
1545.0          0.20750
1546.0          0.20844
1547.0          0.20937
1548.0          0.21030
1549.0          0.21123
1550.0          0.21215
1551.0          0.21308
1552.0          0.21400
1553.0          0.21492
1554.0          0.21584
1555.0          0.21676
1556.0          0.21767
1557.0          0.21858
1558.0          0.21949
1559.0          0.22040
1560.0          0.22131
1561.0          0.22221
1562.0          0.22312
1563.0          0.22402
1564.0          0.22491
1565.0          0.22581
1566.0          0.22670
1567.0          0.22760
1568.0          0.22849
1569.0          0.22937
1570.0          0.23026
1571.0          0.23114
1572.0          0.23203
1573.0          0.23291
1574.0          0.23378
1575.0          0.23466
1576.0          0.23553
1577.0          0.23640
1578.0          0.23727
1579.0          0.23814
1580.0          0.23900
1581.0          0.23986
1582.0          0.24072
1583.0          0.24158
1584.0          0.24244
1585.0          0.24329
1586.0          0.24414
1587.0          0.24499
1588.0          0.24584
1589.0          0.24668
1590.0          0.24752
1591.0          0.24836
1592.0          0.24920
1593.0          0.25003
1594.0          0.25087
1595.0          0.25170
1596.0          0.25253
1597.0          0.25335
1598.0          0.25418
1599.0          0.25500
1600.0          0.25582
1601.0          0.25663
1602.0          0.25745
1603.0          0.25826
1604.0          0.25907
1605.0          0.25988
1606.0          0.26069
1607.0          0.26149
1608.0          0.26229
1609.0          0.26309
1610.0          0.26389
1611.0          0.26468
1612.0          0.26547
1613.0          0.26626
1614.0          0.26705
1615.0          0.26783
1616.0          0.26862
1617.0          0.26940
1618.0          0.27017
1619.0          0.27095
1620.0          0.27172
1621.0          0.27249
1622.0          0.27326
1623.0          0.27403
1624.0          0.27479
1625.0          0.27556
1626.0          0.27631
1627.0          0.27707
1628.0          0.27783
1629.0          0.27858
1630.0          0.27933
1631.0          0.28008
1632.0          0.28082
1633.0          0.28157
1634.0          0.28231
1635.0          0.28305
1636.0          0.28378
1637.0          0.28452
1638.0          0.28525
1639.0          0.28598
1640.0          0.28671
1641.0          0.28743
1642.0          0.28815
1643.0          0.28887
1644.0          0.28959
1645.0          0.29031
1646.0          0.29102
1647.0          0.29173
1648.0          0.29244
1649.0          0.29315
1650.0          0.29385
1400.0          0.93104
1401.0          0.93025
1402.0          0.92945
1403.0          0.92864
1404.0          0.92783
1405.0          0.92701
1406.0          0.92618
1407.0          0.92536
1408.0          0.92452
1409.0          0.92368
1410.0          0.92284
1411.0          0.92199
1412.0          0.92113
1413.0          0.92027
1414.0          0.91941
1415.0          0.91854
1416.0          0.91767
1417.0          0.91679
1418.0          0.91591
1419.0          0.91503
1420.0          0.91414
1421.0          0.91324
1422.0          0.91234
1423.0          0.91144
1424.0          0.91054
1425.0          0.90963
1426.0          0.90872
1427.0          0.90780
1428.0          0.90688
1429.0          0.90596
1430.0          0.90503
1431.0          0.90410
1432.0          0.90317
1433.0          0.90223
1434.0          0.90129
1435.0          0.90035
1436.0          0.89941
1437.0          0.89846
1438.0          0.89751
1439.0          0.89656
1440.0          0.89560
1441.0          0.89465
1442.0          0.89369
1443.0          0.89272
1444.0          0.89176
1445.0          0.89079
1446.0          0.88982
1447.0          0.88885
1448.0          0.88788
1449.0          0.88691
1450.0          0.88593
1451.0          0.88495
1452.0          0.88397
1453.0          0.88299
1454.0          0.88201
1455.0          0.88103
1456.0          0.88004
1457.0          0.87905
1458.0          0.87807
1459.0          0.87708
1460.0          0.87609
1461.0          0.87509
1462.0          0.87410
1463.0          0.87311
1464.0          0.87211
1465.0          0.87112
1466.0          0.87012
1467.0          0.86912
1468.0          0.86812
1469.0          0.86713
1470.0          0.86613
1471.0          0.86513
1472.0          0.86413
1473.0          0.86313
1474.0          0.86212
1475.0          0.86112
1476.0          0.86012
1477.0          0.85912
1478.0          0.85812
1479.0          0.85711
1480.0          0.85611
1481.0          0.85511
1482.0          0.85411
1483.0          0.85310
1484.0          0.85210
1485.0          0.85110
1486.0          0.85010
1487.0          0.84910
1488.0          0.84809
1489.0          0.84709
1490.0          0.84609
1491.0          0.84509
1492.0          0.84409
1493.0          0.84309
1494.0          0.84209
1495.0          0.84109
1496.0          0.84009
1497.0          0.83909
1498.0          0.83810
1499.0          0.83710
1500.0          0.83611
1501.0          0.83511
1502.0          0.83412
1503.0          0.83312
1504.0          0.83213
1505.0          0.83114
1506.0          0.83015
1507.0          0.82916
1508.0          0.82817
1509.0          0.82718
1510.0          0.82619
1511.0          0.82521
1512.0          0.82422
1513.0          0.82324
1514.0          0.82226
1515.0          0.82127
1516.0          0.82029
1517.0          0.81931
1518.0          0.81834
1519.0          0.81736
1520.0          0.81639
1521.0          0.81541
1522.0          0.81444
1523.0          0.81347
1524.0          0.81250
1525.0          0.81153
1526.0          0.81056
1527.0          0.80960
1528.0          0.80863
1529.0          0.80767
1530.0          0.80671
1531.0          0.80575
1532.0          0.80479
1533.0          0.80384
1534.0          0.80288
1535.0          0.80193
1536.0          0.80098
1537.0          0.80003
1538.0          0.79908
1539.0          0.79814
1540.0          0.79719
1541.0          0.79625
1542.0          0.79531
1543.0          0.79437
1544.0          0.79343
1545.0          0.79250
1546.0          0.79156
1547.0          0.79063
1548.0          0.78970
1549.0          0.78877
1550.0          0.78785
1551.0          0.78692
1552.0          0.78600
1553.0          0.78508
1554.0          0.78416
1555.0          0.78324
1556.0          0.78233
1557.0          0.78142
1558.0          0.78051
1559.0          0.77960
1560.0          0.77869
1561.0          0.77779
1562.0          0.77688
1563.0          0.77598
1564.0          0.77509
1565.0          0.77419
1566.0          0.77330
1567.0          0.77240
1568.0          0.77151
1569.0          0.77063
1570.0          0.76974
1571.0          0.76886
1572.0          0.76797
1573.0          0.76709
1574.0          0.76622
1575.0          0.76534
1576.0          0.76447
1577.0          0.76360
1578.0          0.76273
1579.0          0.76186
1580.0          0.76100
1581.0          0.76014
1582.0          0.75928
1583.0          0.75842
1584.0          0.75756
1585.0          0.75671
1586.0          0.75586
1587.0          0.75501
1588.0          0.75416
1589.0          0.75332
1590.0          0.75248
1591.0          0.75164
1592.0          0.75080
1593.0          0.74997
1594.0          0.74913
1595.0          0.74830
1596.0          0.74747
1597.0          0.74665
1598.0          0.74582
1599.0          0.74500
1600.0          0.74418
1601.0          0.74337
1602.0          0.74255
1603.0          0.74174
1604.0          0.74093
1605.0          0.74012
1606.0          0.73931
1607.0          0.73851
1608.0          0.73771
1609.0          0.73691
1610.0          0.73611
1611.0          0.73532
1612.0          0.73453
1613.0          0.73374
1614.0          0.73295
1615.0          0.73217
1616.0          0.73138
1617.0          0.73060
1618.0          0.72983
1619.0          0.72905
1620.0          0.72828
1621.0          0.72751
1622.0          0.72674
1623.0          0.72597
1624.0          0.72521
1625.0          0.72444
1626.0          0.72369
1627.0          0.72293
1628.0          0.72217
1629.0          0.72142
1630.0          0.72067
1631.0          0.71992
1632.0          0.71918
1633.0          0.71843
1634.0          0.71769
1635.0          0.71695
1636.0          0.71622
1637.0          0.71548
1638.0          0.71475
1639.0          0.71402
1640.0          0.71329
1641.0          0.71257
1642.0          0.71185
1643.0          0.71113
1644.0          0.71041
1645.0          0.70969
1646.0          0.70898
1647.0          0.70827
1648.0          0.70756
1649.0          0.70685
1650.0          0.70615
1400.0          1.0000
1401.0          1.0000
1402.0          1.0000
1403.0          1.0000
1404.0          1.0000
1405.0          1.0000
1406.0          1.0000
1407.0          1.0000
1408.0          1.0000
1409.0          1.0000
1410.0          1.0000
1411.0          1.0000
1412.0          1.0000
1413.0          1.0000
1414.0          1.0000
1415.0          1.0000
1416.0          1.0000
1417.0          1.0000
1418.0          1.0000
1419.0          1.0000
1420.0          1.0000
1421.0          1.0000
1422.0          1.0000
1423.0          1.0000
1424.0          1.0000
1425.0          1.0000
1426.0          1.0000
1427.0          1.0000
1428.0          1.0000
1429.0          1.0000
1430.0          1.0000
1431.0          1.0000
1432.0          1.0000
1433.0          1.0000
1434.0          1.0000
1435.0          1.0000
1436.0          1.0000
1437.0          1.0000
1438.0          1.0000
1439.0          1.0000
1440.0          1.0000
1441.0          1.0000
1442.0          1.0000
1443.0          1.0000
1444.0          1.0000
1445.0          1.0000
1446.0          1.0000
1447.0          1.0000
1448.0          1.0000
1449.0          1.0000
1450.0          1.0000
1451.0          1.0000
1452.0          1.0000
1453.0          1.0000
1454.0          1.0000
1455.0          1.0000
1456.0          1.0000
1457.0          1.0000
1458.0          1.0000
1459.0          1.0000
1460.0          1.0000
1461.0          1.0000
1462.0          1.0000
1463.0          1.0000
1464.0          1.0000
1465.0          1.0000
1466.0          1.0000
1467.0          1.0000
1468.0          1.0000
1469.0          1.0000
1470.0          1.0000
1471.0          1.0000
1472.0          1.0000
1473.0          1.0000
1474.0          1.0000
1475.0          1.0000
1476.0          1.0000
1477.0          1.0000
1478.0          1.0000
1479.0          1.0000
1480.0          1.0000
1481.0          1.0000
1482.0          1.0000
1483.0          1.0000
1484.0          1.0000
1485.0          1.0000
1486.0          1.0000
1487.0          1.0000
1488.0          1.0000
1489.0          1.0000
1490.0          1.0000
1491.0          1.0000
1492.0          1.0000
1493.0          1.0000
1494.0          1.0000
1495.0          1.0000
1496.0          1.0000
1497.0          1.0000
1498.0          1.0000
1499.0          1.0000
1500.0          1.0000
1501.0          1.0000
1502.0          1.0000
1503.0          1.0000
1504.0          1.0000
1505.0          1.0000
1506.0          1.0000
1507.0          1.0000
1508.0          1.0000
1509.0          1.0000
1510.0          1.0000
1511.0          1.0000
1512.0          1.0000
1513.0          1.0000
1514.0          1.0000
1515.0          1.0000
1516.0          1.0000
1517.0          1.0000
1518.0          1.0000
1519.0          1.0000
1520.0          1.0000
1521.0          1.0000
1522.0          1.0000
1523.0          1.0000
1524.0          1.0000
1525.0          1.0000
1526.0          1.0000
1527.0          1.0000
1528.0          1.0000
1529.0          1.0000
1530.0          1.0000
1531.0          1.0000
1532.0          1.0000
1533.0          1.0000
1534.0          1.0000
1535.0          1.0000
1536.0          1.0000
1537.0          1.0000
1538.0          1.0000
1539.0          1.0000
1540.0          1.0000
1541.0          1.0000
1542.0          1.0000
1543.0          1.0000
1544.0          1.0000
1545.0          1.0000
1546.0          1.0000
1547.0          1.0000
1548.0          1.0000
1549.0          1.0000
1550.0          1.0000
1551.0          1.0000
1552.0          1.0000
1553.0          1.0000
1554.0          1.0000
1555.0          1.0000
1556.0          1.0000
1557.0          1.0000
1558.0          1.0000
1559.0          1.0000
1560.0          1.0000
1561.0          1.0000
1562.0          1.0000
1563.0          1.0000
1564.0          1.0000
1565.0          1.0000
1566.0          1.0000
1567.0          1.0000
1568.0          1.0000
1569.0          1.0000
1570.0          1.0000
1571.0          1.0000
1572.0          1.0000
1573.0          1.0000
1574.0          1.0000
1575.0          1.0000
1576.0          1.0000
1577.0          1.0000
1578.0          1.0000
1579.0          1.0000
1580.0          1.0000
1581.0          1.0000
1582.0          1.0000
1583.0          1.0000
1584.0          1.0000
1585.0          1.0000
1586.0          1.0000
1587.0          1.0000
1588.0          1.0000
1589.0          1.0000
1590.0          1.0000
1591.0          1.0000
1592.0          1.0000
1593.0          1.0000
1594.0          1.0000
1595.0          1.0000
1596.0          1.0000
1597.0          1.0000
1598.0          1.0000
1599.0          1.0000
1600.0          1.0000
1601.0          1.0000
1602.0          1.0000
1603.0          1.0000
1604.0          1.0000
1605.0          1.0000
1606.0          1.0000
1607.0          1.0000
1608.0          1.0000
1609.0          1.0000
1610.0          1.0000
1611.0          1.0000
1612.0          1.0000
1613.0          1.0000
1614.0          1.0000
1615.0          1.0000
1616.0          1.0000
1617.0          1.0000
1618.0          1.0000
1619.0          1.0000
1620.0          1.0000
1621.0          1.0000
1622.0          1.0000
1623.0          1.0000
1624.0          1.0000
1625.0          1.0000
1626.0          1.0000
1627.0          1.0000
1628.0          1.0000
1629.0          1.0000
1630.0          1.0000
1631.0          1.0000
1632.0          1.0000
1633.0          1.0000
1634.0          1.0000
1635.0          1.0000
1636.0          1.0000
1637.0          1.0000
1638.0          1.0000
1639.0          1.0000
1640.0          1.0000
1641.0          1.0000
1642.0          1.0000
1643.0          1.0000
1644.0          1.0000
1645.0          1.0000
1646.0          1.0000
1647.0          1.0000
1648.0          1.0000
1649.0          1.0000
1650.0          1.0000
1400.0          1.5543E-15
1401.0          1.4433E-15
1402.0          0.0000
1403.0          -3.7748E-15
1404.0          0.0000
1405.0          0.0000
1406.0          -8.8818E-16
1407.0          1.7764E-15
1408.0          -2.2204E-16
1409.0          8.8818E-16
1410.0          -1.5543E-15
1411.0          2.2204E-16
1412.0          -8.8818E-16
1413.0          8.8818E-16
1414.0          -2.8866E-15
1415.0          -1.7764E-15
1416.0          -3.9968E-15
1417.0          9.9920E-16
1418.0          -1.3323E-15
1419.0          6.6613E-16
1420.0          0.0000
1421.0          2.7756E-15
1422.0          -6.6613E-16
1423.0          0.0000
1424.0          -2.6645E-15
1425.0          2.3315E-15
1426.0          2.1094E-15
1427.0          -3.5527E-15
1428.0          -3.1086E-15
1429.0          1.1102E-16
1430.0          -1.9984E-15
1431.0          -2.2204E-16
1432.0          -2.8866E-15
1433.0          8.8818E-16
1434.0          -4.4409E-16
1435.0          -1.3323E-15
1436.0          -1.5543E-15
1437.0          -1.3323E-15
1438.0          3.1086E-15
1439.0          -8.8818E-16
1440.0          5.5511E-16
1441.0          -1.5543E-15
1442.0          1.3323E-15
1443.0          5.5511E-16
1444.0          -2.4425E-15
1445.0          -1.1102E-15
1446.0          1.9984E-15
1447.0          -1.1102E-15
1448.0          1.9984E-15
1449.0          -4.2188E-15
1450.0          1.2212E-15
1451.0          2.2204E-15
1452.0          5.5511E-16
1453.0          2.2204E-15
1454.0          -8.8818E-16
1455.0          7.7716E-16
1456.0          -2.2204E-15
1457.0          1.8874E-15
1458.0          -1.1102E-15
1459.0          0.0000
1460.0          -4.4409E-16
1461.0          -2.2204E-16
1462.0          3.3307E-16
1463.0          -8.8818E-16
1464.0          -2.2204E-15
1465.0          1.1102E-15
1466.0          6.6613E-16
1467.0          1.1102E-16
1468.0          0.0000
1469.0          4.4409E-16
1470.0          -1.5543E-15
1471.0          -1.3323E-15
1472.0          0.0000
1473.0          -6.6613E-16
1474.0          -4.4409E-16
1475.0          -1.1102E-15
1476.0          -8.8818E-16
1477.0          7.7716E-16
1478.0          2.8866E-15
1479.0          1.1102E-15
1480.0          6.6613E-16
1481.0          -8.8818E-16
1482.0          -1.1102E-15
1483.0          7.7716E-16
1484.0          0.0000
1485.0          1.1102E-16
1486.0          7.7716E-16
1487.0          -6.6613E-16
1488.0          -1.7764E-15
1489.0          1.3323E-15
1490.0          1.4433E-15
1491.0          8.8818E-16
1492.0          -4.4409E-16
1493.0          5.5511E-16
1494.0          -1.1102E-15
1495.0          2.4425E-15
1496.0          1.1102E-16
1497.0          1.6653E-15
1498.0          3.4417E-15
1499.0          2.7756E-15
1500.0          1.4433E-15
1501.0          -1.3323E-15
1502.0          2.2204E-16
1503.0          -8.8818E-16
1504.0          0.0000
1505.0          4.4409E-16
1506.0          1.2212E-15
1507.0          7.7716E-16
1508.0          5.5511E-16
1509.0          -3.5527E-15
1510.0          -8.8818E-16
1511.0          -3.5527E-15
1512.0          -2.2204E-15
1513.0          -4.4409E-16
1514.0          3.3307E-16
1515.0          -1.5543E-15
1516.0          -1.9984E-15
1517.0          -4.4409E-16
1518.0          -4.4409E-16
1519.0          -6.6613E-16
1520.0          -2.2204E-15
1521.0          -1.3323E-15
1522.0          0.0000
1523.0          -1.3323E-15
1524.0          1.3323E-15
1525.0          -1.3323E-15
1526.0          1.9984E-15
1527.0          2.9976E-15
1528.0          -1.9984E-15
1529.0          3.2196E-15
1530.0          4.9960E-15
1531.0          -1.5543E-15
1532.0          2.8866E-15
1533.0          3.9968E-15
1534.0          -2.8866E-15
1535.0          7.7716E-16
1536.0          5.9952E-15
1537.0          -3.1086E-15
1538.0          -2.2204E-16
1539.0          -2.6645E-15
1540.0          1.3323E-15
1541.0          6.6613E-16
1542.0          9.9920E-16
1543.0          -6.6613E-16
1544.0          2.2204E-15
1545.0          3.7748E-15
1546.0          4.4409E-16
1547.0          9.9920E-16
1548.0          -2.2204E-15
1549.0          0.0000
1550.0          2.7756E-15
1551.0          1.9984E-15
1552.0          -4.4409E-16
1553.0          1.7764E-15
1554.0          -4.4409E-16
1555.0          1.3323E-15
1556.0          -2.4425E-15
1557.0          0.0000
1558.0          -3.3307E-15
1559.0          1.1102E-15
1560.0          4.4409E-15
1561.0          1.6653E-15
1562.0          -1.3323E-15
1563.0          -3.9968E-15
1564.0          -6.6613E-16
1565.0          1.9984E-15
1566.0          3.4417E-15
1567.0          1.1102E-15
1568.0          9.9920E-16
1569.0          -1.3323E-15
1570.0          2.2204E-16
1571.0          4.2188E-15
1572.0          0.0000
1573.0          -2.2204E-16
1574.0          -1.9984E-15
1575.0          2.6645E-15
1576.0          5.5511E-16
1577.0          3.6637E-15
1578.0          2.9976E-15
1579.0          -4.2188E-15
1580.0          2.2204E-16
1581.0          3.1086E-15
1582.0          -2.6645E-15
1583.0          6.6613E-16
1584.0          -4.4409E-16
1585.0          -2.8866E-15
1586.0          -1.5543E-15
1587.0          3.3307E-16
1588.0          9.9920E-16
1589.0          2.2204E-16
1590.0          2.4425E-15
1591.0          1.3323E-15
1592.0          1.4433E-15
1593.0          5.5511E-16
1594.0          -2.4425E-15
1595.0          1.6653E-15
1596.0          1.7764E-15
1597.0          2.2204E-15
1598.0          -1.3323E-15
1599.0          0.0000
1600.0          1.9984E-15
1601.0          -3.5527E-15
1602.0          1.7764E-15
1603.0          6.6613E-16
1604.0          1.6653E-15
1605.0          -8.8818E-16
1606.0          -1.7764E-15
1607.0          -2.2204E-16
1608.0          1.5543E-15
1609.0          -2.4425E-15
1610.0          4.1078E-15
1611.0          -2.6645E-15
1612.0          0.0000
1613.0          1.5543E-15
1614.0          0.0000
1615.0          3.5527E-15
1616.0          1.3323E-15
1617.0          0.0000
1618.0          1.2212E-15
1619.0          2.2204E-16
1620.0          3.5527E-15
1621.0          0.0000
1622.0          -1.3323E-15
1623.0          1.1102E-15
1624.0          0.0000
1625.0          -1.3323E-15
1626.0          8.8818E-16
1627.0          2.4425E-15
1628.0          3.3307E-16
1629.0          3.2196E-15
1630.0          -4.4409E-15
1631.0          -4.4409E-15
1632.0          2.9976E-15
1633.0          9.9920E-16
1634.0          1.3323E-15
1635.0          1.9984E-15
1636.0          -4.4409E-16
1637.0          4.4409E-16
1638.0          -2.2204E-15
1639.0          1.1102E-15
1640.0          -4.4409E-16
1641.0          -4.4409E-16
1642.0          0.0000
1643.0          2.2204E-16
1644.0          2.2204E-16
1645.0          2.8866E-15
1646.0          -2.2204E-15
1647.0          -2.4425E-15
1648.0          -6.6613E-16
1649.0          8.8818E-16
1650.0          -2.2204E-16
