1400.0          0.30139
1401.0          0.30251
1402.0          0.30364
1403.0          0.30475
1404.0          0.30586
1405.0          0.30696
1406.0          0.30805
1407.0          0.30914
1408.0          0.31022
1409.0          0.31130
1410.0          0.31236
1411.0          0.31343
1412.0          0.31448
1413.0          0.31553
1414.0          0.31657
1415.0          0.31761
1416.0          0.31864
1417.0          0.31966
1418.0          0.32068
1419.0          0.32169
1420.0          0.32269
1421.0          0.32369
1422.0          0.32468
1423.0          0.32567
1424.0          0.32665
1425.0          0.32762
1426.0          0.32859
1427.0          0.32955
1428.0          0.33051
1429.0          0.33146
1430.0          0.33240
1431.0          0.33334
1432.0          0.33427
1433.0          0.33519
1434.0          0.33611
1435.0          0.33703
1436.0          0.33794
1437.0          0.33884
1438.0          0.33973
1439.0          0.34063
1440.0          0.34151
1441.0          0.34239
1442.0          0.34326
1443.0          0.34413
1444.0          0.34499
1445.0          0.34585
1446.0          0.34670
1447.0          0.34755
1448.0          0.34839
1449.0          0.34922
1450.0          0.35005
1451.0          0.35087
1452.0          0.35169
1453.0          0.35250
1454.0          0.35331
1455.0          0.35411
1456.0          0.35491
1457.0          0.35570
1458.0          0.35649
1459.0          0.35727
1460.0          0.35804
1461.0          0.35882
1462.0          0.35958
1463.0          0.36034
1464.0          0.36110
1465.0          0.36185
1466.0          0.36259
1467.0          0.36333
1468.0          0.36407
1469.0          0.36480
1470.0          0.36552
1471.0          0.36624
1472.0          0.36696
1473.0          0.36767
1474.0          0.36838
1475.0          0.36908
1476.0          0.36977
1477.0          0.37047
1478.0          0.37115
1479.0          0.37184
1480.0          0.37251
1481.0          0.37319
1482.0          0.37385
1483.0          0.37452
1484.0          0.37518
1485.0          0.37583
1486.0          0.37648
1487.0          0.37713
1488.0          0.37777
1489.0          0.37841
1490.0          0.37904
1491.0          0.37967
1492.0          0.38029
1493.0          0.38091
1494.0          0.38153
1495.0          0.38214
1496.0          0.38274
1497.0          0.38335
1498.0          0.38394
1499.0          0.38454
1500.0          0.38513
1501.0          0.38571
1502.0          0.38630
1503.0          0.38687
1504.0          0.38745
1505.0          0.38802
1506.0          0.38858
1507.0          0.38914
1508.0          0.38970
1509.0          0.39025
1510.0          0.39080
1511.0          0.39135
1512.0          0.39189
1513.0          0.39243
1514.0          0.39296
1515.0          0.39349
1516.0          0.39402
1517.0          0.39454
1518.0          0.39506
1519.0          0.39558
1520.0          0.39609
1521.0          0.39660
1522.0          0.39710
1523.0          0.39760
1524.0          0.39810
1525.0          0.39859
1526.0          0.39908
1527.0          0.39957
1528.0          0.40005
1529.0          0.40053
1530.0          0.40100
1531.0          0.40148
1532.0          0.40195
1533.0          0.40241
1534.0          0.40287
1535.0          0.40333
1536.0          0.40379
1537.0          0.40424
1538.0          0.40469
1539.0          0.40513
1540.0          0.40557
1541.0          0.40601
1542.0          0.40645
1543.0          0.40688
1544.0          0.40731
1545.0          0.40774
1546.0          0.40816
1547.0          0.40858
1548.0          0.40899
1549.0          0.40941
1550.0          0.40982
1551.0          0.41023
1552.0          0.41063
1553.0          0.41103
1554.0          0.41143
1555.0          0.41182
1556.0          0.41222
1557.0          0.41260
1558.0          0.41299
1559.0          0.41337
1560.0          0.41375
1561.0          0.41413
1562.0          0.41451
1563.0          0.41488
1564.0          0.41525
1565.0          0.41561
1566.0          0.41598
1567.0          0.41634
1568.0          0.41669
1569.0          0.41705
1570.0          0.41740
1571.0          0.41775
1572.0          0.41810
1573.0          0.41844
1574.0          0.41878
1575.0          0.41912
1576.0          0.41946
1577.0          0.41979
1578.0          0.42012
1579.0          0.42045
1580.0          0.42077
1581.0          0.42110
1582.0          0.42142
1583.0          0.42173
1584.0          0.42205
1585.0          0.42236
1586.0          0.42267
1587.0          0.42298
1588.0          0.42328
1589.0          0.42359
1590.0          0.42389
1591.0          0.42419
1592.0          0.42448
1593.0          0.42477
1594.0          0.42506
1595.0          0.42535
1596.0          0.42564
1597.0          0.42592
1598.0          0.42620
1599.0          0.42648
1600.0          0.42676
1601.0          0.42703
1602.0          0.42731
1603.0          0.42758
1604.0          0.42784
1605.0          0.42811
1606.0          0.42837
1607.0          0.42863
1608.0          0.42889
1609.0          0.42915
1610.0          0.42940
1611.0          0.42966
1612.0          0.42991
1613.0          0.43015
1614.0          0.43040
1615.0          0.43064
1616.0          0.43089
1617.0          0.43113
1618.0          0.43136
1619.0          0.43160
1620.0          0.43183
1621.0          0.43206
1622.0          0.43229
1623.0          0.43252
1624.0          0.43275
1625.0          0.43297
1626.0          0.43319
1627.0          0.43341
1628.0          0.43363
1629.0          0.43384
1630.0          0.43406
1631.0          0.43427
1632.0          0.43448
1633.0          0.43469
1634.0          0.43489
1635.0          0.43510
1636.0          0.43530
1637.0          0.43550
1638.0          0.43570
1639.0          0.43590
1640.0          0.43609
1641.0          0.43628
1642.0          0.43647
1643.0          0.43666
1644.0          0.43685
1645.0          0.43704
1646.0          0.43722
1647.0          0.43741
1648.0          0.43759
1649.0          0.43776
1650.0          0.43794
1400.0          0.69861
1401.0          0.69749
1402.0          0.69636
1403.0          0.69525
1404.0          0.69414
1405.0          0.69304
1406.0          0.69195
1407.0          0.69086
1408.0          0.68978
1409.0          0.68870
1410.0          0.68764
1411.0          0.68657
1412.0          0.68552
1413.0          0.68447
1414.0          0.68343
1415.0          0.68239
1416.0          0.68136
1417.0          0.68034
1418.0          0.67932
1419.0          0.67831
1420.0          0.67731
1421.0          0.67631
1422.0          0.67532
1423.0          0.67433
1424.0          0.67335
1425.0          0.67238
1426.0          0.67141
1427.0          0.67045
1428.0          0.66949
1429.0          0.66854
1430.0          0.66760
1431.0          0.66666
1432.0          0.66573
1433.0          0.66481
1434.0          0.66389
1435.0          0.66297
1436.0          0.66206
1437.0          0.66116
1438.0          0.66027
1439.0          0.65937
1440.0          0.65849
1441.0          0.65761
1442.0          0.65674
1443.0          0.65587
1444.0          0.65501
1445.0          0.65415
1446.0          0.65330
1447.0          0.65245
1448.0          0.65161
1449.0          0.65078
1450.0          0.64995
1451.0          0.64913
1452.0          0.64831
1453.0          0.64750
1454.0          0.64669
1455.0          0.64589
1456.0          0.64509
1457.0          0.64430
1458.0          0.64351
1459.0          0.64273
1460.0          0.64196
1461.0          0.64118
1462.0          0.64042
1463.0          0.63966
1464.0          0.63890
1465.0          0.63815
1466.0          0.63741
1467.0          0.63667
1468.0          0.63593
1469.0          0.63520
1470.0          0.63448
1471.0          0.63376
1472.0          0.63304
1473.0          0.63233
1474.0          0.63162
1475.0          0.63092
1476.0          0.63023
1477.0          0.62953
1478.0          0.62885
1479.0          0.62816
1480.0          0.62749
1481.0          0.62681
1482.0          0.62615
1483.0          0.62548
1484.0          0.62482
1485.0          0.62417
1486.0          0.62352
1487.0          0.62287
1488.0          0.62223
1489.0          0.62159
1490.0          0.62096
1491.0          0.62033
1492.0          0.61971
1493.0          0.61909
1494.0          0.61847
1495.0          0.61786
1496.0          0.61726
1497.0          0.61665
1498.0          0.61606
1499.0          0.61546
1500.0          0.61487
1501.0          0.61429
1502.0          0.61370
1503.0          0.61313
1504.0          0.61255
1505.0          0.61198
1506.0          0.61142
1507.0          0.61086
1508.0          0.61030
1509.0          0.60975
1510.0          0.60920
1511.0          0.60865
1512.0          0.60811
1513.0          0.60757
1514.0          0.60704
1515.0          0.60651
1516.0          0.60598
1517.0          0.60546
1518.0          0.60494
1519.0          0.60442
1520.0          0.60391
1521.0          0.60340
1522.0          0.60290
1523.0          0.60240
1524.0          0.60190
1525.0          0.60141
1526.0          0.60092
1527.0          0.60043
1528.0          0.59995
1529.0          0.59947
1530.0          0.59900
1531.0          0.59852
1532.0          0.59805
1533.0          0.59759
1534.0          0.59713
1535.0          0.59667
1536.0          0.59621
1537.0          0.59576
1538.0          0.59531
1539.0          0.59487
1540.0          0.59443
1541.0          0.59399
1542.0          0.59355
1543.0          0.59312
1544.0          0.59269
1545.0          0.59226
1546.0          0.59184
1547.0          0.59142
1548.0          0.59101
1549.0          0.59059
1550.0          0.59018
1551.0          0.58977
1552.0          0.58937
1553.0          0.58897
1554.0          0.58857
1555.0          0.58818
1556.0          0.58778
1557.0          0.58740
1558.0          0.58701
1559.0          0.58663
1560.0          0.58625
1561.0          0.58587
1562.0          0.58549
1563.0          0.58512
1564.0          0.58475
1565.0          0.58439
1566.0          0.58402
1567.0          0.58366
1568.0          0.58331
1569.0          0.58295
1570.0          0.58260
1571.0          0.58225
1572.0          0.58190
1573.0          0.58156
1574.0          0.58122
1575.0          0.58088
1576.0          0.58054
1577.0          0.58021
1578.0          0.57988
1579.0          0.57955
1580.0          0.57923
1581.0          0.57890
1582.0          0.57858
1583.0          0.57827
1584.0          0.57795
1585.0          0.57764
1586.0          0.57733
1587.0          0.57702
1588.0          0.57672
1589.0          0.57641
1590.0          0.57611
1591.0          0.57581
1592.0          0.57552
1593.0          0.57523
1594.0          0.57494
1595.0          0.57465
1596.0          0.57436
1597.0          0.57408
1598.0          0.57380
1599.0          0.57352
1600.0          0.57324
1601.0          0.57297
1602.0          0.57269
1603.0          0.57242
1604.0          0.57216
1605.0          0.57189
1606.0          0.57163
1607.0          0.57137
1608.0          0.57111
1609.0          0.57085
1610.0          0.57060
1611.0          0.57034
1612.0          0.57009
1613.0          0.56985
1614.0          0.56960
1615.0          0.56936
1616.0          0.56911
1617.0          0.56887
1618.0          0.56864
1619.0          0.56840
1620.0          0.56817
1621.0          0.56794
1622.0          0.56771
1623.0          0.56748
1624.0          0.56725
1625.0          0.56703
1626.0          0.56681
1627.0          0.56659
1628.0          0.56637
1629.0          0.56616
1630.0          0.56594
1631.0          0.56573
1632.0          0.56552
1633.0          0.56531
1634.0          0.56511
1635.0          0.56490
1636.0          0.56470
1637.0          0.56450
1638.0          0.56430
1639.0          0.56410
1640.0          0.56391
1641.0          0.56372
1642.0          0.56353
1643.0          0.56334
1644.0          0.56315
1645.0          0.56296
1646.0          0.56278
1647.0          0.56259
1648.0          0.56241
1649.0          0.56224
1650.0          0.56206
1400.0          1.0000
1401.0          1.0000
1402.0          1.0000
1403.0          1.0000
1404.0          1.0000
1405.0          1.0000
1406.0          1.0000
1407.0          1.0000
1408.0          1.0000
1409.0          1.0000
1410.0          1.0000
1411.0          1.0000
1412.0          1.0000
1413.0          1.0000
1414.0          1.0000
1415.0          1.0000
1416.0          1.0000
1417.0          1.0000
1418.0          1.0000
1419.0          1.0000
1420.0          1.0000
1421.0          1.0000
1422.0          1.0000
1423.0          1.0000
1424.0          1.0000
1425.0          1.0000
1426.0          1.0000
1427.0          1.0000
1428.0          1.0000
1429.0          1.0000
1430.0          1.0000
1431.0          1.0000
1432.0          1.0000
1433.0          1.0000
1434.0          1.0000
1435.0          1.0000
1436.0          1.0000
1437.0          1.0000
1438.0          1.0000
1439.0          1.0000
1440.0          1.0000
1441.0          1.0000
1442.0          1.0000
1443.0          1.0000
1444.0          1.0000
1445.0          1.0000
1446.0          1.0000
1447.0          1.0000
1448.0          1.0000
1449.0          1.0000
1450.0          1.0000
1451.0          1.0000
1452.0          1.0000
1453.0          1.0000
1454.0          1.0000
1455.0          1.0000
1456.0          1.0000
1457.0          1.0000
1458.0          1.0000
1459.0          1.0000
1460.0          1.0000
1461.0          1.0000
1462.0          1.0000
1463.0          1.0000
1464.0          1.0000
1465.0          1.0000
1466.0          1.0000
1467.0          1.0000
1468.0          1.0000
1469.0          1.0000
1470.0          1.0000
1471.0          1.0000
1472.0          1.0000
1473.0          1.0000
1474.0          1.0000
1475.0          1.0000
1476.0          1.0000
1477.0          1.0000
1478.0          1.0000
1479.0          1.0000
1480.0          1.0000
1481.0          1.0000
1482.0          1.0000
1483.0          1.0000
1484.0          1.0000
1485.0          1.0000
1486.0          1.0000
1487.0          1.0000
1488.0          1.0000
1489.0          1.0000
1490.0          1.0000
1491.0          1.0000
1492.0          1.0000
1493.0          1.0000
1494.0          1.0000
1495.0          1.0000
1496.0          1.0000
1497.0          1.0000
1498.0          1.0000
1499.0          1.0000
1500.0          1.0000
1501.0          1.0000
1502.0          1.0000
1503.0          1.0000
1504.0          1.0000
1505.0          1.0000
1506.0          1.0000
1507.0          1.0000
1508.0          1.0000
1509.0          1.0000
1510.0          1.0000
1511.0          1.0000
1512.0          1.0000
1513.0          1.0000
1514.0          1.0000
1515.0          1.0000
1516.0          1.0000
1517.0          1.0000
1518.0          1.0000
1519.0          1.0000
1520.0          1.0000
1521.0          1.0000
1522.0          1.0000
1523.0          1.0000
1524.0          1.0000
1525.0          1.0000
1526.0          1.0000
1527.0          1.0000
1528.0          1.0000
1529.0          1.0000
1530.0          1.0000
1531.0          1.0000
1532.0          1.0000
1533.0          1.0000
1534.0          1.0000
1535.0          1.0000
1536.0          1.0000
1537.0          1.0000
1538.0          1.0000
1539.0          1.0000
1540.0          1.0000
1541.0          1.0000
1542.0          1.0000
1543.0          1.0000
1544.0          1.0000
1545.0          1.0000
1546.0          1.0000
1547.0          1.0000
1548.0          1.0000
1549.0          1.0000
1550.0          1.0000
1551.0          1.0000
1552.0          1.0000
1553.0          1.0000
1554.0          1.0000
1555.0          1.0000
1556.0          1.0000
1557.0          1.0000
1558.0          1.0000
1559.0          1.0000
1560.0          1.0000
1561.0          1.0000
1562.0          1.0000
1563.0          1.0000
1564.0          1.0000
1565.0          1.0000
1566.0          1.0000
1567.0          1.0000
1568.0          1.0000
1569.0          1.0000
1570.0          1.0000
1571.0          1.0000
1572.0          1.0000
1573.0          1.0000
1574.0          1.0000
1575.0          1.0000
1576.0          1.0000
1577.0          1.0000
1578.0          1.0000
1579.0          1.0000
1580.0          1.0000
1581.0          1.0000
1582.0          1.0000
1583.0          1.0000
1584.0          1.0000
1585.0          1.0000
1586.0          1.0000
1587.0          1.0000
1588.0          1.0000
1589.0          1.0000
1590.0          1.0000
1591.0          1.0000
1592.0          1.0000
1593.0          1.0000
1594.0          1.0000
1595.0          1.0000
1596.0          1.0000
1597.0          1.0000
1598.0          1.0000
1599.0          1.0000
1600.0          1.0000
1601.0          1.0000
1602.0          1.0000
1603.0          1.0000
1604.0          1.0000
1605.0          1.0000
1606.0          1.0000
1607.0          1.0000
1608.0          1.0000
1609.0          1.0000
1610.0          1.0000
1611.0          1.0000
1612.0          1.0000
1613.0          1.0000
1614.0          1.0000
1615.0          1.0000
1616.0          1.0000
1617.0          1.0000
1618.0          1.0000
1619.0          1.0000
1620.0          1.0000
1621.0          1.0000
1622.0          1.0000
1623.0          1.0000
1624.0          1.0000
1625.0          1.0000
1626.0          1.0000
1627.0          1.0000
1628.0          1.0000
1629.0          1.0000
1630.0          1.0000
1631.0          1.0000
1632.0          1.0000
1633.0          1.0000
1634.0          1.0000
1635.0          1.0000
1636.0          1.0000
1637.0          1.0000
1638.0          1.0000
1639.0          1.0000
1640.0          1.0000
1641.0          1.0000
1642.0          1.0000
1643.0          1.0000
1644.0          1.0000
1645.0          1.0000
1646.0          1.0000
1647.0          1.0000
1648.0          1.0000
1649.0          1.0000
1650.0          1.0000
1400.0          -2.4425E-15
1401.0          8.8818E-16
1402.0          0.0000
1403.0          1.7764E-15
1404.0          -8.8818E-16
1405.0          1.2212E-15
1406.0          -6.6613E-16
1407.0          2.2204E-16
1408.0          3.3307E-15
1409.0          -2.8866E-15
1410.0          -4.4409E-16
1411.0          6.6613E-16
1412.0          -6.6613E-16
1413.0          -2.2204E-16
1414.0          2.4425E-15
1415.0          1.9984E-15
1416.0          -1.5543E-15
1417.0          -2.2204E-15
1418.0          4.4409E-16
1419.0          -1.3323E-15
1420.0          -1.1102E-15
1421.0          -1.5543E-15
1422.0          -3.9968E-15
1423.0          1.5543E-15
1424.0          1.7764E-15
1425.0          1.3323E-15
1426.0          -9.7700E-15
1427.0          9.8810E-15
1428.0          4.6629E-15
1429.0          -7.3275E-15
1430.0          6.6613E-16
1431.0          -2.6645E-15
1432.0          3.3307E-15
1433.0          0.0000
1434.0          2.2204E-16
1435.0          1.3323E-15
1436.0          2.2204E-15
1437.0          1.8874E-15
1438.0          -1.5543E-15
1439.0          -2.2204E-16
1440.0          -8.8818E-16
1441.0          4.2188E-15
1442.0          -2.4425E-15
1443.0          1.5543E-15
1444.0          2.2204E-16
1445.0          2.4425E-15
1446.0          1.5543E-15
1447.0          1.1102E-15
1448.0          -2.8866E-15
1449.0          -1.3323E-15
1450.0          6.6613E-16
1451.0          1.2212E-15
1452.0          2.2204E-16
1453.0          5.5511E-16
1454.0          -1.3323E-15
1455.0          6.6613E-16
1456.0          -4.4409E-16
1457.0          -2.2204E-15
1458.0          8.8818E-16
1459.0          8.8818E-16
1460.0          -4.4409E-16
1461.0          3.3307E-15
1462.0          2.9976E-15
1463.0          -1.3323E-15
1464.0          2.2204E-15
1465.0          -6.6613E-16
1466.0          1.3323E-15
1467.0          2.9976E-15
1468.0          1.3323E-15
1469.0          -1.5543E-15
1470.0          -1.5543E-15
1471.0          -1.5543E-15
1472.0          -1.5543E-15
1473.0          0.0000
1474.0          2.2204E-16
1475.0          3.2196E-15
1476.0          4.4409E-15
1477.0          1.9984E-15
1478.0          -4.4409E-16
1479.0          -4.8850E-15
1480.0          2.3315E-15
1481.0          5.5511E-16
1482.0          -6.6613E-16
1483.0          -1.3323E-15
1484.0          1.3323E-15
1485.0          4.4409E-16
1486.0          -1.1102E-15
1487.0          4.4409E-16
1488.0          -1.1102E-15
1489.0          1.9984E-15
1490.0          0.0000
1491.0          -2.8866E-15
1492.0          1.1102E-15
1493.0          2.2204E-16
1494.0          -6.6613E-16
1495.0          1.1102E-16
1496.0          -4.4409E-16
1497.0          -1.1102E-15
1498.0          2.6645E-15
1499.0          -2.2204E-15
1500.0          1.1102E-15
1501.0          -2.2204E-15
1502.0          2.8866E-15
1503.0          -3.1086E-15
1504.0          -1.5543E-15
1505.0          4.2188E-15
1506.0          0.0000
1507.0          -4.4409E-16
1508.0          2.6645E-15
1509.0          -4.4409E-16
1510.0          3.7748E-15
1511.0          1.9984E-15
1512.0          1.8874E-15
1513.0          4.7740E-15
1514.0          -1.1102E-15
1515.0          6.6613E-16
1516.0          3.5527E-15
1517.0          -2.2204E-15
1518.0          4.4409E-15
1519.0          8.8818E-16
1520.0          0.0000
1521.0          -2.2204E-15
1522.0          1.2212E-15
1523.0          1.6653E-15
1524.0          3.1086E-15
1525.0          -2.6645E-15
1526.0          -2.2204E-16
1527.0          4.4409E-16
1528.0          3.3307E-15
1529.0          1.1102E-16
1530.0          -3.5527E-15
1531.0          -1.3323E-15
1532.0          2.2204E-16
1533.0          -1.1102E-15
1534.0          1.7764E-15
1535.0          6.2172E-15
1536.0          2.2204E-16
1537.0          1.7764E-15
1538.0          1.5543E-15
1539.0          1.3323E-15
1540.0          -4.4409E-16
1541.0          0.0000
1542.0          6.6613E-16
1543.0          2.2204E-15
1544.0          1.7764E-15
1545.0          -3.5527E-15
1546.0          2.2204E-15
1547.0          2.1094E-15
1548.0          8.8818E-16
1549.0          -1.1102E-15
1550.0          -2.2204E-15
1551.0          6.6613E-16
1552.0          1.1102E-15
1553.0          3.3307E-16
1554.0          3.1086E-15
1555.0          8.8818E-16
1556.0          -4.4409E-16
1557.0          2.2204E-16
1558.0          -1.1102E-15
1559.0          -3.7748E-15
1560.0          -4.4409E-16
1561.0          3.1086E-15
1562.0          -8.8818E-16
1563.0          -4.6629E-15
1564.0          2.3315E-15
1565.0          1.3323E-15
1566.0          2.2204E-16
1567.0          2.8866E-15
1568.0          -1.3323E-15
1569.0          2.2204E-16
1570.0          3.7748E-15
1571.0          1.3323E-15
1572.0          4.2188E-15
1573.0          2.8866E-15
1574.0          1.8874E-15
1575.0          2.3315E-15
1576.0          6.6613E-16
1577.0          1.6653E-15
1578.0          1.1102E-15
1579.0          -1.3323E-15
1580.0          -1.7764E-15
1581.0          -4.4409E-16
1582.0          -2.4425E-15
1583.0          -6.6613E-16
1584.0          -6.6613E-16
1585.0          -2.4425E-15
1586.0          -2.2204E-15
1587.0          -3.9968E-15
1588.0          2.4425E-15
1589.0          3.3307E-16
1590.0          6.6613E-16
1591.0          2.8866E-15
1592.0          -3.5527E-15
1593.0          4.2188E-15
1594.0          2.2204E-16
1595.0          -1.3323E-15
1596.0          -2.8866E-15
1597.0          3.3307E-16
1598.0          -1.3323E-15
1599.0          -2.4425E-15
1600.0          4.2188E-15
1601.0          2.1094E-15
1602.0          1.9984E-15
1603.0          2.2204E-16
1604.0          -1.1102E-15
1605.0          -6.6613E-16
1606.0          -8.8818E-16
1607.0          -1.3323E-15
1608.0          8.8818E-16
1609.0          -8.8818E-16
1610.0          -1.1102E-15
1611.0          -3.7748E-15
1612.0          -2.6645E-15
1613.0          -1.7764E-15
1614.0          1.9984E-15
1615.0          -1.9984E-15
1616.0          2.2204E-16
1617.0          2.7756E-15
1618.0          -1.5543E-15
1619.0          3.5527E-15
1620.0          2.6645E-15
1621.0          0.0000
1622.0          2.1094E-15
1623.0          8.8818E-16
1624.0          1.9984E-15
1625.0          -3.1086E-15
1626.0          -2.2204E-16
1627.0          2.4425E-15
1628.0          -6.6613E-16
1629.0          2.4425E-15
1630.0          3.3307E-15
1631.0          1.7764E-15
1632.0          -1.7764E-15
1633.0          -2.6645E-15
1634.0          -4.4409E-16
1635.0          3.2196E-15
1636.0          1.8874E-15
1637.0          0.0000
1638.0          4.4409E-16
1639.0          3.3307E-16
1640.0          -4.4409E-16
1641.0          4.4409E-16
1642.0          8.8818E-16
1643.0          -2.2204E-16
1644.0          3.9968E-15
1645.0          -3.5527E-15
1646.0          9.9920E-16
1647.0          9.9920E-16
1648.0          -8.8818E-16
1649.0          -2.2204E-16
1650.0          5.3291E-15
