1400.0          0.056737
1401.0          0.056265
1402.0          0.055791
1403.0          0.055314
1404.0          0.054837
1405.0          0.054358
1406.0          0.053878
1407.0          0.053398
1408.0          0.052918
1409.0          0.052439
1410.0          0.051960
1411.0          0.051483
1412.0          0.051007
1413.0          0.050533
1414.0          0.050061
1415.0          0.049592
1416.0          0.049125
1417.0          0.048662
1418.0          0.048201
1419.0          0.047745
1420.0          0.047292
1421.0          0.046843
1422.0          0.046398
1423.0          0.045958
1424.0          0.045523
1425.0          0.045093
1426.0          0.044668
1427.0          0.044249
1428.0          0.043835
1429.0          0.043427
1430.0          0.043025
1431.0          0.042629
1432.0          0.042240
1433.0          0.041857
1434.0          0.041481
1435.0          0.041112
1436.0          0.040750
1437.0          0.040395
1438.0          0.040047
1439.0          0.039707
1440.0          0.039374
1441.0          0.039049
1442.0          0.038732
1443.0          0.038422
1444.0          0.038121
1445.0          0.037828
1446.0          0.037543
1447.0          0.037267
1448.0          0.036999
1449.0          0.036739
1450.0          0.036488
1451.0          0.036246
1452.0          0.036013
1453.0          0.035788
1454.0          0.035573
1455.0          0.035366
1456.0          0.035168
1457.0          0.034980
1458.0          0.034801
1459.0          0.034631
1460.0          0.034470
1461.0          0.034318
1462.0          0.034176
1463.0          0.034044
1464.0          0.033920
1465.0          0.033806
1466.0          0.033702
1467.0          0.033607
1468.0          0.033522
1469.0          0.033446
1470.0          0.033380
1471.0          0.033323
1472.0          0.033276
1473.0          0.033239
1474.0          0.033211
1475.0          0.033193
1476.0          0.033184
1477.0          0.033185
1478.0          0.033196
1479.0          0.033216
1480.0          0.033245
1481.0          0.033285
1482.0          0.033333
1483.0          0.033392
1484.0          0.033460
1485.0          0.033537
1486.0          0.033624
1487.0          0.033720
1488.0          0.033825
1489.0          0.033940
1490.0          0.034064
1491.0          0.034197
1492.0          0.034340
1493.0          0.034492
1494.0          0.034653
1495.0          0.034823
1496.0          0.035002
1497.0          0.035190
1498.0          0.035387
1499.0          0.035592
1500.0          0.035807
1501.0          0.036030
1502.0          0.036262
1503.0          0.036502
1504.0          0.036751
1505.0          0.037009
1506.0          0.037275
1507.0          0.037549
1508.0          0.037831
1509.0          0.038121
1510.0          0.038420
1511.0          0.038726
1512.0          0.039040
1513.0          0.039362
1514.0          0.039691
1515.0          0.040028
1516.0          0.040373
1517.0          0.040724
1518.0          0.041083
1519.0          0.041449
1520.0          0.041822
1521.0          0.042201
1522.0          0.042587
1523.0          0.042980
1524.0          0.043379
1525.0          0.043785
1526.0          0.044196
1527.0          0.044613
1528.0          0.045036
1529.0          0.045465
1530.0          0.045899
1531.0          0.046338
1532.0          0.046783
1533.0          0.047232
1534.0          0.047686
1535.0          0.048144
1536.0          0.048606
1537.0          0.049072
1538.0          0.049542
1539.0          0.050016
1540.0          0.050492
1541.0          0.050971
1542.0          0.051453
1543.0          0.051937
1544.0          0.052423
1545.0          0.052911
1546.0          0.053400
1547.0          0.053889
1548.0          0.054379
1549.0          0.054869
1550.0          0.055358
1551.0          0.055846
1552.0          0.056332
1553.0          0.056816
1554.0          0.057298
1555.0          0.057775
1556.0          0.058249
1557.0          0.058717
1558.0          0.059180
1559.0          0.059636
1560.0          0.060084
1561.0          0.060523
1562.0          0.060952
1563.0          0.061370
1564.0          0.061775
1565.0          0.062166
1566.0          0.062540
1567.0          0.062897
1568.0          0.063233
1569.0          0.063547
1570.0          0.063836
1571.0          0.064096
1572.0          0.064325
1573.0          0.064519
1574.0          0.064673
1575.0          0.064783
1576.0          0.064842
1577.0          0.064845
1578.0          0.064784
1579.0          0.064650
1580.0          0.064433
1581.0          0.064122
1582.0          0.063702
1583.0          0.063157
1584.0          0.062466
1585.0          0.061606
1586.0          0.060549
1587.0          0.059259
1588.0          0.057694
1589.0          0.055806
1590.0          0.053536
1591.0          0.050818
1592.0          0.047594
1593.0          0.043837
1594.0          0.039653
1595.0          0.035561
1596.0          0.033465
1597.0          0.040342
1598.0          0.085138
1599.0          0.30399
1600.0          0.92081
1601.0          0.81954
1602.0          0.52102
1603.0          0.37570
1604.0          0.30146
1605.0          0.25863
1606.0          0.23149
1607.0          0.21310
1608.0          0.20000
1609.0          0.19034
1610.0          0.18300
1611.0          0.17732
1612.0          0.17284
1613.0          0.16929
1614.0          0.16644
1615.0          0.16414
1616.0          0.16230
1617.0          0.16081
1618.0          0.15962
1619.0          0.15868
1620.0          0.15795
1621.0          0.15739
1622.0          0.15699
1623.0          0.15673
1624.0          0.15657
1625.0          0.15652
1626.0          0.15655
1627.0          0.15667
1628.0          0.15685
1629.0          0.15709
1630.0          0.15740
1631.0          0.15775
1632.0          0.15814
1633.0          0.15858
1634.0          0.15906
1635.0          0.15957
1636.0          0.16011
1637.0          0.16068
1638.0          0.16128
1639.0          0.16190
1640.0          0.16254
1641.0          0.16320
1642.0          0.16389
1643.0          0.16459
1644.0          0.16531
1645.0          0.16604
1646.0          0.16679
1647.0          0.16755
1648.0          0.16833
1649.0          0.16912
1650.0          0.16991
1400.0          0.94326
1401.0          0.94373
1402.0          0.94421
1403.0          0.94469
1404.0          0.94516
1405.0          0.94564
1406.0          0.94612
1407.0          0.94660
1408.0          0.94708
1409.0          0.94756
1410.0          0.94804
1411.0          0.94852
1412.0          0.94899
1413.0          0.94947
1414.0          0.94994
1415.0          0.95041
1416.0          0.95087
1417.0          0.95134
1418.0          0.95180
1419.0          0.95226
1420.0          0.95271
1421.0          0.95316
1422.0          0.95360
1423.0          0.95404
1424.0          0.95448
1425.0          0.95491
1426.0          0.95533
1427.0          0.95575
1428.0          0.95616
1429.0          0.95657
1430.0          0.95697
1431.0          0.95737
1432.0          0.95776
1433.0          0.95814
1434.0          0.95852
1435.0          0.95889
1436.0          0.95925
1437.0          0.95961
1438.0          0.95995
1439.0          0.96029
1440.0          0.96063
1441.0          0.96095
1442.0          0.96127
1443.0          0.96158
1444.0          0.96188
1445.0          0.96217
1446.0          0.96246
1447.0          0.96273
1448.0          0.96300
1449.0          0.96326
1450.0          0.96351
1451.0          0.96375
1452.0          0.96399
1453.0          0.96421
1454.0          0.96443
1455.0          0.96463
1456.0          0.96483
1457.0          0.96502
1458.0          0.96520
1459.0          0.96537
1460.0          0.96553
1461.0          0.96568
1462.0          0.96582
1463.0          0.96596
1464.0          0.96608
1465.0          0.96619
1466.0          0.96630
1467.0          0.96639
1468.0          0.96648
1469.0          0.96655
1470.0          0.96662
1471.0          0.96668
1472.0          0.96672
1473.0          0.96676
1474.0          0.96679
1475.0          0.96681
1476.0          0.96682
1477.0          0.96681
1478.0          0.96680
1479.0          0.96678
1480.0          0.96675
1481.0          0.96672
1482.0          0.96667
1483.0          0.96661
1484.0          0.96654
1485.0          0.96646
1486.0          0.96638
1487.0          0.96628
1488.0          0.96617
1489.0          0.96606
1490.0          0.96594
1491.0          0.96580
1492.0          0.96566
1493.0          0.96551
1494.0          0.96535
1495.0          0.96518
1496.0          0.96500
1497.0          0.96481
1498.0          0.96461
1499.0          0.96441
1500.0          0.96419
1501.0          0.96397
1502.0          0.96374
1503.0          0.96350
1504.0          0.96325
1505.0          0.96299
1506.0          0.96273
1507.0          0.96245
1508.0          0.96217
1509.0          0.96188
1510.0          0.96158
1511.0          0.96127
1512.0          0.96096
1513.0          0.96064
1514.0          0.96031
1515.0          0.95997
1516.0          0.95963
1517.0          0.95928
1518.0          0.95892
1519.0          0.95855
1520.0          0.95818
1521.0          0.95780
1522.0          0.95741
1523.0          0.95702
1524.0          0.95662
1525.0          0.95622
1526.0          0.95580
1527.0          0.95539
1528.0          0.95496
1529.0          0.95453
1530.0          0.95410
1531.0          0.95366
1532.0          0.95322
1533.0          0.95277
1534.0          0.95231
1535.0          0.95186
1536.0          0.95139
1537.0          0.95093
1538.0          0.95046
1539.0          0.94998
1540.0          0.94951
1541.0          0.94903
1542.0          0.94855
1543.0          0.94806
1544.0          0.94758
1545.0          0.94709
1546.0          0.94660
1547.0          0.94611
1548.0          0.94562
1549.0          0.94513
1550.0          0.94464
1551.0          0.94415
1552.0          0.94367
1553.0          0.94318
1554.0          0.94270
1555.0          0.94222
1556.0          0.94175
1557.0          0.94128
1558.0          0.94082
1559.0          0.94036
1560.0          0.93992
1561.0          0.93948
1562.0          0.93905
1563.0          0.93863
1564.0          0.93822
1565.0          0.93783
1566.0          0.93746
1567.0          0.93710
1568.0          0.93677
1569.0          0.93645
1570.0          0.93616
1571.0          0.93590
1572.0          0.93567
1573.0          0.93548
1574.0          0.93533
1575.0          0.93522
1576.0          0.93516
1577.0          0.93515
1578.0          0.93522
1579.0          0.93535
1580.0          0.93557
1581.0          0.93588
1582.0          0.93630
1583.0          0.93684
1584.0          0.93753
1585.0          0.93839
1586.0          0.93945
1587.0          0.94074
1588.0          0.94231
1589.0          0.94419
1590.0          0.94646
1591.0          0.94918
1592.0          0.95241
1593.0          0.95616
1594.0          0.96035
1595.0          0.96444
1596.0          0.96654
1597.0          0.95966
1598.0          0.91486
1599.0          0.69601
1600.0          0.079190
1601.0          0.18046
1602.0          0.47898
1603.0          0.62430
1604.0          0.69854
1605.0          0.74137
1606.0          0.76851
1607.0          0.78690
1608.0          0.80000
1609.0          0.80966
1610.0          0.81700
1611.0          0.82268
1612.0          0.82716
1613.0          0.83071
1614.0          0.83356
1615.0          0.83586
1616.0          0.83770
1617.0          0.83919
1618.0          0.84038
1619.0          0.84132
1620.0          0.84205
1621.0          0.84261
1622.0          0.84301
1623.0          0.84327
1624.0          0.84343
1625.0          0.84348
1626.0          0.84345
1627.0          0.84333
1628.0          0.84315
1629.0          0.84291
1630.0          0.84260
1631.0          0.84225
1632.0          0.84186
1633.0          0.84142
1634.0          0.84094
1635.0          0.84043
1636.0          0.83989
1637.0          0.83932
1638.0          0.83872
1639.0          0.83810
1640.0          0.83746
1641.0          0.83680
1642.0          0.83611
1643.0          0.83541
1644.0          0.83469
1645.0          0.83396
1646.0          0.83321
1647.0          0.83245
1648.0          0.83167
1649.0          0.83088
1650.0          0.83009
1400.0          1.0000
1401.0          1.0000
1402.0          1.0000
1403.0          1.0000
1404.0          1.0000
1405.0          1.0000
1406.0          1.0000
1407.0          1.0000
1408.0          1.0000
1409.0          1.0000
1410.0          1.0000
1411.0          1.0000
1412.0          1.0000
1413.0          1.0000
1414.0          1.0000
1415.0          1.0000
1416.0          1.0000
1417.0          1.0000
1418.0          1.0000
1419.0          1.0000
1420.0          1.0000
1421.0          1.0000
1422.0          1.0000
1423.0          1.0000
1424.0          1.0000
1425.0          1.0000
1426.0          1.0000
1427.0          1.0000
1428.0          1.0000
1429.0          1.0000
1430.0          1.0000
1431.0          1.0000
1432.0          1.0000
1433.0          1.0000
1434.0          1.0000
1435.0          1.0000
1436.0          1.0000
1437.0          1.0000
1438.0          1.0000
1439.0          1.0000
1440.0          1.0000
1441.0          1.0000
1442.0          1.0000
1443.0          1.0000
1444.0          1.0000
1445.0          1.0000
1446.0          1.0000
1447.0          1.0000
1448.0          1.0000
1449.0          1.0000
1450.0          1.0000
1451.0          1.0000
1452.0          1.0000
1453.0          1.0000
1454.0          1.0000
1455.0          1.0000
1456.0          1.0000
1457.0          1.0000
1458.0          1.0000
1459.0          1.0000
1460.0          1.0000
1461.0          1.0000
1462.0          1.0000
1463.0          1.0000
1464.0          1.0000
1465.0          1.0000
1466.0          1.0000
1467.0          1.0000
1468.0          1.0000
1469.0          1.0000
1470.0          1.0000
1471.0          1.0000
1472.0          1.0000
1473.0          1.0000
1474.0          1.0000
1475.0          1.0000
1476.0          1.0000
1477.0          1.0000
1478.0          1.0000
1479.0          1.0000
1480.0          1.0000
1481.0          1.0000
1482.0          1.0000
1483.0          1.0000
1484.0          1.0000
1485.0          1.0000
1486.0          1.0000
1487.0          1.0000
1488.0          1.0000
1489.0          1.0000
1490.0          1.0000
1491.0          1.0000
1492.0          1.0000
1493.0          1.0000
1494.0          1.0000
1495.0          1.0000
1496.0          1.0000
1497.0          1.0000
1498.0          1.0000
1499.0          1.0000
1500.0          1.0000
1501.0          1.0000
1502.0          1.0000
1503.0          1.0000
1504.0          1.0000
1505.0          1.0000
1506.0          1.0000
1507.0          1.0000
1508.0          1.0000
1509.0          1.0000
1510.0          1.0000
1511.0          1.0000
1512.0          1.0000
1513.0          1.0000
1514.0          1.0000
1515.0          1.0000
1516.0          1.0000
1517.0          1.0000
1518.0          1.0000
1519.0          1.0000
1520.0          1.0000
1521.0          1.0000
1522.0          1.0000
1523.0          1.0000
1524.0          1.0000
1525.0          1.0000
1526.0          1.0000
1527.0          1.0000
1528.0          1.0000
1529.0          1.0000
1530.0          1.0000
1531.0          1.0000
1532.0          1.0000
1533.0          1.0000
1534.0          1.0000
1535.0          1.0000
1536.0          1.0000
1537.0          1.0000
1538.0          1.0000
1539.0          1.0000
1540.0          1.0000
1541.0          1.0000
1542.0          1.0000
1543.0          1.0000
1544.0          1.0000
1545.0          1.0000
1546.0          1.0000
1547.0          1.0000
1548.0          1.0000
1549.0          1.0000
1550.0          1.0000
1551.0          1.0000
1552.0          1.0000
1553.0          1.0000
1554.0          1.0000
1555.0          1.0000
1556.0          1.0000
1557.0          1.0000
1558.0          1.0000
1559.0          1.0000
1560.0          1.0000
1561.0          1.0000
1562.0          1.0000
1563.0          1.0000
1564.0          1.0000
1565.0          1.0000
1566.0          1.0000
1567.0          1.0000
1568.0          1.0000
1569.0          1.0000
1570.0          1.0000
1571.0          1.0000
1572.0          1.0000
1573.0          1.0000
1574.0          1.0000
1575.0          1.0000
1576.0          1.0000
1577.0          1.0000
1578.0          1.0000
1579.0          1.0000
1580.0          1.0000
1581.0          1.0000
1582.0          1.0000
1583.0          1.0000
1584.0          1.0000
1585.0          1.0000
1586.0          1.0000
1587.0          1.0000
1588.0          1.0000
1589.0          1.0000
1590.0          1.0000
1591.0          1.0000
1592.0          1.0000
1593.0          1.0000
1594.0          1.0000
1595.0          1.0000
1596.0          1.0000
1597.0          1.0000
1598.0          1.0000
1599.0          1.0000
1600.0          1.0000
1601.0          1.0000
1602.0          1.0000
1603.0          1.0000
1604.0          1.0000
1605.0          1.0000
1606.0          1.0000
1607.0          1.0000
1608.0          1.0000
1609.0          1.0000
1610.0          1.0000
1611.0          1.0000
1612.0          1.0000
1613.0          1.0000
1614.0          1.0000
1615.0          1.0000
1616.0          1.0000
1617.0          1.0000
1618.0          1.0000
1619.0          1.0000
1620.0          1.0000
1621.0          1.0000
1622.0          1.0000
1623.0          1.0000
1624.0          1.0000
1625.0          1.0000
1626.0          1.0000
1627.0          1.0000
1628.0          1.0000
1629.0          1.0000
1630.0          1.0000
1631.0          1.0000
1632.0          1.0000
1633.0          1.0000
1634.0          1.0000
1635.0          1.0000
1636.0          1.0000
1637.0          1.0000
1638.0          1.0000
1639.0          1.0000
1640.0          1.0000
1641.0          1.0000
1642.0          1.0000
1643.0          1.0000
1644.0          1.0000
1645.0          1.0000
1646.0          1.0000
1647.0          1.0000
1648.0          1.0000
1649.0          1.0000
1650.0          1.0000
1400.0          9.9920E-16
1401.0          -1.5543E-15
1402.0          -1.7764E-15
1403.0          4.4409E-16
1404.0          7.7716E-16
1405.0          1.1102E-16
1406.0          -1.5543E-15
1407.0          -2.4425E-15
1408.0          3.7748E-15
1409.0          3.1086E-15
1410.0          6.6613E-16
1411.0          8.8818E-16
1412.0          -3.1086E-15
1413.0          -1.3323E-15
1414.0          -6.6613E-16
1415.0          -1.5543E-15
1416.0          -6.6613E-16
1417.0          3.3307E-16
1418.0          -2.2204E-16
1419.0          1.5543E-15
1420.0          -8.8818E-16
1421.0          1.7764E-15
1422.0          -1.1102E-15
1423.0          7.7716E-16
1424.0          -1.5543E-15
1425.0          -1.1102E-15
1426.0          -3.1086E-15
1427.0          -1.7764E-15
1428.0          2.1094E-15
1429.0          -1.3323E-15
1430.0          1.7764E-15
1431.0          -6.6613E-16
1432.0          -4.4409E-16
1433.0          2.2204E-16
1434.0          4.4409E-16
1435.0          -3.7748E-15
1436.0          8.8818E-16
1437.0          -6.6613E-16
1438.0          -1.7764E-15
1439.0          2.9976E-15
1440.0          -1.7764E-15
1441.0          2.2204E-16
1442.0          8.8818E-16
1443.0          -2.2204E-15
1444.0          -1.1102E-15
1445.0          -8.8818E-16
1446.0          -4.4409E-16
1447.0          2.2204E-16
1448.0          -6.6613E-16
1449.0          1.4433E-15
1450.0          1.5543E-15
1451.0          1.9984E-15
1452.0          1.2212E-15
1453.0          -2.2204E-16
1454.0          2.7756E-15
1455.0          5.5511E-16
1456.0          0.0000
1457.0          -8.8818E-16
1458.0          7.7716E-16
1459.0          1.5543E-15
1460.0          9.9920E-16
1461.0          -2.2204E-15
1462.0          -2.4425E-15
1463.0          7.7716E-16
1464.0          -1.1102E-15
1465.0          -1.1102E-15
1466.0          -3.9968E-15
1467.0          -1.3323E-15
1468.0          6.6613E-16
1469.0          -6.6613E-16
1470.0          -4.4409E-16
1471.0          -2.8866E-15
1472.0          1.1102E-15
1473.0          -1.1102E-15
1474.0          -2.2204E-15
1475.0          1.8874E-15
1476.0          0.0000
1477.0          2.3315E-15
1478.0          4.4409E-16
1479.0          -2.2204E-16
1480.0          -2.2204E-16
1481.0          -8.8818E-16
1482.0          -6.6613E-16
1483.0          -3.3307E-15
1484.0          1.5543E-15
1485.0          1.3323E-15
1486.0          1.4433E-15
1487.0          7.7716E-16
1488.0          4.4409E-16
1489.0          -2.4425E-15
1490.0          1.8874E-15
1491.0          -3.5527E-15
1492.0          -1.3323E-15
1493.0          -1.1102E-15
1494.0          -2.4425E-15
1495.0          -1.7764E-15
1496.0          -1.7764E-15
1497.0          7.7716E-16
1498.0          2.2204E-15
1499.0          -1.1102E-15
1500.0          -1.1102E-15
1501.0          7.7716E-16
1502.0          1.1102E-16
1503.0          1.2212E-15
1504.0          -4.4409E-16
1505.0          -8.8818E-16
1506.0          2.8866E-15
1507.0          -1.1102E-15
1508.0          9.9920E-16
1509.0          1.9984E-15
1510.0          -1.5543E-15
1511.0          -2.8866E-15
1512.0          -3.1086E-15
1513.0          5.5511E-16
1514.0          1.8874E-15
1515.0          -2.8866E-15
1516.0          -2.4425E-15
1517.0          -6.6613E-16
1518.0          2.3315E-15
1519.0          -6.6613E-16
1520.0          6.6613E-16
1521.0          -8.8818E-16
1522.0          -1.1102E-15
1523.0          -2.8866E-15
1524.0          5.5511E-16
1525.0          -1.3323E-15
1526.0          0.0000
1527.0          -3.1086E-15
1528.0          2.4425E-15
1529.0          -4.4409E-15
1530.0          -2.8866E-15
1531.0          -1.1102E-15
1532.0          -6.6613E-16
1533.0          -4.4409E-16
1534.0          -1.5543E-15
1535.0          -3.1086E-15
1536.0          0.0000
1537.0          9.9920E-16
1538.0          -8.8818E-16
1539.0          0.0000
1540.0          -1.5543E-15
1541.0          4.4409E-16
1542.0          -1.7764E-15
1543.0          1.1102E-15
1544.0          1.9984E-15
1545.0          -1.1102E-15
1546.0          -1.3323E-15
1547.0          -4.4409E-16
1548.0          -8.8818E-16
1549.0          -1.3323E-15
1550.0          -6.6613E-16
1551.0          -2.6645E-15
1552.0          -8.8818E-16
1553.0          -2.2204E-15
1554.0          -1.7764E-15
1555.0          3.3307E-16
1556.0          1.8874E-15
1557.0          -2.8866E-15
1558.0          -3.5527E-15
1559.0          7.7716E-16
1560.0          9.9920E-16
1561.0          4.4409E-16
1562.0          -1.3323E-15
1563.0          -2.6645E-15
1564.0          -3.7748E-15
1565.0          9.9920E-16
1566.0          -1.3323E-15
1567.0          2.2204E-16
1568.0          8.8818E-16
1569.0          1.5543E-15
1570.0          5.5511E-16
1571.0          2.9976E-15
1572.0          -1.7764E-15
1573.0          2.2204E-16
1574.0          -6.6613E-16
1575.0          3.5527E-15
1576.0          -2.2204E-16
1577.0          -2.4425E-15
1578.0          -2.6645E-15
1579.0          3.1086E-15
1580.0          -3.9968E-15
1581.0          3.2196E-15
1582.0          1.9984E-15
1583.0          -3.3307E-15
1584.0          1.7764E-15
1585.0          -2.8866E-15
1586.0          -4.8850E-15
1587.0          -3.9968E-15
1588.0          5.5511E-16
1589.0          7.7716E-16
1590.0          1.5543E-15
1591.0          1.6653E-15
1592.0          -7.5495E-15
1593.0          5.2180E-15
1594.0          -3.3307E-15
1595.0          -6.8834E-15
1596.0          4.3299E-15
1597.0          -5.5511E-15
1598.0          3.1086E-15
1599.0          -1.8652E-14
1600.0          2.9643E-14
1601.0          -4.6629E-14
1602.0          -7.5495E-15
1603.0          3.3307E-15
1604.0          2.6645E-15
1605.0          4.4409E-15
1606.0          -5.9952E-15
1607.0          3.1086E-15
1608.0          -1.3323E-15
1609.0          -5.5511E-15
1610.0          -1.3323E-15
1611.0          -1.7764E-15
1612.0          -2.2204E-15
1613.0          -4.4409E-16
1614.0          -1.9984E-15
1615.0          4.8850E-15
1616.0          2.2204E-15
1617.0          -4.4409E-16
1618.0          -2.8866E-15
1619.0          -4.4409E-15
1620.0          2.1094E-15
1621.0          -1.7764E-15
1622.0          1.4433E-15
1623.0          -1.1102E-15
1624.0          2.2204E-16
1625.0          2.2204E-16
1626.0          -2.4425E-15
1627.0          -2.6645E-15
1628.0          -6.6613E-15
1629.0          2.5535E-15
1630.0          2.2204E-16
1631.0          6.6613E-16
1632.0          8.8818E-16
1633.0          -1.1102E-15
1634.0          4.4409E-16
1635.0          -4.6629E-15
1636.0          1.4433E-15
1637.0          -4.2188E-15
1638.0          7.7716E-16
1639.0          -1.1102E-15
1640.0          1.7764E-15
1641.0          2.2204E-16
1642.0          -2.6645E-15
1643.0          -1.1102E-15
1644.0          2.2204E-16
1645.0          -8.8818E-16
1646.0          -2.2204E-16
1647.0          1.7764E-15
1648.0          -3.5527E-15
1649.0          -1.9984E-15
1650.0          1.4433E-15
