1400.0          0.36956
1401.0          0.36976
1402.0          0.36996
1403.0          0.37016
1404.0          0.37035
1405.0          0.37055
1406.0          0.37074
1407.0          0.37093
1408.0          0.37112
1409.0          0.37131
1410.0          0.37149
1411.0          0.37167
1412.0          0.37186
1413.0          0.37204
1414.0          0.37221
1415.0          0.37239
1416.0          0.37256
1417.0          0.37274
1418.0          0.37291
1419.0          0.37308
1420.0          0.37324
1421.0          0.37341
1422.0          0.37357
1423.0          0.37374
1424.0          0.37390
1425.0          0.37406
1426.0          0.37421
1427.0          0.37437
1428.0          0.37452
1429.0          0.37468
1430.0          0.37483
1431.0          0.37498
1432.0          0.37512
1433.0          0.37527
1434.0          0.37541
1435.0          0.37556
1436.0          0.37570
1437.0          0.37584
1438.0          0.37598
1439.0          0.37611
1440.0          0.37625
1441.0          0.37638
1442.0          0.37651
1443.0          0.37664
1444.0          0.37677
1445.0          0.37690
1446.0          0.37703
1447.0          0.37715
1448.0          0.37727
1449.0          0.37739
1450.0          0.37751
1451.0          0.37763
1452.0          0.37775
1453.0          0.37787
1454.0          0.37798
1455.0          0.37809
1456.0          0.37821
1457.0          0.37832
1458.0          0.37842
1459.0          0.37853
1460.0          0.37864
1461.0          0.37874
1462.0          0.37885
1463.0          0.37895
1464.0          0.37905
1465.0          0.37915
1466.0          0.37925
1467.0          0.37934
1468.0          0.37944
1469.0          0.37953
1470.0          0.37963
1471.0          0.37972
1472.0          0.37981
1473.0          0.37990
1474.0          0.37998
1475.0          0.38007
1476.0          0.38016
1477.0          0.38024
1478.0          0.38032
1479.0          0.38040
1480.0          0.38049
1481.0          0.38056
1482.0          0.38064
1483.0          0.38072
1484.0          0.38079
1485.0          0.38087
1486.0          0.38094
1487.0          0.38101
1488.0          0.38108
1489.0          0.38115
1490.0          0.38122
1491.0          0.38129
1492.0          0.38136
1493.0          0.38142
1494.0          0.38149
1495.0          0.38155
1496.0          0.38161
1497.0          0.38167
1498.0          0.38173
1499.0          0.38179
1500.0          0.38185
1501.0          0.38190
1502.0          0.38196
1503.0          0.38201
1504.0          0.38206
1505.0          0.38212
1506.0          0.38217
1507.0          0.38222
1508.0          0.38227
1509.0          0.38231
1510.0          0.38236
1511.0          0.38241
1512.0          0.38245
1513.0          0.38250
1514.0          0.38254
1515.0          0.38258
1516.0          0.38262
1517.0          0.38266
1518.0          0.38270
1519.0          0.38274
1520.0          0.38277
1521.0          0.38281
1522.0          0.38284
1523.0          0.38288
1524.0          0.38291
1525.0          0.38294
1526.0          0.38297
1527.0          0.38300
1528.0          0.38303
1529.0          0.38306
1530.0          0.38309
1531.0          0.38312
1532.0          0.38314
1533.0          0.38317
1534.0          0.38319
1535.0          0.38321
1536.0          0.38323
1537.0          0.38325
1538.0          0.38327
1539.0          0.38329
1540.0          0.38331
1541.0          0.38333
1542.0          0.38335
1543.0          0.38336
1544.0          0.38338
1545.0          0.38339
1546.0          0.38340
1547.0          0.38342
1548.0          0.38343
1549.0          0.38344
1550.0          0.38345
1551.0          0.38346
1552.0          0.38347
1553.0          0.38347
1554.0          0.38348
1555.0          0.38349
1556.0          0.38349
1557.0          0.38350
1558.0          0.38350
1559.0          0.38350
1560.0          0.38350
1561.0          0.38351
1562.0          0.38351
1563.0          0.38351
1564.0          0.38351
1565.0          0.38350
1566.0          0.38350
1567.0          0.38350
1568.0          0.38349
1569.0          0.38349
1570.0          0.38348
1571.0          0.38348
1572.0          0.38347
1573.0          0.38346
1574.0          0.38345
1575.0          0.38344
1576.0          0.38343
1577.0          0.38342
1578.0          0.38341
1579.0          0.38340
1580.0          0.38339
1581.0          0.38337
1582.0          0.38336
1583.0          0.38334
1584.0          0.38333
1585.0          0.38331
1586.0          0.38330
1587.0          0.38328
1588.0          0.38326
1589.0          0.38324
1590.0          0.38322
1591.0          0.38320
1592.0          0.38318
1593.0          0.38316
1594.0          0.38314
1595.0          0.38311
1596.0          0.38309
1597.0          0.38307
1598.0          0.38304
1599.0          0.38302
1600.0          0.38299
1601.0          0.38296
1602.0          0.38294
1603.0          0.38291
1604.0          0.38288
1605.0          0.38285
1606.0          0.38282
1607.0          0.38279
1608.0          0.38276
1609.0          0.38273
1610.0          0.38270
1611.0          0.38266
1612.0          0.38263
1613.0          0.38260
1614.0          0.38256
1615.0          0.38253
1616.0          0.38249
1617.0          0.38246
1618.0          0.38242
1619.0          0.38238
1620.0          0.38234
1621.0          0.38231
1622.0          0.38227
1623.0          0.38223
1624.0          0.38219
1625.0          0.38215
1626.0          0.38211
1627.0          0.38206
1628.0          0.38202
1629.0          0.38198
1630.0          0.38194
1631.0          0.38189
1632.0          0.38185
1633.0          0.38180
1634.0          0.38176
1635.0          0.38171
1636.0          0.38167
1637.0          0.38162
1638.0          0.38157
1639.0          0.38152
1640.0          0.38148
1641.0          0.38143
1642.0          0.38138
1643.0          0.38133
1644.0          0.38128
1645.0          0.38123
1646.0          0.38117
1647.0          0.38112
1648.0          0.38107
1649.0          0.38102
1650.0          0.38096
1400.0          0.63044
1401.0          0.63024
1402.0          0.63004
1403.0          0.62984
1404.0          0.62965
1405.0          0.62945
1406.0          0.62926
1407.0          0.62907
1408.0          0.62888
1409.0          0.62869
1410.0          0.62851
1411.0          0.62833
1412.0          0.62814
1413.0          0.62796
1414.0          0.62779
1415.0          0.62761
1416.0          0.62744
1417.0          0.62726
1418.0          0.62709
1419.0          0.62692
1420.0          0.62676
1421.0          0.62659
1422.0          0.62643
1423.0          0.62626
1424.0          0.62610
1425.0          0.62594
1426.0          0.62579
1427.0          0.62563
1428.0          0.62548
1429.0          0.62532
1430.0          0.62517
1431.0          0.62502
1432.0          0.62488
1433.0          0.62473
1434.0          0.62459
1435.0          0.62444
1436.0          0.62430
1437.0          0.62416
1438.0          0.62402
1439.0          0.62389
1440.0          0.62375
1441.0          0.62362
1442.0          0.62349
1443.0          0.62336
1444.0          0.62323
1445.0          0.62310
1446.0          0.62297
1447.0          0.62285
1448.0          0.62273
1449.0          0.62261
1450.0          0.62249
1451.0          0.62237
1452.0          0.62225
1453.0          0.62213
1454.0          0.62202
1455.0          0.62191
1456.0          0.62179
1457.0          0.62168
1458.0          0.62158
1459.0          0.62147
1460.0          0.62136
1461.0          0.62126
1462.0          0.62115
1463.0          0.62105
1464.0          0.62095
1465.0          0.62085
1466.0          0.62075
1467.0          0.62066
1468.0          0.62056
1469.0          0.62047
1470.0          0.62037
1471.0          0.62028
1472.0          0.62019
1473.0          0.62010
1474.0          0.62002
1475.0          0.61993
1476.0          0.61984
1477.0          0.61976
1478.0          0.61968
1479.0          0.61960
1480.0          0.61951
1481.0          0.61944
1482.0          0.61936
1483.0          0.61928
1484.0          0.61921
1485.0          0.61913
1486.0          0.61906
1487.0          0.61899
1488.0          0.61892
1489.0          0.61885
1490.0          0.61878
1491.0          0.61871
1492.0          0.61864
1493.0          0.61858
1494.0          0.61851
1495.0          0.61845
1496.0          0.61839
1497.0          0.61833
1498.0          0.61827
1499.0          0.61821
1500.0          0.61815
1501.0          0.61810
1502.0          0.61804
1503.0          0.61799
1504.0          0.61794
1505.0          0.61788
1506.0          0.61783
1507.0          0.61778
1508.0          0.61773
1509.0          0.61769
1510.0          0.61764
1511.0          0.61759
1512.0          0.61755
1513.0          0.61750
1514.0          0.61746
1515.0          0.61742
1516.0          0.61738
1517.0          0.61734
1518.0          0.61730
1519.0          0.61726
1520.0          0.61723
1521.0          0.61719
1522.0          0.61716
1523.0          0.61712
1524.0          0.61709
1525.0          0.61706
1526.0          0.61703
1527.0          0.61700
1528.0          0.61697
1529.0          0.61694
1530.0          0.61691
1531.0          0.61688
1532.0          0.61686
1533.0          0.61683
1534.0          0.61681
1535.0          0.61679
1536.0          0.61677
1537.0          0.61675
1538.0          0.61673
1539.0          0.61671
1540.0          0.61669
1541.0          0.61667
1542.0          0.61665
1543.0          0.61664
1544.0          0.61662
1545.0          0.61661
1546.0          0.61660
1547.0          0.61658
1548.0          0.61657
1549.0          0.61656
1550.0          0.61655
1551.0          0.61654
1552.0          0.61653
1553.0          0.61653
1554.0          0.61652
1555.0          0.61651
1556.0          0.61651
1557.0          0.61650
1558.0          0.61650
1559.0          0.61650
1560.0          0.61650
1561.0          0.61649
1562.0          0.61649
1563.0          0.61649
1564.0          0.61649
1565.0          0.61650
1566.0          0.61650
1567.0          0.61650
1568.0          0.61651
1569.0          0.61651
1570.0          0.61652
1571.0          0.61652
1572.0          0.61653
1573.0          0.61654
1574.0          0.61655
1575.0          0.61656
1576.0          0.61657
1577.0          0.61658
1578.0          0.61659
1579.0          0.61660
1580.0          0.61661
1581.0          0.61663
1582.0          0.61664
1583.0          0.61666
1584.0          0.61667
1585.0          0.61669
1586.0          0.61670
1587.0          0.61672
1588.0          0.61674
1589.0          0.61676
1590.0          0.61678
1591.0          0.61680
1592.0          0.61682
1593.0          0.61684
1594.0          0.61686
1595.0          0.61689
1596.0          0.61691
1597.0          0.61693
1598.0          0.61696
1599.0          0.61698
1600.0          0.61701
1601.0          0.61704
1602.0          0.61706
1603.0          0.61709
1604.0          0.61712
1605.0          0.61715
1606.0          0.61718
1607.0          0.61721
1608.0          0.61724
1609.0          0.61727
1610.0          0.61730
1611.0          0.61734
1612.0          0.61737
1613.0          0.61740
1614.0          0.61744
1615.0          0.61747
1616.0          0.61751
1617.0          0.61754
1618.0          0.61758
1619.0          0.61762
1620.0          0.61766
1621.0          0.61769
1622.0          0.61773
1623.0          0.61777
1624.0          0.61781
1625.0          0.61785
1626.0          0.61789
1627.0          0.61794
1628.0          0.61798
1629.0          0.61802
1630.0          0.61806
1631.0          0.61811
1632.0          0.61815
1633.0          0.61820
1634.0          0.61824
1635.0          0.61829
1636.0          0.61833
1637.0          0.61838
1638.0          0.61843
1639.0          0.61848
1640.0          0.61852
1641.0          0.61857
1642.0          0.61862
1643.0          0.61867
1644.0          0.61872
1645.0          0.61877
1646.0          0.61883
1647.0          0.61888
1648.0          0.61893
1649.0          0.61898
1650.0          0.61904
1400.0          1.0000
1401.0          1.0000
1402.0          1.0000
1403.0          1.0000
1404.0          1.0000
1405.0          1.0000
1406.0          1.0000
1407.0          1.0000
1408.0          1.0000
1409.0          1.0000
1410.0          1.0000
1411.0          1.0000
1412.0          1.0000
1413.0          1.0000
1414.0          1.0000
1415.0          1.0000
1416.0          1.0000
1417.0          1.0000
1418.0          1.0000
1419.0          1.0000
1420.0          1.0000
1421.0          1.0000
1422.0          1.0000
1423.0          1.0000
1424.0          1.0000
1425.0          1.0000
1426.0          1.0000
1427.0          1.0000
1428.0          1.0000
1429.0          1.0000
1430.0          1.0000
1431.0          1.0000
1432.0          1.0000
1433.0          1.0000
1434.0          1.0000
1435.0          1.0000
1436.0          1.0000
1437.0          1.0000
1438.0          1.0000
1439.0          1.0000
1440.0          1.0000
1441.0          1.0000
1442.0          1.0000
1443.0          1.0000
1444.0          1.0000
1445.0          1.0000
1446.0          1.0000
1447.0          1.0000
1448.0          1.0000
1449.0          1.0000
1450.0          1.0000
1451.0          1.0000
1452.0          1.0000
1453.0          1.0000
1454.0          1.0000
1455.0          1.0000
1456.0          1.0000
1457.0          1.0000
1458.0          1.0000
1459.0          1.0000
1460.0          1.0000
1461.0          1.0000
1462.0          1.0000
1463.0          1.0000
1464.0          1.0000
1465.0          1.0000
1466.0          1.0000
1467.0          1.0000
1468.0          1.0000
1469.0          1.0000
1470.0          1.0000
1471.0          1.0000
1472.0          1.0000
1473.0          1.0000
1474.0          1.0000
1475.0          1.0000
1476.0          1.0000
1477.0          1.0000
1478.0          1.0000
1479.0          1.0000
1480.0          1.0000
1481.0          1.0000
1482.0          1.0000
1483.0          1.0000
1484.0          1.0000
1485.0          1.0000
1486.0          1.0000
1487.0          1.0000
1488.0          1.0000
1489.0          1.0000
1490.0          1.0000
1491.0          1.0000
1492.0          1.0000
1493.0          1.0000
1494.0          1.0000
1495.0          1.0000
1496.0          1.0000
1497.0          1.0000
1498.0          1.0000
1499.0          1.0000
1500.0          1.0000
1501.0          1.0000
1502.0          1.0000
1503.0          1.0000
1504.0          1.0000
1505.0          1.0000
1506.0          1.0000
1507.0          1.0000
1508.0          1.0000
1509.0          1.0000
1510.0          1.0000
1511.0          1.0000
1512.0          1.0000
1513.0          1.0000
1514.0          1.0000
1515.0          1.0000
1516.0          1.0000
1517.0          1.0000
1518.0          1.0000
1519.0          1.0000
1520.0          1.0000
1521.0          1.0000
1522.0          1.0000
1523.0          1.0000
1524.0          1.0000
1525.0          1.0000
1526.0          1.0000
1527.0          1.0000
1528.0          1.0000
1529.0          1.0000
1530.0          1.0000
1531.0          1.0000
1532.0          1.0000
1533.0          1.0000
1534.0          1.0000
1535.0          1.0000
1536.0          1.0000
1537.0          1.0000
1538.0          1.0000
1539.0          1.0000
1540.0          1.0000
1541.0          1.0000
1542.0          1.0000
1543.0          1.0000
1544.0          1.0000
1545.0          1.0000
1546.0          1.0000
1547.0          1.0000
1548.0          1.0000
1549.0          1.0000
1550.0          1.0000
1551.0          1.0000
1552.0          1.0000
1553.0          1.0000
1554.0          1.0000
1555.0          1.0000
1556.0          1.0000
1557.0          1.0000
1558.0          1.0000
1559.0          1.0000
1560.0          1.0000
1561.0          1.0000
1562.0          1.0000
1563.0          1.0000
1564.0          1.0000
1565.0          1.0000
1566.0          1.0000
1567.0          1.0000
1568.0          1.0000
1569.0          1.0000
1570.0          1.0000
1571.0          1.0000
1572.0          1.0000
1573.0          1.0000
1574.0          1.0000
1575.0          1.0000
1576.0          1.0000
1577.0          1.0000
1578.0          1.0000
1579.0          1.0000
1580.0          1.0000
1581.0          1.0000
1582.0          1.0000
1583.0          1.0000
1584.0          1.0000
1585.0          1.0000
1586.0          1.0000
1587.0          1.0000
1588.0          1.0000
1589.0          1.0000
1590.0          1.0000
1591.0          1.0000
1592.0          1.0000
1593.0          1.0000
1594.0          1.0000
1595.0          1.0000
1596.0          1.0000
1597.0          1.0000
1598.0          1.0000
1599.0          1.0000
1600.0          1.0000
1601.0          1.0000
1602.0          1.0000
1603.0          1.0000
1604.0          1.0000
1605.0          1.0000
1606.0          1.0000
1607.0          1.0000
1608.0          1.0000
1609.0          1.0000
1610.0          1.0000
1611.0          1.0000
1612.0          1.0000
1613.0          1.0000
1614.0          1.0000
1615.0          1.0000
1616.0          1.0000
1617.0          1.0000
1618.0          1.0000
1619.0          1.0000
1620.0          1.0000
1621.0          1.0000
1622.0          1.0000
1623.0          1.0000
1624.0          1.0000
1625.0          1.0000
1626.0          1.0000
1627.0          1.0000
1628.0          1.0000
1629.0          1.0000
1630.0          1.0000
1631.0          1.0000
1632.0          1.0000
1633.0          1.0000
1634.0          1.0000
1635.0          1.0000
1636.0          1.0000
1637.0          1.0000
1638.0          1.0000
1639.0          1.0000
1640.0          1.0000
1641.0          1.0000
1642.0          1.0000
1643.0          1.0000
1644.0          1.0000
1645.0          1.0000
1646.0          1.0000
1647.0          1.0000
1648.0          1.0000
1649.0          1.0000
1650.0          1.0000
1400.0          3.5527E-15
1401.0          6.6613E-16
1402.0          -1.3323E-15
1403.0          7.7716E-16
1404.0          -8.8818E-16
1405.0          -2.2204E-15
1406.0          6.6613E-16
1407.0          -3.1086E-15
1408.0          1.1102E-15
1409.0          -1.7764E-15
1410.0          -2.2204E-16
1411.0          3.3307E-15
1412.0          1.7764E-15
1413.0          9.9920E-16
1414.0          -1.3323E-15
1415.0          2.2204E-16
1416.0          1.1102E-15
1417.0          -2.2204E-15
1418.0          -1.5543E-15
1419.0          0.0000
1420.0          -8.8818E-16
1421.0          -1.3323E-15
1422.0          2.2204E-15
1423.0          -4.4409E-16
1424.0          0.0000
1425.0          2.7756E-15
1426.0          1.6653E-15
1427.0          -1.7764E-15
1428.0          5.5511E-16
1429.0          1.1102E-15
1430.0          -6.6613E-16
1431.0          -6.6613E-16
1432.0          -6.6613E-16
1433.0          -1.3323E-15
1434.0          -4.4409E-16
1435.0          0.0000
1436.0          -1.3323E-15
1437.0          1.1102E-15
1438.0          3.3307E-16
1439.0          7.7716E-16
1440.0          6.6613E-16
1441.0          -6.6613E-16
1442.0          -6.6613E-16
1443.0          1.1102E-15
1444.0          1.4433E-15
1445.0          -2.2204E-16
1446.0          2.2204E-15
1447.0          1.1102E-15
1448.0          1.9984E-15
1449.0          3.1086E-15
1450.0          1.7764E-15
1451.0          -1.7764E-15
1452.0          0.0000
1453.0          1.1102E-15
1454.0          -6.6613E-16
1455.0          -1.9984E-15
1456.0          -4.4409E-16
1457.0          2.2204E-15
1458.0          1.2212E-15
1459.0          -1.3323E-15
1460.0          -4.2188E-15
1461.0          -2.6645E-15
1462.0          0.0000
1463.0          1.5543E-15
1464.0          1.1102E-15
1465.0          1.1102E-15
1466.0          1.1102E-15
1467.0          -3.3307E-15
1468.0          0.0000
1469.0          -1.7764E-15
1470.0          2.2204E-16
1471.0          1.1102E-15
1472.0          -6.6613E-16
1473.0          1.9984E-15
1474.0          -3.1086E-15
1475.0          1.8874E-15
1476.0          -1.7764E-15
1477.0          3.3307E-15
1478.0          3.2196E-15
1479.0          8.8818E-16
1480.0          1.7764E-15
1481.0          2.6645E-15
1482.0          -2.4425E-15
1483.0          -6.6613E-16
1484.0          -8.8818E-16
1485.0          1.7764E-15
1486.0          -4.4409E-16
1487.0          -2.2204E-16
1488.0          -1.3323E-15
1489.0          -2.6645E-15
1490.0          1.1102E-16
1491.0          -1.3323E-15
1492.0          -1.5543E-15
1493.0          -8.8818E-16
1494.0          2.8866E-15
1495.0          4.4409E-16
1496.0          2.2204E-16
1497.0          2.7756E-15
1498.0          1.1102E-16
1499.0          -2.4425E-15
1500.0          0.0000
1501.0          1.5543E-15
1502.0          1.1102E-16
1503.0          1.1102E-16
1504.0          5.5511E-16
1505.0          -1.5543E-15
1506.0          -3.3307E-15
1507.0          -1.7764E-15
1508.0          1.5543E-15
1509.0          4.4409E-15
1510.0          -3.1086E-15
1511.0          1.5543E-15
1512.0          -4.4409E-16
1513.0          4.2188E-15
1514.0          1.1102E-15
1515.0          -2.8866E-15
1516.0          -1.1102E-15
1517.0          -2.2204E-16
1518.0          3.3307E-15
1519.0          2.2204E-16
1520.0          3.3307E-16
1521.0          1.1102E-15
1522.0          2.6645E-15
1523.0          -1.5543E-15
1524.0          6.6613E-16
1525.0          2.2204E-16
1526.0          -2.2204E-15
1527.0          9.9920E-16
1528.0          -1.7764E-15
1529.0          -4.4409E-15
1530.0          1.2212E-15
1531.0          -2.2204E-15
1532.0          5.9952E-15
1533.0          4.4409E-16
1534.0          0.0000
1535.0          -3.1086E-15
1536.0          1.3323E-15
1537.0          -1.3323E-15
1538.0          -4.4409E-16
1539.0          6.6613E-16
1540.0          -4.4409E-16
1541.0          -1.5543E-15
1542.0          3.7748E-15
1543.0          6.6613E-16
1544.0          2.2204E-15
1545.0          -4.4409E-16
1546.0          -1.3323E-15
1547.0          -4.6629E-15
1548.0          2.2204E-16
1549.0          -2.2204E-15
1550.0          2.1094E-15
1551.0          9.9920E-16
1552.0          1.1102E-15
1553.0          -4.4409E-16
1554.0          -1.3323E-15
1555.0          4.4409E-16
1556.0          -1.5543E-15
1557.0          -3.1086E-15
1558.0          3.9968E-15
1559.0          1.3323E-15
1560.0          1.6653E-15
1561.0          2.6645E-15
1562.0          -1.1102E-15
1563.0          3.3307E-16
1564.0          -8.8818E-16
1565.0          -1.1102E-15
1566.0          1.3323E-15
1567.0          -1.3323E-15
1568.0          -8.8818E-16
1569.0          -3.1086E-15
1570.0          -1.9984E-15
1571.0          -1.1102E-15
1572.0          -3.5527E-15
1573.0          1.1102E-15
1574.0          7.7716E-16
1575.0          -2.2204E-16
1576.0          6.1062E-15
1577.0          2.6645E-15
1578.0          1.1102E-15
1579.0          1.8874E-15
1580.0          -1.7764E-15
1581.0          -2.2204E-16
1582.0          -3.5527E-15
1583.0          4.4409E-16
1584.0          -1.7764E-15
1585.0          1.1102E-15
1586.0          0.0000
1587.0          0.0000
1588.0          -1.5543E-15
1589.0          3.3307E-15
1590.0          0.0000
1591.0          -1.3323E-15
1592.0          2.4425E-15
1593.0          1.1102E-15
1594.0          -2.2204E-15
1595.0          -1.1102E-15
1596.0          4.4409E-16
1597.0          2.8866E-15
1598.0          -1.5543E-15
1599.0          1.6653E-15
1600.0          1.4433E-15
1601.0          2.1094E-15
1602.0          -4.4409E-16
1603.0          -6.6613E-16
1604.0          -1.1102E-15
1605.0          1.3323E-15
1606.0          1.5543E-15
1607.0          -1.1102E-15
1608.0          7.7716E-16
1609.0          -3.9968E-15
1610.0          -8.8818E-16
1611.0          6.6613E-16
1612.0          1.2212E-15
1613.0          4.5519E-15
1614.0          2.6645E-15
1615.0          2.2204E-16
1616.0          2.2204E-15
1617.0          7.7716E-16
1618.0          -4.4409E-16
1619.0          -6.6613E-16
1620.0          2.3315E-15
1621.0          6.6613E-16
1622.0          2.2204E-16
1623.0          1.7764E-15
1624.0          3.6637E-15
1625.0          1.9984E-15
1626.0          0.0000
1627.0          0.0000
1628.0          1.7764E-15
1629.0          2.4425E-15
1630.0          -1.9984E-15
1631.0          -4.4409E-15
1632.0          1.4433E-15
1633.0          1.7764E-15
1634.0          2.2204E-15
1635.0          -3.1086E-15
1636.0          3.3307E-16
1637.0          1.7764E-15
1638.0          -2.6645E-15
1639.0          -3.1086E-15
1640.0          8.8818E-16
1641.0          -1.7764E-15
1642.0          2.6645E-15
1643.0          0.0000
1644.0          -1.9984E-15
1645.0          -3.1086E-15
1646.0          -2.4425E-15
1647.0          7.7716E-16
1648.0          -1.1102E-15
1649.0          7.7716E-16
1650.0          6.6613E-16
