1400.0          0.12621
1401.0          0.12463
1402.0          0.12306
1403.0          0.12151
1404.0          0.11997
1405.0          0.11844
1406.0          0.11692
1407.0          0.11542
1408.0          0.11393
1409.0          0.11245
1410.0          0.11099
1411.0          0.10954
1412.0          0.10810
1413.0          0.10668
1414.0          0.10527
1415.0          0.10387
1416.0          0.10249
1417.0          0.10112
1418.0          0.099762
1419.0          0.098420
1420.0          0.097091
1421.0          0.095777
1422.0          0.094476
1423.0          0.093189
1424.0          0.091917
1425.0          0.090658
1426.0          0.089413
1427.0          0.088183
1428.0          0.086966
1429.0          0.085764
1430.0          0.084576
1431.0          0.083403
1432.0          0.082243
1433.0          0.081098
1434.0          0.079968
1435.0          0.078852
1436.0          0.077750
1437.0          0.076663
1438.0          0.075590
1439.0          0.074532
1440.0          0.073488
1441.0          0.072459
1442.0          0.071445
1443.0          0.070445
1444.0          0.069460
1445.0          0.068489
1446.0          0.067534
1447.0          0.066592
1448.0          0.065666
1449.0          0.064754
1450.0          0.063857
1451.0          0.062975
1452.0          0.062108
1453.0          0.061255
1454.0          0.060417
1455.0          0.059594
1456.0          0.058785
1457.0          0.057992
1458.0          0.057213
1459.0          0.056448
1460.0          0.055699
1461.0          0.054964
1462.0          0.054244
1463.0          0.053539
1464.0          0.052848
1465.0          0.052172
1466.0          0.051511
1467.0          0.050865
1468.0          0.050233
1469.0          0.049615
1470.0          0.049013
1471.0          0.048424
1472.0          0.047851
1473.0          0.047292
1474.0          0.046747
1475.0          0.046217
1476.0          0.045701
1477.0          0.045200
1478.0          0.044713
1479.0          0.044240
1480.0          0.043782
1481.0          0.043338
1482.0          0.042908
1483.0          0.042493
1484.0          0.042091
1485.0          0.041704
1486.0          0.041331
1487.0          0.040972
1488.0          0.040626
1489.0          0.040295
1490.0          0.039977
1491.0          0.039674
1492.0          0.039384
1493.0          0.039108
1494.0          0.038845
1495.0          0.038596
1496.0          0.038361
1497.0          0.038139
1498.0          0.037931
1499.0          0.037735
1500.0          0.037554
1501.0          0.037385
1502.0          0.037230
1503.0          0.037088
1504.0          0.036959
1505.0          0.036842
1506.0          0.036739
1507.0          0.036649
1508.0          0.036571
1509.0          0.036506
1510.0          0.036454
1511.0          0.036415
1512.0          0.036388
1513.0          0.036373
1514.0          0.036370
1515.0          0.036380
1516.0          0.036402
1517.0          0.036437
1518.0          0.036483
1519.0          0.036541
1520.0          0.036611
1521.0          0.036693
1522.0          0.036787
1523.0          0.036892
1524.0          0.037009
1525.0          0.037137
1526.0          0.037277
1527.0          0.037428
1528.0          0.037590
1529.0          0.037764
1530.0          0.037948
1531.0          0.038143
1532.0          0.038350
1533.0          0.038567
1534.0          0.038794
1535.0          0.039033
1536.0          0.039281
1537.0          0.039541
1538.0          0.039810
1539.0          0.040090
1540.0          0.040380
1541.0          0.040680
1542.0          0.040990
1543.0          0.041309
1544.0          0.041639
1545.0          0.041978
1546.0          0.042327
1547.0          0.042685
1548.0          0.043053
1549.0          0.043430
1550.0          0.043816
1551.0          0.044211
1552.0          0.044616
1553.0          0.045029
1554.0          0.045451
1555.0          0.045882
1556.0          0.046321
1557.0          0.046769
1558.0          0.047225
1559.0          0.047690
1560.0          0.048163
1561.0          0.048643
1562.0          0.049132
1563.0          0.049629
1564.0          0.050134
1565.0          0.050646
1566.0          0.051167
1567.0          0.051694
1568.0          0.052229
1569.0          0.052772
1570.0          0.053321
1571.0          0.053878
1572.0          0.054442
1573.0          0.055012
1574.0          0.055590
1575.0          0.056174
1576.0          0.056765
1577.0          0.057362
1578.0          0.057966
1579.0          0.058576
1580.0          0.059192
1581.0          0.059815
1582.0          0.060443
1583.0          0.061078
1584.0          0.061718
1585.0          0.062364
1586.0          0.063015
1587.0          0.063672
1588.0          0.064335
1589.0          0.065003
1590.0          0.065676
1591.0          0.066354
1592.0          0.067037
1593.0          0.067725
1594.0          0.068418
1595.0          0.069115
1596.0          0.069817
1597.0          0.070524
1598.0          0.071235
1599.0          0.071950
1600.0          0.072670
1601.0          0.073394
1602.0          0.074121
1603.0          0.074853
1604.0          0.075588
1605.0          0.076327
1606.0          0.077070
1607.0          0.077816
1608.0          0.078565
1609.0          0.079318
1610.0          0.080074
1611.0          0.080833
1612.0          0.081595
1613.0          0.082360
1614.0          0.083128
1615.0          0.083898
1616.0          0.084671
1617.0          0.085446
1618.0          0.086224
1619.0          0.087004
1620.0          0.087786
1621.0          0.088570
1622.0          0.089356
1623.0          0.090144
1624.0          0.090934
1625.0          0.091725
1626.0          0.092518
1627.0          0.093312
1628.0          0.094108
1629.0          0.094904
1630.0          0.095702
1631.0          0.096501
1632.0          0.097301
1633.0          0.098101
1634.0          0.098902
1635.0          0.099704
1636.0          0.10051
1637.0          0.10131
1638.0          0.10211
1639.0          0.10291
1640.0          0.10372
1641.0          0.10452
1642.0          0.10532
1643.0          0.10612
1644.0          0.10692
1645.0          0.10773
1646.0          0.10853
1647.0          0.10932
1648.0          0.11012
1649.0          0.11092
1650.0          0.11172
1400.0          0.87379
1401.0          0.87537
1402.0          0.87694
1403.0          0.87849
1404.0          0.88003
1405.0          0.88156
1406.0          0.88308
1407.0          0.88458
1408.0          0.88607
1409.0          0.88755
1410.0          0.88901
1411.0          0.89046
1412.0          0.89190
1413.0          0.89332
1414.0          0.89473
1415.0          0.89613
1416.0          0.89751
1417.0          0.89888
1418.0          0.90024
1419.0          0.90158
1420.0          0.90291
1421.0          0.90422
1422.0          0.90552
1423.0          0.90681
1424.0          0.90808
1425.0          0.90934
1426.0          0.91059
1427.0          0.91182
1428.0          0.91303
1429.0          0.91424
1430.0          0.91542
1431.0          0.91660
1432.0          0.91776
1433.0          0.91890
1434.0          0.92003
1435.0          0.92115
1436.0          0.92225
1437.0          0.92334
1438.0          0.92441
1439.0          0.92547
1440.0          0.92651
1441.0          0.92754
1442.0          0.92856
1443.0          0.92956
1444.0          0.93054
1445.0          0.93151
1446.0          0.93247
1447.0          0.93341
1448.0          0.93433
1449.0          0.93525
1450.0          0.93614
1451.0          0.93702
1452.0          0.93789
1453.0          0.93875
1454.0          0.93958
1455.0          0.94041
1456.0          0.94121
1457.0          0.94201
1458.0          0.94279
1459.0          0.94355
1460.0          0.94430
1461.0          0.94504
1462.0          0.94576
1463.0          0.94646
1464.0          0.94715
1465.0          0.94783
1466.0          0.94849
1467.0          0.94914
1468.0          0.94977
1469.0          0.95038
1470.0          0.95099
1471.0          0.95158
1472.0          0.95215
1473.0          0.95271
1474.0          0.95325
1475.0          0.95378
1476.0          0.95430
1477.0          0.95480
1478.0          0.95529
1479.0          0.95576
1480.0          0.95622
1481.0          0.95666
1482.0          0.95709
1483.0          0.95751
1484.0          0.95791
1485.0          0.95830
1486.0          0.95867
1487.0          0.95903
1488.0          0.95937
1489.0          0.95971
1490.0          0.96002
1491.0          0.96033
1492.0          0.96062
1493.0          0.96089
1494.0          0.96115
1495.0          0.96140
1496.0          0.96164
1497.0          0.96186
1498.0          0.96207
1499.0          0.96226
1500.0          0.96245
1501.0          0.96261
1502.0          0.96277
1503.0          0.96291
1504.0          0.96304
1505.0          0.96316
1506.0          0.96326
1507.0          0.96335
1508.0          0.96343
1509.0          0.96349
1510.0          0.96355
1511.0          0.96359
1512.0          0.96361
1513.0          0.96363
1514.0          0.96363
1515.0          0.96362
1516.0          0.96360
1517.0          0.96356
1518.0          0.96352
1519.0          0.96346
1520.0          0.96339
1521.0          0.96331
1522.0          0.96321
1523.0          0.96311
1524.0          0.96299
1525.0          0.96286
1526.0          0.96272
1527.0          0.96257
1528.0          0.96241
1529.0          0.96224
1530.0          0.96205
1531.0          0.96186
1532.0          0.96165
1533.0          0.96143
1534.0          0.96121
1535.0          0.96097
1536.0          0.96072
1537.0          0.96046
1538.0          0.96019
1539.0          0.95991
1540.0          0.95962
1541.0          0.95932
1542.0          0.95901
1543.0          0.95869
1544.0          0.95836
1545.0          0.95802
1546.0          0.95767
1547.0          0.95731
1548.0          0.95695
1549.0          0.95657
1550.0          0.95618
1551.0          0.95579
1552.0          0.95538
1553.0          0.95497
1554.0          0.95455
1555.0          0.95412
1556.0          0.95368
1557.0          0.95323
1558.0          0.95277
1559.0          0.95231
1560.0          0.95184
1561.0          0.95136
1562.0          0.95087
1563.0          0.95037
1564.0          0.94987
1565.0          0.94935
1566.0          0.94883
1567.0          0.94831
1568.0          0.94777
1569.0          0.94723
1570.0          0.94668
1571.0          0.94612
1572.0          0.94556
1573.0          0.94499
1574.0          0.94441
1575.0          0.94383
1576.0          0.94324
1577.0          0.94264
1578.0          0.94203
1579.0          0.94142
1580.0          0.94081
1581.0          0.94019
1582.0          0.93956
1583.0          0.93892
1584.0          0.93828
1585.0          0.93764
1586.0          0.93698
1587.0          0.93633
1588.0          0.93567
1589.0          0.93500
1590.0          0.93432
1591.0          0.93365
1592.0          0.93296
1593.0          0.93228
1594.0          0.93158
1595.0          0.93088
1596.0          0.93018
1597.0          0.92948
1598.0          0.92877
1599.0          0.92805
1600.0          0.92733
1601.0          0.92661
1602.0          0.92588
1603.0          0.92515
1604.0          0.92441
1605.0          0.92367
1606.0          0.92293
1607.0          0.92218
1608.0          0.92143
1609.0          0.92068
1610.0          0.91993
1611.0          0.91917
1612.0          0.91841
1613.0          0.91764
1614.0          0.91687
1615.0          0.91610
1616.0          0.91533
1617.0          0.91455
1618.0          0.91378
1619.0          0.91300
1620.0          0.91221
1621.0          0.91143
1622.0          0.91064
1623.0          0.90986
1624.0          0.90907
1625.0          0.90827
1626.0          0.90748
1627.0          0.90669
1628.0          0.90589
1629.0          0.90510
1630.0          0.90430
1631.0          0.90350
1632.0          0.90270
1633.0          0.90190
1634.0          0.90110
1635.0          0.90030
1636.0          0.89949
1637.0          0.89869
1638.0          0.89789
1639.0          0.89709
1640.0          0.89628
1641.0          0.89548
1642.0          0.89468
1643.0          0.89388
1644.0          0.89308
1645.0          0.89227
1646.0          0.89147
1647.0          0.89068
1648.0          0.88988
1649.0          0.88908
1650.0          0.88828
1400.0          1.0000
1401.0          1.0000
1402.0          1.0000
1403.0          1.0000
1404.0          1.0000
1405.0          1.0000
1406.0          1.0000
1407.0          1.0000
1408.0          1.0000
1409.0          1.0000
1410.0          1.0000
1411.0          1.0000
1412.0          1.0000
1413.0          1.0000
1414.0          1.0000
1415.0          1.0000
1416.0          1.0000
1417.0          1.0000
1418.0          1.0000
1419.0          1.0000
1420.0          1.0000
1421.0          1.0000
1422.0          1.0000
1423.0          1.0000
1424.0          1.0000
1425.0          1.0000
1426.0          1.0000
1427.0          1.0000
1428.0          1.0000
1429.0          1.0000
1430.0          1.0000
1431.0          1.0000
1432.0          1.0000
1433.0          1.0000
1434.0          1.0000
1435.0          1.0000
1436.0          1.0000
1437.0          1.0000
1438.0          1.0000
1439.0          1.0000
1440.0          1.0000
1441.0          1.0000
1442.0          1.0000
1443.0          1.0000
1444.0          1.0000
1445.0          1.0000
1446.0          1.0000
1447.0          1.0000
1448.0          1.0000
1449.0          1.0000
1450.0          1.0000
1451.0          1.0000
1452.0          1.0000
1453.0          1.0000
1454.0          1.0000
1455.0          1.0000
1456.0          1.0000
1457.0          1.0000
1458.0          1.0000
1459.0          1.0000
1460.0          1.0000
1461.0          1.0000
1462.0          1.0000
1463.0          1.0000
1464.0          1.0000
1465.0          1.0000
1466.0          1.0000
1467.0          1.0000
1468.0          1.0000
1469.0          1.0000
1470.0          1.0000
1471.0          1.0000
1472.0          1.0000
1473.0          1.0000
1474.0          1.0000
1475.0          1.0000
1476.0          1.0000
1477.0          1.0000
1478.0          1.0000
1479.0          1.0000
1480.0          1.0000
1481.0          1.0000
1482.0          1.0000
1483.0          1.0000
1484.0          1.0000
1485.0          1.0000
1486.0          1.0000
1487.0          1.0000
1488.0          1.0000
1489.0          1.0000
1490.0          1.0000
1491.0          1.0000
1492.0          1.0000
1493.0          1.0000
1494.0          1.0000
1495.0          1.0000
1496.0          1.0000
1497.0          1.0000
1498.0          1.0000
1499.0          1.0000
1500.0          1.0000
1501.0          1.0000
1502.0          1.0000
1503.0          1.0000
1504.0          1.0000
1505.0          1.0000
1506.0          1.0000
1507.0          1.0000
1508.0          1.0000
1509.0          1.0000
1510.0          1.0000
1511.0          1.0000
1512.0          1.0000
1513.0          1.0000
1514.0          1.0000
1515.0          1.0000
1516.0          1.0000
1517.0          1.0000
1518.0          1.0000
1519.0          1.0000
1520.0          1.0000
1521.0          1.0000
1522.0          1.0000
1523.0          1.0000
1524.0          1.0000
1525.0          1.0000
1526.0          1.0000
1527.0          1.0000
1528.0          1.0000
1529.0          1.0000
1530.0          1.0000
1531.0          1.0000
1532.0          1.0000
1533.0          1.0000
1534.0          1.0000
1535.0          1.0000
1536.0          1.0000
1537.0          1.0000
1538.0          1.0000
1539.0          1.0000
1540.0          1.0000
1541.0          1.0000
1542.0          1.0000
1543.0          1.0000
1544.0          1.0000
1545.0          1.0000
1546.0          1.0000
1547.0          1.0000
1548.0          1.0000
1549.0          1.0000
1550.0          1.0000
1551.0          1.0000
1552.0          1.0000
1553.0          1.0000
1554.0          1.0000
1555.0          1.0000
1556.0          1.0000
1557.0          1.0000
1558.0          1.0000
1559.0          1.0000
1560.0          1.0000
1561.0          1.0000
1562.0          1.0000
1563.0          1.0000
1564.0          1.0000
1565.0          1.0000
1566.0          1.0000
1567.0          1.0000
1568.0          1.0000
1569.0          1.0000
1570.0          1.0000
1571.0          1.0000
1572.0          1.0000
1573.0          1.0000
1574.0          1.0000
1575.0          1.0000
1576.0          1.0000
1577.0          1.0000
1578.0          1.0000
1579.0          1.0000
1580.0          1.0000
1581.0          1.0000
1582.0          1.0000
1583.0          1.0000
1584.0          1.0000
1585.0          1.0000
1586.0          1.0000
1587.0          1.0000
1588.0          1.0000
1589.0          1.0000
1590.0          1.0000
1591.0          1.0000
1592.0          1.0000
1593.0          1.0000
1594.0          1.0000
1595.0          1.0000
1596.0          1.0000
1597.0          1.0000
1598.0          1.0000
1599.0          1.0000
1600.0          1.0000
1601.0          1.0000
1602.0          1.0000
1603.0          1.0000
1604.0          1.0000
1605.0          1.0000
1606.0          1.0000
1607.0          1.0000
1608.0          1.0000
1609.0          1.0000
1610.0          1.0000
1611.0          1.0000
1612.0          1.0000
1613.0          1.0000
1614.0          1.0000
1615.0          1.0000
1616.0          1.0000
1617.0          1.0000
1618.0          1.0000
1619.0          1.0000
1620.0          1.0000
1621.0          1.0000
1622.0          1.0000
1623.0          1.0000
1624.0          1.0000
1625.0          1.0000
1626.0          1.0000
1627.0          1.0000
1628.0          1.0000
1629.0          1.0000
1630.0          1.0000
1631.0          1.0000
1632.0          1.0000
1633.0          1.0000
1634.0          1.0000
1635.0          1.0000
1636.0          1.0000
1637.0          1.0000
1638.0          1.0000
1639.0          1.0000
1640.0          1.0000
1641.0          1.0000
1642.0          1.0000
1643.0          1.0000
1644.0          1.0000
1645.0          1.0000
1646.0          1.0000
1647.0          1.0000
1648.0          1.0000
1649.0          1.0000
1650.0          1.0000
1400.0          2.4425E-15
1401.0          2.4425E-15
1402.0          3.9968E-15
1403.0          -4.4409E-15
1404.0          -1.5543E-15
1405.0          -8.8818E-16
1406.0          0.0000
1407.0          -8.8818E-16
1408.0          -1.1102E-15
1409.0          8.8818E-16
1410.0          -3.3307E-15
1411.0          3.3307E-15
1412.0          -5.3291E-15
1413.0          3.9968E-15
1414.0          -1.7764E-15
1415.0          4.2188E-15
1416.0          1.1102E-15
1417.0          -4.8850E-15
1418.0          -4.8850E-15
1419.0          2.6645E-15
1420.0          -1.7764E-15
1421.0          -3.9968E-15
1422.0          -4.4409E-16
1423.0          1.3323E-15
1424.0          -1.5543E-15
1425.0          -8.8818E-16
1426.0          -6.2172E-15
1427.0          2.2204E-16
1428.0          4.3299E-15
1429.0          -1.9984E-15
1430.0          2.2204E-15
1431.0          -1.7764E-15
1432.0          1.7764E-15
1433.0          2.7756E-15
1434.0          7.7716E-16
1435.0          -1.1102E-15
1436.0          1.1102E-16
1437.0          4.7740E-15
1438.0          -2.8866E-15
1439.0          1.4433E-15
1440.0          -1.3323E-15
1441.0          3.8858E-15
1442.0          -8.8818E-16
1443.0          1.7764E-15
1444.0          3.6637E-15
1445.0          -2.2204E-15
1446.0          1.1102E-15
1447.0          6.6613E-16
1448.0          7.7716E-16
1449.0          8.8818E-16
1450.0          1.1102E-15
1451.0          -2.2204E-16
1452.0          3.3307E-16
1453.0          7.7716E-16
1454.0          -4.4409E-16
1455.0          -1.1102E-15
1456.0          -5.3291E-15
1457.0          6.7724E-15
1458.0          -4.2188E-15
1459.0          3.3307E-15
1460.0          1.5543E-15
1461.0          3.5527E-15
1462.0          -2.2204E-15
1463.0          6.6613E-16
1464.0          1.8874E-15
1465.0          -1.7764E-15
1466.0          3.3307E-16
1467.0          3.3307E-16
1468.0          -4.4409E-16
1469.0          -3.7748E-15
1470.0          3.3307E-15
1471.0          1.6653E-15
1472.0          -1.5543E-15
1473.0          -3.5527E-15
1474.0          1.7764E-15
1475.0          -1.3323E-15
1476.0          1.9984E-15
1477.0          -1.3323E-15
1478.0          -2.4425E-15
1479.0          2.2204E-15
1480.0          3.1086E-15
1481.0          2.2204E-15
1482.0          1.7764E-15
1483.0          -3.1086E-15
1484.0          1.8874E-15
1485.0          -4.4409E-16
1486.0          1.1102E-16
1487.0          -6.6613E-16
1488.0          -6.6613E-16
1489.0          1.1102E-16
1490.0          -8.8818E-16
1491.0          -2.6645E-15
1492.0          -1.1102E-15
1493.0          -4.4409E-16
1494.0          -2.8866E-15
1495.0          -1.9984E-15
1496.0          6.6613E-16
1497.0          1.5543E-15
1498.0          4.4409E-16
1499.0          6.6613E-16
1500.0          3.7748E-15
1501.0          5.5511E-16
1502.0          -2.4425E-15
1503.0          -1.3323E-15
1504.0          -2.2204E-16
1505.0          -1.9984E-15
1506.0          -2.4425E-15
1507.0          3.1086E-15
1508.0          1.4433E-15
1509.0          -3.1086E-15
1510.0          -1.5543E-15
1511.0          -4.2188E-15
1512.0          2.3315E-15
1513.0          -8.8818E-16
1514.0          1.6653E-15
1515.0          5.5511E-16
1516.0          -6.6613E-16
1517.0          3.5527E-15
1518.0          -8.8818E-16
1519.0          -3.5527E-15
1520.0          -1.5543E-15
1521.0          -2.2204E-16
1522.0          -2.2204E-15
1523.0          -1.5543E-15
1524.0          -4.8850E-15
1525.0          0.0000
1526.0          -1.3323E-15
1527.0          2.7756E-15
1528.0          -8.8818E-16
1529.0          -2.4425E-15
1530.0          2.8866E-15
1531.0          1.4433E-15
1532.0          1.5543E-15
1533.0          3.7748E-15
1534.0          1.1102E-15
1535.0          -3.1086E-15
1536.0          -2.2204E-15
1537.0          3.1086E-15
1538.0          -2.2204E-15
1539.0          1.6653E-15
1540.0          3.6637E-15
1541.0          -7.1054E-15
1542.0          -2.2204E-15
1543.0          -1.3323E-15
1544.0          2.2204E-16
1545.0          -2.4425E-15
1546.0          8.8818E-16
1547.0          -4.8850E-15
1548.0          -4.4409E-15
1549.0          -2.4425E-15
1550.0          1.5543E-15
1551.0          1.5543E-15
1552.0          1.1102E-15
1553.0          -4.4409E-16
1554.0          -3.7748E-15
1555.0          5.4401E-15
1556.0          2.7756E-15
1557.0          -6.6613E-16
1558.0          -3.3307E-15
1559.0          -5.7732E-15
1560.0          0.0000
1561.0          -1.1102E-15
1562.0          -5.5511E-15
1563.0          2.6645E-15
1564.0          -1.9984E-15
1565.0          3.3307E-16
1566.0          -8.8818E-16
1567.0          2.2204E-16
1568.0          2.1094E-15
1569.0          -2.2204E-16
1570.0          4.6629E-15
1571.0          5.4401E-15
1572.0          -4.4409E-16
1573.0          3.8858E-15
1574.0          2.6645E-15
1575.0          -3.3307E-15
1576.0          4.4409E-16
1577.0          6.6613E-16
1578.0          -2.4425E-15
1579.0          9.9920E-16
1580.0          -2.2204E-16
1581.0          -6.6613E-16
1582.0          -1.1102E-15
1583.0          5.5511E-16
1584.0          -2.6645E-15
1585.0          6.2172E-15
1586.0          3.3307E-16
1587.0          8.8818E-16
1588.0          1.8874E-15
1589.0          1.1102E-15
1590.0          4.4409E-16
1591.0          -8.8818E-16
1592.0          -1.1102E-15
1593.0          -1.5543E-15
1594.0          3.6637E-15
1595.0          2.5535E-15
1596.0          8.8818E-16
1597.0          -3.1086E-15
1598.0          -2.2204E-16
1599.0          1.5543E-15
1600.0          -4.4409E-16
1601.0          2.2204E-15
1602.0          -4.2188E-15
1603.0          -4.4409E-16
1604.0          -3.9968E-15
1605.0          1.6653E-15
1606.0          2.3315E-15
1607.0          1.5543E-15
1608.0          2.2204E-16
1609.0          -2.2204E-15
1610.0          -1.7764E-15
1611.0          -6.6613E-16
1612.0          -1.5543E-15
1613.0          9.9920E-16
1614.0          -8.8818E-16
1615.0          4.4409E-16
1616.0          -8.8818E-16
1617.0          -2.6645E-15
1618.0          -4.4409E-16
1619.0          1.7764E-15
1620.0          2.2204E-16
1621.0          1.5543E-15
1622.0          -4.2188E-15
1623.0          1.1102E-16
1624.0          -1.5543E-15
1625.0          -2.2204E-16
1626.0          -7.1054E-15
1627.0          1.6653E-15
1628.0          -3.3307E-15
1629.0          2.1094E-15
1630.0          -4.6629E-15
1631.0          -1.1102E-15
1632.0          1.3323E-15
1633.0          -2.4425E-15
1634.0          -1.5543E-15
1635.0          -1.1102E-15
1636.0          3.2196E-15
1637.0          -8.8818E-16
1638.0          -4.4409E-16
1639.0          -1.5543E-15
1640.0          4.4409E-16
1641.0          -2.2204E-16
1642.0          3.3307E-15
1643.0          1.1102E-16
1644.0          0.0000
1645.0          2.2204E-15
1646.0          -1.1102E-15
1647.0          1.3323E-15
1648.0          -1.3323E-15
1649.0          -2.2204E-16
1650.0          -8.8818E-16
