1400.0          0.10482
1401.0          0.10367
1402.0          0.10254
1403.0          0.10142
1404.0          0.10032
1405.0          0.099231
1406.0          0.098155
1407.0          0.097094
1408.0          0.096047
1409.0          0.095014
1410.0          0.093996
1411.0          0.092992
1412.0          0.092002
1413.0          0.091027
1414.0          0.090066
1415.0          0.089120
1416.0          0.088189
1417.0          0.087272
1418.0          0.086370
1419.0          0.085483
1420.0          0.084611
1421.0          0.083754
1422.0          0.082912
1423.0          0.082084
1424.0          0.081272
1425.0          0.080475
1426.0          0.079693
1427.0          0.078926
1428.0          0.078175
1429.0          0.077439
1430.0          0.076718
1431.0          0.076013
1432.0          0.075324
1433.0          0.074650
1434.0          0.073993
1435.0          0.073351
1436.0          0.072724
1437.0          0.072115
1438.0          0.071521
1439.0          0.070943
1440.0          0.070383
1441.0          0.069838
1442.0          0.069311
1443.0          0.068800
1444.0          0.068307
1445.0          0.067831
1446.0          0.067373
1447.0          0.066932
1448.0          0.066510
1449.0          0.066106
1450.0          0.065720
1451.0          0.065354
1452.0          0.065008
1453.0          0.064681
1454.0          0.064375
1455.0          0.064089
1456.0          0.063826
1457.0          0.063584
1458.0          0.063366
1459.0          0.063171
1460.0          0.063001
1461.0          0.062857
1462.0          0.062740
1463.0          0.062650
1464.0          0.062590
1465.0          0.062561
1466.0          0.062565
1467.0          0.062604
1468.0          0.062680
1469.0          0.062795
1470.0          0.062953
1471.0          0.063156
1472.0          0.063408
1473.0          0.063715
1474.0          0.064079
1475.0          0.064507
1476.0          0.065005
1477.0          0.065581
1478.0          0.066242
1479.0          0.066999
1480.0          0.067862
1481.0          0.068846
1482.0          0.069965
1483.0          0.071237
1484.0          0.072685
1485.0          0.074334
1486.0          0.076214
1487.0          0.078363
1488.0          0.080825
1489.0          0.083653
1490.0          0.086913
1491.0          0.090687
1492.0          0.095074
1493.0          0.10020
1494.0          0.10622
1495.0          0.11333
1496.0          0.12179
1497.0          0.13192
1498.0          0.14414
1499.0          0.15900
1500.0          0.17724
1501.0          0.19979
1502.0          0.22792
1503.0          0.26329
1504.0          0.30799
1505.0          0.36463
1506.0          0.43608
1507.0          0.52480
1508.0          0.63106
1509.0          0.74982
1510.0          0.86682
1511.0          0.95817
1512.0          0.99912
1513.0          0.97948
1514.0          0.91057
1515.0          0.81554
1516.0          0.71540
1517.0          0.62267
1518.0          0.54241
1519.0          0.47528
1520.0          0.41999
1521.0          0.37466
1522.0          0.33746
1523.0          0.30680
1524.0          0.28137
1525.0          0.26013
1526.0          0.24227
1527.0          0.22716
1528.0          0.21428
1529.0          0.20323
1530.0          0.19371
1531.0          0.18547
1532.0          0.17828
1533.0          0.17201
1534.0          0.16650
1535.0          0.16165
1536.0          0.15737
1537.0          0.15358
1538.0          0.15021
1539.0          0.14723
1540.0          0.14457
1541.0          0.14221
1542.0          0.14010
1543.0          0.13822
1544.0          0.13655
1545.0          0.13507
1546.0          0.13375
1547.0          0.13258
1548.0          0.13154
1549.0          0.13063
1550.0          0.12984
1551.0          0.12914
1552.0          0.12854
1553.0          0.12803
1554.0          0.12760
1555.0          0.12724
1556.0          0.12695
1557.0          0.12673
1558.0          0.12656
1559.0          0.12645
1560.0          0.12638
1561.0          0.12637
1562.0          0.12640
1563.0          0.12647
1564.0          0.12659
1565.0          0.12674
1566.0          0.12692
1567.0          0.12714
1568.0          0.12739
1569.0          0.12766
1570.0          0.12797
1571.0          0.12830
1572.0          0.12866
1573.0          0.12904
1574.0          0.12944
1575.0          0.12986
1576.0          0.13031
1577.0          0.13077
1578.0          0.13126
1579.0          0.13176
1580.0          0.13228
1581.0          0.13281
1582.0          0.13336
1583.0          0.13393
1584.0          0.13450
1585.0          0.13510
1586.0          0.13570
1587.0          0.13632
1588.0          0.13696
1589.0          0.13760
1590.0          0.13825
1591.0          0.13892
1592.0          0.13960
1593.0          0.14028
1594.0          0.14098
1595.0          0.14168
1596.0          0.14240
1597.0          0.14312
1598.0          0.14385
1599.0          0.14459
1600.0          0.14534
1601.0          0.14610
1602.0          0.14686
1603.0          0.14763
1604.0          0.14840
1605.0          0.14919
1606.0          0.14998
1607.0          0.15077
1608.0          0.15157
1609.0          0.15238
1610.0          0.15320
1611.0          0.15401
1612.0          0.15484
1613.0          0.15567
1614.0          0.15650
1615.0          0.15734
1616.0          0.15818
1617.0          0.15903
1618.0          0.15988
1619.0          0.16073
1620.0          0.16159
1621.0          0.16245
1622.0          0.16332
1623.0          0.16419
1624.0          0.16506
1625.0          0.16594
1626.0          0.16682
1627.0          0.16770
1628.0          0.16858
1629.0          0.16947
1630.0          0.17036
1631.0          0.17126
1632.0          0.17215
1633.0          0.17305
1634.0          0.17395
1635.0          0.17485
1636.0          0.17575
1637.0          0.17666
1638.0          0.17756
1639.0          0.17847
1640.0          0.17938
1641.0          0.18029
1642.0          0.18121
1643.0          0.18212
1644.0          0.18304
1645.0          0.18395
1646.0          0.18487
1647.0          0.18579
1648.0          0.18671
1649.0          0.18763
1650.0          0.18855
1400.0          0.89518
1401.0          0.89633
1402.0          0.89746
1403.0          0.89858
1404.0          0.89968
1405.0          0.90077
1406.0          0.90184
1407.0          0.90291
1408.0          0.90395
1409.0          0.90499
1410.0          0.90600
1411.0          0.90701
1412.0          0.90800
1413.0          0.90897
1414.0          0.90993
1415.0          0.91088
1416.0          0.91181
1417.0          0.91273
1418.0          0.91363
1419.0          0.91452
1420.0          0.91539
1421.0          0.91625
1422.0          0.91709
1423.0          0.91792
1424.0          0.91873
1425.0          0.91953
1426.0          0.92031
1427.0          0.92107
1428.0          0.92183
1429.0          0.92256
1430.0          0.92328
1431.0          0.92399
1432.0          0.92468
1433.0          0.92535
1434.0          0.92601
1435.0          0.92665
1436.0          0.92728
1437.0          0.92789
1438.0          0.92848
1439.0          0.92906
1440.0          0.92962
1441.0          0.93016
1442.0          0.93069
1443.0          0.93120
1444.0          0.93169
1445.0          0.93217
1446.0          0.93263
1447.0          0.93307
1448.0          0.93349
1449.0          0.93389
1450.0          0.93428
1451.0          0.93465
1452.0          0.93499
1453.0          0.93532
1454.0          0.93563
1455.0          0.93591
1456.0          0.93617
1457.0          0.93642
1458.0          0.93663
1459.0          0.93683
1460.0          0.93700
1461.0          0.93714
1462.0          0.93726
1463.0          0.93735
1464.0          0.93741
1465.0          0.93744
1466.0          0.93743
1467.0          0.93740
1468.0          0.93732
1469.0          0.93721
1470.0          0.93705
1471.0          0.93684
1472.0          0.93659
1473.0          0.93629
1474.0          0.93592
1475.0          0.93549
1476.0          0.93499
1477.0          0.93442
1478.0          0.93376
1479.0          0.93300
1480.0          0.93214
1481.0          0.93115
1482.0          0.93004
1483.0          0.92876
1484.0          0.92731
1485.0          0.92567
1486.0          0.92379
1487.0          0.92164
1488.0          0.91918
1489.0          0.91635
1490.0          0.91309
1491.0          0.90931
1492.0          0.90493
1493.0          0.89980
1494.0          0.89378
1495.0          0.88667
1496.0          0.87821
1497.0          0.86808
1498.0          0.85586
1499.0          0.84100
1500.0          0.82276
1501.0          0.80021
1502.0          0.77208
1503.0          0.73671
1504.0          0.69201
1505.0          0.63537
1506.0          0.56392
1507.0          0.47520
1508.0          0.36894
1509.0          0.25018
1510.0          0.13318
1511.0          0.041826
1512.0          8.8004E-4
1513.0          0.020516
1514.0          0.089431
1515.0          0.18446
1516.0          0.28460
1517.0          0.37733
1518.0          0.45759
1519.0          0.52472
1520.0          0.58001
1521.0          0.62534
1522.0          0.66254
1523.0          0.69320
1524.0          0.71863
1525.0          0.73987
1526.0          0.75773
1527.0          0.77284
1528.0          0.78572
1529.0          0.79677
1530.0          0.80629
1531.0          0.81453
1532.0          0.82172
1533.0          0.82799
1534.0          0.83350
1535.0          0.83835
1536.0          0.84263
1537.0          0.84642
1538.0          0.84979
1539.0          0.85277
1540.0          0.85543
1541.0          0.85779
1542.0          0.85990
1543.0          0.86178
1544.0          0.86345
1545.0          0.86493
1546.0          0.86625
1547.0          0.86742
1548.0          0.86846
1549.0          0.86937
1550.0          0.87016
1551.0          0.87086
1552.0          0.87146
1553.0          0.87197
1554.0          0.87240
1555.0          0.87276
1556.0          0.87305
1557.0          0.87327
1558.0          0.87344
1559.0          0.87355
1560.0          0.87362
1561.0          0.87363
1562.0          0.87360
1563.0          0.87353
1564.0          0.87341
1565.0          0.87326
1566.0          0.87308
1567.0          0.87286
1568.0          0.87261
1569.0          0.87234
1570.0          0.87203
1571.0          0.87170
1572.0          0.87134
1573.0          0.87096
1574.0          0.87056
1575.0          0.87014
1576.0          0.86969
1577.0          0.86923
1578.0          0.86874
1579.0          0.86824
1580.0          0.86772
1581.0          0.86719
1582.0          0.86664
1583.0          0.86607
1584.0          0.86550
1585.0          0.86490
1586.0          0.86430
1587.0          0.86368
1588.0          0.86304
1589.0          0.86240
1590.0          0.86175
1591.0          0.86108
1592.0          0.86040
1593.0          0.85972
1594.0          0.85902
1595.0          0.85832
1596.0          0.85760
1597.0          0.85688
1598.0          0.85615
1599.0          0.85541
1600.0          0.85466
1601.0          0.85390
1602.0          0.85314
1603.0          0.85237
1604.0          0.85160
1605.0          0.85081
1606.0          0.85002
1607.0          0.84923
1608.0          0.84843
1609.0          0.84762
1610.0          0.84680
1611.0          0.84599
1612.0          0.84516
1613.0          0.84433
1614.0          0.84350
1615.0          0.84266
1616.0          0.84182
1617.0          0.84097
1618.0          0.84012
1619.0          0.83927
1620.0          0.83841
1621.0          0.83755
1622.0          0.83668
1623.0          0.83581
1624.0          0.83494
1625.0          0.83406
1626.0          0.83318
1627.0          0.83230
1628.0          0.83142
1629.0          0.83053
1630.0          0.82964
1631.0          0.82874
1632.0          0.82785
1633.0          0.82695
1634.0          0.82605
1635.0          0.82515
1636.0          0.82425
1637.0          0.82334
1638.0          0.82244
1639.0          0.82153
1640.0          0.82062
1641.0          0.81971
1642.0          0.81879
1643.0          0.81788
1644.0          0.81696
1645.0          0.81605
1646.0          0.81513
1647.0          0.81421
1648.0          0.81329
1649.0          0.81237
1650.0          0.81145
1400.0          1.0000
1401.0          1.0000
1402.0          1.0000
1403.0          1.0000
1404.0          1.0000
1405.0          1.0000
1406.0          1.0000
1407.0          1.0000
1408.0          1.0000
1409.0          1.0000
1410.0          1.0000
1411.0          1.0000
1412.0          1.0000
1413.0          1.0000
1414.0          1.0000
1415.0          1.0000
1416.0          1.0000
1417.0          1.0000
1418.0          1.0000
1419.0          1.0000
1420.0          1.0000
1421.0          1.0000
1422.0          1.0000
1423.0          1.0000
1424.0          1.0000
1425.0          1.0000
1426.0          1.0000
1427.0          1.0000
1428.0          1.0000
1429.0          1.0000
1430.0          1.0000
1431.0          1.0000
1432.0          1.0000
1433.0          1.0000
1434.0          1.0000
1435.0          1.0000
1436.0          1.0000
1437.0          1.0000
1438.0          1.0000
1439.0          1.0000
1440.0          1.0000
1441.0          1.0000
1442.0          1.0000
1443.0          1.0000
1444.0          1.0000
1445.0          1.0000
1446.0          1.0000
1447.0          1.0000
1448.0          1.0000
1449.0          1.0000
1450.0          1.0000
1451.0          1.0000
1452.0          1.0000
1453.0          1.0000
1454.0          1.0000
1455.0          1.0000
1456.0          1.0000
1457.0          1.0000
1458.0          1.0000
1459.0          1.0000
1460.0          1.0000
1461.0          1.0000
1462.0          1.0000
1463.0          1.0000
1464.0          1.0000
1465.0          1.0000
1466.0          1.0000
1467.0          1.0000
1468.0          1.0000
1469.0          1.0000
1470.0          1.0000
1471.0          1.0000
1472.0          1.0000
1473.0          1.0000
1474.0          1.0000
1475.0          1.0000
1476.0          1.0000
1477.0          1.0000
1478.0          1.0000
1479.0          1.0000
1480.0          1.0000
1481.0          1.0000
1482.0          1.0000
1483.0          1.0000
1484.0          1.0000
1485.0          1.0000
1486.0          1.0000
1487.0          1.0000
1488.0          1.0000
1489.0          1.0000
1490.0          1.0000
1491.0          1.0000
1492.0          1.0000
1493.0          1.0000
1494.0          1.0000
1495.0          1.0000
1496.0          1.0000
1497.0          1.0000
1498.0          1.0000
1499.0          1.0000
1500.0          1.0000
1501.0          1.0000
1502.0          1.0000
1503.0          1.0000
1504.0          1.0000
1505.0          1.0000
1506.0          1.0000
1507.0          1.0000
1508.0          1.0000
1509.0          1.0000
1510.0          1.0000
1511.0          1.0000
1512.0          1.0000
1513.0          1.0000
1514.0          1.0000
1515.0          1.0000
1516.0          1.0000
1517.0          1.0000
1518.0          1.0000
1519.0          1.0000
1520.0          1.0000
1521.0          1.0000
1522.0          1.0000
1523.0          1.0000
1524.0          1.0000
1525.0          1.0000
1526.0          1.0000
1527.0          1.0000
1528.0          1.0000
1529.0          1.0000
1530.0          1.0000
1531.0          1.0000
1532.0          1.0000
1533.0          1.0000
1534.0          1.0000
1535.0          1.0000
1536.0          1.0000
1537.0          1.0000
1538.0          1.0000
1539.0          1.0000
1540.0          1.0000
1541.0          1.0000
1542.0          1.0000
1543.0          1.0000
1544.0          1.0000
1545.0          1.0000
1546.0          1.0000
1547.0          1.0000
1548.0          1.0000
1549.0          1.0000
1550.0          1.0000
1551.0          1.0000
1552.0          1.0000
1553.0          1.0000
1554.0          1.0000
1555.0          1.0000
1556.0          1.0000
1557.0          1.0000
1558.0          1.0000
1559.0          1.0000
1560.0          1.0000
1561.0          1.0000
1562.0          1.0000
1563.0          1.0000
1564.0          1.0000
1565.0          1.0000
1566.0          1.0000
1567.0          1.0000
1568.0          1.0000
1569.0          1.0000
1570.0          1.0000
1571.0          1.0000
1572.0          1.0000
1573.0          1.0000
1574.0          1.0000
1575.0          1.0000
1576.0          1.0000
1577.0          1.0000
1578.0          1.0000
1579.0          1.0000
1580.0          1.0000
1581.0          1.0000
1582.0          1.0000
1583.0          1.0000
1584.0          1.0000
1585.0          1.0000
1586.0          1.0000
1587.0          1.0000
1588.0          1.0000
1589.0          1.0000
1590.0          1.0000
1591.0          1.0000
1592.0          1.0000
1593.0          1.0000
1594.0          1.0000
1595.0          1.0000
1596.0          1.0000
1597.0          1.0000
1598.0          1.0000
1599.0          1.0000
1600.0          1.0000
1601.0          1.0000
1602.0          1.0000
1603.0          1.0000
1604.0          1.0000
1605.0          1.0000
1606.0          1.0000
1607.0          1.0000
1608.0          1.0000
1609.0          1.0000
1610.0          1.0000
1611.0          1.0000
1612.0          1.0000
1613.0          1.0000
1614.0          1.0000
1615.0          1.0000
1616.0          1.0000
1617.0          1.0000
1618.0          1.0000
1619.0          1.0000
1620.0          1.0000
1621.0          1.0000
1622.0          1.0000
1623.0          1.0000
1624.0          1.0000
1625.0          1.0000
1626.0          1.0000
1627.0          1.0000
1628.0          1.0000
1629.0          1.0000
1630.0          1.0000
1631.0          1.0000
1632.0          1.0000
1633.0          1.0000
1634.0          1.0000
1635.0          1.0000
1636.0          1.0000
1637.0          1.0000
1638.0          1.0000
1639.0          1.0000
1640.0          1.0000
1641.0          1.0000
1642.0          1.0000
1643.0          1.0000
1644.0          1.0000
1645.0          1.0000
1646.0          1.0000
1647.0          1.0000
1648.0          1.0000
1649.0          1.0000
1650.0          1.0000
1400.0          4.4409E-16
1401.0          -4.4409E-16
1402.0          4.4409E-16
1403.0          -2.2204E-16
1404.0          1.2212E-15
1405.0          9.9920E-16
1406.0          -6.6613E-16
1407.0          8.8818E-16
1408.0          0.0000
1409.0          -6.6613E-16
1410.0          -4.4409E-16
1411.0          2.2204E-16
1412.0          0.0000
1413.0          -2.6645E-15
1414.0          -6.6613E-16
1415.0          -6.6613E-16
1416.0          1.9984E-15
1417.0          6.6613E-16
1418.0          3.2196E-15
1419.0          1.5543E-15
1420.0          -8.8818E-16
1421.0          -1.1102E-15
1422.0          1.1102E-16
1423.0          -1.5543E-15
1424.0          2.3315E-15
1425.0          1.5543E-15
1426.0          -8.8818E-16
1427.0          -8.8818E-16
1428.0          2.1094E-15
1429.0          1.3323E-15
1430.0          2.5535E-15
1431.0          2.1094E-15
1432.0          1.2212E-15
1433.0          3.2196E-15
1434.0          -6.6613E-16
1435.0          -4.4409E-16
1436.0          4.5519E-15
1437.0          8.8818E-16
1438.0          1.7764E-15
1439.0          1.3323E-15
1440.0          3.2196E-15
1441.0          0.0000
1442.0          -1.3323E-15
1443.0          5.5511E-16
1444.0          -2.2204E-16
1445.0          1.1102E-15
1446.0          1.8874E-15
1447.0          6.6613E-16
1448.0          -2.6645E-15
1449.0          2.4425E-15
1450.0          3.3307E-15
1451.0          2.4425E-15
1452.0          -6.6613E-16
1453.0          -1.7764E-15
1454.0          1.3323E-15
1455.0          6.6613E-16
1456.0          -6.6613E-16
1457.0          -2.8866E-15
1458.0          3.4417E-15
1459.0          1.5543E-15
1460.0          3.4417E-15
1461.0          -1.5543E-15
1462.0          -3.7748E-15
1463.0          -1.7764E-15
1464.0          -1.3323E-15
1465.0          1.4433E-15
1466.0          1.4433E-15
1467.0          -8.8818E-16
1468.0          -1.9984E-15
1469.0          -1.3323E-15
1470.0          1.5543E-15
1471.0          -2.2204E-15
1472.0          -1.9984E-15
1473.0          2.6645E-15
1474.0          2.8866E-15
1475.0          -1.1102E-15
1476.0          2.2204E-16
1477.0          -6.6613E-16
1478.0          -3.9968E-15
1479.0          9.9920E-16
1480.0          -2.2204E-16
1481.0          5.8842E-15
1482.0          -1.7764E-15
1483.0          6.6613E-16
1484.0          1.1102E-16
1485.0          -1.3323E-15
1486.0          -5.9952E-15
1487.0          -6.6613E-16
1488.0          8.8818E-16
1489.0          -3.9968E-15
1490.0          9.9920E-16
1491.0          -2.8866E-15
1492.0          1.1102E-15
1493.0          0.0000
1494.0          -8.8818E-16
1495.0          -2.4425E-15
1496.0          -2.2204E-16
1497.0          4.4409E-15
1498.0          -1.1102E-15
1499.0          4.4409E-15
1500.0          -2.4425E-15
1501.0          1.4433E-15
1502.0          2.9976E-15
1503.0          6.8834E-15
1504.0          6.6613E-15
1505.0          5.3291E-15
1506.0          -8.8818E-16
1507.0          -7.9936E-15
1508.0          -2.6645E-15
1509.0          2.1316E-14
1510.0          4.6629E-15
1511.0          2.0872E-14
1512.0          2.7089E-14
1513.0          -2.4425E-15
1514.0          1.3434E-14
1515.0          2.4314E-14
1516.0          -3.9968E-15
1517.0          -1.3545E-14
1518.0          -2.2204E-15
1519.0          8.4377E-15
1520.0          1.0547E-14
1521.0          -4.2188E-15
1522.0          2.8866E-15
1523.0          -4.8850E-15
1524.0          -4.2188E-15
1525.0          -3.1086E-15
1526.0          3.9968E-15
1527.0          -4.6629E-15
1528.0          -8.8818E-16
1529.0          -2.2204E-16
1530.0          2.4425E-15
1531.0          1.7764E-15
1532.0          1.7764E-15
1533.0          6.6613E-16
1534.0          -3.9968E-15
1535.0          -2.2204E-16
1536.0          2.5535E-15
1537.0          3.7748E-15
1538.0          -1.1102E-15
1539.0          2.2204E-16
1540.0          -6.6613E-16
1541.0          -1.1102E-15
1542.0          1.1102E-15
1543.0          1.8874E-15
1544.0          0.0000
1545.0          5.5511E-16
1546.0          -1.5543E-15
1547.0          0.0000
1548.0          -3.7748E-15
1549.0          8.8818E-16
1550.0          3.3307E-15
1551.0          1.3323E-15
1552.0          -1.1102E-15
1553.0          3.3307E-15
1554.0          -1.7764E-15
1555.0          -8.8818E-16
1556.0          9.9920E-16
1557.0          6.6613E-16
1558.0          -4.4409E-16
1559.0          8.8818E-16
1560.0          -1.3323E-15
1561.0          -1.5543E-15
1562.0          -8.8818E-16
1563.0          3.3307E-16
1564.0          -2.2204E-16
1565.0          -2.4425E-15
1566.0          -2.2204E-15
1567.0          1.4433E-15
1568.0          1.6653E-15
1569.0          3.2196E-15
1570.0          -6.6613E-16
1571.0          -8.8818E-16
1572.0          1.3323E-15
1573.0          2.2204E-15
1574.0          2.2204E-16
1575.0          2.7756E-15
1576.0          8.8818E-16
1577.0          0.0000
1578.0          1.2212E-15
1579.0          0.0000
1580.0          -1.3323E-15
1581.0          1.1102E-15
1582.0          -1.5543E-15
1583.0          1.7764E-15
1584.0          1.3323E-15
1585.0          6.6613E-16
1586.0          2.4425E-15
1587.0          2.8866E-15
1588.0          -1.1102E-15
1589.0          -2.2204E-15
1590.0          1.6653E-15
1591.0          -1.3323E-15
1592.0          1.9984E-15
1593.0          -1.5543E-15
1594.0          8.8818E-16
1595.0          -1.5543E-15
1596.0          -1.3323E-15
1597.0          -2.2204E-15
1598.0          9.9920E-16
1599.0          1.1102E-15
1600.0          -8.8818E-16
1601.0          -4.4409E-16
1602.0          2.6645E-15
1603.0          -8.8818E-16
1604.0          -8.8818E-16
1605.0          1.6653E-15
1606.0          7.7716E-16
1607.0          -2.4425E-15
1608.0          6.6613E-16
1609.0          3.3307E-15
1610.0          -2.4425E-15
1611.0          -2.4425E-15
1612.0          -1.3323E-15
1613.0          4.4409E-16
1614.0          1.1102E-15
1615.0          5.3291E-15
1616.0          -1.3323E-15
1617.0          3.3307E-16
1618.0          1.2212E-15
1619.0          1.7764E-15
1620.0          -6.6613E-16
1621.0          2.8866E-15
1622.0          -1.9984E-15
1623.0          -2.8866E-15
1624.0          1.1102E-15
1625.0          -2.2204E-16
1626.0          7.7716E-16
1627.0          7.7716E-16
1628.0          2.4425E-15
1629.0          1.3323E-15
1630.0          2.8866E-15
1631.0          3.1086E-15
1632.0          0.0000
1633.0          -3.3307E-15
1634.0          -1.1102E-15
1635.0          3.5527E-15
1636.0          3.5527E-15
1637.0          2.7756E-15
1638.0          -8.8818E-16
1639.0          -1.5543E-15
1640.0          1.1102E-16
1641.0          0.0000
1642.0          1.8874E-15
1643.0          -1.5543E-15
1644.0          -4.2188E-15
1645.0          -2.2204E-15
1646.0          2.8866E-15
1647.0          7.7716E-16
1648.0          -1.7764E-15
1649.0          8.8818E-16
1650.0          1.5543E-15
