1400.0          0.43793
1401.0          0.43887
1402.0          0.43980
1403.0          0.44072
1404.0          0.44163
1405.0          0.44254
1406.0          0.44344
1407.0          0.44433
1408.0          0.44522
1409.0          0.44610
1410.0          0.44697
1411.0          0.44784
1412.0          0.44870
1413.0          0.44955
1414.0          0.45040
1415.0          0.45123
1416.0          0.45207
1417.0          0.45289
1418.0          0.45371
1419.0          0.45452
1420.0          0.45533
1421.0          0.45613
1422.0          0.45692
1423.0          0.45770
1424.0          0.45848
1425.0          0.45925
1426.0          0.46002
1427.0          0.46078
1428.0          0.46153
1429.0          0.46228
1430.0          0.46302
1431.0          0.46375
1432.0          0.46448
1433.0          0.46520
1434.0          0.46592
1435.0          0.46663
1436.0          0.46733
1437.0          0.46803
1438.0          0.46872
1439.0          0.46941
1440.0          0.47009
1441.0          0.47076
1442.0          0.47143
1443.0          0.47209
1444.0          0.47275
1445.0          0.47340
1446.0          0.47404
1447.0          0.47468
1448.0          0.47531
1449.0          0.47594
1450.0          0.47656
1451.0          0.47718
1452.0          0.47779
1453.0          0.47839
1454.0          0.47899
1455.0          0.47959
1456.0          0.48018
1457.0          0.48076
1458.0          0.48134
1459.0          0.48191
1460.0          0.48248
1461.0          0.48304
1462.0          0.48360
1463.0          0.48415
1464.0          0.48470
1465.0          0.48524
1466.0          0.48578
1467.0          0.48631
1468.0          0.48684
1469.0          0.48736
1470.0          0.48788
1471.0          0.48839
1472.0          0.48890
1473.0          0.48940
1474.0          0.48990
1475.0          0.49039
1476.0          0.49088
1477.0          0.49137
1478.0          0.49184
1479.0          0.49232
1480.0          0.49279
1481.0          0.49325
1482.0          0.49372
1483.0          0.49417
1484.0          0.49462
1485.0          0.49507
1486.0          0.49551
1487.0          0.49595
1488.0          0.49639
1489.0          0.49682
1490.0          0.49724
1491.0          0.49766
1492.0          0.49808
1493.0          0.49850
1494.0          0.49890
1495.0          0.49931
1496.0          0.49971
1497.0          0.50011
1498.0          0.50050
1499.0          0.50089
1500.0          0.50127
1501.0          0.50165
1502.0          0.50203
1503.0          0.50240
1504.0          0.50277
1505.0          0.50314
1506.0          0.50350
1507.0          0.50386
1508.0          0.50421
1509.0          0.50456
1510.0          0.50491
1511.0          0.50525
1512.0          0.50559
1513.0          0.50592
1514.0          0.50626
1515.0          0.50658
1516.0          0.50691
1517.0          0.50723
1518.0          0.50755
1519.0          0.50786
1520.0          0.50817
1521.0          0.50848
1522.0          0.50878
1523.0          0.50908
1524.0          0.50938
1525.0          0.50967
1526.0          0.50997
1527.0          0.51025
1528.0          0.51054
1529.0          0.51082
1530.0          0.51109
1531.0          0.51137
1532.0          0.51164
1533.0          0.51191
1534.0          0.51217
1535.0          0.51243
1536.0          0.51269
1537.0          0.51295
1538.0          0.51320
1539.0          0.51345
1540.0          0.51370
1541.0          0.51394
1542.0          0.51418
1543.0          0.51442
1544.0          0.51465
1545.0          0.51489
1546.0          0.51512
1547.0          0.51534
1548.0          0.51557
1549.0          0.51579
1550.0          0.51600
1551.0          0.51622
1552.0          0.51643
1553.0          0.51664
1554.0          0.51685
1555.0          0.51705
1556.0          0.51725
1557.0          0.51745
1558.0          0.51765
1559.0          0.51784
1560.0          0.51803
1561.0          0.51822
1562.0          0.51841
1563.0          0.51859
1564.0          0.51877
1565.0          0.51895
1566.0          0.51913
1567.0          0.51930
1568.0          0.51947
1569.0          0.51964
1570.0          0.51980
1571.0          0.51997
1572.0          0.52013
1573.0          0.52029
1574.0          0.52045
1575.0          0.52060
1576.0          0.52075
1577.0          0.52090
1578.0          0.52105
1579.0          0.52119
1580.0          0.52134
1581.0          0.52148
1582.0          0.52162
1583.0          0.52175
1584.0          0.52189
1585.0          0.52202
1586.0          0.52215
1587.0          0.52228
1588.0          0.52240
1589.0          0.52252
1590.0          0.52265
1591.0          0.52276
1592.0          0.52288
1593.0          0.52300
1594.0          0.52311
1595.0          0.52322
1596.0          0.52333
1597.0          0.52344
1598.0          0.52354
1599.0          0.52364
1600.0          0.52375
1601.0          0.52385
1602.0          0.52394
1603.0          0.52404
1604.0          0.52413
1605.0          0.52422
1606.0          0.52431
1607.0          0.52440
1608.0          0.52449
1609.0          0.52457
1610.0          0.52465
1611.0          0.52473
1612.0          0.52481
1613.0          0.52489
1614.0          0.52496
1615.0          0.52504
1616.0          0.52511
1617.0          0.52518
1618.0          0.52525
1619.0          0.52531
1620.0          0.52538
1621.0          0.52544
1622.0          0.52550
1623.0          0.52556
1624.0          0.52562
1625.0          0.52568
1626.0          0.52573
1627.0          0.52578
1628.0          0.52584
1629.0          0.52589
1630.0          0.52593
1631.0          0.52598
1632.0          0.52603
1633.0          0.52607
1634.0          0.52611
1635.0          0.52615
1636.0          0.52619
1637.0          0.52623
1638.0          0.52627
1639.0          0.52630
1640.0          0.52633
1641.0          0.52636
1642.0          0.52639
1643.0          0.52642
1644.0          0.52645
1645.0          0.52648
1646.0          0.52650
1647.0          0.52652
1648.0          0.52655
1649.0          0.52657
1650.0          0.52658
1400.0          0.56207
1401.0          0.56113
1402.0          0.56020
1403.0          0.55928
1404.0          0.55837
1405.0          0.55746
1406.0          0.55656
1407.0          0.55567
1408.0          0.55478
1409.0          0.55390
1410.0          0.55303
1411.0          0.55216
1412.0          0.55130
1413.0          0.55045
1414.0          0.54960
1415.0          0.54877
1416.0          0.54793
1417.0          0.54711
1418.0          0.54629
1419.0          0.54548
1420.0          0.54467
1421.0          0.54387
1422.0          0.54308
1423.0          0.54230
1424.0          0.54152
1425.0          0.54075
1426.0          0.53998
1427.0          0.53922
1428.0          0.53847
1429.0          0.53772
1430.0          0.53698
1431.0          0.53625
1432.0          0.53552
1433.0          0.53480
1434.0          0.53408
1435.0          0.53337
1436.0          0.53267
1437.0          0.53197
1438.0          0.53128
1439.0          0.53059
1440.0          0.52991
1441.0          0.52924
1442.0          0.52857
1443.0          0.52791
1444.0          0.52725
1445.0          0.52660
1446.0          0.52596
1447.0          0.52532
1448.0          0.52469
1449.0          0.52406
1450.0          0.52344
1451.0          0.52282
1452.0          0.52221
1453.0          0.52161
1454.0          0.52101
1455.0          0.52041
1456.0          0.51982
1457.0          0.51924
1458.0          0.51866
1459.0          0.51809
1460.0          0.51752
1461.0          0.51696
1462.0          0.51640
1463.0          0.51585
1464.0          0.51530
1465.0          0.51476
1466.0          0.51422
1467.0          0.51369
1468.0          0.51316
1469.0          0.51264
1470.0          0.51212
1471.0          0.51161
1472.0          0.51110
1473.0          0.51060
1474.0          0.51010
1475.0          0.50961
1476.0          0.50912
1477.0          0.50863
1478.0          0.50816
1479.0          0.50768
1480.0          0.50721
1481.0          0.50675
1482.0          0.50628
1483.0          0.50583
1484.0          0.50538
1485.0          0.50493
1486.0          0.50449
1487.0          0.50405
1488.0          0.50361
1489.0          0.50318
1490.0          0.50276
1491.0          0.50234
1492.0          0.50192
1493.0          0.50150
1494.0          0.50110
1495.0          0.50069
1496.0          0.50029
1497.0          0.49989
1498.0          0.49950
1499.0          0.49911
1500.0          0.49873
1501.0          0.49835
1502.0          0.49797
1503.0          0.49760
1504.0          0.49723
1505.0          0.49686
1506.0          0.49650
1507.0          0.49614
1508.0          0.49579
1509.0          0.49544
1510.0          0.49509
1511.0          0.49475
1512.0          0.49441
1513.0          0.49408
1514.0          0.49374
1515.0          0.49342
1516.0          0.49309
1517.0          0.49277
1518.0          0.49245
1519.0          0.49214
1520.0          0.49183
1521.0          0.49152
1522.0          0.49122
1523.0          0.49092
1524.0          0.49062
1525.0          0.49033
1526.0          0.49003
1527.0          0.48975
1528.0          0.48946
1529.0          0.48918
1530.0          0.48891
1531.0          0.48863
1532.0          0.48836
1533.0          0.48809
1534.0          0.48783
1535.0          0.48757
1536.0          0.48731
1537.0          0.48705
1538.0          0.48680
1539.0          0.48655
1540.0          0.48630
1541.0          0.48606
1542.0          0.48582
1543.0          0.48558
1544.0          0.48535
1545.0          0.48511
1546.0          0.48488
1547.0          0.48466
1548.0          0.48443
1549.0          0.48421
1550.0          0.48400
1551.0          0.48378
1552.0          0.48357
1553.0          0.48336
1554.0          0.48315
1555.0          0.48295
1556.0          0.48275
1557.0          0.48255
1558.0          0.48235
1559.0          0.48216
1560.0          0.48197
1561.0          0.48178
1562.0          0.48159
1563.0          0.48141
1564.0          0.48123
1565.0          0.48105
1566.0          0.48087
1567.0          0.48070
1568.0          0.48053
1569.0          0.48036
1570.0          0.48020
1571.0          0.48003
1572.0          0.47987
1573.0          0.47971
1574.0          0.47955
1575.0          0.47940
1576.0          0.47925
1577.0          0.47910
1578.0          0.47895
1579.0          0.47881
1580.0          0.47866
1581.0          0.47852
1582.0          0.47838
1583.0          0.47825
1584.0          0.47811
1585.0          0.47798
1586.0          0.47785
1587.0          0.47772
1588.0          0.47760
1589.0          0.47748
1590.0          0.47735
1591.0          0.47724
1592.0          0.47712
1593.0          0.47700
1594.0          0.47689
1595.0          0.47678
1596.0          0.47667
1597.0          0.47656
1598.0          0.47646
1599.0          0.47636
1600.0          0.47625
1601.0          0.47615
1602.0          0.47606
1603.0          0.47596
1604.0          0.47587
1605.0          0.47578
1606.0          0.47569
1607.0          0.47560
1608.0          0.47551
1609.0          0.47543
1610.0          0.47535
1611.0          0.47527
1612.0          0.47519
1613.0          0.47511
1614.0          0.47504
1615.0          0.47496
1616.0          0.47489
1617.0          0.47482
1618.0          0.47475
1619.0          0.47469
1620.0          0.47462
1621.0          0.47456
1622.0          0.47450
1623.0          0.47444
1624.0          0.47438
1625.0          0.47432
1626.0          0.47427
1627.0          0.47422
1628.0          0.47416
1629.0          0.47411
1630.0          0.47407
1631.0          0.47402
1632.0          0.47397
1633.0          0.47393
1634.0          0.47389
1635.0          0.47385
1636.0          0.47381
1637.0          0.47377
1638.0          0.47373
1639.0          0.47370
1640.0          0.47367
1641.0          0.47364
1642.0          0.47361
1643.0          0.47358
1644.0          0.47355
1645.0          0.47352
1646.0          0.47350
1647.0          0.47348
1648.0          0.47345
1649.0          0.47343
1650.0          0.47342
1400.0          1.0000
1401.0          1.0000
1402.0          1.0000
1403.0          1.0000
1404.0          1.0000
1405.0          1.0000
1406.0          1.0000
1407.0          1.0000
1408.0          1.0000
1409.0          1.0000
1410.0          1.0000
1411.0          1.0000
1412.0          1.0000
1413.0          1.0000
1414.0          1.0000
1415.0          1.0000
1416.0          1.0000
1417.0          1.0000
1418.0          1.0000
1419.0          1.0000
1420.0          1.0000
1421.0          1.0000
1422.0          1.0000
1423.0          1.0000
1424.0          1.0000
1425.0          1.0000
1426.0          1.0000
1427.0          1.0000
1428.0          1.0000
1429.0          1.0000
1430.0          1.0000
1431.0          1.0000
1432.0          1.0000
1433.0          1.0000
1434.0          1.0000
1435.0          1.0000
1436.0          1.0000
1437.0          1.0000
1438.0          1.0000
1439.0          1.0000
1440.0          1.0000
1441.0          1.0000
1442.0          1.0000
1443.0          1.0000
1444.0          1.0000
1445.0          1.0000
1446.0          1.0000
1447.0          1.0000
1448.0          1.0000
1449.0          1.0000
1450.0          1.0000
1451.0          1.0000
1452.0          1.0000
1453.0          1.0000
1454.0          1.0000
1455.0          1.0000
1456.0          1.0000
1457.0          1.0000
1458.0          1.0000
1459.0          1.0000
1460.0          1.0000
1461.0          1.0000
1462.0          1.0000
1463.0          1.0000
1464.0          1.0000
1465.0          1.0000
1466.0          1.0000
1467.0          1.0000
1468.0          1.0000
1469.0          1.0000
1470.0          1.0000
1471.0          1.0000
1472.0          1.0000
1473.0          1.0000
1474.0          1.0000
1475.0          1.0000
1476.0          1.0000
1477.0          1.0000
1478.0          1.0000
1479.0          1.0000
1480.0          1.0000
1481.0          1.0000
1482.0          1.0000
1483.0          1.0000
1484.0          1.0000
1485.0          1.0000
1486.0          1.0000
1487.0          1.0000
1488.0          1.0000
1489.0          1.0000
1490.0          1.0000
1491.0          1.0000
1492.0          1.0000
1493.0          1.0000
1494.0          1.0000
1495.0          1.0000
1496.0          1.0000
1497.0          1.0000
1498.0          1.0000
1499.0          1.0000
1500.0          1.0000
1501.0          1.0000
1502.0          1.0000
1503.0          1.0000
1504.0          1.0000
1505.0          1.0000
1506.0          1.0000
1507.0          1.0000
1508.0          1.0000
1509.0          1.0000
1510.0          1.0000
1511.0          1.0000
1512.0          1.0000
1513.0          1.0000
1514.0          1.0000
1515.0          1.0000
1516.0          1.0000
1517.0          1.0000
1518.0          1.0000
1519.0          1.0000
1520.0          1.0000
1521.0          1.0000
1522.0          1.0000
1523.0          1.0000
1524.0          1.0000
1525.0          1.0000
1526.0          1.0000
1527.0          1.0000
1528.0          1.0000
1529.0          1.0000
1530.0          1.0000
1531.0          1.0000
1532.0          1.0000
1533.0          1.0000
1534.0          1.0000
1535.0          1.0000
1536.0          1.0000
1537.0          1.0000
1538.0          1.0000
1539.0          1.0000
1540.0          1.0000
1541.0          1.0000
1542.0          1.0000
1543.0          1.0000
1544.0          1.0000
1545.0          1.0000
1546.0          1.0000
1547.0          1.0000
1548.0          1.0000
1549.0          1.0000
1550.0          1.0000
1551.0          1.0000
1552.0          1.0000
1553.0          1.0000
1554.0          1.0000
1555.0          1.0000
1556.0          1.0000
1557.0          1.0000
1558.0          1.0000
1559.0          1.0000
1560.0          1.0000
1561.0          1.0000
1562.0          1.0000
1563.0          1.0000
1564.0          1.0000
1565.0          1.0000
1566.0          1.0000
1567.0          1.0000
1568.0          1.0000
1569.0          1.0000
1570.0          1.0000
1571.0          1.0000
1572.0          1.0000
1573.0          1.0000
1574.0          1.0000
1575.0          1.0000
1576.0          1.0000
1577.0          1.0000
1578.0          1.0000
1579.0          1.0000
1580.0          1.0000
1581.0          1.0000
1582.0          1.0000
1583.0          1.0000
1584.0          1.0000
1585.0          1.0000
1586.0          1.0000
1587.0          1.0000
1588.0          1.0000
1589.0          1.0000
1590.0          1.0000
1591.0          1.0000
1592.0          1.0000
1593.0          1.0000
1594.0          1.0000
1595.0          1.0000
1596.0          1.0000
1597.0          1.0000
1598.0          1.0000
1599.0          1.0000
1600.0          1.0000
1601.0          1.0000
1602.0          1.0000
1603.0          1.0000
1604.0          1.0000
1605.0          1.0000
1606.0          1.0000
1607.0          1.0000
1608.0          1.0000
1609.0          1.0000
1610.0          1.0000
1611.0          1.0000
1612.0          1.0000
1613.0          1.0000
1614.0          1.0000
1615.0          1.0000
1616.0          1.0000
1617.0          1.0000
1618.0          1.0000
1619.0          1.0000
1620.0          1.0000
1621.0          1.0000
1622.0          1.0000
1623.0          1.0000
1624.0          1.0000
1625.0          1.0000
1626.0          1.0000
1627.0          1.0000
1628.0          1.0000
1629.0          1.0000
1630.0          1.0000
1631.0          1.0000
1632.0          1.0000
1633.0          1.0000
1634.0          1.0000
1635.0          1.0000
1636.0          1.0000
1637.0          1.0000
1638.0          1.0000
1639.0          1.0000
1640.0          1.0000
1641.0          1.0000
1642.0          1.0000
1643.0          1.0000
1644.0          1.0000
1645.0          1.0000
1646.0          1.0000
1647.0          1.0000
1648.0          1.0000
1649.0          1.0000
1650.0          1.0000
1400.0          0.0000
1401.0          5.5511E-16
1402.0          -1.1102E-15
1403.0          -2.8866E-15
1404.0          -2.2204E-15
1405.0          2.2204E-16
1406.0          1.7764E-15
1407.0          1.7764E-15
1408.0          -1.7764E-15
1409.0          1.9984E-15
1410.0          0.0000
1411.0          8.8818E-16
1412.0          8.8818E-16
1413.0          -8.8818E-16
1414.0          -2.2204E-15
1415.0          1.5543E-15
1416.0          1.5543E-15
1417.0          -2.2204E-16
1418.0          1.1102E-15
1419.0          -2.2204E-16
1420.0          -1.5543E-15
1421.0          -4.4409E-16
1422.0          -2.2204E-15
1423.0          6.6613E-16
1424.0          2.2204E-16
1425.0          -1.3323E-15
1426.0          -1.1102E-15
1427.0          -6.6613E-16
1428.0          2.8866E-15
1429.0          -6.6613E-16
1430.0          2.2204E-16
1431.0          8.8818E-16
1432.0          -2.2204E-16
1433.0          -1.3323E-15
1434.0          6.6613E-16
1435.0          4.4409E-16
1436.0          6.6613E-16
1437.0          3.3307E-15
1438.0          -4.4409E-16
1439.0          -1.7764E-15
1440.0          2.2204E-16
1441.0          -1.3323E-15
1442.0          4.4409E-16
1443.0          5.4401E-15
1444.0          1.8874E-15
1445.0          -3.9968E-15
1446.0          1.1102E-15
1447.0          4.4409E-16
1448.0          -4.4409E-16
1449.0          -2.8866E-15
1450.0          -8.8818E-16
1451.0          0.0000
1452.0          -2.8866E-15
1453.0          -2.2204E-16
1454.0          -2.2204E-16
1455.0          -1.5543E-15
1456.0          1.1102E-15
1457.0          2.2204E-15
1458.0          -3.3307E-15
1459.0          2.2204E-16
1460.0          -1.3323E-15
1461.0          -1.5543E-15
1462.0          -4.4409E-16
1463.0          2.2204E-16
1464.0          1.5543E-15
1465.0          1.3323E-15
1466.0          4.4409E-16
1467.0          -3.7748E-15
1468.0          -1.3323E-15
1469.0          -1.5543E-15
1470.0          2.4425E-15
1471.0          -1.5543E-15
1472.0          2.8866E-15
1473.0          -2.2204E-16
1474.0          1.1102E-15
1475.0          2.2204E-16
1476.0          -8.8818E-16
1477.0          1.9984E-15
1478.0          1.1102E-16
1479.0          1.9984E-15
1480.0          4.4409E-16
1481.0          0.0000
1482.0          0.0000
1483.0          2.2204E-15
1484.0          3.3307E-16
1485.0          -1.7764E-15
1486.0          1.1102E-15
1487.0          -8.8818E-16
1488.0          -1.1102E-15
1489.0          3.9968E-15
1490.0          4.4409E-15
1491.0          3.7748E-15
1492.0          -4.4409E-16
1493.0          4.1078E-15
1494.0          4.4409E-16
1495.0          3.7748E-15
1496.0          -4.4409E-16
1497.0          2.2204E-15
1498.0          -1.7764E-15
1499.0          1.1102E-15
1500.0          6.6613E-16
1501.0          1.1102E-15
1502.0          9.9920E-16
1503.0          -1.7764E-15
1504.0          -6.6613E-16
1505.0          1.9984E-15
1506.0          2.3315E-15
1507.0          1.9984E-15
1508.0          -1.3323E-15
1509.0          2.7756E-15
1510.0          1.1102E-16
1511.0          4.4409E-16
1512.0          1.9984E-15
1513.0          0.0000
1514.0          3.5527E-15
1515.0          2.2204E-16
1516.0          -4.4409E-16
1517.0          -6.6613E-16
1518.0          4.2188E-15
1519.0          2.2204E-15
1520.0          -6.6613E-16
1521.0          3.6637E-15
1522.0          2.3315E-15
1523.0          -2.8866E-15
1524.0          8.8818E-16
1525.0          4.4409E-16
1526.0          1.7764E-15
1527.0          2.1094E-15
1528.0          -1.3323E-15
1529.0          2.2204E-16
1530.0          6.6613E-16
1531.0          4.4409E-16
1532.0          8.8818E-16
1533.0          -1.7764E-15
1534.0          1.1102E-15
1535.0          2.2204E-15
1536.0          4.4409E-15
1537.0          1.4433E-15
1538.0          -2.2204E-16
1539.0          -8.8818E-16
1540.0          1.1102E-15
1541.0          -8.8818E-16
1542.0          -8.8818E-16
1543.0          2.2204E-15
1544.0          2.9976E-15
1545.0          -4.4409E-16
1546.0          2.5535E-15
1547.0          1.9984E-15
1548.0          2.6645E-15
1549.0          2.5535E-15
1550.0          -3.1086E-15
1551.0          2.9976E-15
1552.0          -8.8818E-16
1553.0          1.7764E-15
1554.0          2.2204E-16
1555.0          3.5527E-15
1556.0          -6.6613E-16
1557.0          0.0000
1558.0          4.2188E-15
1559.0          7.7716E-16
1560.0          -3.9968E-15
1561.0          -2.2204E-16
1562.0          5.5511E-16
1563.0          0.0000
1564.0          2.7756E-15
1565.0          1.3323E-15
1566.0          -4.4409E-16
1567.0          -1.1102E-15
1568.0          -1.1102E-15
1569.0          5.5511E-16
1570.0          1.3323E-15
1571.0          0.0000
1572.0          1.7764E-15
1573.0          4.4409E-16
1574.0          -6.6613E-16
1575.0          -1.5543E-15
1576.0          6.6613E-16
1577.0          9.9920E-16
1578.0          2.2204E-15
1579.0          1.4433E-15
1580.0          -8.8818E-16
1581.0          9.9920E-16
1582.0          -2.4425E-15
1583.0          8.8818E-16
1584.0          -1.7764E-15
1585.0          2.2204E-15
1586.0          -6.6613E-16
1587.0          2.2204E-15
1588.0          1.1102E-16
1589.0          -1.1102E-15
1590.0          2.5535E-15
1591.0          2.8866E-15
1592.0          1.6653E-15
1593.0          1.7764E-15
1594.0          -4.2188E-15
1595.0          0.0000
1596.0          -1.5543E-15
1597.0          -2.2204E-16
1598.0          1.1102E-16
1599.0          -2.2204E-15
1600.0          -3.1086E-15
1601.0          4.5519E-15
1602.0          -2.4425E-15
1603.0          -1.1102E-15
1604.0          1.6653E-15
1605.0          -1.1102E-15
1606.0          1.3323E-15
1607.0          4.4409E-16
1608.0          -8.8818E-16
1609.0          1.9984E-15
1610.0          5.5511E-16
1611.0          5.7732E-15
1612.0          2.2204E-15
1613.0          1.1102E-15
1614.0          1.9984E-15
1615.0          -2.8866E-15
1616.0          1.7764E-15
1617.0          1.4433E-15
1618.0          -1.7764E-15
1619.0          -2.2204E-15
1620.0          6.6613E-16
1621.0          3.1086E-15
1622.0          -2.2204E-16
1623.0          -1.7764E-15
1624.0          1.7764E-15
1625.0          -8.8818E-16
1626.0          2.2204E-15
1627.0          1.9984E-15
1628.0          -2.6645E-15
1629.0          -2.2204E-16
1630.0          6.6613E-16
1631.0          6.1062E-15
1632.0          3.4417E-15
1633.0          3.7748E-15
1634.0          -1.1102E-15
1635.0          -2.2204E-15
1636.0          -1.7764E-15
1637.0          2.5535E-15
1638.0          6.6613E-16
1639.0          1.3323E-15
1640.0          -2.2204E-16
1641.0          -1.5543E-15
1642.0          9.9920E-16
1643.0          5.7732E-15
1644.0          4.4409E-15
1645.0          -1.9984E-15
1646.0          2.6645E-15
1647.0          0.0000
1648.0          2.2204E-16
1649.0          -1.9984E-15
1650.0          0.0000
