1400.0          0.56508
1401.0          0.56464
1402.0          0.56423
1403.0          0.56383
1404.0          0.56347
1405.0          0.56312
1406.0          0.56279
1407.0          0.56248
1408.0          0.56219
1409.0          0.56192
1410.0          0.56167
1411.0          0.56143
1412.0          0.56121
1413.0          0.56100
1414.0          0.56081
1415.0          0.56063
1416.0          0.56046
1417.0          0.56031
1418.0          0.56017
1419.0          0.56004
1420.0          0.55992
1421.0          0.55981
1422.0          0.55971
1423.0          0.55962
1424.0          0.55955
1425.0          0.55947
1426.0          0.55941
1427.0          0.55936
1428.0          0.55931
1429.0          0.55927
1430.0          0.55924
1431.0          0.55921
1432.0          0.55920
1433.0          0.55918
1434.0          0.55918
1435.0          0.55918
1436.0          0.55918
1437.0          0.55919
1438.0          0.55920
1439.0          0.55922
1440.0          0.55925
1441.0          0.55928
1442.0          0.55931
1443.0          0.55934
1444.0          0.55938
1445.0          0.55943
1446.0          0.55947
1447.0          0.55952
1448.0          0.55958
1449.0          0.55963
1450.0          0.55969
1451.0          0.55975
1452.0          0.55982
1453.0          0.55989
1454.0          0.55995
1455.0          0.56003
1456.0          0.56010
1457.0          0.56017
1458.0          0.56025
1459.0          0.56033
1460.0          0.56041
1461.0          0.56049
1462.0          0.56057
1463.0          0.56066
1464.0          0.56074
1465.0          0.56083
1466.0          0.56092
1467.0          0.56101
1468.0          0.56109
1469.0          0.56119
1470.0          0.56128
1471.0          0.56137
1472.0          0.56146
1473.0          0.56155
1474.0          0.56165
1475.0          0.56174
1476.0          0.56184
1477.0          0.56193
1478.0          0.56203
1479.0          0.56212
1480.0          0.56222
1481.0          0.56231
1482.0          0.56241
1483.0          0.56251
1484.0          0.56260
1485.0          0.56270
1486.0          0.56279
1487.0          0.56289
1488.0          0.56298
1489.0          0.56308
1490.0          0.56318
1491.0          0.56327
1492.0          0.56337
1493.0          0.56346
1494.0          0.56355
1495.0          0.56365
1496.0          0.56374
1497.0          0.56383
1498.0          0.56393
1499.0          0.56402
1500.0          0.56411
1501.0          0.56420
1502.0          0.56429
1503.0          0.56438
1504.0          0.56447
1505.0          0.56456
1506.0          0.56465
1507.0          0.56474
1508.0          0.56482
1509.0          0.56491
1510.0          0.56500
1511.0          0.56508
1512.0          0.56517
1513.0          0.56525
1514.0          0.56533
1515.0          0.56541
1516.0          0.56550
1517.0          0.56558
1518.0          0.56566
1519.0          0.56573
1520.0          0.56581
1521.0          0.56589
1522.0          0.56597
1523.0          0.56604
1524.0          0.56612
1525.0          0.56619
1526.0          0.56626
1527.0          0.56634
1528.0          0.56641
1529.0          0.56648
1530.0          0.56655
1531.0          0.56662
1532.0          0.56669
1533.0          0.56675
1534.0          0.56682
1535.0          0.56688
1536.0          0.56695
1537.0          0.56701
1538.0          0.56707
1539.0          0.56713
1540.0          0.56719
1541.0          0.56725
1542.0          0.56731
1543.0          0.56737
1544.0          0.56743
1545.0          0.56748
1546.0          0.56754
1547.0          0.56759
1548.0          0.56764
1549.0          0.56770
1550.0          0.56775
1551.0          0.56780
1552.0          0.56785
1553.0          0.56789
1554.0          0.56794
1555.0          0.56799
1556.0          0.56803
1557.0          0.56808
1558.0          0.56812
1559.0          0.56816
1560.0          0.56820
1561.0          0.56824
1562.0          0.56828
1563.0          0.56832
1564.0          0.56836
1565.0          0.56840
1566.0          0.56843
1567.0          0.56847
1568.0          0.56850
1569.0          0.56853
1570.0          0.56856
1571.0          0.56859
1572.0          0.56862
1573.0          0.56865
1574.0          0.56868
1575.0          0.56871
1576.0          0.56873
1577.0          0.56876
1578.0          0.56878
1579.0          0.56880
1580.0          0.56883
1581.0          0.56885
1582.0          0.56887
1583.0          0.56889
1584.0          0.56890
1585.0          0.56892
1586.0          0.56894
1587.0          0.56895
1588.0          0.56897
1589.0          0.56898
1590.0          0.56899
1591.0          0.56901
1592.0          0.56902
1593.0          0.56903
1594.0          0.56903
1595.0          0.56904
1596.0          0.56905
1597.0          0.56906
1598.0          0.56906
1599.0          0.56907
1600.0          0.56907
1601.0          0.56907
1602.0          0.56907
1603.0          0.56907
1604.0          0.56907
1605.0          0.56907
1606.0          0.56907
1607.0          0.56907
1608.0          0.56906
1609.0          0.56906
1610.0          0.56905
1611.0          0.56905
1612.0          0.56904
1613.0          0.56903
1614.0          0.56902
1615.0          0.56901
1616.0          0.56900
1617.0          0.56899
1618.0          0.56898
1619.0          0.56897
1620.0          0.56895
1621.0          0.56894
1622.0          0.56892
1623.0          0.56891
1624.0          0.56889
1625.0          0.56887
1626.0          0.56885
1627.0          0.56883
1628.0          0.56881
1629.0          0.56879
1630.0          0.56877
1631.0          0.56875
1632.0          0.56872
1633.0          0.56870
1634.0          0.56867
1635.0          0.56865
1636.0          0.56862
1637.0          0.56859
1638.0          0.56856
1639.0          0.56853
1640.0          0.56850
1641.0          0.56847
1642.0          0.56844
1643.0          0.56841
1644.0          0.56838
1645.0          0.56834
1646.0          0.56831
1647.0          0.56827
1648.0          0.56824
1649.0          0.56820
1650.0          0.56816
1400.0          0.43492
1401.0          0.43536
1402.0          0.43577
1403.0          0.43617
1404.0          0.43653
1405.0          0.43688
1406.0          0.43721
1407.0          0.43752
1408.0          0.43781
1409.0          0.43808
1410.0          0.43833
1411.0          0.43857
1412.0          0.43879
1413.0          0.43900
1414.0          0.43919
1415.0          0.43937
1416.0          0.43954
1417.0          0.43969
1418.0          0.43983
1419.0          0.43996
1420.0          0.44008
1421.0          0.44019
1422.0          0.44029
1423.0          0.44038
1424.0          0.44045
1425.0          0.44053
1426.0          0.44059
1427.0          0.44064
1428.0          0.44069
1429.0          0.44073
1430.0          0.44076
1431.0          0.44079
1432.0          0.44080
1433.0          0.44082
1434.0          0.44082
1435.0          0.44082
1436.0          0.44082
1437.0          0.44081
1438.0          0.44080
1439.0          0.44078
1440.0          0.44075
1441.0          0.44072
1442.0          0.44069
1443.0          0.44066
1444.0          0.44062
1445.0          0.44057
1446.0          0.44053
1447.0          0.44048
1448.0          0.44042
1449.0          0.44037
1450.0          0.44031
1451.0          0.44025
1452.0          0.44018
1453.0          0.44011
1454.0          0.44005
1455.0          0.43997
1456.0          0.43990
1457.0          0.43983
1458.0          0.43975
1459.0          0.43967
1460.0          0.43959
1461.0          0.43951
1462.0          0.43943
1463.0          0.43934
1464.0          0.43926
1465.0          0.43917
1466.0          0.43908
1467.0          0.43899
1468.0          0.43891
1469.0          0.43881
1470.0          0.43872
1471.0          0.43863
1472.0          0.43854
1473.0          0.43845
1474.0          0.43835
1475.0          0.43826
1476.0          0.43816
1477.0          0.43807
1478.0          0.43797
1479.0          0.43788
1480.0          0.43778
1481.0          0.43769
1482.0          0.43759
1483.0          0.43749
1484.0          0.43740
1485.0          0.43730
1486.0          0.43721
1487.0          0.43711
1488.0          0.43702
1489.0          0.43692
1490.0          0.43682
1491.0          0.43673
1492.0          0.43663
1493.0          0.43654
1494.0          0.43645
1495.0          0.43635
1496.0          0.43626
1497.0          0.43617
1498.0          0.43607
1499.0          0.43598
1500.0          0.43589
1501.0          0.43580
1502.0          0.43571
1503.0          0.43562
1504.0          0.43553
1505.0          0.43544
1506.0          0.43535
1507.0          0.43526
1508.0          0.43518
1509.0          0.43509
1510.0          0.43500
1511.0          0.43492
1512.0          0.43483
1513.0          0.43475
1514.0          0.43467
1515.0          0.43459
1516.0          0.43450
1517.0          0.43442
1518.0          0.43434
1519.0          0.43427
1520.0          0.43419
1521.0          0.43411
1522.0          0.43403
1523.0          0.43396
1524.0          0.43388
1525.0          0.43381
1526.0          0.43374
1527.0          0.43366
1528.0          0.43359
1529.0          0.43352
1530.0          0.43345
1531.0          0.43338
1532.0          0.43331
1533.0          0.43325
1534.0          0.43318
1535.0          0.43312
1536.0          0.43305
1537.0          0.43299
1538.0          0.43293
1539.0          0.43287
1540.0          0.43281
1541.0          0.43275
1542.0          0.43269
1543.0          0.43263
1544.0          0.43257
1545.0          0.43252
1546.0          0.43246
1547.0          0.43241
1548.0          0.43236
1549.0          0.43230
1550.0          0.43225
1551.0          0.43220
1552.0          0.43215
1553.0          0.43211
1554.0          0.43206
1555.0          0.43201
1556.0          0.43197
1557.0          0.43192
1558.0          0.43188
1559.0          0.43184
1560.0          0.43180
1561.0          0.43176
1562.0          0.43172
1563.0          0.43168
1564.0          0.43164
1565.0          0.43160
1566.0          0.43157
1567.0          0.43153
1568.0          0.43150
1569.0          0.43147
1570.0          0.43144
1571.0          0.43141
1572.0          0.43138
1573.0          0.43135
1574.0          0.43132
1575.0          0.43129
1576.0          0.43127
1577.0          0.43124
1578.0          0.43122
1579.0          0.43120
1580.0          0.43117
1581.0          0.43115
1582.0          0.43113
1583.0          0.43111
1584.0          0.43110
1585.0          0.43108
1586.0          0.43106
1587.0          0.43105
1588.0          0.43103
1589.0          0.43102
1590.0          0.43101
1591.0          0.43099
1592.0          0.43098
1593.0          0.43097
1594.0          0.43097
1595.0          0.43096
1596.0          0.43095
1597.0          0.43094
1598.0          0.43094
1599.0          0.43093
1600.0          0.43093
1601.0          0.43093
1602.0          0.43093
1603.0          0.43093
1604.0          0.43093
1605.0          0.43093
1606.0          0.43093
1607.0          0.43093
1608.0          0.43094
1609.0          0.43094
1610.0          0.43095
1611.0          0.43095
1612.0          0.43096
1613.0          0.43097
1614.0          0.43098
1615.0          0.43099
1616.0          0.43100
1617.0          0.43101
1618.0          0.43102
1619.0          0.43103
1620.0          0.43105
1621.0          0.43106
1622.0          0.43108
1623.0          0.43109
1624.0          0.43111
1625.0          0.43113
1626.0          0.43115
1627.0          0.43117
1628.0          0.43119
1629.0          0.43121
1630.0          0.43123
1631.0          0.43125
1632.0          0.43128
1633.0          0.43130
1634.0          0.43133
1635.0          0.43135
1636.0          0.43138
1637.0          0.43141
1638.0          0.43144
1639.0          0.43147
1640.0          0.43150
1641.0          0.43153
1642.0          0.43156
1643.0          0.43159
1644.0          0.43162
1645.0          0.43166
1646.0          0.43169
1647.0          0.43173
1648.0          0.43176
1649.0          0.43180
1650.0          0.43184
1400.0          1.0000
1401.0          1.0000
1402.0          1.0000
1403.0          1.0000
1404.0          1.0000
1405.0          1.0000
1406.0          1.0000
1407.0          1.0000
1408.0          1.0000
1409.0          1.0000
1410.0          1.0000
1411.0          1.0000
1412.0          1.0000
1413.0          1.0000
1414.0          1.0000
1415.0          1.0000
1416.0          1.0000
1417.0          1.0000
1418.0          1.0000
1419.0          1.0000
1420.0          1.0000
1421.0          1.0000
1422.0          1.0000
1423.0          1.0000
1424.0          1.0000
1425.0          1.0000
1426.0          1.0000
1427.0          1.0000
1428.0          1.0000
1429.0          1.0000
1430.0          1.0000
1431.0          1.0000
1432.0          1.0000
1433.0          1.0000
1434.0          1.0000
1435.0          1.0000
1436.0          1.0000
1437.0          1.0000
1438.0          1.0000
1439.0          1.0000
1440.0          1.0000
1441.0          1.0000
1442.0          1.0000
1443.0          1.0000
1444.0          1.0000
1445.0          1.0000
1446.0          1.0000
1447.0          1.0000
1448.0          1.0000
1449.0          1.0000
1450.0          1.0000
1451.0          1.0000
1452.0          1.0000
1453.0          1.0000
1454.0          1.0000
1455.0          1.0000
1456.0          1.0000
1457.0          1.0000
1458.0          1.0000
1459.0          1.0000
1460.0          1.0000
1461.0          1.0000
1462.0          1.0000
1463.0          1.0000
1464.0          1.0000
1465.0          1.0000
1466.0          1.0000
1467.0          1.0000
1468.0          1.0000
1469.0          1.0000
1470.0          1.0000
1471.0          1.0000
1472.0          1.0000
1473.0          1.0000
1474.0          1.0000
1475.0          1.0000
1476.0          1.0000
1477.0          1.0000
1478.0          1.0000
1479.0          1.0000
1480.0          1.0000
1481.0          1.0000
1482.0          1.0000
1483.0          1.0000
1484.0          1.0000
1485.0          1.0000
1486.0          1.0000
1487.0          1.0000
1488.0          1.0000
1489.0          1.0000
1490.0          1.0000
1491.0          1.0000
1492.0          1.0000
1493.0          1.0000
1494.0          1.0000
1495.0          1.0000
1496.0          1.0000
1497.0          1.0000
1498.0          1.0000
1499.0          1.0000
1500.0          1.0000
1501.0          1.0000
1502.0          1.0000
1503.0          1.0000
1504.0          1.0000
1505.0          1.0000
1506.0          1.0000
1507.0          1.0000
1508.0          1.0000
1509.0          1.0000
1510.0          1.0000
1511.0          1.0000
1512.0          1.0000
1513.0          1.0000
1514.0          1.0000
1515.0          1.0000
1516.0          1.0000
1517.0          1.0000
1518.0          1.0000
1519.0          1.0000
1520.0          1.0000
1521.0          1.0000
1522.0          1.0000
1523.0          1.0000
1524.0          1.0000
1525.0          1.0000
1526.0          1.0000
1527.0          1.0000
1528.0          1.0000
1529.0          1.0000
1530.0          1.0000
1531.0          1.0000
1532.0          1.0000
1533.0          1.0000
1534.0          1.0000
1535.0          1.0000
1536.0          1.0000
1537.0          1.0000
1538.0          1.0000
1539.0          1.0000
1540.0          1.0000
1541.0          1.0000
1542.0          1.0000
1543.0          1.0000
1544.0          1.0000
1545.0          1.0000
1546.0          1.0000
1547.0          1.0000
1548.0          1.0000
1549.0          1.0000
1550.0          1.0000
1551.0          1.0000
1552.0          1.0000
1553.0          1.0000
1554.0          1.0000
1555.0          1.0000
1556.0          1.0000
1557.0          1.0000
1558.0          1.0000
1559.0          1.0000
1560.0          1.0000
1561.0          1.0000
1562.0          1.0000
1563.0          1.0000
1564.0          1.0000
1565.0          1.0000
1566.0          1.0000
1567.0          1.0000
1568.0          1.0000
1569.0          1.0000
1570.0          1.0000
1571.0          1.0000
1572.0          1.0000
1573.0          1.0000
1574.0          1.0000
1575.0          1.0000
1576.0          1.0000
1577.0          1.0000
1578.0          1.0000
1579.0          1.0000
1580.0          1.0000
1581.0          1.0000
1582.0          1.0000
1583.0          1.0000
1584.0          1.0000
1585.0          1.0000
1586.0          1.0000
1587.0          1.0000
1588.0          1.0000
1589.0          1.0000
1590.0          1.0000
1591.0          1.0000
1592.0          1.0000
1593.0          1.0000
1594.0          1.0000
1595.0          1.0000
1596.0          1.0000
1597.0          1.0000
1598.0          1.0000
1599.0          1.0000
1600.0          1.0000
1601.0          1.0000
1602.0          1.0000
1603.0          1.0000
1604.0          1.0000
1605.0          1.0000
1606.0          1.0000
1607.0          1.0000
1608.0          1.0000
1609.0          1.0000
1610.0          1.0000
1611.0          1.0000
1612.0          1.0000
1613.0          1.0000
1614.0          1.0000
1615.0          1.0000
1616.0          1.0000
1617.0          1.0000
1618.0          1.0000
1619.0          1.0000
1620.0          1.0000
1621.0          1.0000
1622.0          1.0000
1623.0          1.0000
1624.0          1.0000
1625.0          1.0000
1626.0          1.0000
1627.0          1.0000
1628.0          1.0000
1629.0          1.0000
1630.0          1.0000
1631.0          1.0000
1632.0          1.0000
1633.0          1.0000
1634.0          1.0000
1635.0          1.0000
1636.0          1.0000
1637.0          1.0000
1638.0          1.0000
1639.0          1.0000
1640.0          1.0000
1641.0          1.0000
1642.0          1.0000
1643.0          1.0000
1644.0          1.0000
1645.0          1.0000
1646.0          1.0000
1647.0          1.0000
1648.0          1.0000
1649.0          1.0000
1650.0          1.0000
1400.0          2.2204E-16
1401.0          -8.8818E-16
1402.0          5.5511E-16
1403.0          -2.2204E-16
1404.0          8.8818E-16
1405.0          -1.3323E-15
1406.0          -1.5543E-15
1407.0          -2.2204E-16
1408.0          2.4425E-15
1409.0          -4.4409E-16
1410.0          1.2212E-15
1411.0          -8.8818E-16
1412.0          6.6613E-16
1413.0          1.3323E-15
1414.0          4.4409E-16
1415.0          2.9976E-15
1416.0          1.5543E-15
1417.0          0.0000
1418.0          2.1094E-15
1419.0          -3.5527E-15
1420.0          6.6613E-16
1421.0          0.0000
1422.0          1.4433E-15
1423.0          1.5543E-15
1424.0          6.6613E-16
1425.0          2.1094E-15
1426.0          -2.2204E-16
1427.0          -1.7764E-15
1428.0          2.3315E-15
1429.0          -4.4409E-16
1430.0          6.6613E-16
1431.0          -1.7764E-15
1432.0          -1.1102E-15
1433.0          8.8818E-16
1434.0          8.8818E-16
1435.0          -6.6613E-16
1436.0          -6.6613E-16
1437.0          2.4425E-15
1438.0          -1.7764E-15
1439.0          -4.4409E-16
1440.0          0.0000
1441.0          -4.4409E-16
1442.0          2.5535E-15
1443.0          1.8874E-15
1444.0          2.7756E-15
1445.0          2.3315E-15
1446.0          4.4409E-16
1447.0          -1.7764E-15
1448.0          2.5535E-15
1449.0          2.2204E-15
1450.0          9.9920E-16
1451.0          2.6645E-15
1452.0          0.0000
1453.0          -2.2204E-16
1454.0          0.0000
1455.0          -3.5527E-15
1456.0          1.3323E-15
1457.0          -1.7764E-15
1458.0          1.6653E-15
1459.0          2.2204E-15
1460.0          -1.3323E-15
1461.0          4.4409E-16
1462.0          -1.9984E-15
1463.0          3.3307E-15
1464.0          4.4409E-16
1465.0          4.4409E-16
1466.0          -2.4425E-15
1467.0          4.2188E-15
1468.0          -2.6645E-15
1469.0          -1.5543E-15
1470.0          2.4425E-15
1471.0          1.7764E-15
1472.0          1.5543E-15
1473.0          1.1102E-16
1474.0          4.4409E-16
1475.0          8.8818E-16
1476.0          1.5543E-15
1477.0          2.2204E-16
1478.0          1.1102E-15
1479.0          0.0000
1480.0          -8.8818E-16
1481.0          1.3323E-15
1482.0          -1.7764E-15
1483.0          4.4409E-16
1484.0          -1.7764E-15
1485.0          1.7764E-15
1486.0          -2.2204E-15
1487.0          2.5535E-15
1488.0          -8.8818E-16
1489.0          6.6613E-16
1490.0          6.6613E-16
1491.0          -2.6645E-15
1492.0          4.4409E-16
1493.0          8.8818E-16
1494.0          -8.8818E-16
1495.0          1.7764E-15
1496.0          -3.1086E-15
1497.0          4.4409E-16
1498.0          1.7764E-15
1499.0          -1.1102E-15
1500.0          -1.1102E-15
1501.0          5.6621E-15
1502.0          3.3307E-16
1503.0          -6.6613E-16
1504.0          3.1086E-15
1505.0          0.0000
1506.0          3.3307E-16
1507.0          2.2204E-15
1508.0          -1.1102E-15
1509.0          -2.2204E-15
1510.0          -3.3307E-15
1511.0          1.3323E-15
1512.0          1.7764E-15
1513.0          -4.4409E-16
1514.0          -1.9984E-15
1515.0          -1.1102E-15
1516.0          4.4409E-16
1517.0          -6.2172E-15
1518.0          -3.1086E-15
1519.0          6.6613E-16
1520.0          2.2204E-15
1521.0          -6.6613E-16
1522.0          6.6613E-16
1523.0          2.1094E-15
1524.0          -2.4425E-15
1525.0          -4.4409E-16
1526.0          8.8818E-16
1527.0          6.6613E-16
1528.0          3.3307E-16
1529.0          -6.6613E-16
1530.0          -2.2204E-15
1531.0          1.5543E-15
1532.0          -2.2204E-16
1533.0          -2.2204E-15
1534.0          -1.5543E-15
1535.0          2.8866E-15
1536.0          -1.5543E-15
1537.0          -1.1102E-15
1538.0          4.4409E-16
1539.0          -1.3323E-15
1540.0          2.2204E-16
1541.0          2.2204E-16
1542.0          -8.8818E-16
1543.0          -8.8818E-16
1544.0          -2.2204E-15
1545.0          4.8850E-15
1546.0          1.5543E-15
1547.0          -6.4393E-15
1548.0          1.3323E-15
1549.0          -2.2204E-15
1550.0          1.1102E-16
1551.0          1.5543E-15
1552.0          9.9920E-16
1553.0          -1.3323E-15
1554.0          5.5511E-16
1555.0          0.0000
1556.0          6.6613E-16
1557.0          -8.8818E-16
1558.0          2.2204E-16
1559.0          1.3323E-15
1560.0          1.3323E-15
1561.0          -2.2204E-15
1562.0          -8.8818E-16
1563.0          0.0000
1564.0          1.1102E-15
1565.0          2.6645E-15
1566.0          5.5511E-16
1567.0          0.0000
1568.0          1.3323E-15
1569.0          2.4425E-15
1570.0          8.8818E-16
1571.0          3.5527E-15
1572.0          -3.1086E-15
1573.0          -1.3323E-15
1574.0          2.2204E-16
1575.0          2.4425E-15
1576.0          2.2204E-15
1577.0          2.6645E-15
1578.0          8.8818E-16
1579.0          2.2204E-15
1580.0          -1.7764E-15
1581.0          3.3307E-15
1582.0          5.5511E-16
1583.0          1.5543E-15
1584.0          1.9984E-15
1585.0          1.8874E-15
1586.0          -3.3307E-15
1587.0          -8.8818E-16
1588.0          -1.1102E-15
1589.0          -2.4425E-15
1590.0          -3.3307E-15
1591.0          1.7764E-15
1592.0          2.2204E-16
1593.0          -3.1086E-15
1594.0          4.4409E-16
1595.0          -1.3323E-15
1596.0          2.5535E-15
1597.0          1.1102E-15
1598.0          8.8818E-16
1599.0          9.9920E-16
1600.0          -1.9984E-15
1601.0          -2.2204E-16
1602.0          -1.7764E-15
1603.0          2.1094E-15
1604.0          5.1070E-15
1605.0          -4.4409E-16
1606.0          4.4409E-15
1607.0          3.1086E-15
1608.0          -1.5543E-15
1609.0          1.9984E-15
1610.0          8.8818E-16
1611.0          -6.6613E-16
1612.0          -2.6645E-15
1613.0          9.9920E-16
1614.0          2.5535E-15
1615.0          3.1086E-15
1616.0          -4.2188E-15
1617.0          -1.1102E-15
1618.0          1.7764E-15
1619.0          -2.4425E-15
1620.0          9.9920E-16
1621.0          -1.5543E-15
1622.0          -4.4409E-16
1623.0          8.8818E-16
1624.0          9.9920E-16
1625.0          -1.7764E-15
1626.0          6.6613E-16
1627.0          -2.6645E-15
1628.0          1.7764E-15
1629.0          -2.2204E-15
1630.0          4.4409E-15
1631.0          2.3315E-15
1632.0          4.4409E-15
1633.0          1.1102E-15
1634.0          1.9984E-15
1635.0          -1.1102E-15
1636.0          -1.1102E-15
1637.0          3.8858E-15
1638.0          2.8866E-15
1639.0          1.9984E-15
1640.0          -1.7764E-15
1641.0          1.3323E-15
1642.0          -2.2204E-16
1643.0          -1.1102E-15
1644.0          8.8818E-16
1645.0          -2.8866E-15
1646.0          -3.1086E-15
1647.0          -5.7732E-15
1648.0          -4.4409E-15
1649.0          3.5527E-15
1650.0          1.1102E-15
