1400.0          0.20054
1401.0          0.20191
1402.0          0.20327
1403.0          0.20463
1404.0          0.20599
1405.0          0.20734
1406.0          0.20870
1407.0          0.21005
1408.0          0.21140
1409.0          0.21274
1410.0          0.21409
1411.0          0.21543
1412.0          0.21677
1413.0          0.21810
1414.0          0.21943
1415.0          0.22076
1416.0          0.22209
1417.0          0.22341
1418.0          0.22473
1419.0          0.22605
1420.0          0.22737
1421.0          0.22868
1422.0          0.22998
1423.0          0.23129
1424.0          0.23259
1425.0          0.23389
1426.0          0.23518
1427.0          0.23647
1428.0          0.23776
1429.0          0.23904
1430.0          0.24032
1431.0          0.24160
1432.0          0.24287
1433.0          0.24414
1434.0          0.24540
1435.0          0.24666
1436.0          0.24792
1437.0          0.24917
1438.0          0.25042
1439.0          0.25167
1440.0          0.25291
1441.0          0.25414
1442.0          0.25538
1443.0          0.25661
1444.0          0.25783
1445.0          0.25905
1446.0          0.26027
1447.0          0.26148
1448.0          0.26269
1449.0          0.26389
1450.0          0.26509
1451.0          0.26629
1452.0          0.26748
1453.0          0.26866
1454.0          0.26984
1455.0          0.27102
1456.0          0.27220
1457.0          0.27337
1458.0          0.27453
1459.0          0.27569
1460.0          0.27685
1461.0          0.27800
1462.0          0.27915
1463.0          0.28029
1464.0          0.28143
1465.0          0.28256
1466.0          0.28369
1467.0          0.28482
1468.0          0.28594
1469.0          0.28705
1470.0          0.28816
1471.0          0.28927
1472.0          0.29037
1473.0          0.29147
1474.0          0.29257
1475.0          0.29365
1476.0          0.29474
1477.0          0.29582
1478.0          0.29689
1479.0          0.29797
1480.0          0.29903
1481.0          0.30009
1482.0          0.30115
1483.0          0.30220
1484.0          0.30325
1485.0          0.30430
1486.0          0.30534
1487.0          0.30637
1488.0          0.30740
1489.0          0.30843
1490.0          0.30945
1491.0          0.31047
1492.0          0.31148
1493.0          0.31249
1494.0          0.31349
1495.0          0.31449
1496.0          0.31548
1497.0          0.31647
1498.0          0.31746
1499.0          0.31844
1500.0          0.31942
1501.0          0.32039
1502.0          0.32136
1503.0          0.32232
1504.0          0.32328
1505.0          0.32424
1506.0          0.32519
1507.0          0.32613
1508.0          0.32707
1509.0          0.32801
1510.0          0.32894
1511.0          0.32987
1512.0          0.33080
1513.0          0.33172
1514.0          0.33263
1515.0          0.33354
1516.0          0.33445
1517.0          0.33535
1518.0          0.33625
1519.0          0.33715
1520.0          0.33804
1521.0          0.33892
1522.0          0.33980
1523.0          0.34068
1524.0          0.34155
1525.0          0.34242
1526.0          0.34329
1527.0          0.34415
1528.0          0.34500
1529.0          0.34585
1530.0          0.34670
1531.0          0.34755
1532.0          0.34839
1533.0          0.34922
1534.0          0.35005
1535.0          0.35088
1536.0          0.35170
1537.0          0.35252
1538.0          0.35334
1539.0          0.35415
1540.0          0.35496
1541.0          0.35576
1542.0          0.35656
1543.0          0.35735
1544.0          0.35815
1545.0          0.35893
1546.0          0.35972
1547.0          0.36050
1548.0          0.36127
1549.0          0.36204
1550.0          0.36281
1551.0          0.36358
1552.0          0.36434
1553.0          0.36509
1554.0          0.36584
1555.0          0.36659
1556.0          0.36734
1557.0          0.36808
1558.0          0.36882
1559.0          0.36955
1560.0          0.37028
1561.0          0.37101
1562.0          0.37173
1563.0          0.37245
1564.0          0.37316
1565.0          0.37387
1566.0          0.37458
1567.0          0.37529
1568.0          0.37599
1569.0          0.37668
1570.0          0.37738
1571.0          0.37807
1572.0          0.37875
1573.0          0.37944
1574.0          0.38011
1575.0          0.38079
1576.0          0.38146
1577.0          0.38213
1578.0          0.38280
1579.0          0.38346
1580.0          0.38412
1581.0          0.38477
1582.0          0.38542
1583.0          0.38607
1584.0          0.38672
1585.0          0.38736
1586.0          0.38800
1587.0          0.38863
1588.0          0.38926
1589.0          0.38989
1590.0          0.39051
1591.0          0.39114
1592.0          0.39175
1593.0          0.39237
1594.0          0.39298
1595.0          0.39359
1596.0          0.39419
1597.0          0.39480
1598.0          0.39539
1599.0          0.39599
1600.0          0.39658
1601.0          0.39717
1602.0          0.39776
1603.0          0.39834
1604.0          0.39892
1605.0          0.39950
1606.0          0.40007
1607.0          0.40064
1608.0          0.40121
1609.0          0.40178
1610.0          0.40234
1611.0          0.40290
1612.0          0.40345
1613.0          0.40400
1614.0          0.40455
1615.0          0.40510
1616.0          0.40564
1617.0          0.40619
1618.0          0.40672
1619.0          0.40726
1620.0          0.40779
1621.0          0.40832
1622.0          0.40885
1623.0          0.40937
1624.0          0.40989
1625.0          0.41041
1626.0          0.41092
1627.0          0.41144
1628.0          0.41195
1629.0          0.41245
1630.0          0.41296
1631.0          0.41346
1632.0          0.41396
1633.0          0.41445
1634.0          0.41495
1635.0          0.41544
1636.0          0.41593
1637.0          0.41641
1638.0          0.41689
1639.0          0.41737
1640.0          0.41785
1641.0          0.41832
1642.0          0.41880
1643.0          0.41927
1644.0          0.41973
1645.0          0.42020
1646.0          0.42066
1647.0          0.42112
1648.0          0.42157
1649.0          0.42203
1650.0          0.42248
1400.0          0.79946
1401.0          0.79809
1402.0          0.79673
1403.0          0.79537
1404.0          0.79401
1405.0          0.79266
1406.0          0.79130
1407.0          0.78995
1408.0          0.78860
1409.0          0.78726
1410.0          0.78591
1411.0          0.78457
1412.0          0.78323
1413.0          0.78190
1414.0          0.78057
1415.0          0.77924
1416.0          0.77791
1417.0          0.77659
1418.0          0.77527
1419.0          0.77395
1420.0          0.77263
1421.0          0.77132
1422.0          0.77002
1423.0          0.76871
1424.0          0.76741
1425.0          0.76611
1426.0          0.76482
1427.0          0.76353
1428.0          0.76224
1429.0          0.76096
1430.0          0.75968
1431.0          0.75840
1432.0          0.75713
1433.0          0.75586
1434.0          0.75460
1435.0          0.75334
1436.0          0.75208
1437.0          0.75083
1438.0          0.74958
1439.0          0.74833
1440.0          0.74709
1441.0          0.74586
1442.0          0.74462
1443.0          0.74339
1444.0          0.74217
1445.0          0.74095
1446.0          0.73973
1447.0          0.73852
1448.0          0.73731
1449.0          0.73611
1450.0          0.73491
1451.0          0.73371
1452.0          0.73252
1453.0          0.73134
1454.0          0.73016
1455.0          0.72898
1456.0          0.72780
1457.0          0.72663
1458.0          0.72547
1459.0          0.72431
1460.0          0.72315
1461.0          0.72200
1462.0          0.72085
1463.0          0.71971
1464.0          0.71857
1465.0          0.71744
1466.0          0.71631
1467.0          0.71518
1468.0          0.71406
1469.0          0.71295
1470.0          0.71184
1471.0          0.71073
1472.0          0.70963
1473.0          0.70853
1474.0          0.70743
1475.0          0.70635
1476.0          0.70526
1477.0          0.70418
1478.0          0.70311
1479.0          0.70203
1480.0          0.70097
1481.0          0.69991
1482.0          0.69885
1483.0          0.69780
1484.0          0.69675
1485.0          0.69570
1486.0          0.69466
1487.0          0.69363
1488.0          0.69260
1489.0          0.69157
1490.0          0.69055
1491.0          0.68953
1492.0          0.68852
1493.0          0.68751
1494.0          0.68651
1495.0          0.68551
1496.0          0.68452
1497.0          0.68353
1498.0          0.68254
1499.0          0.68156
1500.0          0.68058
1501.0          0.67961
1502.0          0.67864
1503.0          0.67768
1504.0          0.67672
1505.0          0.67576
1506.0          0.67481
1507.0          0.67387
1508.0          0.67293
1509.0          0.67199
1510.0          0.67106
1511.0          0.67013
1512.0          0.66920
1513.0          0.66828
1514.0          0.66737
1515.0          0.66646
1516.0          0.66555
1517.0          0.66465
1518.0          0.66375
1519.0          0.66285
1520.0          0.66196
1521.0          0.66108
1522.0          0.66020
1523.0          0.65932
1524.0          0.65845
1525.0          0.65758
1526.0          0.65671
1527.0          0.65585
1528.0          0.65500
1529.0          0.65415
1530.0          0.65330
1531.0          0.65245
1532.0          0.65161
1533.0          0.65078
1534.0          0.64995
1535.0          0.64912
1536.0          0.64830
1537.0          0.64748
1538.0          0.64666
1539.0          0.64585
1540.0          0.64504
1541.0          0.64424
1542.0          0.64344
1543.0          0.64265
1544.0          0.64185
1545.0          0.64107
1546.0          0.64028
1547.0          0.63950
1548.0          0.63873
1549.0          0.63796
1550.0          0.63719
1551.0          0.63642
1552.0          0.63566
1553.0          0.63491
1554.0          0.63416
1555.0          0.63341
1556.0          0.63266
1557.0          0.63192
1558.0          0.63118
1559.0          0.63045
1560.0          0.62972
1561.0          0.62899
1562.0          0.62827
1563.0          0.62755
1564.0          0.62684
1565.0          0.62613
1566.0          0.62542
1567.0          0.62471
1568.0          0.62401
1569.0          0.62332
1570.0          0.62262
1571.0          0.62193
1572.0          0.62125
1573.0          0.62056
1574.0          0.61989
1575.0          0.61921
1576.0          0.61854
1577.0          0.61787
1578.0          0.61720
1579.0          0.61654
1580.0          0.61588
1581.0          0.61523
1582.0          0.61458
1583.0          0.61393
1584.0          0.61328
1585.0          0.61264
1586.0          0.61200
1587.0          0.61137
1588.0          0.61074
1589.0          0.61011
1590.0          0.60949
1591.0          0.60886
1592.0          0.60825
1593.0          0.60763
1594.0          0.60702
1595.0          0.60641
1596.0          0.60581
1597.0          0.60520
1598.0          0.60461
1599.0          0.60401
1600.0          0.60342
1601.0          0.60283
1602.0          0.60224
1603.0          0.60166
1604.0          0.60108
1605.0          0.60050
1606.0          0.59993
1607.0          0.59936
1608.0          0.59879
1609.0          0.59822
1610.0          0.59766
1611.0          0.59710
1612.0          0.59655
1613.0          0.59600
1614.0          0.59545
1615.0          0.59490
1616.0          0.59436
1617.0          0.59381
1618.0          0.59328
1619.0          0.59274
1620.0          0.59221
1621.0          0.59168
1622.0          0.59115
1623.0          0.59063
1624.0          0.59011
1625.0          0.58959
1626.0          0.58908
1627.0          0.58856
1628.0          0.58805
1629.0          0.58755
1630.0          0.58704
1631.0          0.58654
1632.0          0.58604
1633.0          0.58555
1634.0          0.58505
1635.0          0.58456
1636.0          0.58407
1637.0          0.58359
1638.0          0.58311
1639.0          0.58263
1640.0          0.58215
1641.0          0.58168
1642.0          0.58120
1643.0          0.58073
1644.0          0.58027
1645.0          0.57980
1646.0          0.57934
1647.0          0.57888
1648.0          0.57843
1649.0          0.57797
1650.0          0.57752
1400.0          1.0000
1401.0          1.0000
1402.0          1.0000
1403.0          1.0000
1404.0          1.0000
1405.0          1.0000
1406.0          1.0000
1407.0          1.0000
1408.0          1.0000
1409.0          1.0000
1410.0          1.0000
1411.0          1.0000
1412.0          1.0000
1413.0          1.0000
1414.0          1.0000
1415.0          1.0000
1416.0          1.0000
1417.0          1.0000
1418.0          1.0000
1419.0          1.0000
1420.0          1.0000
1421.0          1.0000
1422.0          1.0000
1423.0          1.0000
1424.0          1.0000
1425.0          1.0000
1426.0          1.0000
1427.0          1.0000
1428.0          1.0000
1429.0          1.0000
1430.0          1.0000
1431.0          1.0000
1432.0          1.0000
1433.0          1.0000
1434.0          1.0000
1435.0          1.0000
1436.0          1.0000
1437.0          1.0000
1438.0          1.0000
1439.0          1.0000
1440.0          1.0000
1441.0          1.0000
1442.0          1.0000
1443.0          1.0000
1444.0          1.0000
1445.0          1.0000
1446.0          1.0000
1447.0          1.0000
1448.0          1.0000
1449.0          1.0000
1450.0          1.0000
1451.0          1.0000
1452.0          1.0000
1453.0          1.0000
1454.0          1.0000
1455.0          1.0000
1456.0          1.0000
1457.0          1.0000
1458.0          1.0000
1459.0          1.0000
1460.0          1.0000
1461.0          1.0000
1462.0          1.0000
1463.0          1.0000
1464.0          1.0000
1465.0          1.0000
1466.0          1.0000
1467.0          1.0000
1468.0          1.0000
1469.0          1.0000
1470.0          1.0000
1471.0          1.0000
1472.0          1.0000
1473.0          1.0000
1474.0          1.0000
1475.0          1.0000
1476.0          1.0000
1477.0          1.0000
1478.0          1.0000
1479.0          1.0000
1480.0          1.0000
1481.0          1.0000
1482.0          1.0000
1483.0          1.0000
1484.0          1.0000
1485.0          1.0000
1486.0          1.0000
1487.0          1.0000
1488.0          1.0000
1489.0          1.0000
1490.0          1.0000
1491.0          1.0000
1492.0          1.0000
1493.0          1.0000
1494.0          1.0000
1495.0          1.0000
1496.0          1.0000
1497.0          1.0000
1498.0          1.0000
1499.0          1.0000
1500.0          1.0000
1501.0          1.0000
1502.0          1.0000
1503.0          1.0000
1504.0          1.0000
1505.0          1.0000
1506.0          1.0000
1507.0          1.0000
1508.0          1.0000
1509.0          1.0000
1510.0          1.0000
1511.0          1.0000
1512.0          1.0000
1513.0          1.0000
1514.0          1.0000
1515.0          1.0000
1516.0          1.0000
1517.0          1.0000
1518.0          1.0000
1519.0          1.0000
1520.0          1.0000
1521.0          1.0000
1522.0          1.0000
1523.0          1.0000
1524.0          1.0000
1525.0          1.0000
1526.0          1.0000
1527.0          1.0000
1528.0          1.0000
1529.0          1.0000
1530.0          1.0000
1531.0          1.0000
1532.0          1.0000
1533.0          1.0000
1534.0          1.0000
1535.0          1.0000
1536.0          1.0000
1537.0          1.0000
1538.0          1.0000
1539.0          1.0000
1540.0          1.0000
1541.0          1.0000
1542.0          1.0000
1543.0          1.0000
1544.0          1.0000
1545.0          1.0000
1546.0          1.0000
1547.0          1.0000
1548.0          1.0000
1549.0          1.0000
1550.0          1.0000
1551.0          1.0000
1552.0          1.0000
1553.0          1.0000
1554.0          1.0000
1555.0          1.0000
1556.0          1.0000
1557.0          1.0000
1558.0          1.0000
1559.0          1.0000
1560.0          1.0000
1561.0          1.0000
1562.0          1.0000
1563.0          1.0000
1564.0          1.0000
1565.0          1.0000
1566.0          1.0000
1567.0          1.0000
1568.0          1.0000
1569.0          1.0000
1570.0          1.0000
1571.0          1.0000
1572.0          1.0000
1573.0          1.0000
1574.0          1.0000
1575.0          1.0000
1576.0          1.0000
1577.0          1.0000
1578.0          1.0000
1579.0          1.0000
1580.0          1.0000
1581.0          1.0000
1582.0          1.0000
1583.0          1.0000
1584.0          1.0000
1585.0          1.0000
1586.0          1.0000
1587.0          1.0000
1588.0          1.0000
1589.0          1.0000
1590.0          1.0000
1591.0          1.0000
1592.0          1.0000
1593.0          1.0000
1594.0          1.0000
1595.0          1.0000
1596.0          1.0000
1597.0          1.0000
1598.0          1.0000
1599.0          1.0000
1600.0          1.0000
1601.0          1.0000
1602.0          1.0000
1603.0          1.0000
1604.0          1.0000
1605.0          1.0000
1606.0          1.0000
1607.0          1.0000
1608.0          1.0000
1609.0          1.0000
1610.0          1.0000
1611.0          1.0000
1612.0          1.0000
1613.0          1.0000
1614.0          1.0000
1615.0          1.0000
1616.0          1.0000
1617.0          1.0000
1618.0          1.0000
1619.0          1.0000
1620.0          1.0000
1621.0          1.0000
1622.0          1.0000
1623.0          1.0000
1624.0          1.0000
1625.0          1.0000
1626.0          1.0000
1627.0          1.0000
1628.0          1.0000
1629.0          1.0000
1630.0          1.0000
1631.0          1.0000
1632.0          1.0000
1633.0          1.0000
1634.0          1.0000
1635.0          1.0000
1636.0          1.0000
1637.0          1.0000
1638.0          1.0000
1639.0          1.0000
1640.0          1.0000
1641.0          1.0000
1642.0          1.0000
1643.0          1.0000
1644.0          1.0000
1645.0          1.0000
1646.0          1.0000
1647.0          1.0000
1648.0          1.0000
1649.0          1.0000
1650.0          1.0000
1400.0          -1.9984E-15
1401.0          -2.2204E-16
1402.0          1.6653E-15
1403.0          -2.2204E-15
1404.0          0.0000
1405.0          -2.2204E-15
1406.0          2.1094E-15
1407.0          -4.4409E-16
1408.0          -1.3323E-15
1409.0          -6.6613E-16
1410.0          -4.6629E-15
1411.0          -1.3323E-15
1412.0          6.6613E-16
1413.0          -4.4409E-16
1414.0          3.1086E-15
1415.0          -1.7764E-15
1416.0          9.9920E-16
1417.0          -1.3323E-15
1418.0          2.3315E-15
1419.0          -2.4425E-15
1420.0          8.8818E-16
1421.0          2.1094E-15
1422.0          -8.8818E-16
1423.0          1.1102E-15
1424.0          -1.1102E-15
1425.0          1.5543E-15
1426.0          -2.8866E-15
1427.0          3.3307E-16
1428.0          3.3307E-16
1429.0          -1.9984E-15
1430.0          2.4425E-15
1431.0          -4.4409E-16
1432.0          2.8866E-15
1433.0          -1.7764E-15
1434.0          6.6613E-16
1435.0          -4.4409E-16
1436.0          1.1102E-15
1437.0          -6.6613E-16
1438.0          1.9984E-15
1439.0          1.5543E-15
1440.0          -1.9984E-15
1441.0          4.4409E-16
1442.0          4.4409E-15
1443.0          8.8818E-16
1444.0          1.1102E-16
1445.0          5.5511E-16
1446.0          -4.4409E-16
1447.0          1.7764E-15
1448.0          -2.2204E-15
1449.0          -1.7764E-15
1450.0          8.8818E-16
1451.0          1.5543E-15
1452.0          5.5511E-16
1453.0          -1.5543E-15
1454.0          1.5543E-15
1455.0          4.4409E-16
1456.0          -1.1102E-15
1457.0          1.4433E-15
1458.0          -2.4425E-15
1459.0          2.2204E-15
1460.0          0.0000
1461.0          -2.6645E-15
1462.0          5.5511E-16
1463.0          2.2204E-16
1464.0          -8.8818E-16
1465.0          2.2204E-16
1466.0          4.2188E-15
1467.0          0.0000
1468.0          1.6653E-15
1469.0          -6.6613E-16
1470.0          2.4425E-15
1471.0          2.2204E-16
1472.0          1.8874E-15
1473.0          -3.1086E-15
1474.0          -1.7764E-15
1475.0          2.2204E-16
1476.0          0.0000
1477.0          6.6613E-16
1478.0          -2.2204E-16
1479.0          3.6637E-15
1480.0          1.7764E-15
1481.0          -3.1086E-15
1482.0          3.3307E-15
1483.0          9.9920E-16
1484.0          3.6637E-15
1485.0          5.5511E-16
1486.0          -1.3323E-15
1487.0          -2.2204E-16
1488.0          -4.4409E-16
1489.0          7.7716E-16
1490.0          6.6613E-16
1491.0          1.1102E-15
1492.0          1.5543E-15
1493.0          1.1102E-15
1494.0          -1.1102E-15
1495.0          -3.7748E-15
1496.0          1.1102E-16
1497.0          1.5543E-15
1498.0          -4.4409E-16
1499.0          8.8818E-16
1500.0          2.2204E-15
1501.0          0.0000
1502.0          1.7764E-15
1503.0          0.0000
1504.0          4.4409E-16
1505.0          0.0000
1506.0          4.4409E-16
1507.0          2.8866E-15
1508.0          2.2204E-15
1509.0          1.1102E-15
1510.0          -3.5527E-15
1511.0          1.1102E-16
1512.0          4.4409E-16
1513.0          2.2204E-16
1514.0          -3.1086E-15
1515.0          0.0000
1516.0          -1.9984E-15
1517.0          -1.7764E-15
1518.0          -1.7764E-15
1519.0          1.3323E-15
1520.0          -4.4409E-16
1521.0          -4.4409E-16
1522.0          -8.8818E-16
1523.0          1.7764E-15
1524.0          1.1102E-15
1525.0          -8.8818E-16
1526.0          1.1102E-16
1527.0          6.6613E-16
1528.0          2.2204E-16
1529.0          -1.3323E-15
1530.0          -1.3323E-15
1531.0          8.8818E-16
1532.0          8.8818E-16
1533.0          -2.6645E-15
1534.0          4.4409E-16
1535.0          1.9984E-15
1536.0          0.0000
1537.0          -1.5543E-15
1538.0          2.3315E-15
1539.0          -4.4409E-16
1540.0          -1.3323E-15
1541.0          0.0000
1542.0          -1.9984E-15
1543.0          1.5543E-15
1544.0          1.1102E-15
1545.0          -1.1102E-15
1546.0          -2.6645E-15
1547.0          -1.9984E-15
1548.0          -2.2204E-16
1549.0          -2.2204E-15
1550.0          4.4409E-16
1551.0          0.0000
1552.0          6.6613E-16
1553.0          6.6613E-16
1554.0          -3.1086E-15
1555.0          1.1102E-15
1556.0          2.2204E-16
1557.0          1.3323E-15
1558.0          -1.7764E-15
1559.0          1.1102E-16
1560.0          1.7764E-15
1561.0          -2.2204E-16
1562.0          3.5527E-15
1563.0          5.5511E-16
1564.0          5.5511E-16
1565.0          2.2204E-15
1566.0          2.4425E-15
1567.0          2.4425E-15
1568.0          -2.6645E-15
1569.0          -1.7764E-15
1570.0          -4.4409E-16
1571.0          1.9984E-15
1572.0          -1.7764E-15
1573.0          1.5543E-15
1574.0          2.2204E-15
1575.0          2.2204E-16
1576.0          6.6613E-16
1577.0          6.6613E-16
1578.0          -1.1102E-15
1579.0          -1.5543E-15
1580.0          -1.1102E-15
1581.0          2.6645E-15
1582.0          1.6653E-15
1583.0          0.0000
1584.0          1.3323E-15
1585.0          1.1102E-16
1586.0          -4.4409E-16
1587.0          -6.6613E-16
1588.0          2.6645E-15
1589.0          4.4409E-16
1590.0          1.6653E-15
1591.0          6.6613E-16
1592.0          6.6613E-16
1593.0          1.1102E-15
1594.0          -2.6645E-15
1595.0          1.1102E-15
1596.0          -4.4409E-16
1597.0          -2.8866E-15
1598.0          -2.8866E-15
1599.0          -6.6613E-16
1600.0          2.2204E-16
1601.0          -1.7764E-15
1602.0          -1.1102E-15
1603.0          2.3315E-15
1604.0          7.7716E-16
1605.0          3.3307E-16
1606.0          2.3315E-15
1607.0          1.3323E-15
1608.0          1.9984E-15
1609.0          -3.7748E-15
1610.0          -1.9984E-15
1611.0          1.5543E-15
1612.0          -2.6645E-15
1613.0          -1.3323E-15
1614.0          -2.2204E-15
1615.0          -3.5527E-15
1616.0          2.2204E-15
1617.0          1.2212E-15
1618.0          -2.2204E-15
1619.0          -4.4409E-16
1620.0          3.1086E-15
1621.0          -1.7764E-15
1622.0          -2.2204E-16
1623.0          -1.3323E-15
1624.0          -1.5543E-15
1625.0          -3.9968E-15
1626.0          3.3307E-15
1627.0          6.4393E-15
1628.0          1.5543E-15
1629.0          2.8866E-15
1630.0          -2.2204E-15
1631.0          -1.1102E-15
1632.0          -4.4409E-16
1633.0          2.2204E-16
1634.0          3.1086E-15
1635.0          1.3323E-15
1636.0          2.2204E-16
1637.0          -4.4409E-16
1638.0          -2.6645E-15
1639.0          8.8818E-16
1640.0          -2.2204E-16
1641.0          -6.6613E-16
1642.0          4.4409E-16
1643.0          -8.8818E-16
1644.0          4.4409E-16
1645.0          2.6645E-15
1646.0          2.7756E-15
1647.0          1.2212E-15
1648.0          -3.9968E-15
1649.0          -4.4409E-16
1650.0          2.2204E-16
