1400.0          0.92781
1401.0          0.91131
1402.0          0.89276
1403.0          0.87205
1404.0          0.84912
1405.0          0.82389
1406.0          0.79639
1407.0          0.76669
1408.0          0.73496
1409.0          0.70154
1410.0          0.66691
1411.0          0.63178
1412.0          0.59706
1413.0          0.56386
1414.0          0.53345
1415.0          0.50715
1416.0          0.48624
1417.0          0.47177
1418.0          0.46445
1419.0          0.46454
1420.0          0.47183
1421.0          0.48567
1422.0          0.50509
1423.0          0.52892
1424.0          0.55594
1425.0          0.58498
1426.0          0.61501
1427.0          0.64518
1428.0          0.67484
1429.0          0.70350
1430.0          0.73084
1431.0          0.75665
1432.0          0.78083
1433.0          0.80335
1434.0          0.82423
1435.0          0.84354
1436.0          0.86134
1437.0          0.87773
1438.0          0.89281
1439.0          0.90667
1440.0          0.91941
1441.0          0.93110
1442.0          0.94182
1443.0          0.95165
1444.0          0.96063
1445.0          0.96880
1446.0          0.97618
1447.0          0.98276
1448.0          0.98850
1449.0          0.99332
1450.0          0.99704
1451.0          0.99939
1452.0          0.99993
1453.0          0.99790
1454.0          0.99207
1455.0          0.98036
1456.0          0.95921
1457.0          0.92254
1458.0          0.86053
1459.0          0.76024
1460.0          0.61681
1461.0          0.46611
1462.0          0.39256
1463.0          0.43098
1464.0          0.52572
1465.0          0.62151
1466.0          0.69923
1467.0          0.75832
1468.0          0.80281
1469.0          0.83666
1470.0          0.86288
1471.0          0.88356
1472.0          0.90017
1473.0          0.91373
1474.0          0.92496
1475.0          0.93437
1476.0          0.94235
1477.0          0.94919
1478.0          0.95509
1479.0          0.96022
1480.0          0.96472
1481.0          0.96867
1482.0          0.97217
1483.0          0.97528
1484.0          0.97804
1485.0          0.98052
1486.0          0.98273
1487.0          0.98472
1488.0          0.98651
1489.0          0.98812
1490.0          0.98957
1491.0          0.99087
1492.0          0.99205
1493.0          0.99311
1494.0          0.99406
1495.0          0.99491
1496.0          0.99567
1497.0          0.99635
1498.0          0.99696
1499.0          0.99750
1500.0          0.99797
1501.0          0.99838
1502.0          0.99874
1503.0          0.99905
1504.0          0.99930
1505.0          0.99952
1506.0          0.99969
1507.0          0.99982
1508.0          0.99991
1509.0          0.99997
1510.0          1.0000
1511.0          0.99999
1512.0          0.99996
1513.0          0.99990
1514.0          0.99981
1515.0          0.99970
1516.0          0.99956
1517.0          0.99940
1518.0          0.99922
1519.0          0.99902
1520.0          0.99880
1521.0          0.99857
1522.0          0.99831
1523.0          0.99804
1524.0          0.99775
1525.0          0.99745
1526.0          0.99713
1527.0          0.99680
1528.0          0.99645
1529.0          0.99609
1530.0          0.99572
1531.0          0.99533
1532.0          0.99494
1533.0          0.99453
1534.0          0.99411
1535.0          0.99369
1536.0          0.99325
1537.0          0.99280
1538.0          0.99234
1539.0          0.99188
1540.0          0.99140
1541.0          0.99092
1542.0          0.99043
1543.0          0.98993
1544.0          0.98942
1545.0          0.98891
1546.0          0.98839
1547.0          0.98786
1548.0          0.98732
1549.0          0.98678
1550.0          0.98623
1551.0          0.98568
1552.0          0.98512
1553.0          0.98455
1554.0          0.98398
1555.0          0.98340
1556.0          0.98282
1557.0          0.98223
1558.0          0.98164
1559.0          0.98104
1560.0          0.98043
1561.0          0.97982
1562.0          0.97921
1563.0          0.97859
1564.0          0.97797
1565.0          0.97734
1566.0          0.97671
1567.0          0.97608
1568.0          0.97544
1569.0          0.97479
1570.0          0.97414
1571.0          0.97349
1572.0          0.97284
1573.0          0.97218
1574.0          0.97152
1575.0          0.97085
1576.0          0.97018
1577.0          0.96951
1578.0          0.96883
1579.0          0.96815
1580.0          0.96747
1581.0          0.96678
1582.0          0.96609
1583.0          0.96540
1584.0          0.96471
1585.0          0.96401
1586.0          0.96331
1587.0          0.96260
1588.0          0.96190
1589.0          0.96119
1590.0          0.96048
1591.0          0.95976
1592.0          0.95904
1593.0          0.95833
1594.0          0.95760
1595.0          0.95688
1596.0          0.95615
1597.0          0.95542
1598.0          0.95469
1599.0          0.95396
1600.0          0.95322
1601.0          0.95248
1602.0          0.95174
1603.0          0.95100
1604.0          0.95025
1605.0          0.94951
1606.0          0.94876
1607.0          0.94801
1608.0          0.94725
1609.0          0.94650
1610.0          0.94574
1611.0          0.94498
1612.0          0.94422
1613.0          0.94346
1614.0          0.94269
1615.0          0.94193
1616.0          0.94116
1617.0          0.94039
1618.0          0.93962
1619.0          0.93885
1620.0          0.93807
1621.0          0.93730
1622.0          0.93652
1623.0          0.93574
1624.0          0.93496
1625.0          0.93418
1626.0          0.93339
1627.0          0.93261
1628.0          0.93182
1629.0          0.93103
1630.0          0.93024
1631.0          0.92945
1632.0          0.92866
1633.0          0.92787
1634.0          0.92707
1635.0          0.92627
1636.0          0.92548
1637.0          0.92468
1638.0          0.92388
1639.0          0.92308
1640.0          0.92227
1641.0          0.92147
1642.0          0.92067
1643.0          0.91986
1644.0          0.91905
1645.0          0.91825
1646.0          0.91744
1647.0          0.91663
1648.0          0.91581
1649.0          0.91500
1650.0          0.91419
1400.0          0.072189
1401.0          0.088689
1402.0          0.10724
1403.0          0.12795
1404.0          0.15088
1405.0          0.17611
1406.0          0.20361
1407.0          0.23331
1408.0          0.26504
1409.0          0.29846
1410.0          0.33309
1411.0          0.36822
1412.0          0.40294
1413.0          0.43614
1414.0          0.46655
1415.0          0.49285
1416.0          0.51376
1417.0          0.52823
1418.0          0.53555
1419.0          0.53546
1420.0          0.52817
1421.0          0.51433
1422.0          0.49491
1423.0          0.47108
1424.0          0.44406
1425.0          0.41502
1426.0          0.38499
1427.0          0.35482
1428.0          0.32516
1429.0          0.29650
1430.0          0.26916
1431.0          0.24335
1432.0          0.21917
1433.0          0.19665
1434.0          0.17577
1435.0          0.15646
1436.0          0.13866
1437.0          0.12227
1438.0          0.10719
1439.0          0.093327
1440.0          0.080594
1441.0          0.068903
1442.0          0.058178
1443.0          0.048352
1444.0          0.039373
1445.0          0.031202
1446.0          0.023823
1447.0          0.017240
1448.0          0.011497
1449.0          0.0066831
1450.0          0.0029613
1451.0          6.0640E-4
1452.0          7.0984E-5
1453.0          0.0020990
1454.0          0.0079259
1455.0          0.019636
1456.0          0.040790
1457.0          0.077459
1458.0          0.13947
1459.0          0.23976
1460.0          0.38319
1461.0          0.53389
1462.0          0.60744
1463.0          0.56902
1464.0          0.47428
1465.0          0.37849
1466.0          0.30077
1467.0          0.24168
1468.0          0.19719
1469.0          0.16334
1470.0          0.13712
1471.0          0.11644
1472.0          0.099829
1473.0          0.086271
1474.0          0.075045
1475.0          0.065630
1476.0          0.057647
1477.0          0.050811
1478.0          0.044909
1479.0          0.039776
1480.0          0.035282
1481.0          0.031327
1482.0          0.027829
1483.0          0.024723
1484.0          0.021955
1485.0          0.019482
1486.0          0.017266
1487.0          0.015277
1488.0          0.013489
1489.0          0.011880
1490.0          0.010431
1491.0          0.0091265
1492.0          0.0079514
1493.0          0.0068940
1494.0          0.0059436
1495.0          0.0050907
1496.0          0.0043270
1497.0          0.0036453
1498.0          0.0030390
1499.0          0.0025023
1500.0          0.0020299
1501.0          0.0016171
1502.0          0.0012597
1503.0          9.5391E-4
1504.0          6.9622E-4
1505.0          4.8349E-4
1506.0          3.1284E-4
1507.0          1.8166E-4
1508.0          8.7534E-5
1509.0          2.8269E-5
1510.0          1.8415E-6
1511.0          6.3873E-6
1512.0          4.0189E-5
1513.0          1.0166E-4
1514.0          1.8933E-4
1515.0          3.0183E-4
1516.0          4.3791E-4
1517.0          5.9638E-4
1518.0          7.7616E-4
1519.0          9.7622E-4
1520.0          0.0011956
1521.0          0.0014334
1522.0          0.0016889
1523.0          0.0019611
1524.0          0.0022495
1525.0          0.0025533
1526.0          0.0028718
1527.0          0.0032045
1528.0          0.0035507
1529.0          0.0039100
1530.0          0.0042819
1531.0          0.0046658
1532.0          0.0050613
1533.0          0.0054680
1534.0          0.0058854
1535.0          0.0063132
1536.0          0.0067510
1537.0          0.0071986
1538.0          0.0076554
1539.0          0.0081213
1540.0          0.0085959
1541.0          0.0090789
1542.0          0.0095702
1543.0          0.010069
1544.0          0.010576
1545.0          0.011090
1546.0          0.011612
1547.0          0.012140
1548.0          0.012676
1549.0          0.013218
1550.0          0.013766
1551.0          0.014321
1552.0          0.014881
1553.0          0.015448
1554.0          0.016020
1555.0          0.016598
1556.0          0.017182
1557.0          0.017771
1558.0          0.018365
1559.0          0.018964
1560.0          0.019568
1561.0          0.020177
1562.0          0.020790
1563.0          0.021408
1564.0          0.022031
1565.0          0.022658
1566.0          0.023289
1567.0          0.023925
1568.0          0.024565
1569.0          0.025208
1570.0          0.025856
1571.0          0.026507
1572.0          0.027163
1573.0          0.027821
1574.0          0.028484
1575.0          0.029150
1576.0          0.029820
1577.0          0.030493
1578.0          0.031169
1579.0          0.031849
1580.0          0.032531
1581.0          0.033217
1582.0          0.033906
1583.0          0.034599
1584.0          0.035294
1585.0          0.035992
1586.0          0.036692
1587.0          0.037396
1588.0          0.038103
1589.0          0.038812
1590.0          0.039524
1591.0          0.040238
1592.0          0.040955
1593.0          0.041675
1594.0          0.042397
1595.0          0.043122
1596.0          0.043849
1597.0          0.044578
1598.0          0.045310
1599.0          0.046044
1600.0          0.046780
1601.0          0.047518
1602.0          0.048259
1603.0          0.049002
1604.0          0.049747
1605.0          0.050494
1606.0          0.051243
1607.0          0.051994
1608.0          0.052747
1609.0          0.053502
1610.0          0.054259
1611.0          0.055018
1612.0          0.055778
1613.0          0.056541
1614.0          0.057305
1615.0          0.058071
1616.0          0.058839
1617.0          0.059609
1618.0          0.060380
1619.0          0.061153
1620.0          0.061927
1621.0          0.062703
1622.0          0.063481
1623.0          0.064260
1624.0          0.065041
1625.0          0.065824
1626.0          0.066607
1627.0          0.067393
1628.0          0.068180
1629.0          0.068968
1630.0          0.069757
1631.0          0.070548
1632.0          0.071341
1633.0          0.072134
1634.0          0.072929
1635.0          0.073725
1636.0          0.074523
1637.0          0.075322
1638.0          0.076122
1639.0          0.076923
1640.0          0.077725
1641.0          0.078529
1642.0          0.079334
1643.0          0.080140
1644.0          0.080947
1645.0          0.081755
1646.0          0.082564
1647.0          0.083374
1648.0          0.084185
1649.0          0.084998
1650.0          0.085811
1400.0          1.0000
1401.0          1.0000
1402.0          1.0000
1403.0          1.0000
1404.0          1.0000
1405.0          1.0000
1406.0          1.0000
1407.0          1.0000
1408.0          1.0000
1409.0          1.0000
1410.0          1.0000
1411.0          1.0000
1412.0          1.0000
1413.0          1.0000
1414.0          1.0000
1415.0          1.0000
1416.0          1.0000
1417.0          1.0000
1418.0          1.0000
1419.0          1.0000
1420.0          1.0000
1421.0          1.0000
1422.0          1.0000
1423.0          1.0000
1424.0          1.0000
1425.0          1.0000
1426.0          1.0000
1427.0          1.0000
1428.0          1.0000
1429.0          1.0000
1430.0          1.0000
1431.0          1.0000
1432.0          1.0000
1433.0          1.0000
1434.0          1.0000
1435.0          1.0000
1436.0          1.0000
1437.0          1.0000
1438.0          1.0000
1439.0          1.0000
1440.0          1.0000
1441.0          1.0000
1442.0          1.0000
1443.0          1.0000
1444.0          1.0000
1445.0          1.0000
1446.0          1.0000
1447.0          1.0000
1448.0          1.0000
1449.0          1.0000
1450.0          1.0000
1451.0          1.0000
1452.0          1.0000
1453.0          1.0000
1454.0          1.0000
1455.0          1.0000
1456.0          1.0000
1457.0          1.0000
1458.0          1.0000
1459.0          1.0000
1460.0          1.0000
1461.0          1.0000
1462.0          1.0000
1463.0          1.0000
1464.0          1.0000
1465.0          1.0000
1466.0          1.0000
1467.0          1.0000
1468.0          1.0000
1469.0          1.0000
1470.0          1.0000
1471.0          1.0000
1472.0          1.0000
1473.0          1.0000
1474.0          1.0000
1475.0          1.0000
1476.0          1.0000
1477.0          1.0000
1478.0          1.0000
1479.0          1.0000
1480.0          1.0000
1481.0          1.0000
1482.0          1.0000
1483.0          1.0000
1484.0          1.0000
1485.0          1.0000
1486.0          1.0000
1487.0          1.0000
1488.0          1.0000
1489.0          1.0000
1490.0          1.0000
1491.0          1.0000
1492.0          1.0000
1493.0          1.0000
1494.0          1.0000
1495.0          1.0000
1496.0          1.0000
1497.0          1.0000
1498.0          1.0000
1499.0          1.0000
1500.0          1.0000
1501.0          1.0000
1502.0          1.0000
1503.0          1.0000
1504.0          1.0000
1505.0          1.0000
1506.0          1.0000
1507.0          1.0000
1508.0          1.0000
1509.0          1.0000
1510.0          1.0000
1511.0          1.0000
1512.0          1.0000
1513.0          1.0000
1514.0          1.0000
1515.0          1.0000
1516.0          1.0000
1517.0          1.0000
1518.0          1.0000
1519.0          1.0000
1520.0          1.0000
1521.0          1.0000
1522.0          1.0000
1523.0          1.0000
1524.0          1.0000
1525.0          1.0000
1526.0          1.0000
1527.0          1.0000
1528.0          1.0000
1529.0          1.0000
1530.0          1.0000
1531.0          1.0000
1532.0          1.0000
1533.0          1.0000
1534.0          1.0000
1535.0          1.0000
1536.0          1.0000
1537.0          1.0000
1538.0          1.0000
1539.0          1.0000
1540.0          1.0000
1541.0          1.0000
1542.0          1.0000
1543.0          1.0000
1544.0          1.0000
1545.0          1.0000
1546.0          1.0000
1547.0          1.0000
1548.0          1.0000
1549.0          1.0000
1550.0          1.0000
1551.0          1.0000
1552.0          1.0000
1553.0          1.0000
1554.0          1.0000
1555.0          1.0000
1556.0          1.0000
1557.0          1.0000
1558.0          1.0000
1559.0          1.0000
1560.0          1.0000
1561.0          1.0000
1562.0          1.0000
1563.0          1.0000
1564.0          1.0000
1565.0          1.0000
1566.0          1.0000
1567.0          1.0000
1568.0          1.0000
1569.0          1.0000
1570.0          1.0000
1571.0          1.0000
1572.0          1.0000
1573.0          1.0000
1574.0          1.0000
1575.0          1.0000
1576.0          1.0000
1577.0          1.0000
1578.0          1.0000
1579.0          1.0000
1580.0          1.0000
1581.0          1.0000
1582.0          1.0000
1583.0          1.0000
1584.0          1.0000
1585.0          1.0000
1586.0          1.0000
1587.0          1.0000
1588.0          1.0000
1589.0          1.0000
1590.0          1.0000
1591.0          1.0000
1592.0          1.0000
1593.0          1.0000
1594.0          1.0000
1595.0          1.0000
1596.0          1.0000
1597.0          1.0000
1598.0          1.0000
1599.0          1.0000
1600.0          1.0000
1601.0          1.0000
1602.0          1.0000
1603.0          1.0000
1604.0          1.0000
1605.0          1.0000
1606.0          1.0000
1607.0          1.0000
1608.0          1.0000
1609.0          1.0000
1610.0          1.0000
1611.0          1.0000
1612.0          1.0000
1613.0          1.0000
1614.0          1.0000
1615.0          1.0000
1616.0          1.0000
1617.0          1.0000
1618.0          1.0000
1619.0          1.0000
1620.0          1.0000
1621.0          1.0000
1622.0          1.0000
1623.0          1.0000
1624.0          1.0000
1625.0          1.0000
1626.0          1.0000
1627.0          1.0000
1628.0          1.0000
1629.0          1.0000
1630.0          1.0000
1631.0          1.0000
1632.0          1.0000
1633.0          1.0000
1634.0          1.0000
1635.0          1.0000
1636.0          1.0000
1637.0          1.0000
1638.0          1.0000
1639.0          1.0000
1640.0          1.0000
1641.0          1.0000
1642.0          1.0000
1643.0          1.0000
1644.0          1.0000
1645.0          1.0000
1646.0          1.0000
1647.0          1.0000
1648.0          1.0000
1649.0          1.0000
1650.0          1.0000
1400.0          -8.8818E-15
1401.0          -4.4409E-16
1402.0          -3.9968E-15
1403.0          -6.4393E-15
1404.0          3.5527E-15
1405.0          1.9984E-15
1406.0          1.0658E-14
1407.0          -4.4409E-16
1408.0          -9.1038E-15
1409.0          -6.6613E-16
1410.0          -5.1070E-15
1411.0          -1.3989E-14
1412.0          -1.1768E-14
1413.0          9.9920E-16
1414.0          -7.9936E-15
1415.0          -1.5099E-14
1416.0          -8.8818E-15
1417.0          1.7764E-15
1418.0          1.1324E-14
1419.0          -1.6209E-14
1420.0          -1.8208E-14
1421.0          1.9984E-15
1422.0          -1.4877E-14
1423.0          -5.3291E-15
1424.0          -1.9540E-14
1425.0          -4.4409E-15
1426.0          4.8850E-15
1427.0          -8.4377E-15
1428.0          -3.9968E-15
1429.0          1.4655E-14
1430.0          -1.2434E-14
1431.0          -2.4425E-15
1432.0          1.7764E-15
1433.0          3.4417E-15
1434.0          6.6613E-16
1435.0          -2.2204E-15
1436.0          -4.4409E-16
1437.0          5.6621E-15
1438.0          -1.9984E-15
1439.0          1.5543E-15
1440.0          1.8874E-15
1441.0          -5.5511E-15
1442.0          -8.8818E-16
1443.0          -8.4377E-15
1444.0          -8.8818E-16
1445.0          2.6645E-15
1446.0          -3.9968E-15
1447.0          5.1070E-15
1448.0          1.7764E-15
1449.0          -7.1054E-15
1450.0          3.3307E-16
1451.0          -4.8850E-15
1452.0          -4.2188E-15
1453.0          -4.4409E-15
1454.0          -1.3323E-15
1455.0          -2.4425E-15
1456.0          2.8089E-14
1457.0          8.3267E-15
1458.0          -4.1744E-14
1459.0          -2.1538E-14
1460.0          -1.4655E-14
1461.0          2.3315E-14
1462.0          -1.2279E-13
1463.0          2.0206E-14
1464.0          8.7708E-15
1465.0          1.3767E-14
1466.0          -5.9952E-15
1467.0          5.8842E-15
1468.0          -1.5543E-14
1469.0          -1.1990E-14
1470.0          -6.8834E-15
1471.0          3.3307E-15
1472.0          9.5479E-15
1473.0          -5.3291E-15
1474.0          -8.8818E-16
1475.0          -1.5321E-14
1476.0          -2.2204E-15
1477.0          5.7732E-15
1478.0          -1.0436E-14
1479.0          -7.3275E-15
1480.0          3.3307E-15
1481.0          -5.1070E-15
1482.0          2.2204E-16
1483.0          -2.4425E-15
1484.0          5.6621E-15
1485.0          -1.9984E-15
1486.0          -2.8866E-15
1487.0          2.6645E-15
1488.0          -8.8818E-16
1489.0          2.5535E-15
1490.0          1.7764E-15
1491.0          -4.8850E-15
1492.0          1.4433E-15
1493.0          2.1094E-15
1494.0          2.2204E-16
1495.0          5.5511E-16
1496.0          -1.5543E-15
1497.0          3.8858E-15
1498.0          -2.2204E-16
1499.0          1.2212E-15
1500.0          -2.2204E-15
1501.0          -5.1070E-15
1502.0          5.5511E-16
1503.0          -1.1102E-15
1504.0          -2.4425E-15
1505.0          3.3307E-15
1506.0          1.4433E-15
1507.0          -1.1102E-15
1508.0          -1.1102E-15
1509.0          1.9984E-15
1510.0          -8.8818E-16
1511.0          -1.7764E-15
1512.0          1.7764E-15
1513.0          -4.2188E-15
1514.0          1.5543E-15
1515.0          7.7716E-16
1516.0          -2.2204E-16
1517.0          -1.3323E-15
1518.0          -1.1102E-15
1519.0          -2.4425E-15
1520.0          -2.2204E-15
1521.0          7.7716E-16
1522.0          -4.4409E-16
1523.0          -2.4425E-15
1524.0          -1.7764E-15
1525.0          6.6613E-16
1526.0          -2.8866E-15
1527.0          1.9984E-15
1528.0          2.2204E-16
1529.0          -4.4409E-16
1530.0          -1.9984E-15
1531.0          1.3323E-15
1532.0          2.3315E-15
1533.0          -6.6613E-16
1534.0          4.3299E-15
1535.0          8.8818E-16
1536.0          9.9920E-16
1537.0          5.5511E-16
1538.0          1.8874E-15
1539.0          4.3299E-15
1540.0          4.4409E-16
1541.0          4.4409E-16
1542.0          0.0000
1543.0          -2.4425E-15
1544.0          1.4433E-15
1545.0          -1.3323E-15
1546.0          3.3307E-16
1547.0          3.2196E-15
1548.0          -1.9984E-15
1549.0          -1.1102E-15
1550.0          1.9984E-15
1551.0          -2.2204E-16
1552.0          -2.8866E-15
1553.0          2.2204E-16
1554.0          -1.7764E-15
1555.0          2.1094E-15
1556.0          -3.5527E-15
1557.0          -2.6645E-15
1558.0          4.4409E-16
1559.0          2.2204E-15
1560.0          1.3323E-15
1561.0          2.4425E-15
1562.0          1.8874E-15
1563.0          -4.4409E-16
1564.0          -6.6613E-16
1565.0          -3.3307E-15
1566.0          -1.7764E-15
1567.0          1.5543E-15
1568.0          1.1102E-16
1569.0          -6.6613E-16
1570.0          -8.8818E-16
1571.0          0.0000
1572.0          -1.1102E-15
1573.0          -2.8866E-15
1574.0          -1.5543E-15
1575.0          1.8874E-15
1576.0          -4.4409E-16
1577.0          -4.4409E-16
1578.0          1.5543E-15
1579.0          -2.2204E-16
1580.0          -4.8850E-15
1581.0          -4.2188E-15
1582.0          -1.1102E-15
1583.0          2.9976E-15
1584.0          1.8874E-15
1585.0          -1.7764E-15
1586.0          7.7716E-16
1587.0          6.6613E-16
1588.0          -7.1054E-15
1589.0          -2.8866E-15
1590.0          2.1094E-15
1591.0          -1.9984E-15
1592.0          -1.3323E-15
1593.0          -1.7764E-15
1594.0          1.2212E-15
1595.0          -3.1086E-15
1596.0          -3.5527E-15
1597.0          -8.8818E-16
1598.0          6.6613E-16
1599.0          -8.8818E-16
1600.0          -2.2204E-15
1601.0          -6.6613E-16
1602.0          -4.4409E-16
1603.0          5.5511E-16
1604.0          2.4425E-15
1605.0          -2.8866E-15
1606.0          -2.2204E-16
1607.0          -1.7764E-15
1608.0          -1.5543E-15
1609.0          -1.7764E-15
1610.0          -2.2204E-16
1611.0          2.3315E-15
1612.0          -2.4425E-15
1613.0          -1.9984E-15
1614.0          4.5519E-15
1615.0          4.2188E-15
1616.0          -6.6613E-16
1617.0          -3.7748E-15
1618.0          4.4409E-16
1619.0          2.4425E-15
1620.0          2.8866E-15
1621.0          3.3307E-15
1622.0          0.0000
1623.0          1.1102E-15
1624.0          1.1102E-15
1625.0          7.7716E-16
1626.0          -2.2204E-15
1627.0          -1.7764E-15
1628.0          2.7756E-15
1629.0          3.5527E-15
1630.0          -2.6645E-15
1631.0          -2.8866E-15
1632.0          1.4433E-15
1633.0          -1.5543E-15
1634.0          8.8818E-16
1635.0          1.3323E-15
1636.0          2.8866E-15
1637.0          -4.4409E-16
1638.0          1.1102E-15
1639.0          -2.4425E-15
1640.0          -5.7732E-15
1641.0          4.3299E-15
1642.0          -7.5495E-15
1643.0          2.2204E-16
1644.0          -1.7764E-15
1645.0          -8.8818E-16
1646.0          9.9920E-16
1647.0          -4.4409E-16
1648.0          3.8858E-15
1649.0          2.2204E-16
1650.0          2.7756E-15
