1400.0          0.091175
1401.0          0.067860
1402.0          0.055071
1403.0          0.047574
1404.0          0.042958
1405.0          0.040013
1406.0          0.038089
1407.0          0.036813
1408.0          0.035966
1409.0          0.035408
1410.0          0.035053
1411.0          0.034841
1412.0          0.034735
1413.0          0.034708
1414.0          0.034739
1415.0          0.034817
1416.0          0.034931
1417.0          0.035075
1418.0          0.035242
1419.0          0.035431
1420.0          0.035637
1421.0          0.035859
1422.0          0.036095
1423.0          0.036344
1424.0          0.036604
1425.0          0.036876
1426.0          0.037159
1427.0          0.037452
1428.0          0.037755
1429.0          0.038068
1430.0          0.038391
1431.0          0.038723
1432.0          0.039064
1433.0          0.039415
1434.0          0.039776
1435.0          0.040146
1436.0          0.040525
1437.0          0.040913
1438.0          0.041311
1439.0          0.041718
1440.0          0.042134
1441.0          0.042560
1442.0          0.042994
1443.0          0.043438
1444.0          0.043891
1445.0          0.044353
1446.0          0.044825
1447.0          0.045305
1448.0          0.045795
1449.0          0.046293
1450.0          0.046801
1451.0          0.047318
1452.0          0.047843
1453.0          0.048378
1454.0          0.048921
1455.0          0.049474
1456.0          0.050035
1457.0          0.050605
1458.0          0.051183
1459.0          0.051770
1460.0          0.052366
1461.0          0.052970
1462.0          0.053582
1463.0          0.054203
1464.0          0.054833
1465.0          0.055470
1466.0          0.056116
1467.0          0.056770
1468.0          0.057432
1469.0          0.058102
1470.0          0.058779
1471.0          0.059465
1472.0          0.060158
1473.0          0.060859
1474.0          0.061568
1475.0          0.062284
1476.0          0.063008
1477.0          0.063739
1478.0          0.064477
1479.0          0.065222
1480.0          0.065975
1481.0          0.066735
1482.0          0.067501
1483.0          0.068275
1484.0          0.069055
1485.0          0.069842
1486.0          0.070636
1487.0          0.071436
1488.0          0.072243
1489.0          0.073056
1490.0          0.073875
1491.0          0.074701
1492.0          0.075533
1493.0          0.076371
1494.0          0.077214
1495.0          0.078064
1496.0          0.078920
1497.0          0.079781
1498.0          0.080648
1499.0          0.081520
1500.0          0.082398
1501.0          0.083281
1502.0          0.084170
1503.0          0.085063
1504.0          0.085962
1505.0          0.086866
1506.0          0.087775
1507.0          0.088689
1508.0          0.089608
1509.0          0.090531
1510.0          0.091459
1511.0          0.092391
1512.0          0.093328
1513.0          0.094270
1514.0          0.095216
1515.0          0.096166
1516.0          0.097120
1517.0          0.098078
1518.0          0.099040
1519.0          0.10001
1520.0          0.10098
1521.0          0.10195
1522.0          0.10293
1523.0          0.10391
1524.0          0.10489
1525.0          0.10588
1526.0          0.10687
1527.0          0.10787
1528.0          0.10887
1529.0          0.10987
1530.0          0.11087
1531.0          0.11188
1532.0          0.11289
1533.0          0.11390
1534.0          0.11492
1535.0          0.11594
1536.0          0.11696
1537.0          0.11798
1538.0          0.11901
1539.0          0.12004
1540.0          0.12107
1541.0          0.12210
1542.0          0.12314
1543.0          0.12417
1544.0          0.12522
1545.0          0.12626
1546.0          0.12730
1547.0          0.12835
1548.0          0.12940
1549.0          0.13045
1550.0          0.13150
1551.0          0.13255
1552.0          0.13360
1553.0          0.13466
1554.0          0.13572
1555.0          0.13678
1556.0          0.13784
1557.0          0.13890
1558.0          0.13996
1559.0          0.14103
1560.0          0.14209
1561.0          0.14316
1562.0          0.14423
1563.0          0.14530
1564.0          0.14637
1565.0          0.14744
1566.0          0.14851
1567.0          0.14958
1568.0          0.15065
1569.0          0.15173
1570.0          0.15280
1571.0          0.15388
1572.0          0.15495
1573.0          0.15603
1574.0          0.15710
1575.0          0.15818
1576.0          0.15926
1577.0          0.16033
1578.0          0.16141
1579.0          0.16249
1580.0          0.16357
1581.0          0.16464
1582.0          0.16572
1583.0          0.16680
1584.0          0.16788
1585.0          0.16895
1586.0          0.17003
1587.0          0.17111
1588.0          0.17219
1589.0          0.17326
1590.0          0.17434
1591.0          0.17541
1592.0          0.17649
1593.0          0.17757
1594.0          0.17864
1595.0          0.17972
1596.0          0.18079
1597.0          0.18186
1598.0          0.18294
1599.0          0.18401
1600.0          0.18508
1601.0          0.18615
1602.0          0.18722
1603.0          0.18829
1604.0          0.18936
1605.0          0.19043
1606.0          0.19149
1607.0          0.19256
1608.0          0.19362
1609.0          0.19469
1610.0          0.19575
1611.0          0.19681
1612.0          0.19787
1613.0          0.19893
1614.0          0.19999
1615.0          0.20105
1616.0          0.20211
1617.0          0.20316
1618.0          0.20422
1619.0          0.20527
1620.0          0.20632
1621.0          0.20737
1622.0          0.20842
1623.0          0.20947
1624.0          0.21051
1625.0          0.21156
1626.0          0.21260
1627.0          0.21364
1628.0          0.21468
1629.0          0.21572
1630.0          0.21676
1631.0          0.21780
1632.0          0.21883
1633.0          0.21986
1634.0          0.22090
1635.0          0.22193
1636.0          0.22295
1637.0          0.22398
1638.0          0.22500
1639.0          0.22603
1640.0          0.22705
1641.0          0.22807
1642.0          0.22909
1643.0          0.23010
1644.0          0.23112
1645.0          0.23213
1646.0          0.23314
1647.0          0.23415
1648.0          0.23516
1649.0          0.23616
1650.0          0.23717
1400.0          0.90883
1401.0          0.93214
1402.0          0.94493
1403.0          0.95243
1404.0          0.95704
1405.0          0.95999
1406.0          0.96191
1407.0          0.96319
1408.0          0.96403
1409.0          0.96459
1410.0          0.96495
1411.0          0.96516
1412.0          0.96526
1413.0          0.96529
1414.0          0.96526
1415.0          0.96518
1416.0          0.96507
1417.0          0.96493
1418.0          0.96476
1419.0          0.96457
1420.0          0.96436
1421.0          0.96414
1422.0          0.96391
1423.0          0.96366
1424.0          0.96340
1425.0          0.96312
1426.0          0.96284
1427.0          0.96255
1428.0          0.96225
1429.0          0.96193
1430.0          0.96161
1431.0          0.96128
1432.0          0.96094
1433.0          0.96058
1434.0          0.96022
1435.0          0.95985
1436.0          0.95948
1437.0          0.95909
1438.0          0.95869
1439.0          0.95828
1440.0          0.95787
1441.0          0.95744
1442.0          0.95701
1443.0          0.95656
1444.0          0.95611
1445.0          0.95565
1446.0          0.95518
1447.0          0.95469
1448.0          0.95421
1449.0          0.95371
1450.0          0.95320
1451.0          0.95268
1452.0          0.95216
1453.0          0.95162
1454.0          0.95108
1455.0          0.95053
1456.0          0.94997
1457.0          0.94940
1458.0          0.94882
1459.0          0.94823
1460.0          0.94763
1461.0          0.94703
1462.0          0.94642
1463.0          0.94580
1464.0          0.94517
1465.0          0.94453
1466.0          0.94388
1467.0          0.94323
1468.0          0.94257
1469.0          0.94190
1470.0          0.94122
1471.0          0.94054
1472.0          0.93984
1473.0          0.93914
1474.0          0.93843
1475.0          0.93772
1476.0          0.93699
1477.0          0.93626
1478.0          0.93552
1479.0          0.93478
1480.0          0.93402
1481.0          0.93327
1482.0          0.93250
1483.0          0.93173
1484.0          0.93094
1485.0          0.93016
1486.0          0.92936
1487.0          0.92856
1488.0          0.92776
1489.0          0.92694
1490.0          0.92612
1491.0          0.92530
1492.0          0.92447
1493.0          0.92363
1494.0          0.92279
1495.0          0.92194
1496.0          0.92108
1497.0          0.92022
1498.0          0.91935
1499.0          0.91848
1500.0          0.91760
1501.0          0.91672
1502.0          0.91583
1503.0          0.91494
1504.0          0.91404
1505.0          0.91313
1506.0          0.91222
1507.0          0.91131
1508.0          0.91039
1509.0          0.90947
1510.0          0.90854
1511.0          0.90761
1512.0          0.90667
1513.0          0.90573
1514.0          0.90478
1515.0          0.90383
1516.0          0.90288
1517.0          0.90192
1518.0          0.90096
1519.0          0.89999
1520.0          0.89902
1521.0          0.89805
1522.0          0.89707
1523.0          0.89609
1524.0          0.89511
1525.0          0.89412
1526.0          0.89313
1527.0          0.89213
1528.0          0.89113
1529.0          0.89013
1530.0          0.88913
1531.0          0.88812
1532.0          0.88711
1533.0          0.88610
1534.0          0.88508
1535.0          0.88406
1536.0          0.88304
1537.0          0.88202
1538.0          0.88099
1539.0          0.87996
1540.0          0.87893
1541.0          0.87790
1542.0          0.87686
1543.0          0.87583
1544.0          0.87478
1545.0          0.87374
1546.0          0.87270
1547.0          0.87165
1548.0          0.87060
1549.0          0.86955
1550.0          0.86850
1551.0          0.86745
1552.0          0.86640
1553.0          0.86534
1554.0          0.86428
1555.0          0.86322
1556.0          0.86216
1557.0          0.86110
1558.0          0.86004
1559.0          0.85897
1560.0          0.85791
1561.0          0.85684
1562.0          0.85577
1563.0          0.85470
1564.0          0.85363
1565.0          0.85256
1566.0          0.85149
1567.0          0.85042
1568.0          0.84935
1569.0          0.84827
1570.0          0.84720
1571.0          0.84612
1572.0          0.84505
1573.0          0.84397
1574.0          0.84290
1575.0          0.84182
1576.0          0.84074
1577.0          0.83967
1578.0          0.83859
1579.0          0.83751
1580.0          0.83643
1581.0          0.83536
1582.0          0.83428
1583.0          0.83320
1584.0          0.83212
1585.0          0.83105
1586.0          0.82997
1587.0          0.82889
1588.0          0.82781
1589.0          0.82674
1590.0          0.82566
1591.0          0.82459
1592.0          0.82351
1593.0          0.82243
1594.0          0.82136
1595.0          0.82028
1596.0          0.81921
1597.0          0.81814
1598.0          0.81706
1599.0          0.81599
1600.0          0.81492
1601.0          0.81385
1602.0          0.81278
1603.0          0.81171
1604.0          0.81064
1605.0          0.80957
1606.0          0.80851
1607.0          0.80744
1608.0          0.80638
1609.0          0.80531
1610.0          0.80425
1611.0          0.80319
1612.0          0.80213
1613.0          0.80107
1614.0          0.80001
1615.0          0.79895
1616.0          0.79789
1617.0          0.79684
1618.0          0.79578
1619.0          0.79473
1620.0          0.79368
1621.0          0.79263
1622.0          0.79158
1623.0          0.79053
1624.0          0.78949
1625.0          0.78844
1626.0          0.78740
1627.0          0.78636
1628.0          0.78532
1629.0          0.78428
1630.0          0.78324
1631.0          0.78220
1632.0          0.78117
1633.0          0.78014
1634.0          0.77910
1635.0          0.77807
1636.0          0.77705
1637.0          0.77602
1638.0          0.77500
1639.0          0.77397
1640.0          0.77295
1641.0          0.77193
1642.0          0.77091
1643.0          0.76990
1644.0          0.76888
1645.0          0.76787
1646.0          0.76686
1647.0          0.76585
1648.0          0.76484
1649.0          0.76384
1650.0          0.76283
1400.0          1.0000
1401.0          1.0000
1402.0          1.0000
1403.0          1.0000
1404.0          1.0000
1405.0          1.0000
1406.0          1.0000
1407.0          1.0000
1408.0          1.0000
1409.0          1.0000
1410.0          1.0000
1411.0          1.0000
1412.0          1.0000
1413.0          1.0000
1414.0          1.0000
1415.0          1.0000
1416.0          1.0000
1417.0          1.0000
1418.0          1.0000
1419.0          1.0000
1420.0          1.0000
1421.0          1.0000
1422.0          1.0000
1423.0          1.0000
1424.0          1.0000
1425.0          1.0000
1426.0          1.0000
1427.0          1.0000
1428.0          1.0000
1429.0          1.0000
1430.0          1.0000
1431.0          1.0000
1432.0          1.0000
1433.0          1.0000
1434.0          1.0000
1435.0          1.0000
1436.0          1.0000
1437.0          1.0000
1438.0          1.0000
1439.0          1.0000
1440.0          1.0000
1441.0          1.0000
1442.0          1.0000
1443.0          1.0000
1444.0          1.0000
1445.0          1.0000
1446.0          1.0000
1447.0          1.0000
1448.0          1.0000
1449.0          1.0000
1450.0          1.0000
1451.0          1.0000
1452.0          1.0000
1453.0          1.0000
1454.0          1.0000
1455.0          1.0000
1456.0          1.0000
1457.0          1.0000
1458.0          1.0000
1459.0          1.0000
1460.0          1.0000
1461.0          1.0000
1462.0          1.0000
1463.0          1.0000
1464.0          1.0000
1465.0          1.0000
1466.0          1.0000
1467.0          1.0000
1468.0          1.0000
1469.0          1.0000
1470.0          1.0000
1471.0          1.0000
1472.0          1.0000
1473.0          1.0000
1474.0          1.0000
1475.0          1.0000
1476.0          1.0000
1477.0          1.0000
1478.0          1.0000
1479.0          1.0000
1480.0          1.0000
1481.0          1.0000
1482.0          1.0000
1483.0          1.0000
1484.0          1.0000
1485.0          1.0000
1486.0          1.0000
1487.0          1.0000
1488.0          1.0000
1489.0          1.0000
1490.0          1.0000
1491.0          1.0000
1492.0          1.0000
1493.0          1.0000
1494.0          1.0000
1495.0          1.0000
1496.0          1.0000
1497.0          1.0000
1498.0          1.0000
1499.0          1.0000
1500.0          1.0000
1501.0          1.0000
1502.0          1.0000
1503.0          1.0000
1504.0          1.0000
1505.0          1.0000
1506.0          1.0000
1507.0          1.0000
1508.0          1.0000
1509.0          1.0000
1510.0          1.0000
1511.0          1.0000
1512.0          1.0000
1513.0          1.0000
1514.0          1.0000
1515.0          1.0000
1516.0          1.0000
1517.0          1.0000
1518.0          1.0000
1519.0          1.0000
1520.0          1.0000
1521.0          1.0000
1522.0          1.0000
1523.0          1.0000
1524.0          1.0000
1525.0          1.0000
1526.0          1.0000
1527.0          1.0000
1528.0          1.0000
1529.0          1.0000
1530.0          1.0000
1531.0          1.0000
1532.0          1.0000
1533.0          1.0000
1534.0          1.0000
1535.0          1.0000
1536.0          1.0000
1537.0          1.0000
1538.0          1.0000
1539.0          1.0000
1540.0          1.0000
1541.0          1.0000
1542.0          1.0000
1543.0          1.0000
1544.0          1.0000
1545.0          1.0000
1546.0          1.0000
1547.0          1.0000
1548.0          1.0000
1549.0          1.0000
1550.0          1.0000
1551.0          1.0000
1552.0          1.0000
1553.0          1.0000
1554.0          1.0000
1555.0          1.0000
1556.0          1.0000
1557.0          1.0000
1558.0          1.0000
1559.0          1.0000
1560.0          1.0000
1561.0          1.0000
1562.0          1.0000
1563.0          1.0000
1564.0          1.0000
1565.0          1.0000
1566.0          1.0000
1567.0          1.0000
1568.0          1.0000
1569.0          1.0000
1570.0          1.0000
1571.0          1.0000
1572.0          1.0000
1573.0          1.0000
1574.0          1.0000
1575.0          1.0000
1576.0          1.0000
1577.0          1.0000
1578.0          1.0000
1579.0          1.0000
1580.0          1.0000
1581.0          1.0000
1582.0          1.0000
1583.0          1.0000
1584.0          1.0000
1585.0          1.0000
1586.0          1.0000
1587.0          1.0000
1588.0          1.0000
1589.0          1.0000
1590.0          1.0000
1591.0          1.0000
1592.0          1.0000
1593.0          1.0000
1594.0          1.0000
1595.0          1.0000
1596.0          1.0000
1597.0          1.0000
1598.0          1.0000
1599.0          1.0000
1600.0          1.0000
1601.0          1.0000
1602.0          1.0000
1603.0          1.0000
1604.0          1.0000
1605.0          1.0000
1606.0          1.0000
1607.0          1.0000
1608.0          1.0000
1609.0          1.0000
1610.0          1.0000
1611.0          1.0000
1612.0          1.0000
1613.0          1.0000
1614.0          1.0000
1615.0          1.0000
1616.0          1.0000
1617.0          1.0000
1618.0          1.0000
1619.0          1.0000
1620.0          1.0000
1621.0          1.0000
1622.0          1.0000
1623.0          1.0000
1624.0          1.0000
1625.0          1.0000
1626.0          1.0000
1627.0          1.0000
1628.0          1.0000
1629.0          1.0000
1630.0          1.0000
1631.0          1.0000
1632.0          1.0000
1633.0          1.0000
1634.0          1.0000
1635.0          1.0000
1636.0          1.0000
1637.0          1.0000
1638.0          1.0000
1639.0          1.0000
1640.0          1.0000
1641.0          1.0000
1642.0          1.0000
1643.0          1.0000
1644.0          1.0000
1645.0          1.0000
1646.0          1.0000
1647.0          1.0000
1648.0          1.0000
1649.0          1.0000
1650.0          1.0000
1400.0          -2.6645E-15
1401.0          -1.1102E-15
1402.0          -1.9984E-15
1403.0          -6.6613E-16
1404.0          1.1102E-16
1405.0          2.2204E-16
1406.0          0.0000
1407.0          6.6613E-16
1408.0          3.3307E-16
1409.0          1.2212E-15
1410.0          -1.3323E-15
1411.0          -4.4409E-16
1412.0          1.8874E-15
1413.0          2.7756E-15
1414.0          0.0000
1415.0          -1.3323E-15
1416.0          -2.4425E-15
1417.0          -2.4425E-15
1418.0          2.2204E-16
1419.0          2.2204E-16
1420.0          4.2188E-15
1421.0          -2.2204E-16
1422.0          0.0000
1423.0          -4.4409E-16
1424.0          2.9976E-15
1425.0          6.6613E-16
1426.0          2.1094E-15
1427.0          6.6613E-16
1428.0          -4.4409E-16
1429.0          -1.1102E-15
1430.0          0.0000
1431.0          1.6653E-15
1432.0          1.3323E-15
1433.0          -2.2204E-15
1434.0          7.7716E-16
1435.0          1.5543E-15
1436.0          -4.4409E-16
1437.0          -4.4409E-16
1438.0          1.1102E-16
1439.0          0.0000
1440.0          -4.4409E-16
1441.0          3.3307E-15
1442.0          1.3323E-15
1443.0          5.5511E-16
1444.0          -3.1086E-15
1445.0          1.7764E-15
1446.0          -1.7764E-15
1447.0          2.1094E-15
1448.0          -2.2204E-15
1449.0          2.5535E-15
1450.0          1.3323E-15
1451.0          -1.1102E-15
1452.0          1.1102E-16
1453.0          -1.3323E-15
1454.0          -6.6613E-16
1455.0          8.8818E-16
1456.0          -2.2204E-16
1457.0          1.6653E-15
1458.0          1.1102E-15
1459.0          -2.6645E-15
1460.0          7.7716E-16
1461.0          -1.3323E-15
1462.0          9.9920E-16
1463.0          9.9920E-16
1464.0          2.2204E-15
1465.0          3.3307E-16
1466.0          -8.8818E-16
1467.0          1.6653E-15
1468.0          1.9984E-15
1469.0          1.5543E-15
1470.0          1.3323E-15
1471.0          1.4433E-15
1472.0          1.1102E-16
1473.0          3.4417E-15
1474.0          -2.2204E-16
1475.0          1.4433E-15
1476.0          -1.1102E-15
1477.0          -2.8866E-15
1478.0          1.3323E-15
1479.0          -2.2204E-16
1480.0          1.6653E-15
1481.0          -1.1102E-15
1482.0          -1.3323E-15
1483.0          1.1102E-15
1484.0          2.2204E-15
1485.0          0.0000
1486.0          6.6613E-16
1487.0          -2.2204E-16
1488.0          -1.7764E-15
1489.0          2.2204E-16
1490.0          1.1102E-15
1491.0          3.1086E-15
1492.0          2.2204E-16
1493.0          9.9920E-16
1494.0          2.2204E-16
1495.0          3.3307E-16
1496.0          -3.1086E-15
1497.0          2.9976E-15
1498.0          8.8818E-16
1499.0          -1.9984E-15
1500.0          7.7716E-16
1501.0          8.8818E-16
1502.0          0.0000
1503.0          5.5511E-16
1504.0          -1.3323E-15
1505.0          6.6613E-16
1506.0          2.1094E-15
1507.0          5.2180E-15
1508.0          -4.4409E-16
1509.0          -1.3323E-15
1510.0          3.9968E-15
1511.0          2.2204E-15
1512.0          -2.4425E-15
1513.0          -1.5543E-15
1514.0          -2.6645E-15
1515.0          9.9920E-16
1516.0          -8.8818E-16
1517.0          -8.8818E-16
1518.0          8.8818E-16
1519.0          6.6613E-16
1520.0          0.0000
1521.0          1.1102E-15
1522.0          2.2204E-16
1523.0          -4.4409E-15
1524.0          8.8818E-16
1525.0          2.2204E-16
1526.0          2.8866E-15
1527.0          5.5511E-16
1528.0          0.0000
1529.0          1.8874E-15
1530.0          3.3307E-16
1531.0          -4.4409E-16
1532.0          -8.8818E-16
1533.0          -2.6645E-15
1534.0          1.4433E-15
1535.0          -3.1086E-15
1536.0          -1.7764E-15
1537.0          1.1102E-15
1538.0          -1.3323E-15
1539.0          -2.4425E-15
1540.0          -1.3323E-15
1541.0          -3.3307E-15
1542.0          5.3291E-15
1543.0          -2.2204E-16
1544.0          -1.7764E-15
1545.0          -2.4425E-15
1546.0          3.5527E-15
1547.0          -1.3323E-15
1548.0          1.5543E-15
1549.0          5.5511E-16
1550.0          9.9920E-16
1551.0          6.6613E-16
1552.0          -1.7764E-15
1553.0          -4.4409E-16
1554.0          -1.3323E-15
1555.0          5.5511E-16
1556.0          4.4409E-16
1557.0          -2.2204E-16
1558.0          -1.5543E-15
1559.0          1.4433E-15
1560.0          6.6613E-16
1561.0          -2.6645E-15
1562.0          1.4433E-15
1563.0          -2.2204E-15
1564.0          -1.1102E-15
1565.0          0.0000
1566.0          -4.2188E-15
1567.0          5.3291E-15
1568.0          -1.9984E-15
1569.0          -2.6645E-15
1570.0          1.8874E-15
1571.0          2.3315E-15
1572.0          6.6613E-16
1573.0          0.0000
1574.0          -1.1102E-15
1575.0          -1.5543E-15
1576.0          2.2204E-16
1577.0          2.5535E-15
1578.0          0.0000
1579.0          2.8866E-15
1580.0          3.8858E-15
1581.0          -8.8818E-16
1582.0          -6.6613E-16
1583.0          2.4425E-15
1584.0          -3.5527E-15
1585.0          -4.6629E-15
1586.0          -3.5527E-15
1587.0          4.4409E-16
1588.0          1.5543E-15
1589.0          -3.1086E-15
1590.0          -1.1102E-15
1591.0          -2.4425E-15
1592.0          -1.9984E-15
1593.0          -4.4409E-16
1594.0          3.7748E-15
1595.0          2.2204E-16
1596.0          -3.9968E-15
1597.0          1.9984E-15
1598.0          2.2204E-16
1599.0          4.2188E-15
1600.0          -2.2204E-16
1601.0          -1.1102E-15
1602.0          -6.6613E-16
1603.0          3.6637E-15
1604.0          -4.4409E-16
1605.0          -9.7700E-15
1606.0          6.8834E-15
1607.0          -1.1102E-14
1608.0          -5.1070E-15
1609.0          2.2204E-15
1610.0          -3.9968E-15
1611.0          1.0436E-14
1612.0          -8.8818E-15
1613.0          -6.8834E-15
1614.0          -3.9968E-15
1615.0          3.5527E-15
1616.0          -6.4393E-15
1617.0          1.1768E-14
1618.0          -3.1086E-15
1619.0          7.4385E-15
1620.0          1.3323E-14
1621.0          5.7732E-15
1622.0          4.6629E-15
1623.0          8.8818E-16
1624.0          4.1078E-15
1625.0          1.4433E-15
1626.0          6.3283E-15
1627.0          -4.4409E-16
1628.0          -2.4425E-15
1629.0          4.8850E-15
1630.0          3.5527E-15
1631.0          4.8850E-15
1632.0          -2.2204E-15
1633.0          5.1070E-15
1634.0          8.8818E-16
1635.0          2.3315E-15
1636.0          6.6613E-16
1637.0          2.2204E-15
1638.0          3.5527E-15
1639.0          -2.8866E-15
1640.0          3.1086E-15
1641.0          2.3315E-15
1642.0          3.9968E-15
1643.0          -7.5495E-15
1644.0          -6.6613E-16
1645.0          -4.4409E-15
1646.0          -5.7732E-15
1647.0          5.2180E-15
1648.0          3.8858E-15
1649.0          -1.5543E-15
1650.0          2.2204E-15
