1400.0          0.034712
1401.0          0.034665
1402.0          0.034627
1403.0          0.034600
1404.0          0.034582
1405.0          0.034574
1406.0          0.034577
1407.0          0.034591
1408.0          0.034615
1409.0          0.034650
1410.0          0.034696
1411.0          0.034753
1412.0          0.034822
1413.0          0.034901
1414.0          0.034992
1415.0          0.035094
1416.0          0.035207
1417.0          0.035332
1418.0          0.035469
1419.0          0.035617
1420.0          0.035776
1421.0          0.035947
1422.0          0.036129
1423.0          0.036323
1424.0          0.036528
1425.0          0.036745
1426.0          0.036973
1427.0          0.037213
1428.0          0.037464
1429.0          0.037726
1430.0          0.038000
1431.0          0.038285
1432.0          0.038582
1433.0          0.038889
1434.0          0.039208
1435.0          0.039538
1436.0          0.039879
1437.0          0.040231
1438.0          0.040595
1439.0          0.040969
1440.0          0.041354
1441.0          0.041749
1442.0          0.042156
1443.0          0.042573
1444.0          0.043001
1445.0          0.043439
1446.0          0.043888
1447.0          0.044348
1448.0          0.044817
1449.0          0.045297
1450.0          0.045788
1451.0          0.046288
1452.0          0.046799
1453.0          0.047319
1454.0          0.047849
1455.0          0.048389
1456.0          0.048939
1457.0          0.049499
1458.0          0.050068
1459.0          0.050647
1460.0          0.051235
1461.0          0.051833
1462.0          0.052440
1463.0          0.053056
1464.0          0.053681
1465.0          0.054315
1466.0          0.054958
1467.0          0.055610
1468.0          0.056271
1469.0          0.056940
1470.0          0.057618
1471.0          0.058305
1472.0          0.059000
1473.0          0.059703
1474.0          0.060414
1475.0          0.061134
1476.0          0.061862
1477.0          0.062597
1478.0          0.063341
1479.0          0.064092
1480.0          0.064852
1481.0          0.065618
1482.0          0.066393
1483.0          0.067174
1484.0          0.067964
1485.0          0.068760
1486.0          0.069564
1487.0          0.070374
1488.0          0.071192
1489.0          0.072017
1490.0          0.072848
1491.0          0.073686
1492.0          0.074531
1493.0          0.075383
1494.0          0.076240
1495.0          0.077105
1496.0          0.077975
1497.0          0.078852
1498.0          0.079735
1499.0          0.080624
1500.0          0.081519
1501.0          0.082420
1502.0          0.083327
1503.0          0.084239
1504.0          0.085157
1505.0          0.086081
1506.0          0.087009
1507.0          0.087944
1508.0          0.088883
1509.0          0.089828
1510.0          0.090778
1511.0          0.091733
1512.0          0.092693
1513.0          0.093658
1514.0          0.094627
1515.0          0.095601
1516.0          0.096580
1517.0          0.097563
1518.0          0.098551
1519.0          0.099543
1520.0          0.10054
1521.0          0.10154
1522.0          0.10255
1523.0          0.10355
1524.0          0.10457
1525.0          0.10558
1526.0          0.10660
1527.0          0.10763
1528.0          0.10866
1529.0          0.10969
1530.0          0.11072
1531.0          0.11176
1532.0          0.11280
1533.0          0.11385
1534.0          0.11490
1535.0          0.11595
1536.0          0.11701
1537.0          0.11806
1538.0          0.11912
1539.0          0.12019
1540.0          0.12125
1541.0          0.12232
1542.0          0.12340
1543.0          0.12447
1544.0          0.12555
1545.0          0.12663
1546.0          0.12771
1547.0          0.12879
1548.0          0.12988
1549.0          0.13097
1550.0          0.13206
1551.0          0.13315
1552.0          0.13425
1553.0          0.13534
1554.0          0.13644
1555.0          0.13754
1556.0          0.13865
1557.0          0.13975
1558.0          0.14086
1559.0          0.14196
1560.0          0.14307
1561.0          0.14418
1562.0          0.14529
1563.0          0.14641
1564.0          0.14752
1565.0          0.14864
1566.0          0.14975
1567.0          0.15087
1568.0          0.15199
1569.0          0.15311
1570.0          0.15423
1571.0          0.15536
1572.0          0.15648
1573.0          0.15760
1574.0          0.15873
1575.0          0.15985
1576.0          0.16098
1577.0          0.16210
1578.0          0.16323
1579.0          0.16436
1580.0          0.16549
1581.0          0.16662
1582.0          0.16774
1583.0          0.16887
1584.0          0.17000
1585.0          0.17113
1586.0          0.17226
1587.0          0.17339
1588.0          0.17452
1589.0          0.17565
1590.0          0.17678
1591.0          0.17791
1592.0          0.17904
1593.0          0.18018
1594.0          0.18131
1595.0          0.18243
1596.0          0.18356
1597.0          0.18469
1598.0          0.18582
1599.0          0.18695
1600.0          0.18808
1601.0          0.18921
1602.0          0.19034
1603.0          0.19146
1604.0          0.19259
1605.0          0.19371
1606.0          0.19484
1607.0          0.19596
1608.0          0.19709
1609.0          0.19821
1610.0          0.19933
1611.0          0.20046
1612.0          0.20158
1613.0          0.20270
1614.0          0.20382
1615.0          0.20494
1616.0          0.20605
1617.0          0.20717
1618.0          0.20829
1619.0          0.20940
1620.0          0.21051
1621.0          0.21163
1622.0          0.21274
1623.0          0.21385
1624.0          0.21496
1625.0          0.21607
1626.0          0.21717
1627.0          0.21828
1628.0          0.21938
1629.0          0.22049
1630.0          0.22159
1631.0          0.22269
1632.0          0.22379
1633.0          0.22488
1634.0          0.22598
1635.0          0.22708
1636.0          0.22817
1637.0          0.22926
1638.0          0.23035
1639.0          0.23144
1640.0          0.23253
1641.0          0.23362
1642.0          0.23470
1643.0          0.23578
1644.0          0.23686
1645.0          0.23794
1646.0          0.23902
1647.0          0.24010
1648.0          0.24117
1649.0          0.24225
1650.0          0.24332
1400.0          0.96529
1401.0          0.96534
1402.0          0.96537
1403.0          0.96540
1404.0          0.96542
1405.0          0.96543
1406.0          0.96542
1407.0          0.96541
1408.0          0.96538
1409.0          0.96535
1410.0          0.96530
1411.0          0.96525
1412.0          0.96518
1413.0          0.96510
1414.0          0.96501
1415.0          0.96491
1416.0          0.96479
1417.0          0.96467
1418.0          0.96453
1419.0          0.96438
1420.0          0.96422
1421.0          0.96405
1422.0          0.96387
1423.0          0.96368
1424.0          0.96347
1425.0          0.96326
1426.0          0.96303
1427.0          0.96279
1428.0          0.96254
1429.0          0.96227
1430.0          0.96200
1431.0          0.96171
1432.0          0.96142
1433.0          0.96111
1434.0          0.96079
1435.0          0.96046
1436.0          0.96012
1437.0          0.95977
1438.0          0.95941
1439.0          0.95903
1440.0          0.95865
1441.0          0.95825
1442.0          0.95784
1443.0          0.95743
1444.0          0.95700
1445.0          0.95656
1446.0          0.95611
1447.0          0.95565
1448.0          0.95518
1449.0          0.95470
1450.0          0.95421
1451.0          0.95371
1452.0          0.95320
1453.0          0.95268
1454.0          0.95215
1455.0          0.95161
1456.0          0.95106
1457.0          0.95050
1458.0          0.94993
1459.0          0.94935
1460.0          0.94876
1461.0          0.94817
1462.0          0.94756
1463.0          0.94694
1464.0          0.94632
1465.0          0.94569
1466.0          0.94504
1467.0          0.94439
1468.0          0.94373
1469.0          0.94306
1470.0          0.94238
1471.0          0.94170
1472.0          0.94100
1473.0          0.94030
1474.0          0.93959
1475.0          0.93887
1476.0          0.93814
1477.0          0.93740
1478.0          0.93666
1479.0          0.93591
1480.0          0.93515
1481.0          0.93438
1482.0          0.93361
1483.0          0.93283
1484.0          0.93204
1485.0          0.93124
1486.0          0.93044
1487.0          0.92963
1488.0          0.92881
1489.0          0.92798
1490.0          0.92715
1491.0          0.92631
1492.0          0.92547
1493.0          0.92462
1494.0          0.92376
1495.0          0.92290
1496.0          0.92202
1497.0          0.92115
1498.0          0.92026
1499.0          0.91938
1500.0          0.91848
1501.0          0.91758
1502.0          0.91667
1503.0          0.91576
1504.0          0.91484
1505.0          0.91392
1506.0          0.91299
1507.0          0.91206
1508.0          0.91112
1509.0          0.91017
1510.0          0.90922
1511.0          0.90827
1512.0          0.90731
1513.0          0.90634
1514.0          0.90537
1515.0          0.90440
1516.0          0.90342
1517.0          0.90244
1518.0          0.90145
1519.0          0.90046
1520.0          0.89946
1521.0          0.89846
1522.0          0.89745
1523.0          0.89645
1524.0          0.89543
1525.0          0.89442
1526.0          0.89340
1527.0          0.89237
1528.0          0.89134
1529.0          0.89031
1530.0          0.88928
1531.0          0.88824
1532.0          0.88720
1533.0          0.88615
1534.0          0.88510
1535.0          0.88405
1536.0          0.88299
1537.0          0.88194
1538.0          0.88088
1539.0          0.87981
1540.0          0.87875
1541.0          0.87768
1542.0          0.87660
1543.0          0.87553
1544.0          0.87445
1545.0          0.87337
1546.0          0.87229
1547.0          0.87121
1548.0          0.87012
1549.0          0.86903
1550.0          0.86794
1551.0          0.86685
1552.0          0.86575
1553.0          0.86466
1554.0          0.86356
1555.0          0.86246
1556.0          0.86135
1557.0          0.86025
1558.0          0.85914
1559.0          0.85804
1560.0          0.85693
1561.0          0.85582
1562.0          0.85471
1563.0          0.85359
1564.0          0.85248
1565.0          0.85136
1566.0          0.85025
1567.0          0.84913
1568.0          0.84801
1569.0          0.84689
1570.0          0.84577
1571.0          0.84464
1572.0          0.84352
1573.0          0.84240
1574.0          0.84127
1575.0          0.84015
1576.0          0.83902
1577.0          0.83790
1578.0          0.83677
1579.0          0.83564
1580.0          0.83451
1581.0          0.83338
1582.0          0.83226
1583.0          0.83113
1584.0          0.83000
1585.0          0.82887
1586.0          0.82774
1587.0          0.82661
1588.0          0.82548
1589.0          0.82435
1590.0          0.82322
1591.0          0.82209
1592.0          0.82096
1593.0          0.81982
1594.0          0.81869
1595.0          0.81757
1596.0          0.81644
1597.0          0.81531
1598.0          0.81418
1599.0          0.81305
1600.0          0.81192
1601.0          0.81079
1602.0          0.80966
1603.0          0.80854
1604.0          0.80741
1605.0          0.80629
1606.0          0.80516
1607.0          0.80404
1608.0          0.80291
1609.0          0.80179
1610.0          0.80067
1611.0          0.79954
1612.0          0.79842
1613.0          0.79730
1614.0          0.79618
1615.0          0.79506
1616.0          0.79395
1617.0          0.79283
1618.0          0.79171
1619.0          0.79060
1620.0          0.78949
1621.0          0.78837
1622.0          0.78726
1623.0          0.78615
1624.0          0.78504
1625.0          0.78393
1626.0          0.78283
1627.0          0.78172
1628.0          0.78062
1629.0          0.77951
1630.0          0.77841
1631.0          0.77731
1632.0          0.77621
1633.0          0.77512
1634.0          0.77402
1635.0          0.77292
1636.0          0.77183
1637.0          0.77074
1638.0          0.76965
1639.0          0.76856
1640.0          0.76747
1641.0          0.76638
1642.0          0.76530
1643.0          0.76422
1644.0          0.76314
1645.0          0.76206
1646.0          0.76098
1647.0          0.75990
1648.0          0.75883
1649.0          0.75775
1650.0          0.75668
1400.0          1.0000
1401.0          1.0000
1402.0          1.0000
1403.0          1.0000
1404.0          1.0000
1405.0          1.0000
1406.0          1.0000
1407.0          1.0000
1408.0          1.0000
1409.0          1.0000
1410.0          1.0000
1411.0          1.0000
1412.0          1.0000
1413.0          1.0000
1414.0          1.0000
1415.0          1.0000
1416.0          1.0000
1417.0          1.0000
1418.0          1.0000
1419.0          1.0000
1420.0          1.0000
1421.0          1.0000
1422.0          1.0000
1423.0          1.0000
1424.0          1.0000
1425.0          1.0000
1426.0          1.0000
1427.0          1.0000
1428.0          1.0000
1429.0          1.0000
1430.0          1.0000
1431.0          1.0000
1432.0          1.0000
1433.0          1.0000
1434.0          1.0000
1435.0          1.0000
1436.0          1.0000
1437.0          1.0000
1438.0          1.0000
1439.0          1.0000
1440.0          1.0000
1441.0          1.0000
1442.0          1.0000
1443.0          1.0000
1444.0          1.0000
1445.0          1.0000
1446.0          1.0000
1447.0          1.0000
1448.0          1.0000
1449.0          1.0000
1450.0          1.0000
1451.0          1.0000
1452.0          1.0000
1453.0          1.0000
1454.0          1.0000
1455.0          1.0000
1456.0          1.0000
1457.0          1.0000
1458.0          1.0000
1459.0          1.0000
1460.0          1.0000
1461.0          1.0000
1462.0          1.0000
1463.0          1.0000
1464.0          1.0000
1465.0          1.0000
1466.0          1.0000
1467.0          1.0000
1468.0          1.0000
1469.0          1.0000
1470.0          1.0000
1471.0          1.0000
1472.0          1.0000
1473.0          1.0000
1474.0          1.0000
1475.0          1.0000
1476.0          1.0000
1477.0          1.0000
1478.0          1.0000
1479.0          1.0000
1480.0          1.0000
1481.0          1.0000
1482.0          1.0000
1483.0          1.0000
1484.0          1.0000
1485.0          1.0000
1486.0          1.0000
1487.0          1.0000
1488.0          1.0000
1489.0          1.0000
1490.0          1.0000
1491.0          1.0000
1492.0          1.0000
1493.0          1.0000
1494.0          1.0000
1495.0          1.0000
1496.0          1.0000
1497.0          1.0000
1498.0          1.0000
1499.0          1.0000
1500.0          1.0000
1501.0          1.0000
1502.0          1.0000
1503.0          1.0000
1504.0          1.0000
1505.0          1.0000
1506.0          1.0000
1507.0          1.0000
1508.0          1.0000
1509.0          1.0000
1510.0          1.0000
1511.0          1.0000
1512.0          1.0000
1513.0          1.0000
1514.0          1.0000
1515.0          1.0000
1516.0          1.0000
1517.0          1.0000
1518.0          1.0000
1519.0          1.0000
1520.0          1.0000
1521.0          1.0000
1522.0          1.0000
1523.0          1.0000
1524.0          1.0000
1525.0          1.0000
1526.0          1.0000
1527.0          1.0000
1528.0          1.0000
1529.0          1.0000
1530.0          1.0000
1531.0          1.0000
1532.0          1.0000
1533.0          1.0000
1534.0          1.0000
1535.0          1.0000
1536.0          1.0000
1537.0          1.0000
1538.0          1.0000
1539.0          1.0000
1540.0          1.0000
1541.0          1.0000
1542.0          1.0000
1543.0          1.0000
1544.0          1.0000
1545.0          1.0000
1546.0          1.0000
1547.0          1.0000
1548.0          1.0000
1549.0          1.0000
1550.0          1.0000
1551.0          1.0000
1552.0          1.0000
1553.0          1.0000
1554.0          1.0000
1555.0          1.0000
1556.0          1.0000
1557.0          1.0000
1558.0          1.0000
1559.0          1.0000
1560.0          1.0000
1561.0          1.0000
1562.0          1.0000
1563.0          1.0000
1564.0          1.0000
1565.0          1.0000
1566.0          1.0000
1567.0          1.0000
1568.0          1.0000
1569.0          1.0000
1570.0          1.0000
1571.0          1.0000
1572.0          1.0000
1573.0          1.0000
1574.0          1.0000
1575.0          1.0000
1576.0          1.0000
1577.0          1.0000
1578.0          1.0000
1579.0          1.0000
1580.0          1.0000
1581.0          1.0000
1582.0          1.0000
1583.0          1.0000
1584.0          1.0000
1585.0          1.0000
1586.0          1.0000
1587.0          1.0000
1588.0          1.0000
1589.0          1.0000
1590.0          1.0000
1591.0          1.0000
1592.0          1.0000
1593.0          1.0000
1594.0          1.0000
1595.0          1.0000
1596.0          1.0000
1597.0          1.0000
1598.0          1.0000
1599.0          1.0000
1600.0          1.0000
1601.0          1.0000
1602.0          1.0000
1603.0          1.0000
1604.0          1.0000
1605.0          1.0000
1606.0          1.0000
1607.0          1.0000
1608.0          1.0000
1609.0          1.0000
1610.0          1.0000
1611.0          1.0000
1612.0          1.0000
1613.0          1.0000
1614.0          1.0000
1615.0          1.0000
1616.0          1.0000
1617.0          1.0000
1618.0          1.0000
1619.0          1.0000
1620.0          1.0000
1621.0          1.0000
1622.0          1.0000
1623.0          1.0000
1624.0          1.0000
1625.0          1.0000
1626.0          1.0000
1627.0          1.0000
1628.0          1.0000
1629.0          1.0000
1630.0          1.0000
1631.0          1.0000
1632.0          1.0000
1633.0          1.0000
1634.0          1.0000
1635.0          1.0000
1636.0          1.0000
1637.0          1.0000
1638.0          1.0000
1639.0          1.0000
1640.0          1.0000
1641.0          1.0000
1642.0          1.0000
1643.0          1.0000
1644.0          1.0000
1645.0          1.0000
1646.0          1.0000
1647.0          1.0000
1648.0          1.0000
1649.0          1.0000
1650.0          1.0000
1400.0          8.8818E-16
1401.0          2.1094E-15
1402.0          -1.7764E-15
1403.0          -4.4409E-16
1404.0          6.6613E-16
1405.0          5.5511E-16
1406.0          6.6613E-16
1407.0          -6.6613E-16
1408.0          -2.6645E-15
1409.0          -4.4409E-16
1410.0          1.2212E-15
1411.0          -1.7764E-15
1412.0          5.5511E-16
1413.0          2.2204E-16
1414.0          4.4409E-16
1415.0          -2.6645E-15
1416.0          -2.2204E-16
1417.0          -8.8818E-16
1418.0          -3.9968E-15
1419.0          -1.1102E-15
1420.0          4.4409E-16
1421.0          7.7716E-16
1422.0          1.1102E-15
1423.0          2.8866E-15
1424.0          6.1062E-15
1425.0          -1.5543E-15
1426.0          -3.9968E-15
1427.0          -4.4409E-16
1428.0          -1.3323E-15
1429.0          -4.4409E-16
1430.0          1.2212E-15
1431.0          1.3323E-15
1432.0          -2.2204E-16
1433.0          -8.8818E-16
1434.0          1.5543E-15
1435.0          -1.7764E-15
1436.0          1.1102E-16
1437.0          -1.3323E-15
1438.0          2.9976E-15
1439.0          -4.2188E-15
1440.0          7.7716E-16
1441.0          -2.4425E-15
1442.0          -6.6613E-16
1443.0          -3.1086E-15
1444.0          0.0000
1445.0          -8.8818E-16
1446.0          2.2204E-16
1447.0          -1.3323E-15
1448.0          -1.3323E-15
1449.0          2.2204E-16
1450.0          -8.8818E-16
1451.0          -3.5527E-15
1452.0          -1.3323E-15
1453.0          -8.8818E-16
1454.0          -3.1086E-15
1455.0          1.9984E-15
1456.0          -1.5543E-15
1457.0          7.7716E-16
1458.0          1.8874E-15
1459.0          -6.6613E-16
1460.0          -2.2204E-16
1461.0          -8.8818E-16
1462.0          1.1102E-16
1463.0          -3.1086E-15
1464.0          7.7716E-16
1465.0          -1.3323E-15
1466.0          -2.2204E-15
1467.0          0.0000
1468.0          8.8818E-16
1469.0          5.5511E-16
1470.0          -2.6645E-15
1471.0          -6.6613E-16
1472.0          1.1102E-15
1473.0          -1.9984E-15
1474.0          2.2204E-16
1475.0          -1.7764E-15
1476.0          0.0000
1477.0          -1.3323E-15
1478.0          -2.8866E-15
1479.0          1.3323E-15
1480.0          -1.3323E-15
1481.0          -1.5543E-15
1482.0          -2.8866E-15
1483.0          3.3307E-16
1484.0          -2.2204E-16
1485.0          2.2204E-15
1486.0          -6.6613E-16
1487.0          8.8818E-16
1488.0          -6.6613E-16
1489.0          -1.1102E-15
1490.0          2.1094E-15
1491.0          1.8874E-15
1492.0          8.8818E-16
1493.0          -1.1102E-15
1494.0          -3.7748E-15
1495.0          -2.2204E-16
1496.0          -1.7764E-15
1497.0          -2.6645E-15
1498.0          -1.3323E-15
1499.0          2.2204E-15
1500.0          2.2204E-16
1501.0          -1.3323E-15
1502.0          -1.7764E-15
1503.0          6.6613E-16
1504.0          2.3315E-15
1505.0          -2.2204E-16
1506.0          -1.9984E-15
1507.0          7.7716E-16
1508.0          -2.2204E-16
1509.0          -1.5543E-15
1510.0          -2.4425E-15
1511.0          -2.6645E-15
1512.0          6.6613E-16
1513.0          5.7732E-15
1514.0          -2.6645E-15
1515.0          -2.6645E-15
1516.0          -3.9968E-15
1517.0          5.5511E-16
1518.0          3.3307E-15
1519.0          2.2204E-15
1520.0          2.2204E-16
1521.0          5.5511E-16
1522.0          -2.8866E-15
1523.0          -1.7764E-15
1524.0          1.5543E-15
1525.0          8.8818E-16
1526.0          -4.8850E-15
1527.0          4.4409E-16
1528.0          -2.2204E-15
1529.0          0.0000
1530.0          1.5543E-15
1531.0          2.8866E-15
1532.0          -8.8818E-16
1533.0          2.2204E-15
1534.0          3.3307E-16
1535.0          1.7764E-15
1536.0          -1.7764E-15
1537.0          -8.8818E-16
1538.0          1.1102E-16
1539.0          -4.4409E-16
1540.0          2.1094E-15
1541.0          2.4425E-15
1542.0          1.4433E-15
1543.0          -2.2204E-16
1544.0          -2.2204E-16
1545.0          -1.5543E-15
1546.0          2.2204E-16
1547.0          -8.8818E-16
1548.0          1.5543E-15
1549.0          -4.8850E-15
1550.0          -1.1102E-15
1551.0          -2.6645E-15
1552.0          -8.8818E-16
1553.0          1.4433E-15
1554.0          1.5543E-15
1555.0          -1.7764E-15
1556.0          0.0000
1557.0          1.2212E-15
1558.0          -4.4409E-16
1559.0          5.5511E-16
1560.0          7.7716E-16
1561.0          4.4409E-16
1562.0          -1.1102E-15
1563.0          -1.3323E-15
1564.0          -1.7764E-15
1565.0          -6.6613E-16
1566.0          3.4417E-15
1567.0          3.3307E-16
1568.0          -6.6613E-16
1569.0          1.7764E-15
1570.0          1.7764E-15
1571.0          1.2212E-15
1572.0          8.8818E-16
1573.0          -3.1086E-15
1574.0          -1.3323E-15
1575.0          0.0000
1576.0          -3.9968E-15
1577.0          -8.8818E-16
1578.0          2.6645E-15
1579.0          7.7716E-16
1580.0          1.5543E-15
1581.0          3.2196E-15
1582.0          1.1102E-15
1583.0          -1.3323E-15
1584.0          -1.1102E-15
1585.0          -6.6613E-16
1586.0          1.3323E-15
1587.0          -1.3323E-15
1588.0          -8.8818E-16
1589.0          -1.3323E-15
1590.0          8.8818E-16
1591.0          -2.6645E-15
1592.0          6.6613E-16
1593.0          -2.4425E-15
1594.0          -1.7764E-15
1595.0          -2.8866E-15
1596.0          -3.1086E-15
1597.0          2.4425E-15
1598.0          -8.8818E-16
1599.0          -8.8818E-16
1600.0          1.2212E-15
1601.0          1.4433E-15
1602.0          7.7716E-16
1603.0          0.0000
1604.0          -1.1102E-15
1605.0          -8.8818E-16
1606.0          8.8818E-16
1607.0          -1.5543E-15
1608.0          -1.7764E-15
1609.0          -4.4409E-16
1610.0          1.4433E-15
1611.0          -1.7764E-15
1612.0          -4.4409E-16
1613.0          9.9920E-16
1614.0          -1.1102E-15
1615.0          -2.2204E-16
1616.0          -4.4409E-16
1617.0          -2.2204E-16
1618.0          -2.2204E-16
1619.0          -1.5543E-15
1620.0          -8.8818E-16
1621.0          -6.6613E-16
1622.0          1.5543E-15
1623.0          -2.2204E-15
1624.0          1.7764E-15
1625.0          8.8818E-16
1626.0          -4.4409E-16
1627.0          -6.6613E-16
1628.0          1.1102E-15
1629.0          -1.3323E-15
1630.0          -1.7764E-15
1631.0          -2.2204E-16
1632.0          -6.6613E-16
1633.0          -1.5543E-15
1634.0          -6.6613E-16
1635.0          -4.4409E-16
1636.0          -2.6645E-15
1637.0          1.5543E-15
1638.0          -1.7764E-15
1639.0          1.7764E-15
1640.0          5.5511E-16
1641.0          2.3315E-15
1642.0          -8.8818E-16
1643.0          1.2212E-15
1644.0          1.5543E-15
1645.0          1.3323E-15
1646.0          4.4409E-16
1647.0          -4.4409E-16
1648.0          -2.6645E-15
1649.0          -2.2204E-16
1650.0          5.5511E-16
