1400.0          0.079161
1401.0          0.076573
1402.0          0.074115
1403.0          0.071782
1404.0          0.069568
1405.0          0.067470
1406.0          0.065483
1407.0          0.063603
1408.0          0.061824
1409.0          0.060144
1410.0          0.058559
1411.0          0.057064
1412.0          0.055657
1413.0          0.054333
1414.0          0.053091
1415.0          0.051925
1416.0          0.050835
1417.0          0.049815
1418.0          0.048865
1419.0          0.047981
1420.0          0.047160
1421.0          0.046401
1422.0          0.045701
1423.0          0.045057
1424.0          0.044468
1425.0          0.043932
1426.0          0.043446
1427.0          0.043009
1428.0          0.042618
1429.0          0.042274
1430.0          0.041972
1431.0          0.041713
1432.0          0.041495
1433.0          0.041316
1434.0          0.041174
1435.0          0.041069
1436.0          0.041000
1437.0          0.040964
1438.0          0.040962
1439.0          0.040992
1440.0          0.041052
1441.0          0.041142
1442.0          0.041262
1443.0          0.041409
1444.0          0.041584
1445.0          0.041784
1446.0          0.042011
1447.0          0.042262
1448.0          0.042537
1449.0          0.042836
1450.0          0.043157
1451.0          0.043501
1452.0          0.043866
1453.0          0.044252
1454.0          0.044658
1455.0          0.045084
1456.0          0.045529
1457.0          0.045992
1458.0          0.046475
1459.0          0.046975
1460.0          0.047492
1461.0          0.048026
1462.0          0.048577
1463.0          0.049144
1464.0          0.049726
1465.0          0.050324
1466.0          0.050937
1467.0          0.051565
1468.0          0.052207
1469.0          0.052863
1470.0          0.053533
1471.0          0.054217
1472.0          0.054913
1473.0          0.055622
1474.0          0.056344
1475.0          0.057079
1476.0          0.057825
1477.0          0.058583
1478.0          0.059353
1479.0          0.060134
1480.0          0.060927
1481.0          0.061730
1482.0          0.062544
1483.0          0.063368
1484.0          0.064203
1485.0          0.065047
1486.0          0.065902
1487.0          0.066766
1488.0          0.067640
1489.0          0.068523
1490.0          0.069416
1491.0          0.070317
1492.0          0.071227
1493.0          0.072146
1494.0          0.073073
1495.0          0.074008
1496.0          0.074952
1497.0          0.075904
1498.0          0.076863
1499.0          0.077830
1500.0          0.078805
1501.0          0.079787
1502.0          0.080776
1503.0          0.081772
1504.0          0.082775
1505.0          0.083785
1506.0          0.084802
1507.0          0.085825
1508.0          0.086855
1509.0          0.087891
1510.0          0.088933
1511.0          0.089981
1512.0          0.091035
1513.0          0.092094
1514.0          0.093159
1515.0          0.094230
1516.0          0.095306
1517.0          0.096388
1518.0          0.097474
1519.0          0.098565
1520.0          0.099662
1521.0          0.10076
1522.0          0.10187
1523.0          0.10298
1524.0          0.10409
1525.0          0.10521
1526.0          0.10634
1527.0          0.10746
1528.0          0.10859
1529.0          0.10973
1530.0          0.11087
1531.0          0.11201
1532.0          0.11316
1533.0          0.11430
1534.0          0.11546
1535.0          0.11661
1536.0          0.11777
1537.0          0.11893
1538.0          0.12010
1539.0          0.12127
1540.0          0.12244
1541.0          0.12361
1542.0          0.12478
1543.0          0.12596
1544.0          0.12714
1545.0          0.12832
1546.0          0.12951
1547.0          0.13069
1548.0          0.13188
1549.0          0.13307
1550.0          0.13426
1551.0          0.13546
1552.0          0.13665
1553.0          0.13785
1554.0          0.13905
1555.0          0.14024
1556.0          0.14144
1557.0          0.14264
1558.0          0.14385
1559.0          0.14505
1560.0          0.14625
1561.0          0.14746
1562.0          0.14866
1563.0          0.14987
1564.0          0.15107
1565.0          0.15228
1566.0          0.15349
1567.0          0.15469
1568.0          0.15590
1569.0          0.15711
1570.0          0.15832
1571.0          0.15952
1572.0          0.16073
1573.0          0.16194
1574.0          0.16314
1575.0          0.16435
1576.0          0.16555
1577.0          0.16676
1578.0          0.16796
1579.0          0.16917
1580.0          0.17037
1581.0          0.17157
1582.0          0.17277
1583.0          0.17397
1584.0          0.17517
1585.0          0.17637
1586.0          0.17757
1587.0          0.17876
1588.0          0.17996
1589.0          0.18115
1590.0          0.18234
1591.0          0.18353
1592.0          0.18472
1593.0          0.18590
1594.0          0.18709
1595.0          0.18827
1596.0          0.18945
1597.0          0.19063
1598.0          0.19181
1599.0          0.19299
1600.0          0.19416
1601.0          0.19533
1602.0          0.19650
1603.0          0.19767
1604.0          0.19883
1605.0          0.19999
1606.0          0.20115
1607.0          0.20231
1608.0          0.20346
1609.0          0.20462
1610.0          0.20577
1611.0          0.20691
1612.0          0.20806
1613.0          0.20920
1614.0          0.21033
1615.0          0.21147
1616.0          0.21260
1617.0          0.21373
1618.0          0.21486
1619.0          0.21598
1620.0          0.21710
1621.0          0.21822
1622.0          0.21933
1623.0          0.22044
1624.0          0.22155
1625.0          0.22265
1626.0          0.22375
1627.0          0.22485
1628.0          0.22594
1629.0          0.22703
1630.0          0.22812
1631.0          0.22920
1632.0          0.23028
1633.0          0.23135
1634.0          0.23242
1635.0          0.23349
1636.0          0.23455
1637.0          0.23561
1638.0          0.23666
1639.0          0.23771
1640.0          0.23876
1641.0          0.23980
1642.0          0.24084
1643.0          0.24187
1644.0          0.24290
1645.0          0.24393
1646.0          0.24495
1647.0          0.24596
1648.0          0.24697
1649.0          0.24798
1650.0          0.24898
1400.0          0.92084
1401.0          0.92343
1402.0          0.92588
1403.0          0.92822
1404.0          0.93043
1405.0          0.93253
1406.0          0.93452
1407.0          0.93640
1408.0          0.93818
1409.0          0.93986
1410.0          0.94144
1411.0          0.94294
1412.0          0.94434
1413.0          0.94567
1414.0          0.94691
1415.0          0.94807
1416.0          0.94917
1417.0          0.95018
1418.0          0.95114
1419.0          0.95202
1420.0          0.95284
1421.0          0.95360
1422.0          0.95430
1423.0          0.95494
1424.0          0.95553
1425.0          0.95607
1426.0          0.95655
1427.0          0.95699
1428.0          0.95738
1429.0          0.95773
1430.0          0.95803
1431.0          0.95829
1432.0          0.95851
1433.0          0.95868
1434.0          0.95883
1435.0          0.95893
1436.0          0.95900
1437.0          0.95904
1438.0          0.95904
1439.0          0.95901
1440.0          0.95895
1441.0          0.95886
1442.0          0.95874
1443.0          0.95859
1444.0          0.95842
1445.0          0.95822
1446.0          0.95799
1447.0          0.95774
1448.0          0.95746
1449.0          0.95716
1450.0          0.95684
1451.0          0.95650
1452.0          0.95613
1453.0          0.95575
1454.0          0.95534
1455.0          0.95492
1456.0          0.95447
1457.0          0.95401
1458.0          0.95353
1459.0          0.95303
1460.0          0.95251
1461.0          0.95197
1462.0          0.95142
1463.0          0.95086
1464.0          0.95027
1465.0          0.94968
1466.0          0.94906
1467.0          0.94843
1468.0          0.94779
1469.0          0.94714
1470.0          0.94647
1471.0          0.94578
1472.0          0.94509
1473.0          0.94438
1474.0          0.94366
1475.0          0.94292
1476.0          0.94217
1477.0          0.94142
1478.0          0.94065
1479.0          0.93987
1480.0          0.93907
1481.0          0.93827
1482.0          0.93746
1483.0          0.93663
1484.0          0.93580
1485.0          0.93495
1486.0          0.93410
1487.0          0.93323
1488.0          0.93236
1489.0          0.93148
1490.0          0.93058
1491.0          0.92968
1492.0          0.92877
1493.0          0.92785
1494.0          0.92693
1495.0          0.92599
1496.0          0.92505
1497.0          0.92410
1498.0          0.92314
1499.0          0.92217
1500.0          0.92120
1501.0          0.92021
1502.0          0.91922
1503.0          0.91823
1504.0          0.91722
1505.0          0.91621
1506.0          0.91520
1507.0          0.91417
1508.0          0.91315
1509.0          0.91211
1510.0          0.91107
1511.0          0.91002
1512.0          0.90897
1513.0          0.90791
1514.0          0.90684
1515.0          0.90577
1516.0          0.90469
1517.0          0.90361
1518.0          0.90253
1519.0          0.90143
1520.0          0.90034
1521.0          0.89924
1522.0          0.89813
1523.0          0.89702
1524.0          0.89591
1525.0          0.89479
1526.0          0.89366
1527.0          0.89254
1528.0          0.89141
1529.0          0.89027
1530.0          0.88913
1531.0          0.88799
1532.0          0.88684
1533.0          0.88570
1534.0          0.88454
1535.0          0.88339
1536.0          0.88223
1537.0          0.88107
1538.0          0.87990
1539.0          0.87873
1540.0          0.87756
1541.0          0.87639
1542.0          0.87522
1543.0          0.87404
1544.0          0.87286
1545.0          0.87168
1546.0          0.87049
1547.0          0.86931
1548.0          0.86812
1549.0          0.86693
1550.0          0.86574
1551.0          0.86454
1552.0          0.86335
1553.0          0.86215
1554.0          0.86095
1555.0          0.85976
1556.0          0.85856
1557.0          0.85736
1558.0          0.85615
1559.0          0.85495
1560.0          0.85375
1561.0          0.85254
1562.0          0.85134
1563.0          0.85013
1564.0          0.84893
1565.0          0.84772
1566.0          0.84651
1567.0          0.84531
1568.0          0.84410
1569.0          0.84289
1570.0          0.84168
1571.0          0.84048
1572.0          0.83927
1573.0          0.83806
1574.0          0.83686
1575.0          0.83565
1576.0          0.83445
1577.0          0.83324
1578.0          0.83204
1579.0          0.83083
1580.0          0.82963
1581.0          0.82843
1582.0          0.82723
1583.0          0.82603
1584.0          0.82483
1585.0          0.82363
1586.0          0.82243
1587.0          0.82124
1588.0          0.82004
1589.0          0.81885
1590.0          0.81766
1591.0          0.81647
1592.0          0.81528
1593.0          0.81410
1594.0          0.81291
1595.0          0.81173
1596.0          0.81055
1597.0          0.80937
1598.0          0.80819
1599.0          0.80701
1600.0          0.80584
1601.0          0.80467
1602.0          0.80350
1603.0          0.80233
1604.0          0.80117
1605.0          0.80001
1606.0          0.79885
1607.0          0.79769
1608.0          0.79654
1609.0          0.79538
1610.0          0.79423
1611.0          0.79309
1612.0          0.79194
1613.0          0.79080
1614.0          0.78967
1615.0          0.78853
1616.0          0.78740
1617.0          0.78627
1618.0          0.78514
1619.0          0.78402
1620.0          0.78290
1621.0          0.78178
1622.0          0.78067
1623.0          0.77956
1624.0          0.77845
1625.0          0.77735
1626.0          0.77625
1627.0          0.77515
1628.0          0.77406
1629.0          0.77297
1630.0          0.77188
1631.0          0.77080
1632.0          0.76972
1633.0          0.76865
1634.0          0.76758
1635.0          0.76651
1636.0          0.76545
1637.0          0.76439
1638.0          0.76334
1639.0          0.76229
1640.0          0.76124
1641.0          0.76020
1642.0          0.75916
1643.0          0.75813
1644.0          0.75710
1645.0          0.75607
1646.0          0.75505
1647.0          0.75404
1648.0          0.75303
1649.0          0.75202
1650.0          0.75102
1400.0          1.0000
1401.0          1.0000
1402.0          1.0000
1403.0          1.0000
1404.0          1.0000
1405.0          1.0000
1406.0          1.0000
1407.0          1.0000
1408.0          1.0000
1409.0          1.0000
1410.0          1.0000
1411.0          1.0000
1412.0          1.0000
1413.0          1.0000
1414.0          1.0000
1415.0          1.0000
1416.0          1.0000
1417.0          1.0000
1418.0          1.0000
1419.0          1.0000
1420.0          1.0000
1421.0          1.0000
1422.0          1.0000
1423.0          1.0000
1424.0          1.0000
1425.0          1.0000
1426.0          1.0000
1427.0          1.0000
1428.0          1.0000
1429.0          1.0000
1430.0          1.0000
1431.0          1.0000
1432.0          1.0000
1433.0          1.0000
1434.0          1.0000
1435.0          1.0000
1436.0          1.0000
1437.0          1.0000
1438.0          1.0000
1439.0          1.0000
1440.0          1.0000
1441.0          1.0000
1442.0          1.0000
1443.0          1.0000
1444.0          1.0000
1445.0          1.0000
1446.0          1.0000
1447.0          1.0000
1448.0          1.0000
1449.0          1.0000
1450.0          1.0000
1451.0          1.0000
1452.0          1.0000
1453.0          1.0000
1454.0          1.0000
1455.0          1.0000
1456.0          1.0000
1457.0          1.0000
1458.0          1.0000
1459.0          1.0000
1460.0          1.0000
1461.0          1.0000
1462.0          1.0000
1463.0          1.0000
1464.0          1.0000
1465.0          1.0000
1466.0          1.0000
1467.0          1.0000
1468.0          1.0000
1469.0          1.0000
1470.0          1.0000
1471.0          1.0000
1472.0          1.0000
1473.0          1.0000
1474.0          1.0000
1475.0          1.0000
1476.0          1.0000
1477.0          1.0000
1478.0          1.0000
1479.0          1.0000
1480.0          1.0000
1481.0          1.0000
1482.0          1.0000
1483.0          1.0000
1484.0          1.0000
1485.0          1.0000
1486.0          1.0000
1487.0          1.0000
1488.0          1.0000
1489.0          1.0000
1490.0          1.0000
1491.0          1.0000
1492.0          1.0000
1493.0          1.0000
1494.0          1.0000
1495.0          1.0000
1496.0          1.0000
1497.0          1.0000
1498.0          1.0000
1499.0          1.0000
1500.0          1.0000
1501.0          1.0000
1502.0          1.0000
1503.0          1.0000
1504.0          1.0000
1505.0          1.0000
1506.0          1.0000
1507.0          1.0000
1508.0          1.0000
1509.0          1.0000
1510.0          1.0000
1511.0          1.0000
1512.0          1.0000
1513.0          1.0000
1514.0          1.0000
1515.0          1.0000
1516.0          1.0000
1517.0          1.0000
1518.0          1.0000
1519.0          1.0000
1520.0          1.0000
1521.0          1.0000
1522.0          1.0000
1523.0          1.0000
1524.0          1.0000
1525.0          1.0000
1526.0          1.0000
1527.0          1.0000
1528.0          1.0000
1529.0          1.0000
1530.0          1.0000
1531.0          1.0000
1532.0          1.0000
1533.0          1.0000
1534.0          1.0000
1535.0          1.0000
1536.0          1.0000
1537.0          1.0000
1538.0          1.0000
1539.0          1.0000
1540.0          1.0000
1541.0          1.0000
1542.0          1.0000
1543.0          1.0000
1544.0          1.0000
1545.0          1.0000
1546.0          1.0000
1547.0          1.0000
1548.0          1.0000
1549.0          1.0000
1550.0          1.0000
1551.0          1.0000
1552.0          1.0000
1553.0          1.0000
1554.0          1.0000
1555.0          1.0000
1556.0          1.0000
1557.0          1.0000
1558.0          1.0000
1559.0          1.0000
1560.0          1.0000
1561.0          1.0000
1562.0          1.0000
1563.0          1.0000
1564.0          1.0000
1565.0          1.0000
1566.0          1.0000
1567.0          1.0000
1568.0          1.0000
1569.0          1.0000
1570.0          1.0000
1571.0          1.0000
1572.0          1.0000
1573.0          1.0000
1574.0          1.0000
1575.0          1.0000
1576.0          1.0000
1577.0          1.0000
1578.0          1.0000
1579.0          1.0000
1580.0          1.0000
1581.0          1.0000
1582.0          1.0000
1583.0          1.0000
1584.0          1.0000
1585.0          1.0000
1586.0          1.0000
1587.0          1.0000
1588.0          1.0000
1589.0          1.0000
1590.0          1.0000
1591.0          1.0000
1592.0          1.0000
1593.0          1.0000
1594.0          1.0000
1595.0          1.0000
1596.0          1.0000
1597.0          1.0000
1598.0          1.0000
1599.0          1.0000
1600.0          1.0000
1601.0          1.0000
1602.0          1.0000
1603.0          1.0000
1604.0          1.0000
1605.0          1.0000
1606.0          1.0000
1607.0          1.0000
1608.0          1.0000
1609.0          1.0000
1610.0          1.0000
1611.0          1.0000
1612.0          1.0000
1613.0          1.0000
1614.0          1.0000
1615.0          1.0000
1616.0          1.0000
1617.0          1.0000
1618.0          1.0000
1619.0          1.0000
1620.0          1.0000
1621.0          1.0000
1622.0          1.0000
1623.0          1.0000
1624.0          1.0000
1625.0          1.0000
1626.0          1.0000
1627.0          1.0000
1628.0          1.0000
1629.0          1.0000
1630.0          1.0000
1631.0          1.0000
1632.0          1.0000
1633.0          1.0000
1634.0          1.0000
1635.0          1.0000
1636.0          1.0000
1637.0          1.0000
1638.0          1.0000
1639.0          1.0000
1640.0          1.0000
1641.0          1.0000
1642.0          1.0000
1643.0          1.0000
1644.0          1.0000
1645.0          1.0000
1646.0          1.0000
1647.0          1.0000
1648.0          1.0000
1649.0          1.0000
1650.0          1.0000
1400.0          -1.3323E-15
1401.0          -2.2204E-16
1402.0          3.5527E-15
1403.0          0.0000
1404.0          -1.3323E-15
1405.0          -8.8818E-16
1406.0          3.3307E-16
1407.0          1.8874E-15
1408.0          -2.2204E-16
1409.0          -1.3323E-15
1410.0          -3.5527E-15
1411.0          1.6653E-15
1412.0          7.7716E-16
1413.0          6.6613E-16
1414.0          -1.3323E-15
1415.0          -6.6613E-16
1416.0          -8.8818E-16
1417.0          1.2212E-15
1418.0          -8.8818E-16
1419.0          4.8850E-15
1420.0          4.1078E-15
1421.0          3.3307E-15
1422.0          -2.2204E-15
1423.0          1.2212E-15
1424.0          -6.6613E-16
1425.0          2.3315E-15
1426.0          4.4409E-16
1427.0          7.7716E-16
1428.0          4.5519E-15
1429.0          2.2204E-15
1430.0          1.9984E-15
1431.0          3.2196E-15
1432.0          1.1102E-16
1433.0          2.2204E-15
1434.0          2.2204E-16
1435.0          1.4433E-15
1436.0          -2.2204E-16
1437.0          3.6637E-15
1438.0          4.4409E-16
1439.0          -8.8818E-16
1440.0          0.0000
1441.0          -4.4409E-16
1442.0          4.4409E-16
1443.0          1.7764E-15
1444.0          -2.2204E-16
1445.0          -6.6613E-16
1446.0          2.6645E-15
1447.0          1.4433E-15
1448.0          1.2212E-15
1449.0          3.1086E-15
1450.0          -1.1102E-15
1451.0          1.1102E-15
1452.0          -1.1102E-15
1453.0          -6.6613E-16
1454.0          -2.2204E-16
1455.0          -2.2204E-16
1456.0          1.7764E-15
1457.0          1.8874E-15
1458.0          1.4433E-15
1459.0          -1.1102E-15
1460.0          -1.7764E-15
1461.0          3.2196E-15
1462.0          -1.1102E-15
1463.0          1.1102E-15
1464.0          -2.4425E-15
1465.0          1.3323E-15
1466.0          1.5543E-15
1467.0          -1.5543E-15
1468.0          1.1102E-15
1469.0          -2.8866E-15
1470.0          0.0000
1471.0          3.3307E-16
1472.0          3.7748E-15
1473.0          -2.2204E-15
1474.0          0.0000
1475.0          -4.4409E-16
1476.0          2.7756E-15
1477.0          2.8866E-15
1478.0          2.1094E-15
1479.0          5.5511E-16
1480.0          -8.8818E-16
1481.0          1.1102E-15
1482.0          1.5543E-15
1483.0          1.5543E-15
1484.0          -2.4425E-15
1485.0          -2.4425E-15
1486.0          1.3323E-15
1487.0          2.1094E-15
1488.0          3.3307E-15
1489.0          -4.4409E-15
1490.0          -1.1102E-15
1491.0          2.2204E-15
1492.0          3.3307E-16
1493.0          -2.2204E-16
1494.0          -1.9984E-15
1495.0          5.5511E-16
1496.0          -4.6629E-15
1497.0          -2.2204E-16
1498.0          -4.4409E-16
1499.0          -4.4409E-16
1500.0          1.6653E-15
1501.0          -1.3323E-15
1502.0          -4.4409E-16
1503.0          -2.2204E-16
1504.0          9.9920E-16
1505.0          3.5527E-15
1506.0          3.5527E-15
1507.0          -1.1102E-15
1508.0          1.5543E-15
1509.0          -3.5527E-15
1510.0          1.1102E-16
1511.0          5.5511E-16
1512.0          -2.2204E-16
1513.0          0.0000
1514.0          2.2204E-16
1515.0          1.7764E-15
1516.0          1.6653E-15
1517.0          -3.1086E-15
1518.0          3.2196E-15
1519.0          -1.1102E-15
1520.0          1.1102E-16
1521.0          4.5519E-15
1522.0          -1.5543E-15
1523.0          4.4409E-16
1524.0          -3.9968E-15
1525.0          2.5535E-15
1526.0          -1.3323E-15
1527.0          -1.3323E-15
1528.0          -1.9984E-15
1529.0          2.7756E-15
1530.0          1.1102E-16
1531.0          1.3323E-15
1532.0          6.6613E-16
1533.0          1.5543E-15
1534.0          -1.7764E-15
1535.0          -1.1102E-15
1536.0          -2.6645E-15
1537.0          1.5543E-15
1538.0          3.3307E-16
1539.0          0.0000
1540.0          -2.6645E-15
1541.0          -1.3323E-15
1542.0          8.8818E-16
1543.0          3.3307E-15
1544.0          -3.5527E-15
1545.0          3.2196E-15
1546.0          2.3315E-15
1547.0          0.0000
1548.0          -4.4409E-16
1549.0          4.1078E-15
1550.0          0.0000
1551.0          0.0000
1552.0          7.7716E-16
1553.0          5.2180E-15
1554.0          -8.8818E-16
1555.0          1.3323E-15
1556.0          2.7756E-15
1557.0          1.9984E-15
1558.0          2.4425E-15
1559.0          0.0000
1560.0          3.7748E-15
1561.0          -2.8866E-15
1562.0          2.2204E-16
1563.0          6.6613E-16
1564.0          0.0000
1565.0          -2.8866E-15
1566.0          -1.1102E-15
1567.0          -4.4409E-16
1568.0          -1.9984E-15
1569.0          1.5543E-15
1570.0          2.9976E-15
1571.0          1.7764E-15
1572.0          -4.4409E-16
1573.0          -1.7764E-15
1574.0          1.1102E-16
1575.0          2.2204E-15
1576.0          2.8866E-15
1577.0          -2.4425E-15
1578.0          2.8866E-15
1579.0          4.4409E-15
1580.0          6.6613E-16
1581.0          9.9920E-16
1582.0          2.4425E-15
1583.0          3.3307E-16
1584.0          1.6653E-15
1585.0          2.4425E-15
1586.0          -1.9984E-15
1587.0          -8.8818E-16
1588.0          -4.8850E-15
1589.0          1.1102E-15
1590.0          -6.6613E-16
1591.0          2.9976E-15
1592.0          4.4409E-15
1593.0          1.3323E-15
1594.0          -6.6613E-16
1595.0          3.3307E-15
1596.0          9.9920E-16
1597.0          1.5543E-15
1598.0          4.4409E-16
1599.0          -4.4409E-16
1600.0          -6.6613E-16
1601.0          -8.8818E-16
1602.0          1.4433E-15
1603.0          -8.8818E-16
1604.0          1.1102E-15
1605.0          2.4425E-15
1606.0          3.6637E-15
1607.0          6.6613E-16
1608.0          -4.4409E-16
1609.0          7.7716E-16
1610.0          0.0000
1611.0          2.4425E-15
1612.0          9.9920E-16
1613.0          1.1102E-16
1614.0          -1.5543E-15
1615.0          2.4425E-15
1616.0          -1.7764E-15
1617.0          1.1102E-15
1618.0          2.9976E-15
1619.0          -8.8818E-16
1620.0          -4.4409E-16
1621.0          2.7756E-15
1622.0          1.7764E-15
1623.0          1.4433E-15
1624.0          -1.9984E-15
1625.0          2.4425E-15
1626.0          4.4409E-15
1627.0          -1.7764E-15
1628.0          7.7716E-16
1629.0          -8.8818E-16
1630.0          -1.5543E-15
1631.0          -8.8818E-16
1632.0          -1.3323E-15
1633.0          -8.8818E-16
1634.0          4.6629E-15
1635.0          2.2204E-15
1636.0          1.1102E-15
1637.0          2.4425E-15
1638.0          2.3315E-15
1639.0          -1.1102E-15
1640.0          2.3315E-15
1641.0          -2.6645E-15
1642.0          -2.2204E-16
1643.0          3.3307E-16
1644.0          1.3323E-15
1645.0          3.3307E-16
1646.0          1.5543E-15
1647.0          2.9976E-15
1648.0          1.1102E-16
1649.0          1.5543E-15
1650.0          5.5511E-16
