1400.0          0.044921
1401.0          0.044339
1402.0          0.043784
1403.0          0.043256
1404.0          0.042753
1405.0          0.042274
1406.0          0.041818
1407.0          0.041385
1408.0          0.040975
1409.0          0.040586
1410.0          0.040219
1411.0          0.039873
1412.0          0.039547
1413.0          0.039241
1414.0          0.038955
1415.0          0.038689
1416.0          0.038442
1417.0          0.038214
1418.0          0.038005
1419.0          0.037814
1420.0          0.037642
1421.0          0.037487
1422.0          0.037351
1423.0          0.037232
1424.0          0.037131
1425.0          0.037048
1426.0          0.036981
1427.0          0.036932
1428.0          0.036899
1429.0          0.036883
1430.0          0.036883
1431.0          0.036899
1432.0          0.036932
1433.0          0.036981
1434.0          0.037045
1435.0          0.037126
1436.0          0.037221
1437.0          0.037333
1438.0          0.037459
1439.0          0.037600
1440.0          0.037757
1441.0          0.037928
1442.0          0.038114
1443.0          0.038314
1444.0          0.038528
1445.0          0.038757
1446.0          0.039000
1447.0          0.039257
1448.0          0.039527
1449.0          0.039812
1450.0          0.040109
1451.0          0.040420
1452.0          0.040744
1453.0          0.041082
1454.0          0.041432
1455.0          0.041795
1456.0          0.042171
1457.0          0.042559
1458.0          0.042960
1459.0          0.043373
1460.0          0.043798
1461.0          0.044235
1462.0          0.044683
1463.0          0.045144
1464.0          0.045616
1465.0          0.046100
1466.0          0.046595
1467.0          0.047101
1468.0          0.047618
1469.0          0.048146
1470.0          0.048685
1471.0          0.049234
1472.0          0.049794
1473.0          0.050364
1474.0          0.050945
1475.0          0.051536
1476.0          0.052136
1477.0          0.052747
1478.0          0.053367
1479.0          0.053997
1480.0          0.054637
1481.0          0.055286
1482.0          0.055944
1483.0          0.056611
1484.0          0.057287
1485.0          0.057972
1486.0          0.058665
1487.0          0.059368
1488.0          0.060078
1489.0          0.060797
1490.0          0.061525
1491.0          0.062260
1492.0          0.063004
1493.0          0.063755
1494.0          0.064514
1495.0          0.065281
1496.0          0.066055
1497.0          0.066836
1498.0          0.067625
1499.0          0.068421
1500.0          0.069224
1501.0          0.070034
1502.0          0.070851
1503.0          0.071674
1504.0          0.072504
1505.0          0.073341
1506.0          0.074184
1507.0          0.075033
1508.0          0.075888
1509.0          0.076749
1510.0          0.077616
1511.0          0.078489
1512.0          0.079367
1513.0          0.080251
1514.0          0.081141
1515.0          0.082036
1516.0          0.082936
1517.0          0.083842
1518.0          0.084752
1519.0          0.085667
1520.0          0.086587
1521.0          0.087512
1522.0          0.088442
1523.0          0.089376
1524.0          0.090314
1525.0          0.091257
1526.0          0.092204
1527.0          0.093155
1528.0          0.094111
1529.0          0.095070
1530.0          0.096033
1531.0          0.097000
1532.0          0.097970
1533.0          0.098944
1534.0          0.099921
1535.0          0.10090
1536.0          0.10189
1537.0          0.10287
1538.0          0.10386
1539.0          0.10486
1540.0          0.10585
1541.0          0.10685
1542.0          0.10785
1543.0          0.10886
1544.0          0.10987
1545.0          0.11088
1546.0          0.11189
1547.0          0.11290
1548.0          0.11392
1549.0          0.11494
1550.0          0.11596
1551.0          0.11698
1552.0          0.11801
1553.0          0.11903
1554.0          0.12006
1555.0          0.12109
1556.0          0.12212
1557.0          0.12316
1558.0          0.12419
1559.0          0.12523
1560.0          0.12627
1561.0          0.12730
1562.0          0.12834
1563.0          0.12938
1564.0          0.13043
1565.0          0.13147
1566.0          0.13251
1567.0          0.13356
1568.0          0.13460
1569.0          0.13565
1570.0          0.13670
1571.0          0.13774
1572.0          0.13879
1573.0          0.13984
1574.0          0.14089
1575.0          0.14194
1576.0          0.14298
1577.0          0.14403
1578.0          0.14508
1579.0          0.14613
1580.0          0.14718
1581.0          0.14823
1582.0          0.14928
1583.0          0.15033
1584.0          0.15138
1585.0          0.15242
1586.0          0.15347
1587.0          0.15452
1588.0          0.15557
1589.0          0.15661
1590.0          0.15766
1591.0          0.15870
1592.0          0.15975
1593.0          0.16079
1594.0          0.16183
1595.0          0.16288
1596.0          0.16392
1597.0          0.16496
1598.0          0.16600
1599.0          0.16703
1600.0          0.16807
1601.0          0.16911
1602.0          0.17014
1603.0          0.17117
1604.0          0.17220
1605.0          0.17324
1606.0          0.17426
1607.0          0.17529
1608.0          0.17632
1609.0          0.17734
1610.0          0.17837
1611.0          0.17939
1612.0          0.18041
1613.0          0.18142
1614.0          0.18244
1615.0          0.18345
1616.0          0.18447
1617.0          0.18548
1618.0          0.18649
1619.0          0.18749
1620.0          0.18850
1621.0          0.18950
1622.0          0.19050
1623.0          0.19150
1624.0          0.19250
1625.0          0.19349
1626.0          0.19448
1627.0          0.19547
1628.0          0.19646
1629.0          0.19744
1630.0          0.19842
1631.0          0.19940
1632.0          0.20038
1633.0          0.20136
1634.0          0.20233
1635.0          0.20330
1636.0          0.20426
1637.0          0.20523
1638.0          0.20619
1639.0          0.20715
1640.0          0.20811
1641.0          0.20906
1642.0          0.21001
1643.0          0.21096
1644.0          0.21190
1645.0          0.21284
1646.0          0.21378
1647.0          0.21472
1648.0          0.21565
1649.0          0.21658
1650.0          0.21750
1400.0          0.95508
1401.0          0.95566
1402.0          0.95622
1403.0          0.95674
1404.0          0.95725
1405.0          0.95773
1406.0          0.95818
1407.0          0.95861
1408.0          0.95902
1409.0          0.95941
1410.0          0.95978
1411.0          0.96013
1412.0          0.96045
1413.0          0.96076
1414.0          0.96104
1415.0          0.96131
1416.0          0.96156
1417.0          0.96179
1418.0          0.96200
1419.0          0.96219
1420.0          0.96236
1421.0          0.96251
1422.0          0.96265
1423.0          0.96277
1424.0          0.96287
1425.0          0.96295
1426.0          0.96302
1427.0          0.96307
1428.0          0.96310
1429.0          0.96312
1430.0          0.96312
1431.0          0.96310
1432.0          0.96307
1433.0          0.96302
1434.0          0.96295
1435.0          0.96287
1436.0          0.96278
1437.0          0.96267
1438.0          0.96254
1439.0          0.96240
1440.0          0.96224
1441.0          0.96207
1442.0          0.96189
1443.0          0.96169
1444.0          0.96147
1445.0          0.96124
1446.0          0.96100
1447.0          0.96074
1448.0          0.96047
1449.0          0.96019
1450.0          0.95989
1451.0          0.95958
1452.0          0.95926
1453.0          0.95892
1454.0          0.95857
1455.0          0.95820
1456.0          0.95783
1457.0          0.95744
1458.0          0.95704
1459.0          0.95663
1460.0          0.95620
1461.0          0.95577
1462.0          0.95532
1463.0          0.95486
1464.0          0.95438
1465.0          0.95390
1466.0          0.95341
1467.0          0.95290
1468.0          0.95238
1469.0          0.95185
1470.0          0.95132
1471.0          0.95077
1472.0          0.95021
1473.0          0.94964
1474.0          0.94906
1475.0          0.94846
1476.0          0.94786
1477.0          0.94725
1478.0          0.94663
1479.0          0.94600
1480.0          0.94536
1481.0          0.94471
1482.0          0.94406
1483.0          0.94339
1484.0          0.94271
1485.0          0.94203
1486.0          0.94133
1487.0          0.94063
1488.0          0.93992
1489.0          0.93920
1490.0          0.93848
1491.0          0.93774
1492.0          0.93700
1493.0          0.93625
1494.0          0.93549
1495.0          0.93472
1496.0          0.93395
1497.0          0.93316
1498.0          0.93237
1499.0          0.93158
1500.0          0.93078
1501.0          0.92997
1502.0          0.92915
1503.0          0.92833
1504.0          0.92750
1505.0          0.92666
1506.0          0.92582
1507.0          0.92497
1508.0          0.92411
1509.0          0.92325
1510.0          0.92238
1511.0          0.92151
1512.0          0.92063
1513.0          0.91975
1514.0          0.91886
1515.0          0.91796
1516.0          0.91706
1517.0          0.91616
1518.0          0.91525
1519.0          0.91433
1520.0          0.91341
1521.0          0.91249
1522.0          0.91156
1523.0          0.91062
1524.0          0.90969
1525.0          0.90874
1526.0          0.90780
1527.0          0.90684
1528.0          0.90589
1529.0          0.90493
1530.0          0.90397
1531.0          0.90300
1532.0          0.90203
1533.0          0.90106
1534.0          0.90008
1535.0          0.89910
1536.0          0.89811
1537.0          0.89713
1538.0          0.89614
1539.0          0.89514
1540.0          0.89415
1541.0          0.89315
1542.0          0.89215
1543.0          0.89114
1544.0          0.89013
1545.0          0.88912
1546.0          0.88811
1547.0          0.88710
1548.0          0.88608
1549.0          0.88506
1550.0          0.88404
1551.0          0.88302
1552.0          0.88199
1553.0          0.88097
1554.0          0.87994
1555.0          0.87891
1556.0          0.87788
1557.0          0.87684
1558.0          0.87581
1559.0          0.87477
1560.0          0.87373
1561.0          0.87270
1562.0          0.87166
1563.0          0.87062
1564.0          0.86957
1565.0          0.86853
1566.0          0.86749
1567.0          0.86644
1568.0          0.86540
1569.0          0.86435
1570.0          0.86330
1571.0          0.86226
1572.0          0.86121
1573.0          0.86016
1574.0          0.85911
1575.0          0.85806
1576.0          0.85702
1577.0          0.85597
1578.0          0.85492
1579.0          0.85387
1580.0          0.85282
1581.0          0.85177
1582.0          0.85072
1583.0          0.84967
1584.0          0.84862
1585.0          0.84758
1586.0          0.84653
1587.0          0.84548
1588.0          0.84443
1589.0          0.84339
1590.0          0.84234
1591.0          0.84130
1592.0          0.84025
1593.0          0.83921
1594.0          0.83817
1595.0          0.83712
1596.0          0.83608
1597.0          0.83504
1598.0          0.83400
1599.0          0.83297
1600.0          0.83193
1601.0          0.83089
1602.0          0.82986
1603.0          0.82883
1604.0          0.82780
1605.0          0.82676
1606.0          0.82574
1607.0          0.82471
1608.0          0.82368
1609.0          0.82266
1610.0          0.82163
1611.0          0.82061
1612.0          0.81959
1613.0          0.81858
1614.0          0.81756
1615.0          0.81655
1616.0          0.81553
1617.0          0.81452
1618.0          0.81351
1619.0          0.81251
1620.0          0.81150
1621.0          0.81050
1622.0          0.80950
1623.0          0.80850
1624.0          0.80750
1625.0          0.80651
1626.0          0.80552
1627.0          0.80453
1628.0          0.80354
1629.0          0.80256
1630.0          0.80158
1631.0          0.80060
1632.0          0.79962
1633.0          0.79864
1634.0          0.79767
1635.0          0.79670
1636.0          0.79574
1637.0          0.79477
1638.0          0.79381
1639.0          0.79285
1640.0          0.79189
1641.0          0.79094
1642.0          0.78999
1643.0          0.78904
1644.0          0.78810
1645.0          0.78716
1646.0          0.78622
1647.0          0.78528
1648.0          0.78435
1649.0          0.78342
1650.0          0.78250
1400.0          1.0000
1401.0          1.0000
1402.0          1.0000
1403.0          1.0000
1404.0          1.0000
1405.0          1.0000
1406.0          1.0000
1407.0          1.0000
1408.0          1.0000
1409.0          1.0000
1410.0          1.0000
1411.0          1.0000
1412.0          1.0000
1413.0          1.0000
1414.0          1.0000
1415.0          1.0000
1416.0          1.0000
1417.0          1.0000
1418.0          1.0000
1419.0          1.0000
1420.0          1.0000
1421.0          1.0000
1422.0          1.0000
1423.0          1.0000
1424.0          1.0000
1425.0          1.0000
1426.0          1.0000
1427.0          1.0000
1428.0          1.0000
1429.0          1.0000
1430.0          1.0000
1431.0          1.0000
1432.0          1.0000
1433.0          1.0000
1434.0          1.0000
1435.0          1.0000
1436.0          1.0000
1437.0          1.0000
1438.0          1.0000
1439.0          1.0000
1440.0          1.0000
1441.0          1.0000
1442.0          1.0000
1443.0          1.0000
1444.0          1.0000
1445.0          1.0000
1446.0          1.0000
1447.0          1.0000
1448.0          1.0000
1449.0          1.0000
1450.0          1.0000
1451.0          1.0000
1452.0          1.0000
1453.0          1.0000
1454.0          1.0000
1455.0          1.0000
1456.0          1.0000
1457.0          1.0000
1458.0          1.0000
1459.0          1.0000
1460.0          1.0000
1461.0          1.0000
1462.0          1.0000
1463.0          1.0000
1464.0          1.0000
1465.0          1.0000
1466.0          1.0000
1467.0          1.0000
1468.0          1.0000
1469.0          1.0000
1470.0          1.0000
1471.0          1.0000
1472.0          1.0000
1473.0          1.0000
1474.0          1.0000
1475.0          1.0000
1476.0          1.0000
1477.0          1.0000
1478.0          1.0000
1479.0          1.0000
1480.0          1.0000
1481.0          1.0000
1482.0          1.0000
1483.0          1.0000
1484.0          1.0000
1485.0          1.0000
1486.0          1.0000
1487.0          1.0000
1488.0          1.0000
1489.0          1.0000
1490.0          1.0000
1491.0          1.0000
1492.0          1.0000
1493.0          1.0000
1494.0          1.0000
1495.0          1.0000
1496.0          1.0000
1497.0          1.0000
1498.0          1.0000
1499.0          1.0000
1500.0          1.0000
1501.0          1.0000
1502.0          1.0000
1503.0          1.0000
1504.0          1.0000
1505.0          1.0000
1506.0          1.0000
1507.0          1.0000
1508.0          1.0000
1509.0          1.0000
1510.0          1.0000
1511.0          1.0000
1512.0          1.0000
1513.0          1.0000
1514.0          1.0000
1515.0          1.0000
1516.0          1.0000
1517.0          1.0000
1518.0          1.0000
1519.0          1.0000
1520.0          1.0000
1521.0          1.0000
1522.0          1.0000
1523.0          1.0000
1524.0          1.0000
1525.0          1.0000
1526.0          1.0000
1527.0          1.0000
1528.0          1.0000
1529.0          1.0000
1530.0          1.0000
1531.0          1.0000
1532.0          1.0000
1533.0          1.0000
1534.0          1.0000
1535.0          1.0000
1536.0          1.0000
1537.0          1.0000
1538.0          1.0000
1539.0          1.0000
1540.0          1.0000
1541.0          1.0000
1542.0          1.0000
1543.0          1.0000
1544.0          1.0000
1545.0          1.0000
1546.0          1.0000
1547.0          1.0000
1548.0          1.0000
1549.0          1.0000
1550.0          1.0000
1551.0          1.0000
1552.0          1.0000
1553.0          1.0000
1554.0          1.0000
1555.0          1.0000
1556.0          1.0000
1557.0          1.0000
1558.0          1.0000
1559.0          1.0000
1560.0          1.0000
1561.0          1.0000
1562.0          1.0000
1563.0          1.0000
1564.0          1.0000
1565.0          1.0000
1566.0          1.0000
1567.0          1.0000
1568.0          1.0000
1569.0          1.0000
1570.0          1.0000
1571.0          1.0000
1572.0          1.0000
1573.0          1.0000
1574.0          1.0000
1575.0          1.0000
1576.0          1.0000
1577.0          1.0000
1578.0          1.0000
1579.0          1.0000
1580.0          1.0000
1581.0          1.0000
1582.0          1.0000
1583.0          1.0000
1584.0          1.0000
1585.0          1.0000
1586.0          1.0000
1587.0          1.0000
1588.0          1.0000
1589.0          1.0000
1590.0          1.0000
1591.0          1.0000
1592.0          1.0000
1593.0          1.0000
1594.0          1.0000
1595.0          1.0000
1596.0          1.0000
1597.0          1.0000
1598.0          1.0000
1599.0          1.0000
1600.0          1.0000
1601.0          1.0000
1602.0          1.0000
1603.0          1.0000
1604.0          1.0000
1605.0          1.0000
1606.0          1.0000
1607.0          1.0000
1608.0          1.0000
1609.0          1.0000
1610.0          1.0000
1611.0          1.0000
1612.0          1.0000
1613.0          1.0000
1614.0          1.0000
1615.0          1.0000
1616.0          1.0000
1617.0          1.0000
1618.0          1.0000
1619.0          1.0000
1620.0          1.0000
1621.0          1.0000
1622.0          1.0000
1623.0          1.0000
1624.0          1.0000
1625.0          1.0000
1626.0          1.0000
1627.0          1.0000
1628.0          1.0000
1629.0          1.0000
1630.0          1.0000
1631.0          1.0000
1632.0          1.0000
1633.0          1.0000
1634.0          1.0000
1635.0          1.0000
1636.0          1.0000
1637.0          1.0000
1638.0          1.0000
1639.0          1.0000
1640.0          1.0000
1641.0          1.0000
1642.0          1.0000
1643.0          1.0000
1644.0          1.0000
1645.0          1.0000
1646.0          1.0000
1647.0          1.0000
1648.0          1.0000
1649.0          1.0000
1650.0          1.0000
1400.0          8.8818E-16
1401.0          0.0000
1402.0          -2.2204E-16
1403.0          -3.1086E-15
1404.0          5.5511E-16
1405.0          -3.7748E-15
1406.0          -1.1102E-15
1407.0          -2.8866E-15
1408.0          -2.2204E-15
1409.0          2.7756E-15
1410.0          7.7716E-16
1411.0          0.0000
1412.0          -4.4409E-16
1413.0          9.9920E-16
1414.0          0.0000
1415.0          -2.2204E-15
1416.0          -1.1102E-15
1417.0          2.4425E-15
1418.0          -1.7764E-15
1419.0          -8.8818E-16
1420.0          -1.7764E-15
1421.0          -1.7764E-15
1422.0          2.7756E-15
1423.0          -1.3323E-15
1424.0          0.0000
1425.0          -2.2204E-16
1426.0          5.5511E-16
1427.0          2.2204E-15
1428.0          0.0000
1429.0          -2.2204E-16
1430.0          2.2204E-16
1431.0          -3.3307E-15
1432.0          4.4409E-16
1433.0          5.5511E-16
1434.0          -1.3323E-15
1435.0          0.0000
1436.0          -6.6613E-16
1437.0          3.1086E-15
1438.0          -8.8818E-16
1439.0          1.2212E-15
1440.0          -4.4409E-16
1441.0          2.8866E-15
1442.0          0.0000
1443.0          1.1102E-16
1444.0          0.0000
1445.0          1.1102E-15
1446.0          1.2212E-15
1447.0          -4.6629E-15
1448.0          2.1094E-15
1449.0          1.1102E-15
1450.0          -5.3291E-15
1451.0          -2.8866E-15
1452.0          -2.4425E-15
1453.0          2.9976E-15
1454.0          -3.1086E-15
1455.0          -4.8850E-15
1456.0          7.3275E-15
1457.0          -1.0658E-14
1458.0          -1.9984E-15
1459.0          0.0000
1460.0          -2.8866E-15
1461.0          -8.8818E-16
1462.0          1.3323E-15
1463.0          -1.1102E-15
1464.0          8.8818E-16
1465.0          -8.8818E-16
1466.0          -1.7764E-15
1467.0          -1.7764E-15
1468.0          1.6653E-15
1469.0          2.5535E-15
1470.0          1.1102E-16
1471.0          -2.4425E-15
1472.0          0.0000
1473.0          -1.1102E-15
1474.0          -2.8866E-15
1475.0          1.2212E-15
1476.0          -6.8834E-15
1477.0          -3.1086E-15
1478.0          1.1102E-16
1479.0          0.0000
1480.0          1.8874E-15
1481.0          -1.1102E-15
1482.0          -3.1086E-15
1483.0          -8.8818E-16
1484.0          -6.6613E-16
1485.0          -1.3323E-15
1486.0          -1.1102E-15
1487.0          3.3307E-16
1488.0          -3.1086E-15
1489.0          -4.4409E-16
1490.0          -8.8818E-16
1491.0          -1.1102E-15
1492.0          -1.9984E-15
1493.0          -8.8818E-16
1494.0          -1.1102E-15
1495.0          -8.8818E-16
1496.0          -1.7764E-15
1497.0          7.7716E-16
1498.0          -4.4409E-16
1499.0          -1.5543E-15
1500.0          -1.5543E-15
1501.0          -4.4409E-16
1502.0          -1.1102E-15
1503.0          3.3307E-16
1504.0          5.5511E-16
1505.0          -2.4425E-15
1506.0          -1.1102E-15
1507.0          -1.9984E-15
1508.0          1.1102E-16
1509.0          -4.4409E-15
1510.0          -2.2204E-16
1511.0          7.7716E-16
1512.0          5.5511E-16
1513.0          -1.3323E-15
1514.0          -2.6645E-15
1515.0          -1.1102E-15
1516.0          -6.6613E-16
1517.0          -2.2204E-16
1518.0          -4.4409E-16
1519.0          -1.1102E-15
1520.0          -2.2204E-15
1521.0          4.4409E-16
1522.0          4.4409E-16
1523.0          1.1102E-15
1524.0          1.4433E-15
1525.0          -8.8818E-16
1526.0          -1.3323E-15
1527.0          -3.1086E-15
1528.0          1.1102E-15
1529.0          -4.4409E-16
1530.0          6.6613E-16
1531.0          -6.6613E-16
1532.0          -2.2204E-16
1533.0          3.3307E-16
1534.0          -3.5527E-15
1535.0          -1.1102E-15
1536.0          2.1094E-15
1537.0          3.3307E-16
1538.0          2.3315E-15
1539.0          -1.1102E-15
1540.0          -4.4409E-16
1541.0          -2.2204E-16
1542.0          4.2188E-15
1543.0          -8.8818E-16
1544.0          -6.6613E-16
1545.0          2.2204E-16
1546.0          -1.7764E-15
1547.0          1.1102E-16
1548.0          1.4433E-15
1549.0          0.0000
1550.0          1.1102E-15
1551.0          -4.4409E-16
1552.0          -2.8866E-15
1553.0          -1.3323E-15
1554.0          1.2212E-15
1555.0          -6.6613E-16
1556.0          0.0000
1557.0          1.9984E-15
1558.0          -6.6613E-16
1559.0          0.0000
1560.0          -2.6645E-15
1561.0          -1.1102E-15
1562.0          -1.7764E-15
1563.0          2.2204E-15
1564.0          0.0000
1565.0          2.2204E-16
1566.0          1.7764E-15
1567.0          4.4409E-16
1568.0          1.3323E-15
1569.0          2.6645E-15
1570.0          -2.2204E-16
1571.0          -1.7764E-15
1572.0          -2.6645E-15
1573.0          4.4409E-16
1574.0          1.3323E-15
1575.0          -8.8818E-16
1576.0          -1.1102E-15
1577.0          3.5527E-15
1578.0          8.8818E-16
1579.0          -2.2204E-15
1580.0          -4.4409E-16
1581.0          1.1102E-15
1582.0          1.3323E-15
1583.0          -1.1102E-15
1584.0          -8.8818E-16
1585.0          4.4409E-16
1586.0          -4.4409E-16
1587.0          -6.6613E-16
1588.0          1.9984E-15
1589.0          -6.6613E-16
1590.0          8.8818E-16
1591.0          -4.4409E-16
1592.0          1.3323E-15
1593.0          2.2204E-16
1594.0          -1.5543E-15
1595.0          -1.3323E-15
1596.0          -8.8818E-16
1597.0          -6.6613E-16
1598.0          -2.2204E-15
1599.0          -3.5527E-15
1600.0          5.5511E-16
1601.0          -1.1102E-15
1602.0          1.3323E-15
1603.0          5.5511E-16
1604.0          -1.5543E-15
1605.0          9.9920E-16
1606.0          4.4409E-16
1607.0          -8.8818E-16
1608.0          -3.1086E-15
1609.0          2.8866E-15
1610.0          -1.7764E-15
1611.0          0.0000
1612.0          -5.9952E-15
1613.0          -6.6613E-16
1614.0          -2.4425E-15
1615.0          -3.5527E-15
1616.0          4.4409E-16
1617.0          -3.9968E-15
1618.0          -1.7764E-15
1619.0          -1.1102E-15
1620.0          3.1086E-15
1621.0          -2.4425E-15
1622.0          -1.7764E-15
1623.0          4.4409E-16
1624.0          2.7756E-15
1625.0          -4.4409E-16
1626.0          5.5511E-16
1627.0          2.4425E-15
1628.0          -2.6645E-15
1629.0          -1.9984E-15
1630.0          4.4409E-16
1631.0          1.7764E-15
1632.0          -2.4425E-15
1633.0          -3.3307E-15
1634.0          3.5527E-15
1635.0          -8.8818E-16
1636.0          -8.8818E-16
1637.0          0.0000
1638.0          7.6605E-15
1639.0          1.1102E-15
1640.0          -5.3291E-15
1641.0          -1.7764E-15
1642.0          -1.9984E-15
1643.0          1.5543E-15
1644.0          9.9920E-16
1645.0          3.9968E-15
1646.0          3.4417E-15
1647.0          1.6653E-15
1648.0          2.5535E-15
1649.0          -1.1102E-15
1650.0          9.9920E-15
