1400.0          0.053394
1401.0          0.054063
1402.0          0.054741
1403.0          0.055427
1404.0          0.056121
1405.0          0.056823
1406.0          0.057533
1407.0          0.058251
1408.0          0.058976
1409.0          0.059709
1410.0          0.060449
1411.0          0.061196
1412.0          0.061951
1413.0          0.062713
1414.0          0.063481
1415.0          0.064257
1416.0          0.065039
1417.0          0.065828
1418.0          0.066624
1419.0          0.067425
1420.0          0.068234
1421.0          0.069048
1422.0          0.069869
1423.0          0.070695
1424.0          0.071528
1425.0          0.072366
1426.0          0.073210
1427.0          0.074059
1428.0          0.074915
1429.0          0.075775
1430.0          0.076641
1431.0          0.077512
1432.0          0.078388
1433.0          0.079269
1434.0          0.080155
1435.0          0.081046
1436.0          0.081941
1437.0          0.082842
1438.0          0.083746
1439.0          0.084655
1440.0          0.085569
1441.0          0.086487
1442.0          0.087408
1443.0          0.088334
1444.0          0.089264
1445.0          0.090198
1446.0          0.091136
1447.0          0.092077
1448.0          0.093022
1449.0          0.093970
1450.0          0.094922
1451.0          0.095878
1452.0          0.096836
1453.0          0.097798
1454.0          0.098763
1455.0          0.099731
1456.0          0.10070
1457.0          0.10168
1458.0          0.10265
1459.0          0.10363
1460.0          0.10461
1461.0          0.10560
1462.0          0.10658
1463.0          0.10757
1464.0          0.10857
1465.0          0.10956
1466.0          0.11056
1467.0          0.11155
1468.0          0.11255
1469.0          0.11356
1470.0          0.11456
1471.0          0.11557
1472.0          0.11657
1473.0          0.11758
1474.0          0.11859
1475.0          0.11961
1476.0          0.12062
1477.0          0.12163
1478.0          0.12265
1479.0          0.12367
1480.0          0.12469
1481.0          0.12571
1482.0          0.12673
1483.0          0.12775
1484.0          0.12878
1485.0          0.12980
1486.0          0.13083
1487.0          0.13185
1488.0          0.13288
1489.0          0.13391
1490.0          0.13493
1491.0          0.13596
1492.0          0.13699
1493.0          0.13802
1494.0          0.13905
1495.0          0.14008
1496.0          0.14111
1497.0          0.14214
1498.0          0.14318
1499.0          0.14421
1500.0          0.14524
1501.0          0.14627
1502.0          0.14730
1503.0          0.14833
1504.0          0.14936
1505.0          0.15040
1506.0          0.15143
1507.0          0.15246
1508.0          0.15349
1509.0          0.15452
1510.0          0.15555
1511.0          0.15658
1512.0          0.15761
1513.0          0.15864
1514.0          0.15966
1515.0          0.16069
1516.0          0.16172
1517.0          0.16274
1518.0          0.16377
1519.0          0.16479
1520.0          0.16582
1521.0          0.16684
1522.0          0.16786
1523.0          0.16889
1524.0          0.16991
1525.0          0.17093
1526.0          0.17195
1527.0          0.17296
1528.0          0.17398
1529.0          0.17500
1530.0          0.17601
1531.0          0.17702
1532.0          0.17804
1533.0          0.17905
1534.0          0.18006
1535.0          0.18107
1536.0          0.18207
1537.0          0.18308
1538.0          0.18409
1539.0          0.18509
1540.0          0.18609
1541.0          0.18709
1542.0          0.18809
1543.0          0.18909
1544.0          0.19008
1545.0          0.19108
1546.0          0.19207
1547.0          0.19306
1548.0          0.19405
1549.0          0.19504
1550.0          0.19603
1551.0          0.19702
1552.0          0.19800
1553.0          0.19898
1554.0          0.19996
1555.0          0.20094
1556.0          0.20192
1557.0          0.20289
1558.0          0.20386
1559.0          0.20484
1560.0          0.20581
1561.0          0.20677
1562.0          0.20774
1563.0          0.20870
1564.0          0.20966
1565.0          0.21062
1566.0          0.21158
1567.0          0.21254
1568.0          0.21349
1569.0          0.21445
1570.0          0.21540
1571.0          0.21634
1572.0          0.21729
1573.0          0.21823
1574.0          0.21918
1575.0          0.22012
1576.0          0.22105
1577.0          0.22199
1578.0          0.22292
1579.0          0.22386
1580.0          0.22479
1581.0          0.22571
1582.0          0.22664
1583.0          0.22756
1584.0          0.22848
1585.0          0.22940
1586.0          0.23032
1587.0          0.23123
1588.0          0.23214
1589.0          0.23305
1590.0          0.23396
1591.0          0.23487
1592.0          0.23577
1593.0          0.23667
1594.0          0.23757
1595.0          0.23847
1596.0          0.23936
1597.0          0.24025
1598.0          0.24114
1599.0          0.24203
1600.0          0.24292
1601.0          0.24380
1602.0          0.24468
1603.0          0.24556
1604.0          0.24643
1605.0          0.24731
1606.0          0.24818
1607.0          0.24905
1608.0          0.24991
1609.0          0.25078
1610.0          0.25164
1611.0          0.25250
1612.0          0.25336
1613.0          0.25421
1614.0          0.25506
1615.0          0.25591
1616.0          0.25676
1617.0          0.25761
1618.0          0.25845
1619.0          0.25929
1620.0          0.26013
1621.0          0.26096
1622.0          0.26180
1623.0          0.26263
1624.0          0.26346
1625.0          0.26428
1626.0          0.26510
1627.0          0.26593
1628.0          0.26674
1629.0          0.26756
1630.0          0.26838
1631.0          0.26919
1632.0          0.27000
1633.0          0.27080
1634.0          0.27161
1635.0          0.27241
1636.0          0.27321
1637.0          0.27401
1638.0          0.27480
1639.0          0.27559
1640.0          0.27638
1641.0          0.27717
1642.0          0.27796
1643.0          0.27874
1644.0          0.27952
1645.0          0.28030
1646.0          0.28107
1647.0          0.28184
1648.0          0.28261
1649.0          0.28338
1650.0          0.28415
1400.0          0.94661
1401.0          0.94594
1402.0          0.94526
1403.0          0.94457
1404.0          0.94388
1405.0          0.94318
1406.0          0.94247
1407.0          0.94175
1408.0          0.94102
1409.0          0.94029
1410.0          0.93955
1411.0          0.93880
1412.0          0.93805
1413.0          0.93729
1414.0          0.93652
1415.0          0.93574
1416.0          0.93496
1417.0          0.93417
1418.0          0.93338
1419.0          0.93257
1420.0          0.93177
1421.0          0.93095
1422.0          0.93013
1423.0          0.92930
1424.0          0.92847
1425.0          0.92763
1426.0          0.92679
1427.0          0.92594
1428.0          0.92509
1429.0          0.92422
1430.0          0.92336
1431.0          0.92249
1432.0          0.92161
1433.0          0.92073
1434.0          0.91984
1435.0          0.91895
1436.0          0.91806
1437.0          0.91716
1438.0          0.91625
1439.0          0.91534
1440.0          0.91443
1441.0          0.91351
1442.0          0.91259
1443.0          0.91167
1444.0          0.91074
1445.0          0.90980
1446.0          0.90886
1447.0          0.90792
1448.0          0.90698
1449.0          0.90603
1450.0          0.90508
1451.0          0.90412
1452.0          0.90316
1453.0          0.90220
1454.0          0.90124
1455.0          0.90027
1456.0          0.89930
1457.0          0.89832
1458.0          0.89735
1459.0          0.89637
1460.0          0.89539
1461.0          0.89440
1462.0          0.89342
1463.0          0.89243
1464.0          0.89143
1465.0          0.89044
1466.0          0.88944
1467.0          0.88845
1468.0          0.88745
1469.0          0.88644
1470.0          0.88544
1471.0          0.88443
1472.0          0.88343
1473.0          0.88242
1474.0          0.88141
1475.0          0.88039
1476.0          0.87938
1477.0          0.87837
1478.0          0.87735
1479.0          0.87633
1480.0          0.87531
1481.0          0.87429
1482.0          0.87327
1483.0          0.87225
1484.0          0.87122
1485.0          0.87020
1486.0          0.86917
1487.0          0.86815
1488.0          0.86712
1489.0          0.86609
1490.0          0.86507
1491.0          0.86404
1492.0          0.86301
1493.0          0.86198
1494.0          0.86095
1495.0          0.85992
1496.0          0.85889
1497.0          0.85786
1498.0          0.85682
1499.0          0.85579
1500.0          0.85476
1501.0          0.85373
1502.0          0.85270
1503.0          0.85167
1504.0          0.85064
1505.0          0.84960
1506.0          0.84857
1507.0          0.84754
1508.0          0.84651
1509.0          0.84548
1510.0          0.84445
1511.0          0.84342
1512.0          0.84239
1513.0          0.84136
1514.0          0.84034
1515.0          0.83931
1516.0          0.83828
1517.0          0.83726
1518.0          0.83623
1519.0          0.83521
1520.0          0.83418
1521.0          0.83316
1522.0          0.83214
1523.0          0.83111
1524.0          0.83009
1525.0          0.82907
1526.0          0.82805
1527.0          0.82704
1528.0          0.82602
1529.0          0.82500
1530.0          0.82399
1531.0          0.82298
1532.0          0.82196
1533.0          0.82095
1534.0          0.81994
1535.0          0.81893
1536.0          0.81793
1537.0          0.81692
1538.0          0.81591
1539.0          0.81491
1540.0          0.81391
1541.0          0.81291
1542.0          0.81191
1543.0          0.81091
1544.0          0.80992
1545.0          0.80892
1546.0          0.80793
1547.0          0.80694
1548.0          0.80595
1549.0          0.80496
1550.0          0.80397
1551.0          0.80298
1552.0          0.80200
1553.0          0.80102
1554.0          0.80004
1555.0          0.79906
1556.0          0.79808
1557.0          0.79711
1558.0          0.79614
1559.0          0.79516
1560.0          0.79419
1561.0          0.79323
1562.0          0.79226
1563.0          0.79130
1564.0          0.79034
1565.0          0.78938
1566.0          0.78842
1567.0          0.78746
1568.0          0.78651
1569.0          0.78555
1570.0          0.78460
1571.0          0.78366
1572.0          0.78271
1573.0          0.78177
1574.0          0.78082
1575.0          0.77988
1576.0          0.77895
1577.0          0.77801
1578.0          0.77708
1579.0          0.77614
1580.0          0.77521
1581.0          0.77429
1582.0          0.77336
1583.0          0.77244
1584.0          0.77152
1585.0          0.77060
1586.0          0.76968
1587.0          0.76877
1588.0          0.76786
1589.0          0.76695
1590.0          0.76604
1591.0          0.76513
1592.0          0.76423
1593.0          0.76333
1594.0          0.76243
1595.0          0.76153
1596.0          0.76064
1597.0          0.75975
1598.0          0.75886
1599.0          0.75797
1600.0          0.75708
1601.0          0.75620
1602.0          0.75532
1603.0          0.75444
1604.0          0.75357
1605.0          0.75269
1606.0          0.75182
1607.0          0.75095
1608.0          0.75009
1609.0          0.74922
1610.0          0.74836
1611.0          0.74750
1612.0          0.74664
1613.0          0.74579
1614.0          0.74494
1615.0          0.74409
1616.0          0.74324
1617.0          0.74239
1618.0          0.74155
1619.0          0.74071
1620.0          0.73987
1621.0          0.73904
1622.0          0.73820
1623.0          0.73737
1624.0          0.73654
1625.0          0.73572
1626.0          0.73490
1627.0          0.73407
1628.0          0.73326
1629.0          0.73244
1630.0          0.73162
1631.0          0.73081
1632.0          0.73000
1633.0          0.72920
1634.0          0.72839
1635.0          0.72759
1636.0          0.72679
1637.0          0.72599
1638.0          0.72520
1639.0          0.72441
1640.0          0.72362
1641.0          0.72283
1642.0          0.72204
1643.0          0.72126
1644.0          0.72048
1645.0          0.71970
1646.0          0.71893
1647.0          0.71816
1648.0          0.71739
1649.0          0.71662
1650.0          0.71585
1400.0          1.0000
1401.0          1.0000
1402.0          1.0000
1403.0          1.0000
1404.0          1.0000
1405.0          1.0000
1406.0          1.0000
1407.0          1.0000
1408.0          1.0000
1409.0          1.0000
1410.0          1.0000
1411.0          1.0000
1412.0          1.0000
1413.0          1.0000
1414.0          1.0000
1415.0          1.0000
1416.0          1.0000
1417.0          1.0000
1418.0          1.0000
1419.0          1.0000
1420.0          1.0000
1421.0          1.0000
1422.0          1.0000
1423.0          1.0000
1424.0          1.0000
1425.0          1.0000
1426.0          1.0000
1427.0          1.0000
1428.0          1.0000
1429.0          1.0000
1430.0          1.0000
1431.0          1.0000
1432.0          1.0000
1433.0          1.0000
1434.0          1.0000
1435.0          1.0000
1436.0          1.0000
1437.0          1.0000
1438.0          1.0000
1439.0          1.0000
1440.0          1.0000
1441.0          1.0000
1442.0          1.0000
1443.0          1.0000
1444.0          1.0000
1445.0          1.0000
1446.0          1.0000
1447.0          1.0000
1448.0          1.0000
1449.0          1.0000
1450.0          1.0000
1451.0          1.0000
1452.0          1.0000
1453.0          1.0000
1454.0          1.0000
1455.0          1.0000
1456.0          1.0000
1457.0          1.0000
1458.0          1.0000
1459.0          1.0000
1460.0          1.0000
1461.0          1.0000
1462.0          1.0000
1463.0          1.0000
1464.0          1.0000
1465.0          1.0000
1466.0          1.0000
1467.0          1.0000
1468.0          1.0000
1469.0          1.0000
1470.0          1.0000
1471.0          1.0000
1472.0          1.0000
1473.0          1.0000
1474.0          1.0000
1475.0          1.0000
1476.0          1.0000
1477.0          1.0000
1478.0          1.0000
1479.0          1.0000
1480.0          1.0000
1481.0          1.0000
1482.0          1.0000
1483.0          1.0000
1484.0          1.0000
1485.0          1.0000
1486.0          1.0000
1487.0          1.0000
1488.0          1.0000
1489.0          1.0000
1490.0          1.0000
1491.0          1.0000
1492.0          1.0000
1493.0          1.0000
1494.0          1.0000
1495.0          1.0000
1496.0          1.0000
1497.0          1.0000
1498.0          1.0000
1499.0          1.0000
1500.0          1.0000
1501.0          1.0000
1502.0          1.0000
1503.0          1.0000
1504.0          1.0000
1505.0          1.0000
1506.0          1.0000
1507.0          1.0000
1508.0          1.0000
1509.0          1.0000
1510.0          1.0000
1511.0          1.0000
1512.0          1.0000
1513.0          1.0000
1514.0          1.0000
1515.0          1.0000
1516.0          1.0000
1517.0          1.0000
1518.0          1.0000
1519.0          1.0000
1520.0          1.0000
1521.0          1.0000
1522.0          1.0000
1523.0          1.0000
1524.0          1.0000
1525.0          1.0000
1526.0          1.0000
1527.0          1.0000
1528.0          1.0000
1529.0          1.0000
1530.0          1.0000
1531.0          1.0000
1532.0          1.0000
1533.0          1.0000
1534.0          1.0000
1535.0          1.0000
1536.0          1.0000
1537.0          1.0000
1538.0          1.0000
1539.0          1.0000
1540.0          1.0000
1541.0          1.0000
1542.0          1.0000
1543.0          1.0000
1544.0          1.0000
1545.0          1.0000
1546.0          1.0000
1547.0          1.0000
1548.0          1.0000
1549.0          1.0000
1550.0          1.0000
1551.0          1.0000
1552.0          1.0000
1553.0          1.0000
1554.0          1.0000
1555.0          1.0000
1556.0          1.0000
1557.0          1.0000
1558.0          1.0000
1559.0          1.0000
1560.0          1.0000
1561.0          1.0000
1562.0          1.0000
1563.0          1.0000
1564.0          1.0000
1565.0          1.0000
1566.0          1.0000
1567.0          1.0000
1568.0          1.0000
1569.0          1.0000
1570.0          1.0000
1571.0          1.0000
1572.0          1.0000
1573.0          1.0000
1574.0          1.0000
1575.0          1.0000
1576.0          1.0000
1577.0          1.0000
1578.0          1.0000
1579.0          1.0000
1580.0          1.0000
1581.0          1.0000
1582.0          1.0000
1583.0          1.0000
1584.0          1.0000
1585.0          1.0000
1586.0          1.0000
1587.0          1.0000
1588.0          1.0000
1589.0          1.0000
1590.0          1.0000
1591.0          1.0000
1592.0          1.0000
1593.0          1.0000
1594.0          1.0000
1595.0          1.0000
1596.0          1.0000
1597.0          1.0000
1598.0          1.0000
1599.0          1.0000
1600.0          1.0000
1601.0          1.0000
1602.0          1.0000
1603.0          1.0000
1604.0          1.0000
1605.0          1.0000
1606.0          1.0000
1607.0          1.0000
1608.0          1.0000
1609.0          1.0000
1610.0          1.0000
1611.0          1.0000
1612.0          1.0000
1613.0          1.0000
1614.0          1.0000
1615.0          1.0000
1616.0          1.0000
1617.0          1.0000
1618.0          1.0000
1619.0          1.0000
1620.0          1.0000
1621.0          1.0000
1622.0          1.0000
1623.0          1.0000
1624.0          1.0000
1625.0          1.0000
1626.0          1.0000
1627.0          1.0000
1628.0          1.0000
1629.0          1.0000
1630.0          1.0000
1631.0          1.0000
1632.0          1.0000
1633.0          1.0000
1634.0          1.0000
1635.0          1.0000
1636.0          1.0000
1637.0          1.0000
1638.0          1.0000
1639.0          1.0000
1640.0          1.0000
1641.0          1.0000
1642.0          1.0000
1643.0          1.0000
1644.0          1.0000
1645.0          1.0000
1646.0          1.0000
1647.0          1.0000
1648.0          1.0000
1649.0          1.0000
1650.0          1.0000
1400.0          1.4433E-15
1401.0          1.8874E-15
1402.0          0.0000
1403.0          1.8874E-15
1404.0          -2.2204E-16
1405.0          -8.8818E-16
1406.0          -1.7764E-15
1407.0          -1.3323E-15
1408.0          -2.4425E-15
1409.0          -8.8818E-16
1410.0          6.6613E-16
1411.0          -6.6613E-16
1412.0          5.5511E-16
1413.0          -8.8818E-16
1414.0          0.0000
1415.0          3.4417E-15
1416.0          2.9976E-15
1417.0          2.2204E-16
1418.0          0.0000
1419.0          -1.1102E-15
1420.0          2.2204E-16
1421.0          -6.6613E-16
1422.0          2.1094E-15
1423.0          2.4425E-15
1424.0          -4.4409E-16
1425.0          1.6653E-15
1426.0          -2.2204E-15
1427.0          5.5511E-16
1428.0          -1.7764E-15
1429.0          -1.9984E-15
1430.0          -1.7764E-15
1431.0          0.0000
1432.0          -1.3323E-15
1433.0          -1.7764E-15
1434.0          1.2212E-15
1435.0          -2.6645E-15
1436.0          -1.7764E-15
1437.0          0.0000
1438.0          1.6653E-15
1439.0          -8.8818E-16
1440.0          2.3315E-15
1441.0          -1.3323E-15
1442.0          -6.6613E-16
1443.0          8.8818E-16
1444.0          -2.2204E-15
1445.0          0.0000
1446.0          -1.5543E-15
1447.0          8.8818E-16
1448.0          3.3307E-16
1449.0          -6.6613E-16
1450.0          5.5511E-16
1451.0          4.4409E-16
1452.0          9.9920E-16
1453.0          2.2204E-15
1454.0          -2.2204E-16
1455.0          3.3307E-16
1456.0          -2.2204E-16
1457.0          1.2212E-15
1458.0          1.1102E-16
1459.0          5.2180E-15
1460.0          -8.8818E-16
1461.0          2.2204E-15
1462.0          -1.9984E-15
1463.0          2.1094E-15
1464.0          1.5543E-15
1465.0          1.1102E-16
1466.0          -4.2188E-15
1467.0          -1.5543E-15
1468.0          -8.8818E-16
1469.0          3.3307E-16
1470.0          1.5543E-15
1471.0          0.0000
1472.0          2.2204E-15
1473.0          2.1094E-15
1474.0          1.5543E-15
1475.0          -3.1086E-15
1476.0          4.4409E-16
1477.0          2.1094E-15
1478.0          1.8874E-15
1479.0          -2.2204E-16
1480.0          -1.3323E-15
1481.0          -2.2204E-15
1482.0          -2.2204E-16
1483.0          -3.5527E-15
1484.0          9.9920E-16
1485.0          8.8818E-16
1486.0          1.3323E-15
1487.0          -6.6613E-16
1488.0          4.4409E-16
1489.0          1.8874E-15
1490.0          1.3323E-15
1491.0          -2.4425E-15
1492.0          -1.5543E-15
1493.0          -6.6613E-16
1494.0          0.0000
1495.0          1.3323E-15
1496.0          -1.1102E-15
1497.0          -1.1102E-15
1498.0          4.3299E-15
1499.0          -1.9984E-15
1500.0          -1.7764E-15
1501.0          -2.6645E-15
1502.0          -2.8866E-15
1503.0          0.0000
1504.0          -8.8818E-16
1505.0          -2.2204E-16
1506.0          4.4409E-16
1507.0          -2.8866E-15
1508.0          -1.5543E-15
1509.0          8.8818E-16
1510.0          1.6653E-15
1511.0          2.9976E-15
1512.0          1.3323E-15
1513.0          1.1102E-15
1514.0          -1.5543E-15
1515.0          -1.9984E-15
1516.0          8.8818E-16
1517.0          -2.8866E-15
1518.0          -2.2204E-16
1519.0          1.1102E-15
1520.0          1.1102E-16
1521.0          -4.4409E-16
1522.0          1.1102E-16
1523.0          3.3307E-16
1524.0          -2.2204E-16
1525.0          1.4433E-15
1526.0          -6.6613E-16
1527.0          -1.5543E-15
1528.0          0.0000
1529.0          -1.3323E-15
1530.0          8.8818E-16
1531.0          -1.3323E-15
1532.0          -8.8818E-16
1533.0          -6.6613E-16
1534.0          1.2212E-15
1535.0          8.8818E-16
1536.0          1.4433E-15
1537.0          0.0000
1538.0          -3.5527E-15
1539.0          -1.3323E-15
1540.0          -4.4409E-16
1541.0          1.9984E-15
1542.0          -1.5543E-15
1543.0          -4.4409E-15
1544.0          8.8818E-16
1545.0          2.1094E-15
1546.0          9.9920E-16
1547.0          2.2204E-16
1548.0          -4.4409E-16
1549.0          1.7764E-15
1550.0          1.4433E-15
1551.0          -1.3323E-15
1552.0          2.2204E-16
1553.0          7.7716E-16
1554.0          1.1102E-15
1555.0          3.3307E-16
1556.0          1.8874E-15
1557.0          2.1094E-15
1558.0          1.2212E-15
1559.0          -1.3323E-15
1560.0          -2.2204E-15
1561.0          -2.2204E-16
1562.0          -3.3307E-15
1563.0          2.4425E-15
1564.0          -1.5543E-15
1565.0          -6.4393E-15
1566.0          -3.3307E-15
1567.0          -3.3307E-15
1568.0          -2.2204E-15
1569.0          -2.6645E-15
1570.0          -4.4409E-16
1571.0          -2.2204E-16
1572.0          -2.6645E-15
1573.0          -2.6645E-15
1574.0          -2.4425E-15
1575.0          -1.7764E-15
1576.0          9.9920E-16
1577.0          -4.4409E-16
1578.0          4.4409E-16
1579.0          -3.3307E-15
1580.0          1.9984E-15
1581.0          2.8866E-15
1582.0          -1.5543E-15
1583.0          -6.6613E-16
1584.0          -2.2204E-15
1585.0          -6.6613E-16
1586.0          -1.5543E-15
1587.0          4.4409E-16
1588.0          1.1102E-16
1589.0          3.3307E-16
1590.0          -4.4409E-16
1591.0          -6.6613E-16
1592.0          -4.4409E-16
1593.0          -6.6613E-16
1594.0          -2.2204E-15
1595.0          -1.5543E-15
1596.0          -4.4409E-15
1597.0          -4.2188E-15
1598.0          1.7764E-15
1599.0          1.1102E-16
1600.0          -1.3323E-15
1601.0          1.1102E-15
1602.0          -3.1086E-15
1603.0          2.8866E-15
1604.0          9.9920E-16
1605.0          1.2212E-15
1606.0          -1.5543E-15
1607.0          -1.3323E-15
1608.0          3.3307E-16
1609.0          0.0000
1610.0          1.1102E-15
1611.0          -6.6613E-16
1612.0          -2.4425E-15
1613.0          -8.8818E-16
1614.0          0.0000
1615.0          -2.6645E-15
1616.0          -1.9984E-15
1617.0          3.3307E-16
1618.0          5.5511E-16
1619.0          6.6613E-16
1620.0          -2.6645E-15
1621.0          -6.6613E-16
1622.0          1.4433E-15
1623.0          2.2204E-16
1624.0          1.7764E-15
1625.0          -1.1102E-15
1626.0          -2.4425E-15
1627.0          1.6653E-15
1628.0          9.9920E-16
1629.0          1.2212E-15
1630.0          -1.1102E-15
1631.0          -1.9984E-15
1632.0          2.3315E-15
1633.0          2.4425E-15
1634.0          6.6613E-16
1635.0          -1.7764E-15
1636.0          1.9984E-15
1637.0          1.5543E-15
1638.0          -8.8818E-16
1639.0          2.9976E-15
1640.0          -4.4409E-16
1641.0          -2.6645E-15
1642.0          2.2204E-15
1643.0          -3.9968E-15
1644.0          6.6613E-16
1645.0          -3.9968E-15
1646.0          0.0000
1647.0          1.9984E-15
1648.0          4.6629E-15
1649.0          1.3323E-15
1650.0          9.9920E-16
