1400.0          0.81120
1401.0          0.75855
1402.0          0.71732
1403.0          0.68451
1404.0          0.65787
1405.0          0.63578
1406.0          0.61715
1407.0          0.60117
1408.0          0.58728
1409.0          0.57504
1410.0          0.56415
1411.0          0.55436
1412.0          0.54547
1413.0          0.53736
1414.0          0.52988
1415.0          0.52296
1416.0          0.51651
1417.0          0.51048
1418.0          0.50480
1419.0          0.49943
1420.0          0.49434
1421.0          0.48950
1422.0          0.48487
1423.0          0.48044
1424.0          0.47619
1425.0          0.47209
1426.0          0.46813
1427.0          0.46431
1428.0          0.46060
1429.0          0.45700
1430.0          0.45349
1431.0          0.45008
1432.0          0.44675
1433.0          0.44350
1434.0          0.44031
1435.0          0.43719
1436.0          0.43413
1437.0          0.43113
1438.0          0.42818
1439.0          0.42528
1440.0          0.42242
1441.0          0.41960
1442.0          0.41683
1443.0          0.41409
1444.0          0.41138
1445.0          0.40871
1446.0          0.40607
1447.0          0.40346
1448.0          0.40087
1449.0          0.39831
1450.0          0.39578
1451.0          0.39327
1452.0          0.39078
1453.0          0.38831
1454.0          0.38586
1455.0          0.38343
1456.0          0.38101
1457.0          0.37862
1458.0          0.37624
1459.0          0.37387
1460.0          0.37152
1461.0          0.36919
1462.0          0.36686
1463.0          0.36455
1464.0          0.36226
1465.0          0.35997
1466.0          0.35770
1467.0          0.35543
1468.0          0.35318
1469.0          0.35094
1470.0          0.34871
1471.0          0.34648
1472.0          0.34427
1473.0          0.34207
1474.0          0.33987
1475.0          0.33768
1476.0          0.33550
1477.0          0.33333
1478.0          0.33117
1479.0          0.32901
1480.0          0.32686
1481.0          0.32472
1482.0          0.32258
1483.0          0.32046
1484.0          0.31834
1485.0          0.31622
1486.0          0.31411
1487.0          0.31201
1488.0          0.30991
1489.0          0.30782
1490.0          0.30574
1491.0          0.30366
1492.0          0.30159
1493.0          0.29952
1494.0          0.29746
1495.0          0.29541
1496.0          0.29336
1497.0          0.29132
1498.0          0.28928
1499.0          0.28725
1500.0          0.28522
1501.0          0.28320
1502.0          0.28118
1503.0          0.27917
1504.0          0.27717
1505.0          0.27517
1506.0          0.27317
1507.0          0.27118
1508.0          0.26920
1509.0          0.26722
1510.0          0.26525
1511.0          0.26328
1512.0          0.26132
1513.0          0.25936
1514.0          0.25741
1515.0          0.25547
1516.0          0.25353
1517.0          0.25159
1518.0          0.24966
1519.0          0.24774
1520.0          0.24582
1521.0          0.24391
1522.0          0.24200
1523.0          0.24010
1524.0          0.23820
1525.0          0.23631
1526.0          0.23443
1527.0          0.23255
1528.0          0.23068
1529.0          0.22881
1530.0          0.22695
1531.0          0.22510
1532.0          0.22325
1533.0          0.22141
1534.0          0.21957
1535.0          0.21774
1536.0          0.21591
1537.0          0.21410
1538.0          0.21228
1539.0          0.21048
1540.0          0.20868
1541.0          0.20689
1542.0          0.20510
1543.0          0.20332
1544.0          0.20155
1545.0          0.19979
1546.0          0.19803
1547.0          0.19627
1548.0          0.19453
1549.0          0.19279
1550.0          0.19106
1551.0          0.18933
1552.0          0.18762
1553.0          0.18591
1554.0          0.18420
1555.0          0.18251
1556.0          0.18082
1557.0          0.17914
1558.0          0.17747
1559.0          0.17580
1560.0          0.17414
1561.0          0.17249
1562.0          0.17085
1563.0          0.16921
1564.0          0.16759
1565.0          0.16597
1566.0          0.16436
1567.0          0.16275
1568.0          0.16116
1569.0          0.15957
1570.0          0.15799
1571.0          0.15642
1572.0          0.15486
1573.0          0.15330
1574.0          0.15176
1575.0          0.15022
1576.0          0.14869
1577.0          0.14717
1578.0          0.14566
1579.0          0.14416
1580.0          0.14266
1581.0          0.14118
1582.0          0.13970
1583.0          0.13824
1584.0          0.13678
1585.0          0.13533
1586.0          0.13389
1587.0          0.13246
1588.0          0.13104
1589.0          0.12963
1590.0          0.12822
1591.0          0.12683
1592.0          0.12545
1593.0          0.12407
1594.0          0.12271
1595.0          0.12135
1596.0          0.12001
1597.0          0.11867
1598.0          0.11735
1599.0          0.11603
1600.0          0.11472
1601.0          0.11343
1602.0          0.11214
1603.0          0.11087
1604.0          0.10960
1605.0          0.10834
1606.0          0.10710
1607.0          0.10586
1608.0          0.10464
1609.0          0.10342
1610.0          0.10222
1611.0          0.10102
1612.0          0.099837
1613.0          0.098663
1614.0          0.097500
1615.0          0.096347
1616.0          0.095205
1617.0          0.094074
1618.0          0.092952
1619.0          0.091842
1620.0          0.090742
1621.0          0.089653
1622.0          0.088575
1623.0          0.087508
1624.0          0.086451
1625.0          0.085405
1626.0          0.084370
1627.0          0.083346
1628.0          0.082333
1629.0          0.081331
1630.0          0.080340
1631.0          0.079360
1632.0          0.078391
1633.0          0.077432
1634.0          0.076485
1635.0          0.075549
1636.0          0.074624
1637.0          0.073711
1638.0          0.072808
1639.0          0.071916
1640.0          0.071036
1641.0          0.070167
1642.0          0.069309
1643.0          0.068462
1644.0          0.067626
1645.0          0.066802
1646.0          0.065989
1647.0          0.065187
1648.0          0.064396
1649.0          0.063617
1650.0          0.062849
1400.0          0.18880
1401.0          0.24145
1402.0          0.28268
1403.0          0.31549
1404.0          0.34213
1405.0          0.36422
1406.0          0.38285
1407.0          0.39883
1408.0          0.41272
1409.0          0.42496
1410.0          0.43585
1411.0          0.44564
1412.0          0.45453
1413.0          0.46264
1414.0          0.47012
1415.0          0.47704
1416.0          0.48349
1417.0          0.48952
1418.0          0.49520
1419.0          0.50057
1420.0          0.50566
1421.0          0.51050
1422.0          0.51513
1423.0          0.51956
1424.0          0.52381
1425.0          0.52791
1426.0          0.53187
1427.0          0.53569
1428.0          0.53940
1429.0          0.54300
1430.0          0.54651
1431.0          0.54992
1432.0          0.55325
1433.0          0.55650
1434.0          0.55969
1435.0          0.56281
1436.0          0.56587
1437.0          0.56887
1438.0          0.57182
1439.0          0.57472
1440.0          0.57758
1441.0          0.58040
1442.0          0.58317
1443.0          0.58591
1444.0          0.58862
1445.0          0.59129
1446.0          0.59393
1447.0          0.59654
1448.0          0.59913
1449.0          0.60169
1450.0          0.60422
1451.0          0.60673
1452.0          0.60922
1453.0          0.61169
1454.0          0.61414
1455.0          0.61657
1456.0          0.61899
1457.0          0.62138
1458.0          0.62376
1459.0          0.62613
1460.0          0.62848
1461.0          0.63081
1462.0          0.63314
1463.0          0.63545
1464.0          0.63774
1465.0          0.64003
1466.0          0.64230
1467.0          0.64457
1468.0          0.64682
1469.0          0.64906
1470.0          0.65129
1471.0          0.65352
1472.0          0.65573
1473.0          0.65793
1474.0          0.66013
1475.0          0.66232
1476.0          0.66450
1477.0          0.66667
1478.0          0.66883
1479.0          0.67099
1480.0          0.67314
1481.0          0.67528
1482.0          0.67742
1483.0          0.67954
1484.0          0.68166
1485.0          0.68378
1486.0          0.68589
1487.0          0.68799
1488.0          0.69009
1489.0          0.69218
1490.0          0.69426
1491.0          0.69634
1492.0          0.69841
1493.0          0.70048
1494.0          0.70254
1495.0          0.70459
1496.0          0.70664
1497.0          0.70868
1498.0          0.71072
1499.0          0.71275
1500.0          0.71478
1501.0          0.71680
1502.0          0.71882
1503.0          0.72083
1504.0          0.72283
1505.0          0.72483
1506.0          0.72683
1507.0          0.72882
1508.0          0.73080
1509.0          0.73278
1510.0          0.73475
1511.0          0.73672
1512.0          0.73868
1513.0          0.74064
1514.0          0.74259
1515.0          0.74453
1516.0          0.74647
1517.0          0.74841
1518.0          0.75034
1519.0          0.75226
1520.0          0.75418
1521.0          0.75609
1522.0          0.75800
1523.0          0.75990
1524.0          0.76180
1525.0          0.76369
1526.0          0.76557
1527.0          0.76745
1528.0          0.76932
1529.0          0.77119
1530.0          0.77305
1531.0          0.77490
1532.0          0.77675
1533.0          0.77859
1534.0          0.78043
1535.0          0.78226
1536.0          0.78409
1537.0          0.78590
1538.0          0.78772
1539.0          0.78952
1540.0          0.79132
1541.0          0.79311
1542.0          0.79490
1543.0          0.79668
1544.0          0.79845
1545.0          0.80021
1546.0          0.80197
1547.0          0.80373
1548.0          0.80547
1549.0          0.80721
1550.0          0.80894
1551.0          0.81067
1552.0          0.81238
1553.0          0.81409
1554.0          0.81580
1555.0          0.81749
1556.0          0.81918
1557.0          0.82086
1558.0          0.82253
1559.0          0.82420
1560.0          0.82586
1561.0          0.82751
1562.0          0.82915
1563.0          0.83079
1564.0          0.83241
1565.0          0.83403
1566.0          0.83564
1567.0          0.83725
1568.0          0.83884
1569.0          0.84043
1570.0          0.84201
1571.0          0.84358
1572.0          0.84514
1573.0          0.84670
1574.0          0.84824
1575.0          0.84978
1576.0          0.85131
1577.0          0.85283
1578.0          0.85434
1579.0          0.85584
1580.0          0.85734
1581.0          0.85882
1582.0          0.86030
1583.0          0.86176
1584.0          0.86322
1585.0          0.86467
1586.0          0.86611
1587.0          0.86754
1588.0          0.86896
1589.0          0.87037
1590.0          0.87178
1591.0          0.87317
1592.0          0.87455
1593.0          0.87593
1594.0          0.87729
1595.0          0.87865
1596.0          0.87999
1597.0          0.88133
1598.0          0.88265
1599.0          0.88397
1600.0          0.88528
1601.0          0.88657
1602.0          0.88786
1603.0          0.88913
1604.0          0.89040
1605.0          0.89166
1606.0          0.89290
1607.0          0.89414
1608.0          0.89536
1609.0          0.89658
1610.0          0.89778
1611.0          0.89898
1612.0          0.90016
1613.0          0.90134
1614.0          0.90250
1615.0          0.90365
1616.0          0.90479
1617.0          0.90593
1618.0          0.90705
1619.0          0.90816
1620.0          0.90926
1621.0          0.91035
1622.0          0.91142
1623.0          0.91249
1624.0          0.91355
1625.0          0.91459
1626.0          0.91563
1627.0          0.91665
1628.0          0.91767
1629.0          0.91867
1630.0          0.91966
1631.0          0.92064
1632.0          0.92161
1633.0          0.92257
1634.0          0.92351
1635.0          0.92445
1636.0          0.92538
1637.0          0.92629
1638.0          0.92719
1639.0          0.92808
1640.0          0.92896
1641.0          0.92983
1642.0          0.93069
1643.0          0.93154
1644.0          0.93237
1645.0          0.93320
1646.0          0.93401
1647.0          0.93481
1648.0          0.93560
1649.0          0.93638
1650.0          0.93715
1400.0          1.0000
1401.0          1.0000
1402.0          1.0000
1403.0          1.0000
1404.0          1.0000
1405.0          1.0000
1406.0          1.0000
1407.0          1.0000
1408.0          1.0000
1409.0          1.0000
1410.0          1.0000
1411.0          1.0000
1412.0          1.0000
1413.0          1.0000
1414.0          1.0000
1415.0          1.0000
1416.0          1.0000
1417.0          1.0000
1418.0          1.0000
1419.0          1.0000
1420.0          1.0000
1421.0          1.0000
1422.0          1.0000
1423.0          1.0000
1424.0          1.0000
1425.0          1.0000
1426.0          1.0000
1427.0          1.0000
1428.0          1.0000
1429.0          1.0000
1430.0          1.0000
1431.0          1.0000
1432.0          1.0000
1433.0          1.0000
1434.0          1.0000
1435.0          1.0000
1436.0          1.0000
1437.0          1.0000
1438.0          1.0000
1439.0          1.0000
1440.0          1.0000
1441.0          1.0000
1442.0          1.0000
1443.0          1.0000
1444.0          1.0000
1445.0          1.0000
1446.0          1.0000
1447.0          1.0000
1448.0          1.0000
1449.0          1.0000
1450.0          1.0000
1451.0          1.0000
1452.0          1.0000
1453.0          1.0000
1454.0          1.0000
1455.0          1.0000
1456.0          1.0000
1457.0          1.0000
1458.0          1.0000
1459.0          1.0000
1460.0          1.0000
1461.0          1.0000
1462.0          1.0000
1463.0          1.0000
1464.0          1.0000
1465.0          1.0000
1466.0          1.0000
1467.0          1.0000
1468.0          1.0000
1469.0          1.0000
1470.0          1.0000
1471.0          1.0000
1472.0          1.0000
1473.0          1.0000
1474.0          1.0000
1475.0          1.0000
1476.0          1.0000
1477.0          1.0000
1478.0          1.0000
1479.0          1.0000
1480.0          1.0000
1481.0          1.0000
1482.0          1.0000
1483.0          1.0000
1484.0          1.0000
1485.0          1.0000
1486.0          1.0000
1487.0          1.0000
1488.0          1.0000
1489.0          1.0000
1490.0          1.0000
1491.0          1.0000
1492.0          1.0000
1493.0          1.0000
1494.0          1.0000
1495.0          1.0000
1496.0          1.0000
1497.0          1.0000
1498.0          1.0000
1499.0          1.0000
1500.0          1.0000
1501.0          1.0000
1502.0          1.0000
1503.0          1.0000
1504.0          1.0000
1505.0          1.0000
1506.0          1.0000
1507.0          1.0000
1508.0          1.0000
1509.0          1.0000
1510.0          1.0000
1511.0          1.0000
1512.0          1.0000
1513.0          1.0000
1514.0          1.0000
1515.0          1.0000
1516.0          1.0000
1517.0          1.0000
1518.0          1.0000
1519.0          1.0000
1520.0          1.0000
1521.0          1.0000
1522.0          1.0000
1523.0          1.0000
1524.0          1.0000
1525.0          1.0000
1526.0          1.0000
1527.0          1.0000
1528.0          1.0000
1529.0          1.0000
1530.0          1.0000
1531.0          1.0000
1532.0          1.0000
1533.0          1.0000
1534.0          1.0000
1535.0          1.0000
1536.0          1.0000
1537.0          1.0000
1538.0          1.0000
1539.0          1.0000
1540.0          1.0000
1541.0          1.0000
1542.0          1.0000
1543.0          1.0000
1544.0          1.0000
1545.0          1.0000
1546.0          1.0000
1547.0          1.0000
1548.0          1.0000
1549.0          1.0000
1550.0          1.0000
1551.0          1.0000
1552.0          1.0000
1553.0          1.0000
1554.0          1.0000
1555.0          1.0000
1556.0          1.0000
1557.0          1.0000
1558.0          1.0000
1559.0          1.0000
1560.0          1.0000
1561.0          1.0000
1562.0          1.0000
1563.0          1.0000
1564.0          1.0000
1565.0          1.0000
1566.0          1.0000
1567.0          1.0000
1568.0          1.0000
1569.0          1.0000
1570.0          1.0000
1571.0          1.0000
1572.0          1.0000
1573.0          1.0000
1574.0          1.0000
1575.0          1.0000
1576.0          1.0000
1577.0          1.0000
1578.0          1.0000
1579.0          1.0000
1580.0          1.0000
1581.0          1.0000
1582.0          1.0000
1583.0          1.0000
1584.0          1.0000
1585.0          1.0000
1586.0          1.0000
1587.0          1.0000
1588.0          1.0000
1589.0          1.0000
1590.0          1.0000
1591.0          1.0000
1592.0          1.0000
1593.0          1.0000
1594.0          1.0000
1595.0          1.0000
1596.0          1.0000
1597.0          1.0000
1598.0          1.0000
1599.0          1.0000
1600.0          1.0000
1601.0          1.0000
1602.0          1.0000
1603.0          1.0000
1604.0          1.0000
1605.0          1.0000
1606.0          1.0000
1607.0          1.0000
1608.0          1.0000
1609.0          1.0000
1610.0          1.0000
1611.0          1.0000
1612.0          1.0000
1613.0          1.0000
1614.0          1.0000
1615.0          1.0000
1616.0          1.0000
1617.0          1.0000
1618.0          1.0000
1619.0          1.0000
1620.0          1.0000
1621.0          1.0000
1622.0          1.0000
1623.0          1.0000
1624.0          1.0000
1625.0          1.0000
1626.0          1.0000
1627.0          1.0000
1628.0          1.0000
1629.0          1.0000
1630.0          1.0000
1631.0          1.0000
1632.0          1.0000
1633.0          1.0000
1634.0          1.0000
1635.0          1.0000
1636.0          1.0000
1637.0          1.0000
1638.0          1.0000
1639.0          1.0000
1640.0          1.0000
1641.0          1.0000
1642.0          1.0000
1643.0          1.0000
1644.0          1.0000
1645.0          1.0000
1646.0          1.0000
1647.0          1.0000
1648.0          1.0000
1649.0          1.0000
1650.0          1.0000
1400.0          4.8850E-15
1401.0          -1.7764E-15
1402.0          5.9952E-15
1403.0          -2.8866E-15
1404.0          9.9920E-16
1405.0          1.6653E-15
1406.0          -5.1070E-15
1407.0          -5.3291E-15
1408.0          -2.6645E-15
1409.0          -3.5527E-15
1410.0          7.4385E-15
1411.0          -2.2204E-15
1412.0          -1.1102E-15
1413.0          4.4409E-15
1414.0          1.9984E-15
1415.0          8.6597E-15
1416.0          -4.4409E-16
1417.0          4.4409E-15
1418.0          3.6637E-15
1419.0          2.6645E-15
1420.0          -1.5543E-15
1421.0          2.8866E-15
1422.0          2.2204E-15
1423.0          -1.7764E-15
1424.0          1.5543E-15
1425.0          -4.4409E-16
1426.0          -1.7764E-15
1427.0          -3.9968E-15
1428.0          3.8858E-15
1429.0          3.5527E-15
1430.0          4.4409E-16
1431.0          -2.6645E-15
1432.0          -1.1102E-15
1433.0          1.9984E-15
1434.0          2.6645E-15
1435.0          0.0000
1436.0          -3.5527E-15
1437.0          0.0000
1438.0          -1.3323E-15
1439.0          -8.8818E-16
1440.0          -8.8818E-16
1441.0          1.6653E-15
1442.0          1.7764E-15
1443.0          -3.9968E-15
1444.0          -2.2204E-16
1445.0          -4.6629E-15
1446.0          -1.7764E-15
1447.0          2.9976E-15
1448.0          -4.4409E-16
1449.0          -1.7764E-15
1450.0          6.6613E-16
1451.0          2.2204E-15
1452.0          2.2204E-15
1453.0          2.6645E-15
1454.0          1.3323E-15
1455.0          -2.4425E-15
1456.0          -1.1102E-15
1457.0          -4.4409E-16
1458.0          5.5511E-16
1459.0          -3.9968E-15
1460.0          -1.9984E-15
1461.0          1.9984E-15
1462.0          1.2212E-15
1463.0          -4.8850E-15
1464.0          6.6613E-16
1465.0          -3.7748E-15
1466.0          1.9984E-15
1467.0          -2.6645E-15
1468.0          0.0000
1469.0          2.2204E-16
1470.0          1.7764E-15
1471.0          4.4409E-16
1472.0          1.6653E-15
1473.0          4.9960E-15
1474.0          -3.1086E-15
1475.0          -4.4409E-16
1476.0          -3.5527E-15
1477.0          4.4409E-16
1478.0          -1.3323E-15
1479.0          -3.1086E-15
1480.0          4.7740E-15
1481.0          -8.8818E-16
1482.0          0.0000
1483.0          -1.3323E-15
1484.0          1.1102E-16
1485.0          -6.6613E-16
1486.0          -1.7764E-15
1487.0          -1.7764E-15
1488.0          0.0000
1489.0          0.0000
1490.0          1.1102E-15
1491.0          -8.8818E-16
1492.0          -1.1102E-15
1493.0          -3.5527E-15
1494.0          -1.9984E-15
1495.0          1.1102E-16
1496.0          1.4433E-15
1497.0          8.8818E-16
1498.0          2.8866E-15
1499.0          3.3307E-15
1500.0          3.3307E-16
1501.0          -3.1086E-15
1502.0          -6.6613E-16
1503.0          -1.7764E-15
1504.0          -2.8866E-15
1505.0          -8.8818E-16
1506.0          -2.2204E-15
1507.0          -2.2204E-15
1508.0          -2.2204E-15
1509.0          2.4425E-15
1510.0          5.5511E-16
1511.0          4.4409E-16
1512.0          -3.1086E-15
1513.0          -2.4425E-15
1514.0          -4.4409E-16
1515.0          2.4425E-15
1516.0          3.1086E-15
1517.0          -1.3323E-15
1518.0          -1.1102E-15
1519.0          -2.6645E-15
1520.0          8.8818E-16
1521.0          9.9920E-16
1522.0          8.5487E-15
1523.0          1.4433E-15
1524.0          1.1102E-15
1525.0          1.6653E-15
1526.0          4.4409E-16
1527.0          2.2204E-15
1528.0          -4.4409E-15
1529.0          1.5543E-15
1530.0          6.6613E-16
1531.0          -2.2204E-15
1532.0          -2.2204E-16
1533.0          -1.5543E-15
1534.0          0.0000
1535.0          4.4409E-16
1536.0          -8.8818E-16
1537.0          -4.4409E-15
1538.0          4.4409E-15
1539.0          -6.6613E-16
1540.0          -5.9952E-15
1541.0          -4.8850E-15
1542.0          2.2204E-16
1543.0          7.7716E-16
1544.0          -1.7764E-15
1545.0          2.4425E-15
1546.0          -1.3323E-15
1547.0          -8.8818E-16
1548.0          1.8874E-15
1549.0          -4.4409E-15
1550.0          1.1102E-15
1551.0          2.2204E-16
1552.0          -2.6645E-15
1553.0          -1.7764E-15
1554.0          -1.1102E-15
1555.0          -3.1086E-15
1556.0          -4.4409E-16
1557.0          -2.2204E-15
1558.0          -2.6645E-15
1559.0          -1.1102E-15
1560.0          -1.3323E-15
1561.0          4.4409E-16
1562.0          1.7764E-15
1563.0          -3.7748E-15
1564.0          -8.8818E-16
1565.0          -2.2204E-15
1566.0          -2.2204E-16
1567.0          2.4425E-15
1568.0          -2.2204E-16
1569.0          2.2204E-15
1570.0          -6.6613E-16
1571.0          5.5511E-16
1572.0          5.5511E-16
1573.0          0.0000
1574.0          1.7764E-15
1575.0          -2.2204E-15
1576.0          -1.1102E-15
1577.0          5.5511E-15
1578.0          1.5543E-15
1579.0          1.5543E-15
1580.0          -4.4409E-16
1581.0          2.5535E-15
1582.0          -6.6613E-16
1583.0          8.8818E-16
1584.0          1.7764E-15
1585.0          5.3291E-15
1586.0          -3.5527E-15
1587.0          6.6613E-16
1588.0          0.0000
1589.0          1.1102E-16
1590.0          2.1094E-15
1591.0          -1.7764E-15
1592.0          1.8874E-15
1593.0          2.1094E-15
1594.0          -3.3307E-15
1595.0          1.1102E-15
1596.0          2.8866E-15
1597.0          2.6645E-15
1598.0          -6.6613E-16
1599.0          -1.7764E-15
1600.0          -1.9984E-15
1601.0          1.9984E-15
1602.0          -1.7764E-15
1603.0          2.4425E-15
1604.0          -4.4409E-16
1605.0          2.4425E-15
1606.0          -2.2204E-16
1607.0          -4.4409E-16
1608.0          -6.6613E-16
1609.0          -1.7764E-15
1610.0          -8.8818E-16
1611.0          3.1086E-15
1612.0          -4.4409E-16
1613.0          0.0000
1614.0          2.2204E-16
1615.0          -1.7764E-15
1616.0          -2.8866E-15
1617.0          -2.2204E-16
1618.0          1.1102E-16
1619.0          -1.5543E-15
1620.0          -1.9984E-15
1621.0          0.0000
1622.0          -2.6645E-15
1623.0          1.3323E-15
1624.0          -4.4409E-16
1625.0          -6.6613E-16
1626.0          6.6613E-16
1627.0          -1.5543E-15
1628.0          2.2204E-15
1629.0          -2.2204E-16
1630.0          -5.1070E-15
1631.0          2.4425E-15
1632.0          -6.6613E-16
1633.0          -1.1102E-15
1634.0          5.5511E-16
1635.0          -2.6645E-15
1636.0          1.5543E-15
1637.0          1.1102E-15
1638.0          2.1094E-15
1639.0          8.8818E-16
1640.0          -4.6629E-15
1641.0          2.2204E-16
1642.0          -4.2188E-15
1643.0          1.2212E-15
1644.0          -1.5543E-15
1645.0          -1.3323E-15
1646.0          1.6653E-15
1647.0          0.0000
1648.0          6.6613E-16
1649.0          3.3307E-16
1650.0          -4.4409E-16
