1400.0          0.049742
1401.0          0.050665
1402.0          0.051596
1403.0          0.052535
1404.0          0.053481
1405.0          0.054435
1406.0          0.055396
1407.0          0.056364
1408.0          0.057340
1409.0          0.058322
1410.0          0.059311
1411.0          0.060307
1412.0          0.061310
1413.0          0.062319
1414.0          0.063335
1415.0          0.064356
1416.0          0.065384
1417.0          0.066418
1418.0          0.067458
1419.0          0.068504
1420.0          0.069555
1421.0          0.070611
1422.0          0.071673
1423.0          0.072740
1424.0          0.073812
1425.0          0.074889
1426.0          0.075971
1427.0          0.077058
1428.0          0.078149
1429.0          0.079245
1430.0          0.080344
1431.0          0.081448
1432.0          0.082556
1433.0          0.083668
1434.0          0.084783
1435.0          0.085903
1436.0          0.087025
1437.0          0.088151
1438.0          0.089280
1439.0          0.090412
1440.0          0.091547
1441.0          0.092685
1442.0          0.093825
1443.0          0.094968
1444.0          0.096113
1445.0          0.097260
1446.0          0.098410
1447.0          0.099561
1448.0          0.10071
1449.0          0.10187
1450.0          0.10303
1451.0          0.10418
1452.0          0.10534
1453.0          0.10650
1454.0          0.10766
1455.0          0.10883
1456.0          0.10999
1457.0          0.11115
1458.0          0.11232
1459.0          0.11348
1460.0          0.11464
1461.0          0.11581
1462.0          0.11697
1463.0          0.11814
1464.0          0.11930
1465.0          0.12046
1466.0          0.12162
1467.0          0.12279
1468.0          0.12395
1469.0          0.12510
1470.0          0.12626
1471.0          0.12742
1472.0          0.12857
1473.0          0.12973
1474.0          0.13088
1475.0          0.13203
1476.0          0.13317
1477.0          0.13432
1478.0          0.13546
1479.0          0.13660
1480.0          0.13774
1481.0          0.13887
1482.0          0.14000
1483.0          0.14113
1484.0          0.14225
1485.0          0.14337
1486.0          0.14449
1487.0          0.14560
1488.0          0.14671
1489.0          0.14782
1490.0          0.14892
1491.0          0.15001
1492.0          0.15110
1493.0          0.15219
1494.0          0.15327
1495.0          0.15435
1496.0          0.15542
1497.0          0.15648
1498.0          0.15754
1499.0          0.15859
1500.0          0.15964
1501.0          0.16068
1502.0          0.16171
1503.0          0.16274
1504.0          0.16375
1505.0          0.16477
1506.0          0.16577
1507.0          0.16676
1508.0          0.16775
1509.0          0.16873
1510.0          0.16970
1511.0          0.17066
1512.0          0.17161
1513.0          0.17255
1514.0          0.17349
1515.0          0.17441
1516.0          0.17532
1517.0          0.17622
1518.0          0.17711
1519.0          0.17799
1520.0          0.17885
1521.0          0.17970
1522.0          0.18054
1523.0          0.18137
1524.0          0.18218
1525.0          0.18298
1526.0          0.18377
1527.0          0.18453
1528.0          0.18529
1529.0          0.18602
1530.0          0.18674
1531.0          0.18744
1532.0          0.18813
1533.0          0.18879
1534.0          0.18944
1535.0          0.19006
1536.0          0.19066
1537.0          0.19124
1538.0          0.19180
1539.0          0.19233
1540.0          0.19284
1541.0          0.19332
1542.0          0.19378
1543.0          0.19420
1544.0          0.19460
1545.0          0.19496
1546.0          0.19530
1547.0          0.19559
1548.0          0.19585
1549.0          0.19608
1550.0          0.19626
1551.0          0.19640
1552.0          0.19649
1553.0          0.19654
1554.0          0.19654
1555.0          0.19649
1556.0          0.19638
1557.0          0.19621
1558.0          0.19598
1559.0          0.19569
1560.0          0.19532
1561.0          0.19488
1562.0          0.19435
1563.0          0.19374
1564.0          0.19304
1565.0          0.19224
1566.0          0.19133
1567.0          0.19030
1568.0          0.18916
1569.0          0.18787
1570.0          0.18645
1571.0          0.18486
1572.0          0.18310
1573.0          0.18115
1574.0          0.17900
1575.0          0.17662
1576.0          0.17399
1577.0          0.17108
1578.0          0.16787
1579.0          0.16433
1580.0          0.16041
1581.0          0.15607
1582.0          0.15127
1583.0          0.14594
1584.0          0.14002
1585.0          0.13345
1586.0          0.12613
1587.0          0.11798
1588.0          0.10891
1589.0          0.098838
1590.0          0.087688
1591.0          0.075456
1592.0          0.062268
1593.0          0.048536
1594.0          0.035265
1595.0          0.024709
1596.0          0.021709
1597.0          0.036340
1598.0          0.088269
1599.0          0.20951
1600.0          0.42766
1601.0          0.70569
1602.0          0.92085
1603.0          0.99859
1604.0          0.97652
1605.0          0.91496
1606.0          0.84744
1607.0          0.78621
1608.0          0.73408
1609.0          0.69059
1610.0          0.65443
1611.0          0.62424
1612.0          0.59886
1613.0          0.57736
1614.0          0.55900
1615.0          0.54320
1616.0          0.52951
1617.0          0.51757
1618.0          0.50710
1619.0          0.49786
1620.0          0.48968
1621.0          0.48239
1622.0          0.47588
1623.0          0.47004
1624.0          0.46479
1625.0          0.46005
1626.0          0.45576
1627.0          0.45188
1628.0          0.44835
1629.0          0.44514
1630.0          0.44222
1631.0          0.43955
1632.0          0.43711
1633.0          0.43488
1634.0          0.43284
1635.0          0.43097
1636.0          0.42926
1637.0          0.42770
1638.0          0.42626
1639.0          0.42495
1640.0          0.42375
1641.0          0.42265
1642.0          0.42165
1643.0          0.42074
1644.0          0.41990
1645.0          0.41914
1646.0          0.41846
1647.0          0.41783
1648.0          0.41727
1649.0          0.41677
1650.0          0.41632
1400.0          0.95026
1401.0          0.94933
1402.0          0.94840
1403.0          0.94747
1404.0          0.94652
1405.0          0.94557
1406.0          0.94460
1407.0          0.94364
1408.0          0.94266
1409.0          0.94168
1410.0          0.94069
1411.0          0.93969
1412.0          0.93869
1413.0          0.93768
1414.0          0.93667
1415.0          0.93564
1416.0          0.93462
1417.0          0.93358
1418.0          0.93254
1419.0          0.93150
1420.0          0.93045
1421.0          0.92939
1422.0          0.92833
1423.0          0.92726
1424.0          0.92619
1425.0          0.92511
1426.0          0.92403
1427.0          0.92294
1428.0          0.92185
1429.0          0.92076
1430.0          0.91966
1431.0          0.91855
1432.0          0.91744
1433.0          0.91633
1434.0          0.91522
1435.0          0.91410
1436.0          0.91297
1437.0          0.91185
1438.0          0.91072
1439.0          0.90959
1440.0          0.90845
1441.0          0.90732
1442.0          0.90618
1443.0          0.90503
1444.0          0.90389
1445.0          0.90274
1446.0          0.90159
1447.0          0.90044
1448.0          0.89929
1449.0          0.89813
1450.0          0.89697
1451.0          0.89582
1452.0          0.89466
1453.0          0.89350
1454.0          0.89234
1455.0          0.89117
1456.0          0.89001
1457.0          0.88885
1458.0          0.88768
1459.0          0.88652
1460.0          0.88536
1461.0          0.88419
1462.0          0.88303
1463.0          0.88186
1464.0          0.88070
1465.0          0.87954
1466.0          0.87838
1467.0          0.87721
1468.0          0.87605
1469.0          0.87490
1470.0          0.87374
1471.0          0.87258
1472.0          0.87143
1473.0          0.87027
1474.0          0.86912
1475.0          0.86797
1476.0          0.86683
1477.0          0.86568
1478.0          0.86454
1479.0          0.86340
1480.0          0.86226
1481.0          0.86113
1482.0          0.86000
1483.0          0.85887
1484.0          0.85775
1485.0          0.85663
1486.0          0.85551
1487.0          0.85440
1488.0          0.85329
1489.0          0.85218
1490.0          0.85108
1491.0          0.84999
1492.0          0.84890
1493.0          0.84781
1494.0          0.84673
1495.0          0.84565
1496.0          0.84458
1497.0          0.84352
1498.0          0.84246
1499.0          0.84141
1500.0          0.84036
1501.0          0.83932
1502.0          0.83829
1503.0          0.83726
1504.0          0.83625
1505.0          0.83523
1506.0          0.83423
1507.0          0.83324
1508.0          0.83225
1509.0          0.83127
1510.0          0.83030
1511.0          0.82934
1512.0          0.82839
1513.0          0.82745
1514.0          0.82651
1515.0          0.82559
1516.0          0.82468
1517.0          0.82378
1518.0          0.82289
1519.0          0.82201
1520.0          0.82115
1521.0          0.82030
1522.0          0.81946
1523.0          0.81863
1524.0          0.81782
1525.0          0.81702
1526.0          0.81623
1527.0          0.81547
1528.0          0.81471
1529.0          0.81398
1530.0          0.81326
1531.0          0.81256
1532.0          0.81187
1533.0          0.81121
1534.0          0.81056
1535.0          0.80994
1536.0          0.80934
1537.0          0.80876
1538.0          0.80820
1539.0          0.80767
1540.0          0.80716
1541.0          0.80668
1542.0          0.80622
1543.0          0.80580
1544.0          0.80540
1545.0          0.80504
1546.0          0.80470
1547.0          0.80441
1548.0          0.80415
1549.0          0.80392
1550.0          0.80374
1551.0          0.80360
1552.0          0.80351
1553.0          0.80346
1554.0          0.80346
1555.0          0.80351
1556.0          0.80362
1557.0          0.80379
1558.0          0.80402
1559.0          0.80431
1560.0          0.80468
1561.0          0.80512
1562.0          0.80565
1563.0          0.80626
1564.0          0.80696
1565.0          0.80776
1566.0          0.80867
1567.0          0.80970
1568.0          0.81084
1569.0          0.81213
1570.0          0.81355
1571.0          0.81514
1572.0          0.81690
1573.0          0.81885
1574.0          0.82100
1575.0          0.82338
1576.0          0.82601
1577.0          0.82892
1578.0          0.83213
1579.0          0.83567
1580.0          0.83959
1581.0          0.84393
1582.0          0.84873
1583.0          0.85406
1584.0          0.85998
1585.0          0.86655
1586.0          0.87387
1587.0          0.88202
1588.0          0.89109
1589.0          0.90116
1590.0          0.91231
1591.0          0.92454
1592.0          0.93773
1593.0          0.95146
1594.0          0.96474
1595.0          0.97529
1596.0          0.97829
1597.0          0.96366
1598.0          0.91173
1599.0          0.79049
1600.0          0.57234
1601.0          0.29431
1602.0          0.079146
1603.0          0.0014101
1604.0          0.023483
1605.0          0.085039
1606.0          0.15256
1607.0          0.21379
1608.0          0.26592
1609.0          0.30941
1610.0          0.34557
1611.0          0.37576
1612.0          0.40114
1613.0          0.42264
1614.0          0.44100
1615.0          0.45680
1616.0          0.47049
1617.0          0.48243
1618.0          0.49290
1619.0          0.50214
1620.0          0.51032
1621.0          0.51761
1622.0          0.52412
1623.0          0.52996
1624.0          0.53521
1625.0          0.53995
1626.0          0.54424
1627.0          0.54812
1628.0          0.55165
1629.0          0.55486
1630.0          0.55778
1631.0          0.56045
1632.0          0.56289
1633.0          0.56512
1634.0          0.56716
1635.0          0.56903
1636.0          0.57074
1637.0          0.57230
1638.0          0.57374
1639.0          0.57505
1640.0          0.57625
1641.0          0.57735
1642.0          0.57835
1643.0          0.57926
1644.0          0.58010
1645.0          0.58086
1646.0          0.58154
1647.0          0.58217
1648.0          0.58273
1649.0          0.58323
1650.0          0.58368
1400.0          1.0000
1401.0          1.0000
1402.0          1.0000
1403.0          1.0000
1404.0          1.0000
1405.0          1.0000
1406.0          1.0000
1407.0          1.0000
1408.0          1.0000
1409.0          1.0000
1410.0          1.0000
1411.0          1.0000
1412.0          1.0000
1413.0          1.0000
1414.0          1.0000
1415.0          1.0000
1416.0          1.0000
1417.0          1.0000
1418.0          1.0000
1419.0          1.0000
1420.0          1.0000
1421.0          1.0000
1422.0          1.0000
1423.0          1.0000
1424.0          1.0000
1425.0          1.0000
1426.0          1.0000
1427.0          1.0000
1428.0          1.0000
1429.0          1.0000
1430.0          1.0000
1431.0          1.0000
1432.0          1.0000
1433.0          1.0000
1434.0          1.0000
1435.0          1.0000
1436.0          1.0000
1437.0          1.0000
1438.0          1.0000
1439.0          1.0000
1440.0          1.0000
1441.0          1.0000
1442.0          1.0000
1443.0          1.0000
1444.0          1.0000
1445.0          1.0000
1446.0          1.0000
1447.0          1.0000
1448.0          1.0000
1449.0          1.0000
1450.0          1.0000
1451.0          1.0000
1452.0          1.0000
1453.0          1.0000
1454.0          1.0000
1455.0          1.0000
1456.0          1.0000
1457.0          1.0000
1458.0          1.0000
1459.0          1.0000
1460.0          1.0000
1461.0          1.0000
1462.0          1.0000
1463.0          1.0000
1464.0          1.0000
1465.0          1.0000
1466.0          1.0000
1467.0          1.0000
1468.0          1.0000
1469.0          1.0000
1470.0          1.0000
1471.0          1.0000
1472.0          1.0000
1473.0          1.0000
1474.0          1.0000
1475.0          1.0000
1476.0          1.0000
1477.0          1.0000
1478.0          1.0000
1479.0          1.0000
1480.0          1.0000
1481.0          1.0000
1482.0          1.0000
1483.0          1.0000
1484.0          1.0000
1485.0          1.0000
1486.0          1.0000
1487.0          1.0000
1488.0          1.0000
1489.0          1.0000
1490.0          1.0000
1491.0          1.0000
1492.0          1.0000
1493.0          1.0000
1494.0          1.0000
1495.0          1.0000
1496.0          1.0000
1497.0          1.0000
1498.0          1.0000
1499.0          1.0000
1500.0          1.0000
1501.0          1.0000
1502.0          1.0000
1503.0          1.0000
1504.0          1.0000
1505.0          1.0000
1506.0          1.0000
1507.0          1.0000
1508.0          1.0000
1509.0          1.0000
1510.0          1.0000
1511.0          1.0000
1512.0          1.0000
1513.0          1.0000
1514.0          1.0000
1515.0          1.0000
1516.0          1.0000
1517.0          1.0000
1518.0          1.0000
1519.0          1.0000
1520.0          1.0000
1521.0          1.0000
1522.0          1.0000
1523.0          1.0000
1524.0          1.0000
1525.0          1.0000
1526.0          1.0000
1527.0          1.0000
1528.0          1.0000
1529.0          1.0000
1530.0          1.0000
1531.0          1.0000
1532.0          1.0000
1533.0          1.0000
1534.0          1.0000
1535.0          1.0000
1536.0          1.0000
1537.0          1.0000
1538.0          1.0000
1539.0          1.0000
1540.0          1.0000
1541.0          1.0000
1542.0          1.0000
1543.0          1.0000
1544.0          1.0000
1545.0          1.0000
1546.0          1.0000
1547.0          1.0000
1548.0          1.0000
1549.0          1.0000
1550.0          1.0000
1551.0          1.0000
1552.0          1.0000
1553.0          1.0000
1554.0          1.0000
1555.0          1.0000
1556.0          1.0000
1557.0          1.0000
1558.0          1.0000
1559.0          1.0000
1560.0          1.0000
1561.0          1.0000
1562.0          1.0000
1563.0          1.0000
1564.0          1.0000
1565.0          1.0000
1566.0          1.0000
1567.0          1.0000
1568.0          1.0000
1569.0          1.0000
1570.0          1.0000
1571.0          1.0000
1572.0          1.0000
1573.0          1.0000
1574.0          1.0000
1575.0          1.0000
1576.0          1.0000
1577.0          1.0000
1578.0          1.0000
1579.0          1.0000
1580.0          1.0000
1581.0          1.0000
1582.0          1.0000
1583.0          1.0000
1584.0          1.0000
1585.0          1.0000
1586.0          1.0000
1587.0          1.0000
1588.0          1.0000
1589.0          1.0000
1590.0          1.0000
1591.0          1.0000
1592.0          1.0000
1593.0          1.0000
1594.0          1.0000
1595.0          1.0000
1596.0          1.0000
1597.0          1.0000
1598.0          1.0000
1599.0          1.0000
1600.0          1.0000
1601.0          1.0000
1602.0          1.0000
1603.0          1.0000
1604.0          1.0000
1605.0          1.0000
1606.0          1.0000
1607.0          1.0000
1608.0          1.0000
1609.0          1.0000
1610.0          1.0000
1611.0          1.0000
1612.0          1.0000
1613.0          1.0000
1614.0          1.0000
1615.0          1.0000
1616.0          1.0000
1617.0          1.0000
1618.0          1.0000
1619.0          1.0000
1620.0          1.0000
1621.0          1.0000
1622.0          1.0000
1623.0          1.0000
1624.0          1.0000
1625.0          1.0000
1626.0          1.0000
1627.0          1.0000
1628.0          1.0000
1629.0          1.0000
1630.0          1.0000
1631.0          1.0000
1632.0          1.0000
1633.0          1.0000
1634.0          1.0000
1635.0          1.0000
1636.0          1.0000
1637.0          1.0000
1638.0          1.0000
1639.0          1.0000
1640.0          1.0000
1641.0          1.0000
1642.0          1.0000
1643.0          1.0000
1644.0          1.0000
1645.0          1.0000
1646.0          1.0000
1647.0          1.0000
1648.0          1.0000
1649.0          1.0000
1650.0          1.0000
1400.0          9.8810E-15
1401.0          3.3307E-15
1402.0          -2.4425E-15
1403.0          3.5527E-15
1404.0          -5.9952E-15
1405.0          -8.8818E-16
1406.0          8.8818E-16
1407.0          -4.4409E-16
1408.0          7.5495E-15
1409.0          -1.5543E-15
1410.0          4.6629E-15
1411.0          -8.8818E-16
1412.0          2.7756E-15
1413.0          -9.3259E-15
1414.0          5.7732E-15
1415.0          -8.8818E-16
1416.0          5.4401E-15
1417.0          8.8818E-16
1418.0          4.4409E-16
1419.0          -3.7748E-15
1420.0          1.1102E-15
1421.0          2.8866E-15
1422.0          2.7756E-15
1423.0          1.5543E-15
1424.0          0.0000
1425.0          1.2212E-15
1426.0          5.5511E-16
1427.0          4.4409E-15
1428.0          -5.7732E-15
1429.0          -8.8818E-16
1430.0          -2.8866E-15
1431.0          -2.2204E-15
1432.0          -1.5543E-15
1433.0          9.9920E-16
1434.0          -1.1102E-15
1435.0          -1.9984E-15
1436.0          -3.7748E-15
1437.0          1.3323E-15
1438.0          4.8850E-15
1439.0          2.4425E-15
1440.0          0.0000
1441.0          6.6613E-16
1442.0          9.9920E-16
1443.0          4.5519E-15
1444.0          -4.8850E-15
1445.0          -4.4409E-16
1446.0          5.3291E-15
1447.0          2.2204E-15
1448.0          1.4433E-15
1449.0          3.3307E-15
1450.0          -2.2204E-16
1451.0          3.2196E-15
1452.0          -1.7764E-15
1453.0          2.8866E-15
1454.0          2.2204E-15
1455.0          0.0000
1456.0          -6.6613E-16
1457.0          -4.4409E-16
1458.0          -6.6613E-16
1459.0          -6.6613E-16
1460.0          2.5535E-15
1461.0          3.8858E-15
1462.0          2.5535E-15
1463.0          -1.1102E-15
1464.0          -3.5527E-15
1465.0          4.4409E-15
1466.0          8.8818E-16
1467.0          2.8866E-15
1468.0          1.2212E-15
1469.0          -1.1102E-15
1470.0          9.9920E-16
1471.0          4.4409E-16
1472.0          2.2204E-15
1473.0          -4.4409E-16
1474.0          5.3291E-15
1475.0          -3.1086E-15
1476.0          8.8818E-16
1477.0          1.7764E-15
1478.0          -1.1102E-15
1479.0          3.5527E-15
1480.0          -3.1086E-15
1481.0          3.3307E-15
1482.0          2.4425E-15
1483.0          7.7716E-16
1484.0          1.3323E-15
1485.0          8.8818E-16
1486.0          1.3323E-15
1487.0          -1.7764E-15
1488.0          2.1094E-15
1489.0          -2.2204E-15
1490.0          2.2204E-16
1491.0          -3.9968E-15
1492.0          1.1102E-16
1493.0          -4.4409E-16
1494.0          4.1078E-15
1495.0          3.3307E-15
1496.0          -3.1086E-15
1497.0          -4.4409E-16
1498.0          -2.2204E-16
1499.0          1.5543E-15
1500.0          -1.7764E-15
1501.0          0.0000
1502.0          -1.1102E-15
1503.0          2.4425E-15
1504.0          7.7716E-16
1505.0          -4.4409E-16
1506.0          -2.2204E-16
1507.0          1.2212E-15
1508.0          5.5511E-16
1509.0          0.0000
1510.0          3.6637E-15
1511.0          2.2204E-16
1512.0          2.8866E-15
1513.0          -2.2204E-16
1514.0          -4.4409E-16
1515.0          4.4409E-15
1516.0          1.1102E-15
1517.0          3.1086E-15
1518.0          6.6613E-16
1519.0          2.1094E-15
1520.0          -1.5543E-15
1521.0          5.5511E-16
1522.0          2.6645E-15
1523.0          3.3307E-15
1524.0          -5.3291E-15
1525.0          1.4433E-15
1526.0          -2.2204E-15
1527.0          8.8818E-16
1528.0          2.7756E-15
1529.0          2.2204E-15
1530.0          2.3315E-15
1531.0          6.6613E-16
1532.0          -1.1102E-15
1533.0          2.3315E-15
1534.0          1.6653E-15
1535.0          1.8874E-15
1536.0          2.3315E-15
1537.0          -3.9968E-15
1538.0          1.4433E-15
1539.0          -1.1102E-15
1540.0          1.5543E-15
1541.0          3.3307E-16
1542.0          -2.2204E-15
1543.0          1.3323E-15
1544.0          2.8866E-15
1545.0          1.9984E-15
1546.0          -3.5527E-15
1547.0          -5.1070E-15
1548.0          -1.5543E-15
1549.0          9.9920E-16
1550.0          8.8818E-16
1551.0          2.3315E-15
1552.0          1.8874E-15
1553.0          5.2180E-15
1554.0          4.3299E-15
1555.0          -2.6645E-15
1556.0          1.9984E-15
1557.0          -4.4409E-16
1558.0          -8.8818E-16
1559.0          -4.4409E-16
1560.0          1.7764E-15
1561.0          1.7764E-15
1562.0          -3.3307E-15
1563.0          8.8818E-16
1564.0          2.6645E-15
1565.0          -3.1086E-15
1566.0          -4.4409E-16
1567.0          4.4409E-16
1568.0          2.2204E-15
1569.0          -2.4425E-15
1570.0          1.5543E-15
1571.0          9.9920E-16
1572.0          1.9984E-15
1573.0          -1.9984E-15
1574.0          2.2204E-15
1575.0          7.7716E-16
1576.0          -3.5527E-15
1577.0          1.6653E-15
1578.0          -1.7764E-15
1579.0          4.2188E-15
1580.0          -3.1086E-15
1581.0          6.6613E-16
1582.0          -1.1102E-15
1583.0          -1.3323E-15
1584.0          -2.8866E-15
1585.0          2.7756E-15
1586.0          2.2204E-15
1587.0          1.3323E-15
1588.0          -4.6629E-15
1589.0          6.3283E-15
1590.0          -8.8818E-16
1591.0          -2.2204E-16
1592.0          1.2212E-15
1593.0          -3.1086E-15
1594.0          -4.8850E-15
1595.0          4.4409E-16
1596.0          -1.9984E-14
1597.0          -7.3275E-15
1598.0          -3.3973E-14
1599.0          1.7097E-14
1600.0          -3.4195E-14
1601.0          -2.7089E-14
1602.0          -3.8636E-14
1603.0          -4.2188E-15
1604.0          -7.3275E-15
1605.0          -2.7756E-14
1606.0          -3.9968E-15
1607.0          8.1046E-15
1608.0          -4.8850E-15
1609.0          1.5543E-15
1610.0          7.3275E-15
1611.0          3.1086E-15
1612.0          0.0000
1613.0          -1.1102E-15
1614.0          2.3315E-15
1615.0          1.6653E-15
1616.0          3.7748E-15
1617.0          3.5527E-15
1618.0          2.9976E-15
1619.0          4.4409E-16
1620.0          2.3315E-15
1621.0          3.4417E-15
1622.0          1.3323E-15
1623.0          -5.1070E-15
1624.0          -6.6613E-16
1625.0          -1.3323E-15
1626.0          -2.6645E-15
1627.0          2.8866E-15
1628.0          -6.6613E-16
1629.0          2.2204E-15
1630.0          -8.8818E-16
1631.0          -1.7764E-15
1632.0          3.2196E-15
1633.0          1.4433E-15
1634.0          6.6613E-16
1635.0          -4.4409E-16
1636.0          9.9920E-16
1637.0          -2.4425E-15
1638.0          -4.2188E-15
1639.0          3.7748E-15
1640.0          -1.5543E-15
1641.0          -2.2204E-16
1642.0          2.2204E-15
1643.0          3.1086E-15
1644.0          3.7748E-15
1645.0          -2.2204E-15
1646.0          1.4433E-15
1647.0          8.8818E-16
1648.0          3.7748E-15
1649.0          -1.3323E-15
1650.0          -4.4409E-16
