1400.0          0.26606
1401.0          0.26721
1402.0          0.26834
1403.0          0.26948
1404.0          0.27061
1405.0          0.27174
1406.0          0.27287
1407.0          0.27399
1408.0          0.27511
1409.0          0.27623
1410.0          0.27735
1411.0          0.27846
1412.0          0.27957
1413.0          0.28067
1414.0          0.28177
1415.0          0.28287
1416.0          0.28397
1417.0          0.28506
1418.0          0.28615
1419.0          0.28723
1420.0          0.28831
1421.0          0.28939
1422.0          0.29047
1423.0          0.29154
1424.0          0.29260
1425.0          0.29367
1426.0          0.29473
1427.0          0.29579
1428.0          0.29684
1429.0          0.29789
1430.0          0.29894
1431.0          0.29998
1432.0          0.30102
1433.0          0.30206
1434.0          0.30309
1435.0          0.30412
1436.0          0.30515
1437.0          0.30617
1438.0          0.30719
1439.0          0.30820
1440.0          0.30921
1441.0          0.31022
1442.0          0.31122
1443.0          0.31222
1444.0          0.31322
1445.0          0.31421
1446.0          0.31520
1447.0          0.31619
1448.0          0.31717
1449.0          0.31815
1450.0          0.31912
1451.0          0.32009
1452.0          0.32106
1453.0          0.32202
1454.0          0.32298
1455.0          0.32394
1456.0          0.32489
1457.0          0.32584
1458.0          0.32678
1459.0          0.32772
1460.0          0.32866
1461.0          0.32960
1462.0          0.33053
1463.0          0.33145
1464.0          0.33238
1465.0          0.33329
1466.0          0.33421
1467.0          0.33512
1468.0          0.33603
1469.0          0.33693
1470.0          0.33784
1471.0          0.33873
1472.0          0.33963
1473.0          0.34052
1474.0          0.34140
1475.0          0.34229
1476.0          0.34316
1477.0          0.34404
1478.0          0.34491
1479.0          0.34578
1480.0          0.34664
1481.0          0.34751
1482.0          0.34836
1483.0          0.34922
1484.0          0.35007
1485.0          0.35091
1486.0          0.35176
1487.0          0.35260
1488.0          0.35343
1489.0          0.35427
1490.0          0.35509
1491.0          0.35592
1492.0          0.35674
1493.0          0.35756
1494.0          0.35837
1495.0          0.35919
1496.0          0.35999
1497.0          0.36080
1498.0          0.36160
1499.0          0.36240
1500.0          0.36319
1501.0          0.36398
1502.0          0.36477
1503.0          0.36555
1504.0          0.36633
1505.0          0.36711
1506.0          0.36788
1507.0          0.36865
1508.0          0.36942
1509.0          0.37018
1510.0          0.37094
1511.0          0.37170
1512.0          0.37245
1513.0          0.37320
1514.0          0.37395
1515.0          0.37469
1516.0          0.37543
1517.0          0.37617
1518.0          0.37690
1519.0          0.37763
1520.0          0.37836
1521.0          0.37908
1522.0          0.37981
1523.0          0.38052
1524.0          0.38124
1525.0          0.38195
1526.0          0.38266
1527.0          0.38336
1528.0          0.38406
1529.0          0.38476
1530.0          0.38545
1531.0          0.38615
1532.0          0.38683
1533.0          0.38752
1534.0          0.38820
1535.0          0.38888
1536.0          0.38956
1537.0          0.39023
1538.0          0.39090
1539.0          0.39157
1540.0          0.39223
1541.0          0.39289
1542.0          0.39355
1543.0          0.39421
1544.0          0.39486
1545.0          0.39551
1546.0          0.39615
1547.0          0.39680
1548.0          0.39744
1549.0          0.39807
1550.0          0.39871
1551.0          0.39934
1552.0          0.39997
1553.0          0.40059
1554.0          0.40121
1555.0          0.40183
1556.0          0.40245
1557.0          0.40306
1558.0          0.40368
1559.0          0.40428
1560.0          0.40489
1561.0          0.40549
1562.0          0.40609
1563.0          0.40669
1564.0          0.40728
1565.0          0.40787
1566.0          0.40846
1567.0          0.40905
1568.0          0.40963
1569.0          0.41021
1570.0          0.41079
1571.0          0.41136
1572.0          0.41194
1573.0          0.41250
1574.0          0.41307
1575.0          0.41364
1576.0          0.41420
1577.0          0.41476
1578.0          0.41531
1579.0          0.41587
1580.0          0.41642
1581.0          0.41697
1582.0          0.41751
1583.0          0.41805
1584.0          0.41859
1585.0          0.41913
1586.0          0.41967
1587.0          0.42020
1588.0          0.42073
1589.0          0.42126
1590.0          0.42178
1591.0          0.42231
1592.0          0.42283
1593.0          0.42335
1594.0          0.42386
1595.0          0.42437
1596.0          0.42488
1597.0          0.42539
1598.0          0.42590
1599.0          0.42640
1600.0          0.42690
1601.0          0.42740
1602.0          0.42790
1603.0          0.42839
1604.0          0.42888
1605.0          0.42937
1606.0          0.42986
1607.0          0.43034
1608.0          0.43082
1609.0          0.43130
1610.0          0.43178
1611.0          0.43226
1612.0          0.43273
1613.0          0.43320
1614.0          0.43367
1615.0          0.43413
1616.0          0.43460
1617.0          0.43506
1618.0          0.43552
1619.0          0.43597
1620.0          0.43643
1621.0          0.43688
1622.0          0.43733
1623.0          0.43778
1624.0          0.43822
1625.0          0.43867
1626.0          0.43911
1627.0          0.43955
1628.0          0.43999
1629.0          0.44042
1630.0          0.44085
1631.0          0.44129
1632.0          0.44171
1633.0          0.44214
1634.0          0.44257
1635.0          0.44299
1636.0          0.44341
1637.0          0.44383
1638.0          0.44424
1639.0          0.44466
1640.0          0.44507
1641.0          0.44548
1642.0          0.44589
1643.0          0.44629
1644.0          0.44670
1645.0          0.44710
1646.0          0.44750
1647.0          0.44790
1648.0          0.44830
1649.0          0.44869
1650.0          0.44908
1400.0          0.73394
1401.0          0.73279
1402.0          0.73166
1403.0          0.73052
1404.0          0.72939
1405.0          0.72826
1406.0          0.72713
1407.0          0.72601
1408.0          0.72489
1409.0          0.72377
1410.0          0.72265
1411.0          0.72154
1412.0          0.72043
1413.0          0.71933
1414.0          0.71823
1415.0          0.71713
1416.0          0.71603
1417.0          0.71494
1418.0          0.71385
1419.0          0.71277
1420.0          0.71169
1421.0          0.71061
1422.0          0.70953
1423.0          0.70846
1424.0          0.70740
1425.0          0.70633
1426.0          0.70527
1427.0          0.70421
1428.0          0.70316
1429.0          0.70211
1430.0          0.70106
1431.0          0.70002
1432.0          0.69898
1433.0          0.69794
1434.0          0.69691
1435.0          0.69588
1436.0          0.69485
1437.0          0.69383
1438.0          0.69281
1439.0          0.69180
1440.0          0.69079
1441.0          0.68978
1442.0          0.68878
1443.0          0.68778
1444.0          0.68678
1445.0          0.68579
1446.0          0.68480
1447.0          0.68381
1448.0          0.68283
1449.0          0.68185
1450.0          0.68088
1451.0          0.67991
1452.0          0.67894
1453.0          0.67798
1454.0          0.67702
1455.0          0.67606
1456.0          0.67511
1457.0          0.67416
1458.0          0.67322
1459.0          0.67228
1460.0          0.67134
1461.0          0.67040
1462.0          0.66947
1463.0          0.66855
1464.0          0.66762
1465.0          0.66671
1466.0          0.66579
1467.0          0.66488
1468.0          0.66397
1469.0          0.66307
1470.0          0.66216
1471.0          0.66127
1472.0          0.66037
1473.0          0.65948
1474.0          0.65860
1475.0          0.65771
1476.0          0.65684
1477.0          0.65596
1478.0          0.65509
1479.0          0.65422
1480.0          0.65336
1481.0          0.65249
1482.0          0.65164
1483.0          0.65078
1484.0          0.64993
1485.0          0.64909
1486.0          0.64824
1487.0          0.64740
1488.0          0.64657
1489.0          0.64573
1490.0          0.64491
1491.0          0.64408
1492.0          0.64326
1493.0          0.64244
1494.0          0.64163
1495.0          0.64081
1496.0          0.64001
1497.0          0.63920
1498.0          0.63840
1499.0          0.63760
1500.0          0.63681
1501.0          0.63602
1502.0          0.63523
1503.0          0.63445
1504.0          0.63367
1505.0          0.63289
1506.0          0.63212
1507.0          0.63135
1508.0          0.63058
1509.0          0.62982
1510.0          0.62906
1511.0          0.62830
1512.0          0.62755
1513.0          0.62680
1514.0          0.62605
1515.0          0.62531
1516.0          0.62457
1517.0          0.62383
1518.0          0.62310
1519.0          0.62237
1520.0          0.62164
1521.0          0.62092
1522.0          0.62019
1523.0          0.61948
1524.0          0.61876
1525.0          0.61805
1526.0          0.61734
1527.0          0.61664
1528.0          0.61594
1529.0          0.61524
1530.0          0.61455
1531.0          0.61385
1532.0          0.61317
1533.0          0.61248
1534.0          0.61180
1535.0          0.61112
1536.0          0.61044
1537.0          0.60977
1538.0          0.60910
1539.0          0.60843
1540.0          0.60777
1541.0          0.60711
1542.0          0.60645
1543.0          0.60579
1544.0          0.60514
1545.0          0.60449
1546.0          0.60385
1547.0          0.60320
1548.0          0.60256
1549.0          0.60193
1550.0          0.60129
1551.0          0.60066
1552.0          0.60003
1553.0          0.59941
1554.0          0.59879
1555.0          0.59817
1556.0          0.59755
1557.0          0.59694
1558.0          0.59632
1559.0          0.59572
1560.0          0.59511
1561.0          0.59451
1562.0          0.59391
1563.0          0.59331
1564.0          0.59272
1565.0          0.59213
1566.0          0.59154
1567.0          0.59095
1568.0          0.59037
1569.0          0.58979
1570.0          0.58921
1571.0          0.58864
1572.0          0.58806
1573.0          0.58750
1574.0          0.58693
1575.0          0.58636
1576.0          0.58580
1577.0          0.58524
1578.0          0.58469
1579.0          0.58413
1580.0          0.58358
1581.0          0.58303
1582.0          0.58249
1583.0          0.58195
1584.0          0.58141
1585.0          0.58087
1586.0          0.58033
1587.0          0.57980
1588.0          0.57927
1589.0          0.57874
1590.0          0.57822
1591.0          0.57769
1592.0          0.57717
1593.0          0.57665
1594.0          0.57614
1595.0          0.57563
1596.0          0.57512
1597.0          0.57461
1598.0          0.57410
1599.0          0.57360
1600.0          0.57310
1601.0          0.57260
1602.0          0.57210
1603.0          0.57161
1604.0          0.57112
1605.0          0.57063
1606.0          0.57014
1607.0          0.56966
1608.0          0.56918
1609.0          0.56870
1610.0          0.56822
1611.0          0.56774
1612.0          0.56727
1613.0          0.56680
1614.0          0.56633
1615.0          0.56587
1616.0          0.56540
1617.0          0.56494
1618.0          0.56448
1619.0          0.56403
1620.0          0.56357
1621.0          0.56312
1622.0          0.56267
1623.0          0.56222
1624.0          0.56178
1625.0          0.56133
1626.0          0.56089
1627.0          0.56045
1628.0          0.56001
1629.0          0.55958
1630.0          0.55915
1631.0          0.55871
1632.0          0.55829
1633.0          0.55786
1634.0          0.55743
1635.0          0.55701
1636.0          0.55659
1637.0          0.55617
1638.0          0.55576
1639.0          0.55534
1640.0          0.55493
1641.0          0.55452
1642.0          0.55411
1643.0          0.55371
1644.0          0.55330
1645.0          0.55290
1646.0          0.55250
1647.0          0.55210
1648.0          0.55170
1649.0          0.55131
1650.0          0.55092
1400.0          1.0000
1401.0          1.0000
1402.0          1.0000
1403.0          1.0000
1404.0          1.0000
1405.0          1.0000
1406.0          1.0000
1407.0          1.0000
1408.0          1.0000
1409.0          1.0000
1410.0          1.0000
1411.0          1.0000
1412.0          1.0000
1413.0          1.0000
1414.0          1.0000
1415.0          1.0000
1416.0          1.0000
1417.0          1.0000
1418.0          1.0000
1419.0          1.0000
1420.0          1.0000
1421.0          1.0000
1422.0          1.0000
1423.0          1.0000
1424.0          1.0000
1425.0          1.0000
1426.0          1.0000
1427.0          1.0000
1428.0          1.0000
1429.0          1.0000
1430.0          1.0000
1431.0          1.0000
1432.0          1.0000
1433.0          1.0000
1434.0          1.0000
1435.0          1.0000
1436.0          1.0000
1437.0          1.0000
1438.0          1.0000
1439.0          1.0000
1440.0          1.0000
1441.0          1.0000
1442.0          1.0000
1443.0          1.0000
1444.0          1.0000
1445.0          1.0000
1446.0          1.0000
1447.0          1.0000
1448.0          1.0000
1449.0          1.0000
1450.0          1.0000
1451.0          1.0000
1452.0          1.0000
1453.0          1.0000
1454.0          1.0000
1455.0          1.0000
1456.0          1.0000
1457.0          1.0000
1458.0          1.0000
1459.0          1.0000
1460.0          1.0000
1461.0          1.0000
1462.0          1.0000
1463.0          1.0000
1464.0          1.0000
1465.0          1.0000
1466.0          1.0000
1467.0          1.0000
1468.0          1.0000
1469.0          1.0000
1470.0          1.0000
1471.0          1.0000
1472.0          1.0000
1473.0          1.0000
1474.0          1.0000
1475.0          1.0000
1476.0          1.0000
1477.0          1.0000
1478.0          1.0000
1479.0          1.0000
1480.0          1.0000
1481.0          1.0000
1482.0          1.0000
1483.0          1.0000
1484.0          1.0000
1485.0          1.0000
1486.0          1.0000
1487.0          1.0000
1488.0          1.0000
1489.0          1.0000
1490.0          1.0000
1491.0          1.0000
1492.0          1.0000
1493.0          1.0000
1494.0          1.0000
1495.0          1.0000
1496.0          1.0000
1497.0          1.0000
1498.0          1.0000
1499.0          1.0000
1500.0          1.0000
1501.0          1.0000
1502.0          1.0000
1503.0          1.0000
1504.0          1.0000
1505.0          1.0000
1506.0          1.0000
1507.0          1.0000
1508.0          1.0000
1509.0          1.0000
1510.0          1.0000
1511.0          1.0000
1512.0          1.0000
1513.0          1.0000
1514.0          1.0000
1515.0          1.0000
1516.0          1.0000
1517.0          1.0000
1518.0          1.0000
1519.0          1.0000
1520.0          1.0000
1521.0          1.0000
1522.0          1.0000
1523.0          1.0000
1524.0          1.0000
1525.0          1.0000
1526.0          1.0000
1527.0          1.0000
1528.0          1.0000
1529.0          1.0000
1530.0          1.0000
1531.0          1.0000
1532.0          1.0000
1533.0          1.0000
1534.0          1.0000
1535.0          1.0000
1536.0          1.0000
1537.0          1.0000
1538.0          1.0000
1539.0          1.0000
1540.0          1.0000
1541.0          1.0000
1542.0          1.0000
1543.0          1.0000
1544.0          1.0000
1545.0          1.0000
1546.0          1.0000
1547.0          1.0000
1548.0          1.0000
1549.0          1.0000
1550.0          1.0000
1551.0          1.0000
1552.0          1.0000
1553.0          1.0000
1554.0          1.0000
1555.0          1.0000
1556.0          1.0000
1557.0          1.0000
1558.0          1.0000
1559.0          1.0000
1560.0          1.0000
1561.0          1.0000
1562.0          1.0000
1563.0          1.0000
1564.0          1.0000
1565.0          1.0000
1566.0          1.0000
1567.0          1.0000
1568.0          1.0000
1569.0          1.0000
1570.0          1.0000
1571.0          1.0000
1572.0          1.0000
1573.0          1.0000
1574.0          1.0000
1575.0          1.0000
1576.0          1.0000
1577.0          1.0000
1578.0          1.0000
1579.0          1.0000
1580.0          1.0000
1581.0          1.0000
1582.0          1.0000
1583.0          1.0000
1584.0          1.0000
1585.0          1.0000
1586.0          1.0000
1587.0          1.0000
1588.0          1.0000
1589.0          1.0000
1590.0          1.0000
1591.0          1.0000
1592.0          1.0000
1593.0          1.0000
1594.0          1.0000
1595.0          1.0000
1596.0          1.0000
1597.0          1.0000
1598.0          1.0000
1599.0          1.0000
1600.0          1.0000
1601.0          1.0000
1602.0          1.0000
1603.0          1.0000
1604.0          1.0000
1605.0          1.0000
1606.0          1.0000
1607.0          1.0000
1608.0          1.0000
1609.0          1.0000
1610.0          1.0000
1611.0          1.0000
1612.0          1.0000
1613.0          1.0000
1614.0          1.0000
1615.0          1.0000
1616.0          1.0000
1617.0          1.0000
1618.0          1.0000
1619.0          1.0000
1620.0          1.0000
1621.0          1.0000
1622.0          1.0000
1623.0          1.0000
1624.0          1.0000
1625.0          1.0000
1626.0          1.0000
1627.0          1.0000
1628.0          1.0000
1629.0          1.0000
1630.0          1.0000
1631.0          1.0000
1632.0          1.0000
1633.0          1.0000
1634.0          1.0000
1635.0          1.0000
1636.0          1.0000
1637.0          1.0000
1638.0          1.0000
1639.0          1.0000
1640.0          1.0000
1641.0          1.0000
1642.0          1.0000
1643.0          1.0000
1644.0          1.0000
1645.0          1.0000
1646.0          1.0000
1647.0          1.0000
1648.0          1.0000
1649.0          1.0000
1650.0          1.0000
1400.0          -8.8818E-16
1401.0          -1.3323E-15
1402.0          3.3307E-16
1403.0          9.9920E-16
1404.0          2.3315E-15
1405.0          6.6613E-16
1406.0          -2.2204E-15
1407.0          6.6613E-16
1408.0          4.4409E-16
1409.0          -1.5543E-15
1410.0          1.1102E-15
1411.0          2.4425E-15
1412.0          -1.5543E-15
1413.0          1.7764E-15
1414.0          1.9984E-15
1415.0          -1.3323E-15
1416.0          8.8818E-16
1417.0          6.6613E-16
1418.0          6.6613E-16
1419.0          0.0000
1420.0          1.5543E-15
1421.0          1.6653E-15
1422.0          6.6613E-16
1423.0          -3.5527E-15
1424.0          4.4409E-16
1425.0          -4.4409E-16
1426.0          -1.3323E-15
1427.0          1.9984E-15
1428.0          2.1094E-15
1429.0          -1.7764E-15
1430.0          1.5543E-15
1431.0          -1.5543E-15
1432.0          1.4433E-15
1433.0          2.1094E-15
1434.0          6.6613E-16
1435.0          2.2204E-16
1436.0          -1.3323E-15
1437.0          8.8818E-16
1438.0          -8.8818E-16
1439.0          -1.7764E-15
1440.0          3.1086E-15
1441.0          -1.7764E-15
1442.0          -1.7764E-15
1443.0          3.5527E-15
1444.0          4.4409E-16
1445.0          1.3323E-15
1446.0          2.1094E-15
1447.0          2.2204E-15
1448.0          1.4433E-15
1449.0          -8.8818E-16
1450.0          -4.4409E-16
1451.0          -4.4409E-16
1452.0          5.1070E-15
1453.0          4.4409E-16
1454.0          -1.5543E-15
1455.0          -8.8818E-16
1456.0          -2.2204E-16
1457.0          -1.5543E-15
1458.0          4.4409E-16
1459.0          1.5543E-15
1460.0          0.0000
1461.0          -1.3323E-15
1462.0          -8.8818E-16
1463.0          -2.2204E-15
1464.0          8.8818E-16
1465.0          1.1102E-15
1466.0          -1.5543E-15
1467.0          3.5527E-15
1468.0          8.8818E-16
1469.0          -1.9984E-15
1470.0          2.4425E-15
1471.0          -2.2204E-15
1472.0          4.4409E-16
1473.0          8.8818E-16
1474.0          0.0000
1475.0          -4.4409E-16
1476.0          1.6209E-14
1477.0          -5.5511E-15
1478.0          -6.6613E-16
1479.0          -3.3307E-15
1480.0          1.5543E-15
1481.0          1.9984E-15
1482.0          -1.2212E-14
1483.0          1.2434E-14
1484.0          -5.3291E-15
1485.0          1.3212E-14
1486.0          4.1078E-15
1487.0          -8.8818E-16
1488.0          -3.5527E-15
1489.0          -3.9968E-15
1490.0          -4.4409E-15
1491.0          3.3307E-16
1492.0          1.1102E-15
1493.0          4.4409E-16
1494.0          1.3323E-15
1495.0          -1.1102E-15
1496.0          -4.4409E-16
1497.0          4.4409E-16
1498.0          -8.8818E-16
1499.0          -2.2204E-16
1500.0          0.0000
1501.0          2.4425E-15
1502.0          -4.4409E-15
1503.0          6.6613E-16
1504.0          -4.8850E-15
1505.0          -1.3323E-15
1506.0          -1.3323E-15
1507.0          1.1102E-16
1508.0          2.8866E-15
1509.0          -2.2204E-15
1510.0          -1.3323E-15
1511.0          2.3315E-15
1512.0          -1.3323E-15
1513.0          -1.3323E-15
1514.0          0.0000
1515.0          2.2204E-16
1516.0          5.3291E-15
1517.0          1.2212E-15
1518.0          4.4409E-16
1519.0          -8.8818E-16
1520.0          1.3323E-15
1521.0          0.0000
1522.0          -2.8866E-15
1523.0          -6.6613E-16
1524.0          -2.6645E-15
1525.0          8.8818E-16
1526.0          -2.2204E-16
1527.0          8.8818E-16
1528.0          2.4425E-15
1529.0          -3.1086E-15
1530.0          -8.8818E-16
1531.0          -1.5543E-15
1532.0          -8.8818E-16
1533.0          4.6629E-15
1534.0          1.8874E-15
1535.0          -8.8818E-16
1536.0          -6.6613E-16
1537.0          -1.1102E-15
1538.0          1.9984E-15
1539.0          -6.6613E-16
1540.0          -3.5527E-15
1541.0          -1.1102E-15
1542.0          -4.8850E-15
1543.0          1.7764E-15
1544.0          -6.6613E-16
1545.0          0.0000
1546.0          2.6645E-15
1547.0          -2.2204E-16
1548.0          3.3307E-16
1549.0          0.0000
1550.0          -3.9968E-15
1551.0          -4.4409E-16
1552.0          1.2212E-15
1553.0          -6.6613E-16
1554.0          1.9984E-15
1555.0          -5.3291E-15
1556.0          1.5543E-15
1557.0          -1.7764E-15
1558.0          1.1102E-15
1559.0          8.8818E-16
1560.0          1.2212E-15
1561.0          -1.9984E-15
1562.0          3.4417E-15
1563.0          3.3307E-16
1564.0          -1.7764E-15
1565.0          -3.5527E-15
1566.0          0.0000
1567.0          8.8818E-16
1568.0          -3.9968E-15
1569.0          -3.9968E-15
1570.0          -1.7764E-15
1571.0          6.6613E-16
1572.0          -2.6645E-15
1573.0          -1.3323E-15
1574.0          -2.4425E-15
1575.0          2.9976E-15
1576.0          -1.3323E-15
1577.0          -5.7732E-15
1578.0          1.9984E-15
1579.0          -1.3323E-15
1580.0          -1.1102E-15
1581.0          -1.3323E-15
1582.0          -3.3307E-15
1583.0          4.1078E-15
1584.0          -3.9968E-15
1585.0          3.9968E-15
1586.0          -2.2204E-15
1587.0          6.6613E-16
1588.0          -5.7732E-15
1589.0          2.2204E-16
1590.0          2.2204E-16
1591.0          2.2204E-16
1592.0          -2.6645E-15
1593.0          1.6653E-15
1594.0          5.1070E-15
1595.0          1.3323E-15
1596.0          -4.6629E-15
1597.0          1.4433E-15
1598.0          2.2204E-15
1599.0          -6.6613E-16
1600.0          -8.8818E-16
1601.0          1.3323E-15
1602.0          -4.4409E-16
1603.0          2.5535E-15
1604.0          -1.7764E-15
1605.0          1.1102E-15
1606.0          0.0000
1607.0          -3.5527E-15
1608.0          1.5543E-15
1609.0          8.8818E-16
1610.0          4.4409E-15
1611.0          1.1102E-15
1612.0          0.0000
1613.0          1.7764E-15
1614.0          1.1102E-15
1615.0          2.2204E-16
1616.0          -1.3323E-15
1617.0          2.6645E-15
1618.0          1.9984E-15
1619.0          2.7756E-15
1620.0          -3.3307E-15
1621.0          -3.5527E-15
1622.0          3.5527E-15
1623.0          3.3307E-16
1624.0          1.1102E-15
1625.0          -4.4409E-15
1626.0          1.5543E-15
1627.0          -2.2204E-15
1628.0          1.5543E-15
1629.0          -1.7764E-15
1630.0          -1.3323E-15
1631.0          -1.3323E-15
1632.0          6.2172E-15
1633.0          3.6637E-15
1634.0          -4.4409E-16
1635.0          -4.4409E-15
1636.0          3.2196E-15
1637.0          -1.1102E-15
1638.0          -2.4425E-15
1639.0          -1.3323E-15
1640.0          8.8818E-16
1641.0          1.9984E-15
1642.0          -1.3323E-15
1643.0          -1.1102E-15
1644.0          2.2204E-15
1645.0          5.9952E-15
1646.0          -2.4425E-15
1647.0          -3.5527E-15
1648.0          2.6645E-15
1649.0          -2.8866E-15
1650.0          1.4433E-15
