1400.0          0.075133
1401.0          0.075731
1402.0          0.076342
1403.0          0.076965
1404.0          0.077599
1405.0          0.078244
1406.0          0.078901
1407.0          0.079568
1408.0          0.080245
1409.0          0.080933
1410.0          0.081631
1411.0          0.082339
1412.0          0.083056
1413.0          0.083782
1414.0          0.084518
1415.0          0.085263
1416.0          0.086016
1417.0          0.086778
1418.0          0.087548
1419.0          0.088327
1420.0          0.089114
1421.0          0.089908
1422.0          0.090710
1423.0          0.091520
1424.0          0.092338
1425.0          0.093162
1426.0          0.093994
1427.0          0.094832
1428.0          0.095678
1429.0          0.096530
1430.0          0.097389
1431.0          0.098254
1432.0          0.099125
1433.0          0.10000
1434.0          0.10089
1435.0          0.10178
1436.0          0.10267
1437.0          0.10357
1438.0          0.10448
1439.0          0.10539
1440.0          0.10631
1441.0          0.10723
1442.0          0.10815
1443.0          0.10909
1444.0          0.11002
1445.0          0.11096
1446.0          0.11191
1447.0          0.11286
1448.0          0.11381
1449.0          0.11477
1450.0          0.11573
1451.0          0.11670
1452.0          0.11767
1453.0          0.11864
1454.0          0.11962
1455.0          0.12060
1456.0          0.12158
1457.0          0.12257
1458.0          0.12356
1459.0          0.12455
1460.0          0.12555
1461.0          0.12654
1462.0          0.12754
1463.0          0.12855
1464.0          0.12955
1465.0          0.13056
1466.0          0.13157
1467.0          0.13258
1468.0          0.13359
1469.0          0.13461
1470.0          0.13563
1471.0          0.13664
1472.0          0.13766
1473.0          0.13868
1474.0          0.13970
1475.0          0.14073
1476.0          0.14175
1477.0          0.14278
1478.0          0.14380
1479.0          0.14483
1480.0          0.14585
1481.0          0.14688
1482.0          0.14790
1483.0          0.14893
1484.0          0.14995
1485.0          0.15098
1486.0          0.15200
1487.0          0.15303
1488.0          0.15405
1489.0          0.15507
1490.0          0.15609
1491.0          0.15711
1492.0          0.15813
1493.0          0.15914
1494.0          0.16016
1495.0          0.16117
1496.0          0.16218
1497.0          0.16318
1498.0          0.16419
1499.0          0.16519
1500.0          0.16619
1501.0          0.16718
1502.0          0.16817
1503.0          0.16916
1504.0          0.17014
1505.0          0.17112
1506.0          0.17209
1507.0          0.17306
1508.0          0.17403
1509.0          0.17498
1510.0          0.17593
1511.0          0.17688
1512.0          0.17782
1513.0          0.17875
1514.0          0.17967
1515.0          0.18058
1516.0          0.18149
1517.0          0.18239
1518.0          0.18327
1519.0          0.18415
1520.0          0.18501
1521.0          0.18587
1522.0          0.18670
1523.0          0.18753
1524.0          0.18834
1525.0          0.18914
1526.0          0.18992
1527.0          0.19068
1528.0          0.19142
1529.0          0.19214
1530.0          0.19284
1531.0          0.19351
1532.0          0.19416
1533.0          0.19478
1534.0          0.19537
1535.0          0.19592
1536.0          0.19644
1537.0          0.19692
1538.0          0.19736
1539.0          0.19774
1540.0          0.19808
1541.0          0.19835
1542.0          0.19856
1543.0          0.19870
1544.0          0.19876
1545.0          0.19872
1546.0          0.19859
1547.0          0.19833
1548.0          0.19794
1549.0          0.19739
1550.0          0.19667
1551.0          0.19574
1552.0          0.19456
1553.0          0.19308
1554.0          0.19126
1555.0          0.18901
1556.0          0.18623
1557.0          0.18280
1558.0          0.17853
1559.0          0.17317
1560.0          0.16637
1561.0          0.15759
1562.0          0.14602
1563.0          0.13038
1564.0          0.10855
1565.0          0.077300
1566.0          0.034576
1567.0          0.023958
1568.0          0.62652
1569.0          0.90466
1570.0          0.63810
1571.0          0.51105
1572.0          0.44556
1573.0          0.40692
1574.0          0.38186
1575.0          0.36450
1576.0          0.35192
1577.0          0.34248
1578.0          0.33521
1579.0          0.32951
1580.0          0.32498
1581.0          0.32133
1582.0          0.31837
1583.0          0.31596
1584.0          0.31400
1585.0          0.31240
1586.0          0.31110
1587.0          0.31006
1588.0          0.30922
1589.0          0.30857
1590.0          0.30808
1591.0          0.30772
1592.0          0.30747
1593.0          0.30733
1594.0          0.30728
1595.0          0.30731
1596.0          0.30741
1597.0          0.30758
1598.0          0.30780
1599.0          0.30807
1600.0          0.30839
1601.0          0.30875
1602.0          0.30914
1603.0          0.30957
1604.0          0.31004
1605.0          0.31053
1606.0          0.31104
1607.0          0.31158
1608.0          0.31214
1609.0          0.31272
1610.0          0.31332
1611.0          0.31393
1612.0          0.31456
1613.0          0.31521
1614.0          0.31586
1615.0          0.31653
1616.0          0.31721
1617.0          0.31790
1618.0          0.31860
1619.0          0.31931
1620.0          0.32003
1621.0          0.32075
1622.0          0.32148
1623.0          0.32222
1624.0          0.32297
1625.0          0.32372
1626.0          0.32447
1627.0          0.32523
1628.0          0.32599
1629.0          0.32676
1630.0          0.32753
1631.0          0.32830
1632.0          0.32908
1633.0          0.32986
1634.0          0.33065
1635.0          0.33143
1636.0          0.33222
1637.0          0.33301
1638.0          0.33380
1639.0          0.33459
1640.0          0.33538
1641.0          0.33618
1642.0          0.33697
1643.0          0.33777
1644.0          0.33857
1645.0          0.33937
1646.0          0.34017
1647.0          0.34097
1648.0          0.34176
1649.0          0.34256
1650.0          0.34336
1400.0          0.92487
1401.0          0.92427
1402.0          0.92366
1403.0          0.92304
1404.0          0.92240
1405.0          0.92176
1406.0          0.92110
1407.0          0.92043
1408.0          0.91975
1409.0          0.91907
1410.0          0.91837
1411.0          0.91766
1412.0          0.91694
1413.0          0.91622
1414.0          0.91548
1415.0          0.91474
1416.0          0.91398
1417.0          0.91322
1418.0          0.91245
1419.0          0.91167
1420.0          0.91089
1421.0          0.91009
1422.0          0.90929
1423.0          0.90848
1424.0          0.90766
1425.0          0.90684
1426.0          0.90601
1427.0          0.90517
1428.0          0.90432
1429.0          0.90347
1430.0          0.90261
1431.0          0.90175
1432.0          0.90087
1433.0          0.90000
1434.0          0.89911
1435.0          0.89822
1436.0          0.89733
1437.0          0.89643
1438.0          0.89552
1439.0          0.89461
1440.0          0.89369
1441.0          0.89277
1442.0          0.89185
1443.0          0.89091
1444.0          0.88998
1445.0          0.88904
1446.0          0.88809
1447.0          0.88714
1448.0          0.88619
1449.0          0.88523
1450.0          0.88427
1451.0          0.88330
1452.0          0.88233
1453.0          0.88136
1454.0          0.88038
1455.0          0.87940
1456.0          0.87842
1457.0          0.87743
1458.0          0.87644
1459.0          0.87545
1460.0          0.87445
1461.0          0.87346
1462.0          0.87246
1463.0          0.87145
1464.0          0.87045
1465.0          0.86944
1466.0          0.86843
1467.0          0.86742
1468.0          0.86641
1469.0          0.86539
1470.0          0.86437
1471.0          0.86336
1472.0          0.86234
1473.0          0.86132
1474.0          0.86030
1475.0          0.85927
1476.0          0.85825
1477.0          0.85722
1478.0          0.85620
1479.0          0.85517
1480.0          0.85415
1481.0          0.85312
1482.0          0.85210
1483.0          0.85107
1484.0          0.85005
1485.0          0.84902
1486.0          0.84800
1487.0          0.84697
1488.0          0.84595
1489.0          0.84493
1490.0          0.84391
1491.0          0.84289
1492.0          0.84187
1493.0          0.84086
1494.0          0.83984
1495.0          0.83883
1496.0          0.83782
1497.0          0.83682
1498.0          0.83581
1499.0          0.83481
1500.0          0.83381
1501.0          0.83282
1502.0          0.83183
1503.0          0.83084
1504.0          0.82986
1505.0          0.82888
1506.0          0.82791
1507.0          0.82694
1508.0          0.82597
1509.0          0.82502
1510.0          0.82407
1511.0          0.82312
1512.0          0.82218
1513.0          0.82125
1514.0          0.82033
1515.0          0.81942
1516.0          0.81851
1517.0          0.81761
1518.0          0.81673
1519.0          0.81585
1520.0          0.81499
1521.0          0.81413
1522.0          0.81330
1523.0          0.81247
1524.0          0.81166
1525.0          0.81086
1526.0          0.81008
1527.0          0.80932
1528.0          0.80858
1529.0          0.80786
1530.0          0.80716
1531.0          0.80649
1532.0          0.80584
1533.0          0.80522
1534.0          0.80463
1535.0          0.80408
1536.0          0.80356
1537.0          0.80308
1538.0          0.80264
1539.0          0.80226
1540.0          0.80192
1541.0          0.80165
1542.0          0.80144
1543.0          0.80130
1544.0          0.80124
1545.0          0.80128
1546.0          0.80141
1547.0          0.80167
1548.0          0.80206
1549.0          0.80261
1550.0          0.80333
1551.0          0.80426
1552.0          0.80544
1553.0          0.80692
1554.0          0.80874
1555.0          0.81099
1556.0          0.81377
1557.0          0.81720
1558.0          0.82147
1559.0          0.82683
1560.0          0.83363
1561.0          0.84241
1562.0          0.85398
1563.0          0.86962
1564.0          0.89145
1565.0          0.92270
1566.0          0.96542
1567.0          0.97604
1568.0          0.37348
1569.0          0.095337
1570.0          0.36190
1571.0          0.48895
1572.0          0.55444
1573.0          0.59308
1574.0          0.61814
1575.0          0.63550
1576.0          0.64808
1577.0          0.65752
1578.0          0.66479
1579.0          0.67049
1580.0          0.67502
1581.0          0.67867
1582.0          0.68163
1583.0          0.68404
1584.0          0.68600
1585.0          0.68760
1586.0          0.68890
1587.0          0.68994
1588.0          0.69078
1589.0          0.69143
1590.0          0.69192
1591.0          0.69228
1592.0          0.69253
1593.0          0.69267
1594.0          0.69272
1595.0          0.69269
1596.0          0.69259
1597.0          0.69242
1598.0          0.69220
1599.0          0.69193
1600.0          0.69161
1601.0          0.69125
1602.0          0.69086
1603.0          0.69043
1604.0          0.68996
1605.0          0.68947
1606.0          0.68896
1607.0          0.68842
1608.0          0.68786
1609.0          0.68728
1610.0          0.68668
1611.0          0.68607
1612.0          0.68544
1613.0          0.68479
1614.0          0.68414
1615.0          0.68347
1616.0          0.68279
1617.0          0.68210
1618.0          0.68140
1619.0          0.68069
1620.0          0.67997
1621.0          0.67925
1622.0          0.67852
1623.0          0.67778
1624.0          0.67703
1625.0          0.67628
1626.0          0.67553
1627.0          0.67477
1628.0          0.67401
1629.0          0.67324
1630.0          0.67247
1631.0          0.67170
1632.0          0.67092
1633.0          0.67014
1634.0          0.66935
1635.0          0.66857
1636.0          0.66778
1637.0          0.66699
1638.0          0.66620
1639.0          0.66541
1640.0          0.66462
1641.0          0.66382
1642.0          0.66303
1643.0          0.66223
1644.0          0.66143
1645.0          0.66063
1646.0          0.65983
1647.0          0.65903
1648.0          0.65824
1649.0          0.65744
1650.0          0.65664
1400.0          1.0000
1401.0          1.0000
1402.0          1.0000
1403.0          1.0000
1404.0          1.0000
1405.0          1.0000
1406.0          1.0000
1407.0          1.0000
1408.0          1.0000
1409.0          1.0000
1410.0          1.0000
1411.0          1.0000
1412.0          1.0000
1413.0          1.0000
1414.0          1.0000
1415.0          1.0000
1416.0          1.0000
1417.0          1.0000
1418.0          1.0000
1419.0          1.0000
1420.0          1.0000
1421.0          1.0000
1422.0          1.0000
1423.0          1.0000
1424.0          1.0000
1425.0          1.0000
1426.0          1.0000
1427.0          1.0000
1428.0          1.0000
1429.0          1.0000
1430.0          1.0000
1431.0          1.0000
1432.0          1.0000
1433.0          1.0000
1434.0          1.0000
1435.0          1.0000
1436.0          1.0000
1437.0          1.0000
1438.0          1.0000
1439.0          1.0000
1440.0          1.0000
1441.0          1.0000
1442.0          1.0000
1443.0          1.0000
1444.0          1.0000
1445.0          1.0000
1446.0          1.0000
1447.0          1.0000
1448.0          1.0000
1449.0          1.0000
1450.0          1.0000
1451.0          1.0000
1452.0          1.0000
1453.0          1.0000
1454.0          1.0000
1455.0          1.0000
1456.0          1.0000
1457.0          1.0000
1458.0          1.0000
1459.0          1.0000
1460.0          1.0000
1461.0          1.0000
1462.0          1.0000
1463.0          1.0000
1464.0          1.0000
1465.0          1.0000
1466.0          1.0000
1467.0          1.0000
1468.0          1.0000
1469.0          1.0000
1470.0          1.0000
1471.0          1.0000
1472.0          1.0000
1473.0          1.0000
1474.0          1.0000
1475.0          1.0000
1476.0          1.0000
1477.0          1.0000
1478.0          1.0000
1479.0          1.0000
1480.0          1.0000
1481.0          1.0000
1482.0          1.0000
1483.0          1.0000
1484.0          1.0000
1485.0          1.0000
1486.0          1.0000
1487.0          1.0000
1488.0          1.0000
1489.0          1.0000
1490.0          1.0000
1491.0          1.0000
1492.0          1.0000
1493.0          1.0000
1494.0          1.0000
1495.0          1.0000
1496.0          1.0000
1497.0          1.0000
1498.0          1.0000
1499.0          1.0000
1500.0          1.0000
1501.0          1.0000
1502.0          1.0000
1503.0          1.0000
1504.0          1.0000
1505.0          1.0000
1506.0          1.0000
1507.0          1.0000
1508.0          1.0000
1509.0          1.0000
1510.0          1.0000
1511.0          1.0000
1512.0          1.0000
1513.0          1.0000
1514.0          1.0000
1515.0          1.0000
1516.0          1.0000
1517.0          1.0000
1518.0          1.0000
1519.0          1.0000
1520.0          1.0000
1521.0          1.0000
1522.0          1.0000
1523.0          1.0000
1524.0          1.0000
1525.0          1.0000
1526.0          1.0000
1527.0          1.0000
1528.0          1.0000
1529.0          1.0000
1530.0          1.0000
1531.0          1.0000
1532.0          1.0000
1533.0          1.0000
1534.0          1.0000
1535.0          1.0000
1536.0          1.0000
1537.0          1.0000
1538.0          1.0000
1539.0          1.0000
1540.0          1.0000
1541.0          1.0000
1542.0          1.0000
1543.0          1.0000
1544.0          1.0000
1545.0          1.0000
1546.0          1.0000
1547.0          1.0000
1548.0          1.0000
1549.0          1.0000
1550.0          1.0000
1551.0          1.0000
1552.0          1.0000
1553.0          1.0000
1554.0          1.0000
1555.0          1.0000
1556.0          1.0000
1557.0          1.0000
1558.0          1.0000
1559.0          1.0000
1560.0          1.0000
1561.0          1.0000
1562.0          1.0000
1563.0          1.0000
1564.0          1.0000
1565.0          1.0000
1566.0          1.0000
1567.0          1.0000
1568.0          1.0000
1569.0          1.0000
1570.0          1.0000
1571.0          1.0000
1572.0          1.0000
1573.0          1.0000
1574.0          1.0000
1575.0          1.0000
1576.0          1.0000
1577.0          1.0000
1578.0          1.0000
1579.0          1.0000
1580.0          1.0000
1581.0          1.0000
1582.0          1.0000
1583.0          1.0000
1584.0          1.0000
1585.0          1.0000
1586.0          1.0000
1587.0          1.0000
1588.0          1.0000
1589.0          1.0000
1590.0          1.0000
1591.0          1.0000
1592.0          1.0000
1593.0          1.0000
1594.0          1.0000
1595.0          1.0000
1596.0          1.0000
1597.0          1.0000
1598.0          1.0000
1599.0          1.0000
1600.0          1.0000
1601.0          1.0000
1602.0          1.0000
1603.0          1.0000
1604.0          1.0000
1605.0          1.0000
1606.0          1.0000
1607.0          1.0000
1608.0          1.0000
1609.0          1.0000
1610.0          1.0000
1611.0          1.0000
1612.0          1.0000
1613.0          1.0000
1614.0          1.0000
1615.0          1.0000
1616.0          1.0000
1617.0          1.0000
1618.0          1.0000
1619.0          1.0000
1620.0          1.0000
1621.0          1.0000
1622.0          1.0000
1623.0          1.0000
1624.0          1.0000
1625.0          1.0000
1626.0          1.0000
1627.0          1.0000
1628.0          1.0000
1629.0          1.0000
1630.0          1.0000
1631.0          1.0000
1632.0          1.0000
1633.0          1.0000
1634.0          1.0000
1635.0          1.0000
1636.0          1.0000
1637.0          1.0000
1638.0          1.0000
1639.0          1.0000
1640.0          1.0000
1641.0          1.0000
1642.0          1.0000
1643.0          1.0000
1644.0          1.0000
1645.0          1.0000
1646.0          1.0000
1647.0          1.0000
1648.0          1.0000
1649.0          1.0000
1650.0          1.0000
1400.0          -1.3323E-15
1401.0          1.6653E-15
1402.0          -4.4409E-16
1403.0          -1.9984E-15
1404.0          2.3315E-15
1405.0          -1.1102E-15
1406.0          1.1102E-16
1407.0          -2.2204E-15
1408.0          -1.3323E-15
1409.0          7.7716E-16
1410.0          -1.1102E-15
1411.0          -1.5543E-15
1412.0          -1.5543E-15
1413.0          -1.3323E-15
1414.0          -1.1102E-15
1415.0          2.2204E-16
1416.0          -1.1102E-15
1417.0          -2.2204E-16
1418.0          1.1102E-16
1419.0          0.0000
1420.0          -1.1102E-15
1421.0          2.2204E-16
1422.0          -1.5543E-15
1423.0          -8.8818E-16
1424.0          -4.4409E-16
1425.0          -4.4409E-16
1426.0          -2.2204E-16
1427.0          6.6613E-16
1428.0          -8.8818E-16
1429.0          1.6653E-15
1430.0          7.7716E-16
1431.0          4.2188E-15
1432.0          -4.4409E-16
1433.0          2.2204E-16
1434.0          -2.2204E-16
1435.0          2.5535E-15
1436.0          1.1102E-16
1437.0          7.7716E-16
1438.0          4.4409E-16
1439.0          -2.6645E-15
1440.0          -4.4409E-16
1441.0          -1.5543E-15
1442.0          1.2212E-15
1443.0          -1.3323E-15
1444.0          -6.6613E-16
1445.0          0.0000
1446.0          1.4433E-15
1447.0          0.0000
1448.0          1.7764E-15
1449.0          5.5511E-16
1450.0          -1.5543E-15
1451.0          -1.3323E-15
1452.0          1.6653E-15
1453.0          2.1094E-15
1454.0          -4.2188E-15
1455.0          -1.5543E-15
1456.0          -4.4409E-16
1457.0          3.2196E-15
1458.0          -1.3323E-15
1459.0          2.3315E-15
1460.0          0.0000
1461.0          1.7764E-15
1462.0          2.8866E-15
1463.0          6.6613E-16
1464.0          2.1094E-15
1465.0          6.6613E-16
1466.0          5.5511E-16
1467.0          3.1086E-15
1468.0          1.2212E-15
1469.0          -8.8818E-16
1470.0          2.1094E-15
1471.0          1.1102E-16
1472.0          7.7716E-16
1473.0          -1.3323E-15
1474.0          2.9976E-15
1475.0          -1.7764E-15
1476.0          -1.1102E-15
1477.0          0.0000
1478.0          2.5535E-15
1479.0          -1.3323E-15
1480.0          7.7716E-16
1481.0          3.3307E-16
1482.0          2.5535E-15
1483.0          -6.6613E-16
1484.0          -2.2204E-16
1485.0          -2.4425E-15
1486.0          -4.4409E-16
1487.0          -2.2204E-15
1488.0          -6.6613E-16
1489.0          1.1102E-15
1490.0          -2.4425E-15
1491.0          3.1086E-15
1492.0          1.7764E-15
1493.0          -4.4409E-16
1494.0          0.0000
1495.0          0.0000
1496.0          6.6613E-16
1497.0          2.8866E-15
1498.0          -1.1102E-15
1499.0          -8.8818E-16
1500.0          -1.3323E-15
1501.0          0.0000
1502.0          -1.3323E-15
1503.0          -1.1102E-15
1504.0          2.2204E-15
1505.0          -1.9984E-15
1506.0          8.8818E-16
1507.0          8.8818E-16
1508.0          1.3323E-15
1509.0          0.0000
1510.0          1.7764E-15
1511.0          -4.4409E-16
1512.0          1.4433E-15
1513.0          -8.8818E-16
1514.0          5.5511E-16
1515.0          1.5543E-15
1516.0          1.1102E-15
1517.0          -1.1102E-15
1518.0          1.2212E-15
1519.0          -8.8818E-16
1520.0          8.8818E-16
1521.0          -1.7764E-15
1522.0          1.1102E-15
1523.0          2.2204E-16
1524.0          -2.2204E-16
1525.0          5.5511E-16
1526.0          -1.3323E-15
1527.0          1.7764E-15
1528.0          -2.2204E-16
1529.0          -3.7748E-15
1530.0          -5.1070E-15
1531.0          -1.1102E-15
1532.0          -2.6645E-15
1533.0          1.5543E-15
1534.0          -2.4425E-15
1535.0          -4.4409E-16
1536.0          3.3307E-16
1537.0          3.3307E-16
1538.0          1.9984E-15
1539.0          -3.3307E-15
1540.0          4.4409E-16
1541.0          -6.6613E-16
1542.0          -2.4425E-15
1543.0          -1.7764E-15
1544.0          -2.4425E-15
1545.0          -6.6613E-16
1546.0          -1.5543E-15
1547.0          -2.2204E-15
1548.0          -1.7764E-15
1549.0          7.7716E-16
1550.0          -6.6613E-16
1551.0          1.6653E-15
1552.0          -2.2204E-15
1553.0          3.3307E-16
1554.0          -2.6645E-15
1555.0          9.9920E-16
1556.0          2.2204E-16
1557.0          2.1094E-15
1558.0          1.5543E-15
1559.0          -1.1102E-15
1560.0          -2.4425E-15
1561.0          8.8818E-16
1562.0          4.4409E-16
1563.0          4.5519E-15
1564.0          -7.9936E-15
1565.0          6.9944E-15
1566.0          -5.7732E-15
1567.0          3.2641E-14
1568.0          7.1609E-14
1569.0          1.0769E-14
1570.0          -2.4425E-15
1571.0          -1.8208E-14
1572.0          -8.8818E-16
1573.0          -6.6613E-16
1574.0          -4.4409E-16
1575.0          -3.1086E-15
1576.0          -4.4409E-16
1577.0          -4.4409E-16
1578.0          1.2212E-15
1579.0          -8.8818E-16
1580.0          -1.1102E-15
1581.0          1.7764E-15
1582.0          -1.3323E-15
1583.0          0.0000
1584.0          -4.4409E-16
1585.0          4.4409E-16
1586.0          -2.2204E-15
1587.0          -1.9984E-15
1588.0          -1.1102E-15
1589.0          4.4409E-16
1590.0          -1.1102E-15
1591.0          2.3315E-15
1592.0          -8.8818E-16
1593.0          1.3323E-15
1594.0          2.2204E-16
1595.0          3.7748E-15
1596.0          1.3323E-15
1597.0          -1.3323E-15
1598.0          2.4425E-15
1599.0          6.6613E-16
1600.0          2.3315E-15
1601.0          2.6645E-15
1602.0          -1.7764E-15
1603.0          1.1102E-16
1604.0          4.4409E-16
1605.0          2.5535E-15
1606.0          -1.7764E-15
1607.0          -1.3323E-15
1608.0          2.2204E-15
1609.0          0.0000
1610.0          1.1102E-16
1611.0          2.5535E-15
1612.0          2.4425E-15
1613.0          -3.7748E-15
1614.0          -1.7764E-15
1615.0          -4.2188E-15
1616.0          6.6613E-16
1617.0          -2.2204E-16
1618.0          -1.7764E-15
1619.0          -4.4409E-16
1620.0          6.6613E-16
1621.0          -4.4409E-16
1622.0          3.5527E-15
1623.0          -1.5543E-15
1624.0          -2.2204E-15
1625.0          -4.8850E-15
1626.0          0.0000
1627.0          -1.1102E-15
1628.0          4.4409E-16
1629.0          6.6613E-16
1630.0          1.1102E-15
1631.0          -4.4409E-16
1632.0          -1.9984E-15
1633.0          -1.5543E-15
1634.0          -8.8818E-16
1635.0          -3.3307E-15
1636.0          2.8866E-15
1637.0          2.2204E-15
1638.0          1.5543E-15
1639.0          1.5543E-15
1640.0          3.4417E-15
1641.0          -2.8866E-15
1642.0          1.5543E-15
1643.0          1.5543E-15
1644.0          -1.3323E-15
1645.0          -8.8818E-16
1646.0          2.2204E-16
1647.0          -4.4409E-16
1648.0          2.8866E-15
1649.0          0.0000
1650.0          -8.8818E-16
