1400.0          0.037657
1401.0          0.037847
1402.0          0.038050
1403.0          0.038266
1404.0          0.038494
1405.0          0.038735
1406.0          0.038988
1407.0          0.039253
1408.0          0.039530
1409.0          0.039819
1410.0          0.040120
1411.0          0.040433
1412.0          0.040757
1413.0          0.041093
1414.0          0.041440
1415.0          0.041798
1416.0          0.042167
1417.0          0.042548
1418.0          0.042939
1419.0          0.043340
1420.0          0.043752
1421.0          0.044175
1422.0          0.044608
1423.0          0.045051
1424.0          0.045504
1425.0          0.045967
1426.0          0.046439
1427.0          0.046921
1428.0          0.047413
1429.0          0.047914
1430.0          0.048424
1431.0          0.048944
1432.0          0.049472
1433.0          0.050009
1434.0          0.050555
1435.0          0.051109
1436.0          0.051672
1437.0          0.052243
1438.0          0.052822
1439.0          0.053409
1440.0          0.054004
1441.0          0.054606
1442.0          0.055216
1443.0          0.055834
1444.0          0.056458
1445.0          0.057090
1446.0          0.057729
1447.0          0.058375
1448.0          0.059027
1449.0          0.059686
1450.0          0.060352
1451.0          0.061023
1452.0          0.061701
1453.0          0.062385
1454.0          0.063074
1455.0          0.063770
1456.0          0.064471
1457.0          0.065177
1458.0          0.065888
1459.0          0.066605
1460.0          0.067326
1461.0          0.068053
1462.0          0.068784
1463.0          0.069519
1464.0          0.070259
1465.0          0.071003
1466.0          0.071751
1467.0          0.072503
1468.0          0.073259
1469.0          0.074018
1470.0          0.074781
1471.0          0.075547
1472.0          0.076316
1473.0          0.077088
1474.0          0.077863
1475.0          0.078641
1476.0          0.079421
1477.0          0.080203
1478.0          0.080987
1479.0          0.081774
1480.0          0.082562
1481.0          0.083352
1482.0          0.084143
1483.0          0.084936
1484.0          0.085729
1485.0          0.086524
1486.0          0.087319
1487.0          0.088115
1488.0          0.088912
1489.0          0.089708
1490.0          0.090505
1491.0          0.091301
1492.0          0.092097
1493.0          0.092893
1494.0          0.093687
1495.0          0.094481
1496.0          0.095274
1497.0          0.096065
1498.0          0.096854
1499.0          0.097642
1500.0          0.098428
1501.0          0.099211
1502.0          0.099992
1503.0          0.10077
1504.0          0.10155
1505.0          0.10232
1506.0          0.10309
1507.0          0.10385
1508.0          0.10461
1509.0          0.10537
1510.0          0.10612
1511.0          0.10687
1512.0          0.10761
1513.0          0.10835
1514.0          0.10908
1515.0          0.10980
1516.0          0.11052
1517.0          0.11123
1518.0          0.11194
1519.0          0.11264
1520.0          0.11332
1521.0          0.11401
1522.0          0.11468
1523.0          0.11534
1524.0          0.11600
1525.0          0.11664
1526.0          0.11727
1527.0          0.11790
1528.0          0.11851
1529.0          0.11911
1530.0          0.11970
1531.0          0.12027
1532.0          0.12083
1533.0          0.12138
1534.0          0.12191
1535.0          0.12243
1536.0          0.12293
1537.0          0.12341
1538.0          0.12387
1539.0          0.12432
1540.0          0.12475
1541.0          0.12515
1542.0          0.12554
1543.0          0.12590
1544.0          0.12624
1545.0          0.12655
1546.0          0.12684
1547.0          0.12710
1548.0          0.12733
1549.0          0.12754
1550.0          0.12771
1551.0          0.12784
1552.0          0.12795
1553.0          0.12801
1554.0          0.12804
1555.0          0.12803
1556.0          0.12797
1557.0          0.12787
1558.0          0.12772
1559.0          0.12752
1560.0          0.12726
1561.0          0.12695
1562.0          0.12658
1563.0          0.12614
1564.0          0.12563
1565.0          0.12505
1566.0          0.12440
1567.0          0.12366
1568.0          0.12283
1569.0          0.12191
1570.0          0.12088
1571.0          0.11975
1572.0          0.11850
1573.0          0.11712
1574.0          0.11561
1575.0          0.11396
1576.0          0.11215
1577.0          0.11017
1578.0          0.10800
1579.0          0.10564
1580.0          0.10306
1581.0          0.10025
1582.0          0.097180
1583.0          0.093839
1584.0          0.090201
1585.0          0.086240
1586.0          0.081931
1587.0          0.077249
1588.0          0.072169
1589.0          0.066671
1590.0          0.060743
1591.0          0.054388
1592.0          0.047637
1593.0          0.040567
1594.0          0.033336
1595.0          0.026238
1596.0          0.019803
1597.0          0.014965
1598.0          0.013354
1599.0          0.017805
1600.0          0.033200
1601.0          0.067703
1602.0          0.13400
1603.0          0.24839
1604.0          0.42190
1605.0          0.63864
1606.0          0.84130
1607.0          0.96657
1608.0          0.99984
1609.0          0.97043
1610.0          0.91297
1611.0          0.84916
1612.0          0.78889
1613.0          0.73555
1614.0          0.68959
1615.0          0.65039
1616.0          0.61700
1617.0          0.58847
1618.0          0.56399
1619.0          0.54286
1620.0          0.52453
1621.0          0.50853
1622.0          0.49449
1623.0          0.48211
1624.0          0.47114
1625.0          0.46139
1626.0          0.45267
1627.0          0.44486
1628.0          0.43783
1629.0          0.43149
1630.0          0.42575
1631.0          0.42056
1632.0          0.41583
1633.0          0.41153
1634.0          0.40761
1635.0          0.40403
1636.0          0.40075
1637.0          0.39775
1638.0          0.39501
1639.0          0.39248
1640.0          0.39017
1641.0          0.38805
1642.0          0.38610
1643.0          0.38431
1644.0          0.38266
1645.0          0.38115
1646.0          0.37977
1647.0          0.37849
1648.0          0.37733
1649.0          0.37627
1650.0          0.37529
1400.0          0.96234
1401.0          0.96215
1402.0          0.96195
1403.0          0.96173
1404.0          0.96151
1405.0          0.96127
1406.0          0.96101
1407.0          0.96075
1408.0          0.96047
1409.0          0.96018
1410.0          0.95988
1411.0          0.95957
1412.0          0.95924
1413.0          0.95891
1414.0          0.95856
1415.0          0.95820
1416.0          0.95783
1417.0          0.95745
1418.0          0.95706
1419.0          0.95666
1420.0          0.95625
1421.0          0.95583
1422.0          0.95539
1423.0          0.95495
1424.0          0.95450
1425.0          0.95403
1426.0          0.95356
1427.0          0.95308
1428.0          0.95259
1429.0          0.95209
1430.0          0.95158
1431.0          0.95106
1432.0          0.95053
1433.0          0.94999
1434.0          0.94945
1435.0          0.94889
1436.0          0.94833
1437.0          0.94776
1438.0          0.94718
1439.0          0.94659
1440.0          0.94600
1441.0          0.94539
1442.0          0.94478
1443.0          0.94417
1444.0          0.94354
1445.0          0.94291
1446.0          0.94227
1447.0          0.94163
1448.0          0.94097
1449.0          0.94031
1450.0          0.93965
1451.0          0.93898
1452.0          0.93830
1453.0          0.93762
1454.0          0.93693
1455.0          0.93623
1456.0          0.93553
1457.0          0.93482
1458.0          0.93411
1459.0          0.93340
1460.0          0.93267
1461.0          0.93195
1462.0          0.93122
1463.0          0.93048
1464.0          0.92974
1465.0          0.92900
1466.0          0.92825
1467.0          0.92750
1468.0          0.92674
1469.0          0.92598
1470.0          0.92522
1471.0          0.92445
1472.0          0.92368
1473.0          0.92291
1474.0          0.92214
1475.0          0.92136
1476.0          0.92058
1477.0          0.91980
1478.0          0.91901
1479.0          0.91823
1480.0          0.91744
1481.0          0.91665
1482.0          0.91586
1483.0          0.91506
1484.0          0.91427
1485.0          0.91348
1486.0          0.91268
1487.0          0.91188
1488.0          0.91109
1489.0          0.91029
1490.0          0.90950
1491.0          0.90870
1492.0          0.90790
1493.0          0.90711
1494.0          0.90631
1495.0          0.90552
1496.0          0.90473
1497.0          0.90394
1498.0          0.90315
1499.0          0.90236
1500.0          0.90157
1501.0          0.90079
1502.0          0.90001
1503.0          0.89923
1504.0          0.89845
1505.0          0.89768
1506.0          0.89691
1507.0          0.89615
1508.0          0.89539
1509.0          0.89463
1510.0          0.89388
1511.0          0.89313
1512.0          0.89239
1513.0          0.89165
1514.0          0.89092
1515.0          0.89020
1516.0          0.88948
1517.0          0.88877
1518.0          0.88806
1519.0          0.88736
1520.0          0.88668
1521.0          0.88599
1522.0          0.88532
1523.0          0.88466
1524.0          0.88400
1525.0          0.88336
1526.0          0.88273
1527.0          0.88210
1528.0          0.88149
1529.0          0.88089
1530.0          0.88030
1531.0          0.87973
1532.0          0.87917
1533.0          0.87862
1534.0          0.87809
1535.0          0.87757
1536.0          0.87707
1537.0          0.87659
1538.0          0.87613
1539.0          0.87568
1540.0          0.87525
1541.0          0.87485
1542.0          0.87446
1543.0          0.87410
1544.0          0.87376
1545.0          0.87345
1546.0          0.87316
1547.0          0.87290
1548.0          0.87267
1549.0          0.87246
1550.0          0.87229
1551.0          0.87216
1552.0          0.87205
1553.0          0.87199
1554.0          0.87196
1555.0          0.87197
1556.0          0.87203
1557.0          0.87213
1558.0          0.87228
1559.0          0.87248
1560.0          0.87274
1561.0          0.87305
1562.0          0.87342
1563.0          0.87386
1564.0          0.87437
1565.0          0.87495
1566.0          0.87560
1567.0          0.87634
1568.0          0.87717
1569.0          0.87809
1570.0          0.87912
1571.0          0.88025
1572.0          0.88150
1573.0          0.88288
1574.0          0.88439
1575.0          0.88604
1576.0          0.88785
1577.0          0.88983
1578.0          0.89200
1579.0          0.89436
1580.0          0.89694
1581.0          0.89975
1582.0          0.90282
1583.0          0.90616
1584.0          0.90980
1585.0          0.91376
1586.0          0.91807
1587.0          0.92275
1588.0          0.92783
1589.0          0.93333
1590.0          0.93926
1591.0          0.94561
1592.0          0.95236
1593.0          0.95943
1594.0          0.96666
1595.0          0.97376
1596.0          0.98020
1597.0          0.98503
1598.0          0.98665
1599.0          0.98219
1600.0          0.96680
1601.0          0.93230
1602.0          0.86600
1603.0          0.75161
1604.0          0.57810
1605.0          0.36136
1606.0          0.15870
1607.0          0.033427
1608.0          1.5977E-4
1609.0          0.029571
1610.0          0.087025
1611.0          0.15084
1612.0          0.21111
1613.0          0.26445
1614.0          0.31041
1615.0          0.34961
1616.0          0.38300
1617.0          0.41153
1618.0          0.43601
1619.0          0.45714
1620.0          0.47547
1621.0          0.49147
1622.0          0.50551
1623.0          0.51789
1624.0          0.52886
1625.0          0.53861
1626.0          0.54733
1627.0          0.55514
1628.0          0.56217
1629.0          0.56851
1630.0          0.57425
1631.0          0.57944
1632.0          0.58417
1633.0          0.58847
1634.0          0.59239
1635.0          0.59597
1636.0          0.59925
1637.0          0.60225
1638.0          0.60499
1639.0          0.60752
1640.0          0.60983
1641.0          0.61195
1642.0          0.61390
1643.0          0.61569
1644.0          0.61734
1645.0          0.61885
1646.0          0.62023
1647.0          0.62151
1648.0          0.62267
1649.0          0.62373
1650.0          0.62471
1400.0          1.0000
1401.0          1.0000
1402.0          1.0000
1403.0          1.0000
1404.0          1.0000
1405.0          1.0000
1406.0          1.0000
1407.0          1.0000
1408.0          1.0000
1409.0          1.0000
1410.0          1.0000
1411.0          1.0000
1412.0          1.0000
1413.0          1.0000
1414.0          1.0000
1415.0          1.0000
1416.0          1.0000
1417.0          1.0000
1418.0          1.0000
1419.0          1.0000
1420.0          1.0000
1421.0          1.0000
1422.0          1.0000
1423.0          1.0000
1424.0          1.0000
1425.0          1.0000
1426.0          1.0000
1427.0          1.0000
1428.0          1.0000
1429.0          1.0000
1430.0          1.0000
1431.0          1.0000
1432.0          1.0000
1433.0          1.0000
1434.0          1.0000
1435.0          1.0000
1436.0          1.0000
1437.0          1.0000
1438.0          1.0000
1439.0          1.0000
1440.0          1.0000
1441.0          1.0000
1442.0          1.0000
1443.0          1.0000
1444.0          1.0000
1445.0          1.0000
1446.0          1.0000
1447.0          1.0000
1448.0          1.0000
1449.0          1.0000
1450.0          1.0000
1451.0          1.0000
1452.0          1.0000
1453.0          1.0000
1454.0          1.0000
1455.0          1.0000
1456.0          1.0000
1457.0          1.0000
1458.0          1.0000
1459.0          1.0000
1460.0          1.0000
1461.0          1.0000
1462.0          1.0000
1463.0          1.0000
1464.0          1.0000
1465.0          1.0000
1466.0          1.0000
1467.0          1.0000
1468.0          1.0000
1469.0          1.0000
1470.0          1.0000
1471.0          1.0000
1472.0          1.0000
1473.0          1.0000
1474.0          1.0000
1475.0          1.0000
1476.0          1.0000
1477.0          1.0000
1478.0          1.0000
1479.0          1.0000
1480.0          1.0000
1481.0          1.0000
1482.0          1.0000
1483.0          1.0000
1484.0          1.0000
1485.0          1.0000
1486.0          1.0000
1487.0          1.0000
1488.0          1.0000
1489.0          1.0000
1490.0          1.0000
1491.0          1.0000
1492.0          1.0000
1493.0          1.0000
1494.0          1.0000
1495.0          1.0000
1496.0          1.0000
1497.0          1.0000
1498.0          1.0000
1499.0          1.0000
1500.0          1.0000
1501.0          1.0000
1502.0          1.0000
1503.0          1.0000
1504.0          1.0000
1505.0          1.0000
1506.0          1.0000
1507.0          1.0000
1508.0          1.0000
1509.0          1.0000
1510.0          1.0000
1511.0          1.0000
1512.0          1.0000
1513.0          1.0000
1514.0          1.0000
1515.0          1.0000
1516.0          1.0000
1517.0          1.0000
1518.0          1.0000
1519.0          1.0000
1520.0          1.0000
1521.0          1.0000
1522.0          1.0000
1523.0          1.0000
1524.0          1.0000
1525.0          1.0000
1526.0          1.0000
1527.0          1.0000
1528.0          1.0000
1529.0          1.0000
1530.0          1.0000
1531.0          1.0000
1532.0          1.0000
1533.0          1.0000
1534.0          1.0000
1535.0          1.0000
1536.0          1.0000
1537.0          1.0000
1538.0          1.0000
1539.0          1.0000
1540.0          1.0000
1541.0          1.0000
1542.0          1.0000
1543.0          1.0000
1544.0          1.0000
1545.0          1.0000
1546.0          1.0000
1547.0          1.0000
1548.0          1.0000
1549.0          1.0000
1550.0          1.0000
1551.0          1.0000
1552.0          1.0000
1553.0          1.0000
1554.0          1.0000
1555.0          1.0000
1556.0          1.0000
1557.0          1.0000
1558.0          1.0000
1559.0          1.0000
1560.0          1.0000
1561.0          1.0000
1562.0          1.0000
1563.0          1.0000
1564.0          1.0000
1565.0          1.0000
1566.0          1.0000
1567.0          1.0000
1568.0          1.0000
1569.0          1.0000
1570.0          1.0000
1571.0          1.0000
1572.0          1.0000
1573.0          1.0000
1574.0          1.0000
1575.0          1.0000
1576.0          1.0000
1577.0          1.0000
1578.0          1.0000
1579.0          1.0000
1580.0          1.0000
1581.0          1.0000
1582.0          1.0000
1583.0          1.0000
1584.0          1.0000
1585.0          1.0000
1586.0          1.0000
1587.0          1.0000
1588.0          1.0000
1589.0          1.0000
1590.0          1.0000
1591.0          1.0000
1592.0          1.0000
1593.0          1.0000
1594.0          1.0000
1595.0          1.0000
1596.0          1.0000
1597.0          1.0000
1598.0          1.0000
1599.0          1.0000
1600.0          1.0000
1601.0          1.0000
1602.0          1.0000
1603.0          1.0000
1604.0          1.0000
1605.0          1.0000
1606.0          1.0000
1607.0          1.0000
1608.0          1.0000
1609.0          1.0000
1610.0          1.0000
1611.0          1.0000
1612.0          1.0000
1613.0          1.0000
1614.0          1.0000
1615.0          1.0000
1616.0          1.0000
1617.0          1.0000
1618.0          1.0000
1619.0          1.0000
1620.0          1.0000
1621.0          1.0000
1622.0          1.0000
1623.0          1.0000
1624.0          1.0000
1625.0          1.0000
1626.0          1.0000
1627.0          1.0000
1628.0          1.0000
1629.0          1.0000
1630.0          1.0000
1631.0          1.0000
1632.0          1.0000
1633.0          1.0000
1634.0          1.0000
1635.0          1.0000
1636.0          1.0000
1637.0          1.0000
1638.0          1.0000
1639.0          1.0000
1640.0          1.0000
1641.0          1.0000
1642.0          1.0000
1643.0          1.0000
1644.0          1.0000
1645.0          1.0000
1646.0          1.0000
1647.0          1.0000
1648.0          1.0000
1649.0          1.0000
1650.0          1.0000
1400.0          1.1102E-15
1401.0          1.5543E-15
1402.0          1.3323E-15
1403.0          3.3307E-16
1404.0          1.2212E-15
1405.0          -2.2204E-16
1406.0          -1.3323E-15
1407.0          9.9920E-16
1408.0          -2.4425E-15
1409.0          3.8858E-15
1410.0          -2.2204E-15
1411.0          2.2204E-16
1412.0          0.0000
1413.0          -8.8818E-16
1414.0          -1.1102E-15
1415.0          0.0000
1416.0          2.4425E-15
1417.0          -3.3307E-15
1418.0          1.2212E-15
1419.0          6.6613E-16
1420.0          5.5511E-16
1421.0          2.2204E-16
1422.0          1.7764E-15
1423.0          1.9984E-15
1424.0          0.0000
1425.0          -2.2204E-16
1426.0          9.9920E-16
1427.0          2.1094E-15
1428.0          1.2212E-15
1429.0          -1.3323E-15
1430.0          -1.5543E-15
1431.0          1.4433E-15
1432.0          -1.7764E-15
1433.0          1.3323E-15
1434.0          7.7716E-16
1435.0          -1.1102E-15
1436.0          0.0000
1437.0          2.8866E-15
1438.0          1.1102E-16
1439.0          0.0000
1440.0          -2.2204E-15
1441.0          1.1102E-15
1442.0          3.3307E-16
1443.0          -6.6613E-16
1444.0          -2.6645E-15
1445.0          -1.1102E-15
1446.0          -3.1086E-15
1447.0          -4.2188E-15
1448.0          -4.4409E-16
1449.0          -2.8866E-15
1450.0          2.2204E-16
1451.0          1.2212E-15
1452.0          -2.2204E-16
1453.0          1.2212E-15
1454.0          -2.6645E-15
1455.0          -1.5543E-15
1456.0          -1.3323E-15
1457.0          -2.2204E-15
1458.0          -6.6613E-16
1459.0          -2.2204E-16
1460.0          -6.6613E-16
1461.0          2.5535E-15
1462.0          0.0000
1463.0          -1.7764E-15
1464.0          -2.4425E-15
1465.0          6.6613E-16
1466.0          -1.7764E-15
1467.0          5.5511E-16
1468.0          1.1102E-15
1469.0          -1.1102E-15
1470.0          -4.4409E-16
1471.0          -1.1102E-15
1472.0          5.5511E-16
1473.0          8.8818E-16
1474.0          -8.8818E-16
1475.0          -4.8850E-15
1476.0          1.1102E-16
1477.0          6.6613E-16
1478.0          1.2212E-15
1479.0          1.8874E-15
1480.0          -1.3323E-15
1481.0          -2.2204E-16
1482.0          8.8818E-16
1483.0          4.4409E-16
1484.0          -2.2204E-15
1485.0          1.3323E-15
1486.0          -1.5543E-15
1487.0          9.9920E-16
1488.0          3.2196E-15
1489.0          -8.8818E-16
1490.0          1.1102E-15
1491.0          -1.9984E-15
1492.0          -2.2204E-16
1493.0          -4.4409E-16
1494.0          -1.7764E-15
1495.0          3.5527E-15
1496.0          -3.1086E-15
1497.0          -4.4409E-16
1498.0          -1.7764E-15
1499.0          -1.3323E-15
1500.0          -1.3323E-15
1501.0          1.5543E-15
1502.0          -1.5543E-15
1503.0          -1.9984E-15
1504.0          -3.7748E-15
1505.0          -1.1102E-15
1506.0          4.4409E-16
1507.0          -8.8818E-16
1508.0          0.0000
1509.0          8.8818E-16
1510.0          1.7764E-15
1511.0          1.5543E-15
1512.0          -4.4409E-16
1513.0          2.2204E-15
1514.0          2.2204E-16
1515.0          -6.6613E-16
1516.0          0.0000
1517.0          0.0000
1518.0          -6.6613E-16
1519.0          4.4409E-16
1520.0          1.1102E-15
1521.0          7.7716E-16
1522.0          -1.1102E-15
1523.0          -3.1086E-15
1524.0          -6.6613E-16
1525.0          0.0000
1526.0          1.6653E-15
1527.0          -4.4409E-16
1528.0          1.5543E-15
1529.0          3.3307E-16
1530.0          7.7716E-16
1531.0          -4.4409E-16
1532.0          2.2204E-16
1533.0          -2.8866E-15
1534.0          5.5511E-16
1535.0          -1.1102E-15
1536.0          -1.3323E-15
1537.0          2.2204E-16
1538.0          -2.2204E-16
1539.0          -6.6613E-16
1540.0          -6.6613E-16
1541.0          1.1102E-15
1542.0          -1.5543E-15
1543.0          0.0000
1544.0          1.7764E-15
1545.0          -1.5543E-15
1546.0          1.3323E-15
1547.0          2.8866E-15
1548.0          -1.7764E-15
1549.0          2.7756E-15
1550.0          -1.1102E-15
1551.0          1.1102E-15
1552.0          7.7716E-16
1553.0          0.0000
1554.0          1.9984E-15
1555.0          6.6613E-16
1556.0          2.2204E-15
1557.0          -8.8818E-16
1558.0          1.2212E-15
1559.0          8.8818E-16
1560.0          -1.9984E-15
1561.0          -2.8866E-15
1562.0          3.3307E-15
1563.0          3.2196E-15
1564.0          -2.8866E-15
1565.0          2.1094E-15
1566.0          -1.5543E-15
1567.0          4.4409E-16
1568.0          1.9984E-15
1569.0          8.8818E-16
1570.0          7.7716E-16
1571.0          -2.2204E-16
1572.0          2.6645E-15
1573.0          4.2188E-15
1574.0          -1.7764E-15
1575.0          -1.9984E-15
1576.0          3.3307E-16
1577.0          3.6637E-15
1578.0          -2.2204E-16
1579.0          2.4425E-15
1580.0          1.4433E-15
1581.0          -1.1102E-15
1582.0          4.4409E-16
1583.0          2.5535E-15
1584.0          -8.8818E-16
1585.0          -2.4425E-15
1586.0          1.1102E-16
1587.0          4.9960E-15
1588.0          -3.1086E-15
1589.0          -4.2188E-15
1590.0          -8.8818E-15
1591.0          -1.9984E-15
1592.0          -4.6629E-15
1593.0          -2.6645E-15
1594.0          7.2164E-15
1595.0          2.2204E-16
1596.0          -3.5527E-15
1597.0          -2.6645E-15
1598.0          3.7748E-15
1599.0          3.6637E-15
1600.0          1.1657E-14
1601.0          5.5511E-15
1602.0          -1.0436E-14
1603.0          1.4433E-15
1604.0          -8.8818E-15
1605.0          -1.3767E-14
1606.0          -7.5495E-15
1607.0          -2.1094E-14
1608.0          -3.4639E-14
1609.0          1.4433E-14
1610.0          2.2204E-16
1611.0          5.7732E-15
1612.0          -4.2188E-15
1613.0          -4.8850E-15
1614.0          7.4385E-15
1615.0          5.6621E-15
1616.0          -5.5511E-15
1617.0          -4.6629E-15
1618.0          -2.2204E-15
1619.0          -1.1102E-15
1620.0          1.3323E-15
1621.0          -8.8818E-16
1622.0          -8.8818E-16
1623.0          -4.4409E-15
1624.0          2.2204E-16
1625.0          -4.4409E-16
1626.0          2.2204E-16
1627.0          0.0000
1628.0          3.9968E-15
1629.0          -1.9984E-15
1630.0          3.3307E-16
1631.0          1.2212E-15
1632.0          -1.3323E-15
1633.0          5.1070E-15
1634.0          4.2188E-15
1635.0          -4.4409E-16
1636.0          -2.6645E-15
1637.0          -2.2204E-16
1638.0          -8.8818E-16
1639.0          1.8874E-15
1640.0          -1.9984E-15
1641.0          2.8866E-15
1642.0          2.8866E-15
1643.0          1.7764E-15
1644.0          5.5511E-16
1645.0          -1.1102E-15
1646.0          -4.4409E-16
1647.0          1.1102E-15
1648.0          2.8866E-15
1649.0          3.1086E-15
1650.0          4.8850E-15
