1400.0          0.018263
1401.0          0.018144
1402.0          0.018027
1403.0          0.017912
1404.0          0.017799
1405.0          0.017689
1406.0          0.017581
1407.0          0.017476
1408.0          0.017375
1409.0          0.017277
1410.0          0.017182
1411.0          0.017091
1412.0          0.017004
1413.0          0.016922
1414.0          0.016844
1415.0          0.016770
1416.0          0.016701
1417.0          0.016638
1418.0          0.016579
1419.0          0.016526
1420.0          0.016479
1421.0          0.016437
1422.0          0.016401
1423.0          0.016371
1424.0          0.016348
1425.0          0.016330
1426.0          0.016319
1427.0          0.016315
1428.0          0.016318
1429.0          0.016328
1430.0          0.016345
1431.0          0.016369
1432.0          0.016400
1433.0          0.016439
1434.0          0.016485
1435.0          0.016539
1436.0          0.016601
1437.0          0.016671
1438.0          0.016748
1439.0          0.016834
1440.0          0.016928
1441.0          0.017030
1442.0          0.017141
1443.0          0.017260
1444.0          0.017388
1445.0          0.017524
1446.0          0.017669
1447.0          0.017823
1448.0          0.017986
1449.0          0.018157
1450.0          0.018337
1451.0          0.018527
1452.0          0.018725
1453.0          0.018933
1454.0          0.019149
1455.0          0.019375
1456.0          0.019610
1457.0          0.019854
1458.0          0.020107
1459.0          0.020370
1460.0          0.020642
1461.0          0.020923
1462.0          0.021214
1463.0          0.021514
1464.0          0.021824
1465.0          0.022142
1466.0          0.022470
1467.0          0.022808
1468.0          0.023155
1469.0          0.023511
1470.0          0.023877
1471.0          0.024252
1472.0          0.024636
1473.0          0.025030
1474.0          0.025433
1475.0          0.025845
1476.0          0.026266
1477.0          0.026697
1478.0          0.027137
1479.0          0.027586
1480.0          0.028044
1481.0          0.028512
1482.0          0.028988
1483.0          0.029474
1484.0          0.029968
1485.0          0.030472
1486.0          0.030984
1487.0          0.031506
1488.0          0.032036
1489.0          0.032574
1490.0          0.033122
1491.0          0.033678
1492.0          0.034243
1493.0          0.034816
1494.0          0.035398
1495.0          0.035988
1496.0          0.036587
1497.0          0.037193
1498.0          0.037808
1499.0          0.038431
1500.0          0.039063
1501.0          0.039702
1502.0          0.040349
1503.0          0.041004
1504.0          0.041667
1505.0          0.042337
1506.0          0.043015
1507.0          0.043701
1508.0          0.044394
1509.0          0.045094
1510.0          0.045801
1511.0          0.046516
1512.0          0.047238
1513.0          0.047967
1514.0          0.048703
1515.0          0.049446
1516.0          0.050195
1517.0          0.050951
1518.0          0.051714
1519.0          0.052483
1520.0          0.053258
1521.0          0.054040
1522.0          0.054828
1523.0          0.055622
1524.0          0.056422
1525.0          0.057228
1526.0          0.058039
1527.0          0.058856
1528.0          0.059679
1529.0          0.060507
1530.0          0.061341
1531.0          0.062180
1532.0          0.063024
1533.0          0.063873
1534.0          0.064727
1535.0          0.065586
1536.0          0.066450
1537.0          0.067318
1538.0          0.068191
1539.0          0.069068
1540.0          0.069949
1541.0          0.070835
1542.0          0.071724
1543.0          0.072618
1544.0          0.073515
1545.0          0.074417
1546.0          0.075321
1547.0          0.076230
1548.0          0.077141
1549.0          0.078056
1550.0          0.078974
1551.0          0.079895
1552.0          0.080819
1553.0          0.081746
1554.0          0.082676
1555.0          0.083608
1556.0          0.084542
1557.0          0.085479
1558.0          0.086418
1559.0          0.087359
1560.0          0.088302
1561.0          0.089247
1562.0          0.090193
1563.0          0.091141
1564.0          0.092091
1565.0          0.093042
1566.0          0.093994
1567.0          0.094947
1568.0          0.095901
1569.0          0.096855
1570.0          0.097811
1571.0          0.098767
1572.0          0.099723
1573.0          0.10068
1574.0          0.10164
1575.0          0.10259
1576.0          0.10355
1577.0          0.10451
1578.0          0.10546
1579.0          0.10642
1580.0          0.10737
1581.0          0.10832
1582.0          0.10928
1583.0          0.11023
1584.0          0.11118
1585.0          0.11213
1586.0          0.11307
1587.0          0.11402
1588.0          0.11496
1589.0          0.11590
1590.0          0.11684
1591.0          0.11777
1592.0          0.11871
1593.0          0.11964
1594.0          0.12056
1595.0          0.12149
1596.0          0.12241
1597.0          0.12332
1598.0          0.12424
1599.0          0.12514
1600.0          0.12605
1601.0          0.12695
1602.0          0.12784
1603.0          0.12873
1604.0          0.12962
1605.0          0.13050
1606.0          0.13137
1607.0          0.13224
1608.0          0.13310
1609.0          0.13395
1610.0          0.13480
1611.0          0.13564
1612.0          0.13647
1613.0          0.13730
1614.0          0.13811
1615.0          0.13892
1616.0          0.13972
1617.0          0.14051
1618.0          0.14129
1619.0          0.14206
1620.0          0.14282
1621.0          0.14357
1622.0          0.14431
1623.0          0.14503
1624.0          0.14575
1625.0          0.14645
1626.0          0.14713
1627.0          0.14781
1628.0          0.14846
1629.0          0.14911
1630.0          0.14973
1631.0          0.15034
1632.0          0.15093
1633.0          0.15151
1634.0          0.15206
1635.0          0.15260
1636.0          0.15311
1637.0          0.15360
1638.0          0.15407
1639.0          0.15451
1640.0          0.15493
1641.0          0.15532
1642.0          0.15568
1643.0          0.15601
1644.0          0.15631
1645.0          0.15658
1646.0          0.15681
1647.0          0.15700
1648.0          0.15716
1649.0          0.15727
1650.0          0.15734
1400.0          0.98174
1401.0          0.98186
1402.0          0.98197
1403.0          0.98209
1404.0          0.98220
1405.0          0.98231
1406.0          0.98242
1407.0          0.98252
1408.0          0.98263
1409.0          0.98272
1410.0          0.98282
1411.0          0.98291
1412.0          0.98300
1413.0          0.98308
1414.0          0.98316
1415.0          0.98323
1416.0          0.98330
1417.0          0.98336
1418.0          0.98342
1419.0          0.98347
1420.0          0.98352
1421.0          0.98356
1422.0          0.98360
1423.0          0.98363
1424.0          0.98365
1425.0          0.98367
1426.0          0.98368
1427.0          0.98368
1428.0          0.98368
1429.0          0.98367
1430.0          0.98366
1431.0          0.98363
1432.0          0.98360
1433.0          0.98356
1434.0          0.98352
1435.0          0.98346
1436.0          0.98340
1437.0          0.98333
1438.0          0.98325
1439.0          0.98317
1440.0          0.98307
1441.0          0.98297
1442.0          0.98286
1443.0          0.98274
1444.0          0.98261
1445.0          0.98248
1446.0          0.98233
1447.0          0.98218
1448.0          0.98201
1449.0          0.98184
1450.0          0.98166
1451.0          0.98147
1452.0          0.98127
1453.0          0.98107
1454.0          0.98085
1455.0          0.98063
1456.0          0.98039
1457.0          0.98015
1458.0          0.97989
1459.0          0.97963
1460.0          0.97936
1461.0          0.97908
1462.0          0.97879
1463.0          0.97849
1464.0          0.97818
1465.0          0.97786
1466.0          0.97753
1467.0          0.97719
1468.0          0.97685
1469.0          0.97649
1470.0          0.97612
1471.0          0.97575
1472.0          0.97536
1473.0          0.97497
1474.0          0.97457
1475.0          0.97416
1476.0          0.97373
1477.0          0.97330
1478.0          0.97286
1479.0          0.97241
1480.0          0.97196
1481.0          0.97149
1482.0          0.97101
1483.0          0.97053
1484.0          0.97003
1485.0          0.96953
1486.0          0.96902
1487.0          0.96849
1488.0          0.96796
1489.0          0.96743
1490.0          0.96688
1491.0          0.96632
1492.0          0.96576
1493.0          0.96518
1494.0          0.96460
1495.0          0.96401
1496.0          0.96341
1497.0          0.96281
1498.0          0.96219
1499.0          0.96157
1500.0          0.96094
1501.0          0.96030
1502.0          0.95965
1503.0          0.95900
1504.0          0.95833
1505.0          0.95766
1506.0          0.95698
1507.0          0.95630
1508.0          0.95561
1509.0          0.95491
1510.0          0.95420
1511.0          0.95348
1512.0          0.95276
1513.0          0.95203
1514.0          0.95130
1515.0          0.95055
1516.0          0.94980
1517.0          0.94905
1518.0          0.94829
1519.0          0.94752
1520.0          0.94674
1521.0          0.94596
1522.0          0.94517
1523.0          0.94438
1524.0          0.94358
1525.0          0.94277
1526.0          0.94196
1527.0          0.94114
1528.0          0.94032
1529.0          0.93949
1530.0          0.93866
1531.0          0.93782
1532.0          0.93698
1533.0          0.93613
1534.0          0.93527
1535.0          0.93441
1536.0          0.93355
1537.0          0.93268
1538.0          0.93181
1539.0          0.93093
1540.0          0.93005
1541.0          0.92917
1542.0          0.92828
1543.0          0.92738
1544.0          0.92648
1545.0          0.92558
1546.0          0.92468
1547.0          0.92377
1548.0          0.92286
1549.0          0.92194
1550.0          0.92103
1551.0          0.92010
1552.0          0.91918
1553.0          0.91825
1554.0          0.91732
1555.0          0.91639
1556.0          0.91546
1557.0          0.91452
1558.0          0.91358
1559.0          0.91264
1560.0          0.91170
1561.0          0.91075
1562.0          0.90981
1563.0          0.90886
1564.0          0.90791
1565.0          0.90696
1566.0          0.90601
1567.0          0.90505
1568.0          0.90410
1569.0          0.90314
1570.0          0.90219
1571.0          0.90123
1572.0          0.90028
1573.0          0.89932
1574.0          0.89836
1575.0          0.89741
1576.0          0.89645
1577.0          0.89549
1578.0          0.89454
1579.0          0.89358
1580.0          0.89263
1581.0          0.89168
1582.0          0.89072
1583.0          0.88977
1584.0          0.88882
1585.0          0.88787
1586.0          0.88693
1587.0          0.88598
1588.0          0.88504
1589.0          0.88410
1590.0          0.88316
1591.0          0.88223
1592.0          0.88129
1593.0          0.88036
1594.0          0.87944
1595.0          0.87851
1596.0          0.87759
1597.0          0.87668
1598.0          0.87576
1599.0          0.87486
1600.0          0.87395
1601.0          0.87305
1602.0          0.87216
1603.0          0.87127
1604.0          0.87038
1605.0          0.86950
1606.0          0.86863
1607.0          0.86776
1608.0          0.86690
1609.0          0.86605
1610.0          0.86520
1611.0          0.86436
1612.0          0.86353
1613.0          0.86270
1614.0          0.86189
1615.0          0.86108
1616.0          0.86028
1617.0          0.85949
1618.0          0.85871
1619.0          0.85794
1620.0          0.85718
1621.0          0.85643
1622.0          0.85569
1623.0          0.85497
1624.0          0.85425
1625.0          0.85355
1626.0          0.85287
1627.0          0.85219
1628.0          0.85154
1629.0          0.85089
1630.0          0.85027
1631.0          0.84966
1632.0          0.84907
1633.0          0.84849
1634.0          0.84794
1635.0          0.84740
1636.0          0.84689
1637.0          0.84640
1638.0          0.84593
1639.0          0.84549
1640.0          0.84507
1641.0          0.84468
1642.0          0.84432
1643.0          0.84399
1644.0          0.84369
1645.0          0.84342
1646.0          0.84319
1647.0          0.84300
1648.0          0.84284
1649.0          0.84273
1650.0          0.84266
1400.0          1.0000
1401.0          1.0000
1402.0          1.0000
1403.0          1.0000
1404.0          1.0000
1405.0          1.0000
1406.0          1.0000
1407.0          1.0000
1408.0          1.0000
1409.0          1.0000
1410.0          1.0000
1411.0          1.0000
1412.0          1.0000
1413.0          1.0000
1414.0          1.0000
1415.0          1.0000
1416.0          1.0000
1417.0          1.0000
1418.0          1.0000
1419.0          1.0000
1420.0          1.0000
1421.0          1.0000
1422.0          1.0000
1423.0          1.0000
1424.0          1.0000
1425.0          1.0000
1426.0          1.0000
1427.0          1.0000
1428.0          1.0000
1429.0          1.0000
1430.0          1.0000
1431.0          1.0000
1432.0          1.0000
1433.0          1.0000
1434.0          1.0000
1435.0          1.0000
1436.0          1.0000
1437.0          1.0000
1438.0          1.0000
1439.0          1.0000
1440.0          1.0000
1441.0          1.0000
1442.0          1.0000
1443.0          1.0000
1444.0          1.0000
1445.0          1.0000
1446.0          1.0000
1447.0          1.0000
1448.0          1.0000
1449.0          1.0000
1450.0          1.0000
1451.0          1.0000
1452.0          1.0000
1453.0          1.0000
1454.0          1.0000
1455.0          1.0000
1456.0          1.0000
1457.0          1.0000
1458.0          1.0000
1459.0          1.0000
1460.0          1.0000
1461.0          1.0000
1462.0          1.0000
1463.0          1.0000
1464.0          1.0000
1465.0          1.0000
1466.0          1.0000
1467.0          1.0000
1468.0          1.0000
1469.0          1.0000
1470.0          1.0000
1471.0          1.0000
1472.0          1.0000
1473.0          1.0000
1474.0          1.0000
1475.0          1.0000
1476.0          1.0000
1477.0          1.0000
1478.0          1.0000
1479.0          1.0000
1480.0          1.0000
1481.0          1.0000
1482.0          1.0000
1483.0          1.0000
1484.0          1.0000
1485.0          1.0000
1486.0          1.0000
1487.0          1.0000
1488.0          1.0000
1489.0          1.0000
1490.0          1.0000
1491.0          1.0000
1492.0          1.0000
1493.0          1.0000
1494.0          1.0000
1495.0          1.0000
1496.0          1.0000
1497.0          1.0000
1498.0          1.0000
1499.0          1.0000
1500.0          1.0000
1501.0          1.0000
1502.0          1.0000
1503.0          1.0000
1504.0          1.0000
1505.0          1.0000
1506.0          1.0000
1507.0          1.0000
1508.0          1.0000
1509.0          1.0000
1510.0          1.0000
1511.0          1.0000
1512.0          1.0000
1513.0          1.0000
1514.0          1.0000
1515.0          1.0000
1516.0          1.0000
1517.0          1.0000
1518.0          1.0000
1519.0          1.0000
1520.0          1.0000
1521.0          1.0000
1522.0          1.0000
1523.0          1.0000
1524.0          1.0000
1525.0          1.0000
1526.0          1.0000
1527.0          1.0000
1528.0          1.0000
1529.0          1.0000
1530.0          1.0000
1531.0          1.0000
1532.0          1.0000
1533.0          1.0000
1534.0          1.0000
1535.0          1.0000
1536.0          1.0000
1537.0          1.0000
1538.0          1.0000
1539.0          1.0000
1540.0          1.0000
1541.0          1.0000
1542.0          1.0000
1543.0          1.0000
1544.0          1.0000
1545.0          1.0000
1546.0          1.0000
1547.0          1.0000
1548.0          1.0000
1549.0          1.0000
1550.0          1.0000
1551.0          1.0000
1552.0          1.0000
1553.0          1.0000
1554.0          1.0000
1555.0          1.0000
1556.0          1.0000
1557.0          1.0000
1558.0          1.0000
1559.0          1.0000
1560.0          1.0000
1561.0          1.0000
1562.0          1.0000
1563.0          1.0000
1564.0          1.0000
1565.0          1.0000
1566.0          1.0000
1567.0          1.0000
1568.0          1.0000
1569.0          1.0000
1570.0          1.0000
1571.0          1.0000
1572.0          1.0000
1573.0          1.0000
1574.0          1.0000
1575.0          1.0000
1576.0          1.0000
1577.0          1.0000
1578.0          1.0000
1579.0          1.0000
1580.0          1.0000
1581.0          1.0000
1582.0          1.0000
1583.0          1.0000
1584.0          1.0000
1585.0          1.0000
1586.0          1.0000
1587.0          1.0000
1588.0          1.0000
1589.0          1.0000
1590.0          1.0000
1591.0          1.0000
1592.0          1.0000
1593.0          1.0000
1594.0          1.0000
1595.0          1.0000
1596.0          1.0000
1597.0          1.0000
1598.0          1.0000
1599.0          1.0000
1600.0          1.0000
1601.0          1.0000
1602.0          1.0000
1603.0          1.0000
1604.0          1.0000
1605.0          1.0000
1606.0          1.0000
1607.0          1.0000
1608.0          1.0000
1609.0          1.0000
1610.0          1.0000
1611.0          1.0000
1612.0          1.0000
1613.0          1.0000
1614.0          1.0000
1615.0          1.0000
1616.0          1.0000
1617.0          1.0000
1618.0          1.0000
1619.0          1.0000
1620.0          1.0000
1621.0          1.0000
1622.0          1.0000
1623.0          1.0000
1624.0          1.0000
1625.0          1.0000
1626.0          1.0000
1627.0          1.0000
1628.0          1.0000
1629.0          1.0000
1630.0          1.0000
1631.0          1.0000
1632.0          1.0000
1633.0          1.0000
1634.0          1.0000
1635.0          1.0000
1636.0          1.0000
1637.0          1.0000
1638.0          1.0000
1639.0          1.0000
1640.0          1.0000
1641.0          1.0000
1642.0          1.0000
1643.0          1.0000
1644.0          1.0000
1645.0          1.0000
1646.0          1.0000
1647.0          1.0000
1648.0          1.0000
1649.0          1.0000
1650.0          1.0000
1400.0          -8.8818E-16
1401.0          -6.6613E-16
1402.0          5.5511E-16
1403.0          -2.2204E-15
1404.0          3.1086E-15
1405.0          1.5543E-15
1406.0          5.5511E-16
1407.0          1.8874E-15
1408.0          2.2204E-15
1409.0          -3.1086E-15
1410.0          4.4409E-16
1411.0          -8.8818E-16
1412.0          2.6645E-15
1413.0          -3.9968E-15
1414.0          2.1094E-15
1415.0          2.1094E-15
1416.0          -2.4425E-15
1417.0          2.8866E-15
1418.0          -1.5543E-15
1419.0          -3.3307E-15
1420.0          5.5511E-16
1421.0          -6.6613E-16
1422.0          -1.9984E-15
1423.0          -8.8818E-16
1424.0          -1.3323E-15
1425.0          -1.9984E-15
1426.0          -1.9984E-15
1427.0          -2.6645E-15
1428.0          1.1102E-16
1429.0          1.1102E-16
1430.0          1.1102E-15
1431.0          -1.1102E-15
1432.0          2.2204E-15
1433.0          6.6613E-16
1434.0          0.0000
1435.0          -1.5543E-15
1436.0          2.1094E-15
1437.0          -1.9984E-15
1438.0          9.9920E-16
1439.0          2.2204E-15
1440.0          1.4433E-15
1441.0          3.3307E-16
1442.0          4.4409E-16
1443.0          -4.4409E-16
1444.0          7.7716E-16
1445.0          -2.2204E-16
1446.0          -2.2204E-16
1447.0          1.9984E-15
1448.0          1.7764E-15
1449.0          -4.4409E-16
1450.0          1.1102E-16
1451.0          -2.4425E-15
1452.0          8.8818E-16
1453.0          -4.4409E-16
1454.0          6.6613E-16
1455.0          -1.9984E-15
1456.0          2.5535E-15
1457.0          2.8866E-15
1458.0          -4.4409E-16
1459.0          -2.2204E-16
1460.0          -1.9984E-15
1461.0          0.0000
1462.0          1.1102E-16
1463.0          2.6645E-15
1464.0          1.8874E-15
1465.0          1.2212E-15
1466.0          -6.6613E-16
1467.0          3.1086E-15
1468.0          7.7716E-16
1469.0          9.9920E-16
1470.0          -1.1102E-15
1471.0          -1.9984E-15
1472.0          7.7716E-16
1473.0          0.0000
1474.0          -2.4425E-15
1475.0          -8.8818E-16
1476.0          1.9984E-15
1477.0          2.2204E-15
1478.0          0.0000
1479.0          -1.9984E-15
1480.0          -2.2204E-16
1481.0          -1.9984E-15
1482.0          -1.5543E-15
1483.0          3.3307E-16
1484.0          2.6645E-15
1485.0          1.6653E-15
1486.0          -1.7764E-15
1487.0          -1.1102E-15
1488.0          2.1094E-15
1489.0          -1.1102E-15
1490.0          1.3323E-15
1491.0          2.8866E-15
1492.0          -2.2204E-16
1493.0          -1.7764E-15
1494.0          8.8818E-16
1495.0          2.1094E-15
1496.0          1.9984E-15
1497.0          2.6645E-15
1498.0          -6.6613E-16
1499.0          -6.6613E-16
1500.0          1.7764E-15
1501.0          1.6653E-15
1502.0          6.6613E-16
1503.0          1.2212E-15
1504.0          1.1102E-15
1505.0          3.3307E-16
1506.0          1.7764E-15
1507.0          1.2212E-15
1508.0          -1.5543E-15
1509.0          -6.6613E-16
1510.0          1.4433E-15
1511.0          3.8858E-15
1512.0          6.6613E-16
1513.0          6.6613E-16
1514.0          -8.8818E-16
1515.0          3.7748E-15
1516.0          6.6613E-16
1517.0          -1.1102E-15
1518.0          3.3307E-15
1519.0          -3.3307E-15
1520.0          1.1102E-15
1521.0          -2.2204E-16
1522.0          -2.6645E-15
1523.0          4.4409E-16
1524.0          2.1094E-15
1525.0          2.9976E-15
1526.0          6.1062E-15
1527.0          6.5503E-15
1528.0          4.7740E-15
1529.0          -1.3323E-15
1530.0          1.1102E-16
1531.0          7.7716E-16
1532.0          -4.4409E-16
1533.0          6.3283E-15
1534.0          1.1102E-15
1535.0          1.2212E-15
1536.0          -6.6613E-16
1537.0          2.3315E-15
1538.0          7.7716E-16
1539.0          4.6629E-15
1540.0          -4.4409E-16
1541.0          -2.2204E-16
1542.0          3.3307E-16
1543.0          5.5511E-16
1544.0          8.8818E-16
1545.0          -2.2204E-16
1546.0          8.8818E-16
1547.0          1.3323E-15
1548.0          -6.6613E-16
1549.0          4.4409E-16
1550.0          1.1102E-16
1551.0          1.4433E-15
1552.0          2.9976E-15
1553.0          1.3323E-15
1554.0          7.7716E-16
1555.0          0.0000
1556.0          3.4417E-15
1557.0          -1.1102E-15
1558.0          -2.2204E-16
1559.0          1.8874E-15
1560.0          3.4417E-15
1561.0          1.1102E-15
1562.0          4.4409E-15
1563.0          1.8874E-15
1564.0          -2.2204E-15
1565.0          -6.6613E-16
1566.0          -1.7764E-15
1567.0          6.6613E-16
1568.0          3.1086E-15
1569.0          -4.4409E-16
1570.0          2.3315E-15
1571.0          0.0000
1572.0          9.9920E-16
1573.0          1.3323E-15
1574.0          -2.2204E-16
1575.0          -8.8818E-16
1576.0          8.8818E-16
1577.0          3.4417E-15
1578.0          7.7716E-16
1579.0          -1.1102E-15
1580.0          -2.6645E-15
1581.0          -6.6613E-16
1582.0          -4.4409E-16
1583.0          1.1102E-15
1584.0          6.6613E-16
1585.0          5.5511E-16
1586.0          -8.8818E-16
1587.0          1.5543E-15
1588.0          9.9920E-16
1589.0          -2.8866E-15
1590.0          -1.7764E-15
1591.0          1.5543E-15
1592.0          2.8866E-15
1593.0          3.2196E-15
1594.0          1.1102E-15
1595.0          5.3291E-15
1596.0          -1.3323E-15
1597.0          1.2212E-15
1598.0          -8.8818E-16
1599.0          -1.9984E-15
1600.0          1.7764E-15
1601.0          9.9920E-16
1602.0          6.6613E-16
1603.0          2.8866E-15
1604.0          1.3323E-15
1605.0          -8.8818E-16
1606.0          -1.5543E-15
1607.0          1.1102E-16
1608.0          1.8874E-15
1609.0          0.0000
1610.0          1.1102E-16
1611.0          -1.3323E-15
1612.0          3.7748E-15
1613.0          5.5511E-16
1614.0          2.5535E-15
1615.0          -1.3323E-15
1616.0          -8.8818E-16
1617.0          -1.5543E-15
1618.0          1.4433E-15
1619.0          -6.6613E-16
1620.0          -1.1102E-15
1621.0          1.6653E-15
1622.0          -1.5543E-15
1623.0          -8.8818E-16
1624.0          -2.2204E-16
1625.0          -1.3323E-15
1626.0          1.1102E-15
1627.0          1.3323E-15
1628.0          1.5543E-15
1629.0          0.0000
1630.0          2.9976E-15
1631.0          -1.3323E-15
1632.0          2.7756E-15
1633.0          -3.3307E-15
1634.0          8.4377E-15
1635.0          2.9976E-15
1636.0          1.3323E-15
1637.0          1.7764E-15
1638.0          1.4433E-15
1639.0          2.6645E-15
1640.0          -4.4409E-15
1641.0          -3.1086E-15
1642.0          2.8866E-15
1643.0          2.4425E-15
1644.0          2.4425E-15
1645.0          -1.3323E-15
1646.0          5.7732E-15
1647.0          -6.6613E-16
1648.0          -3.5527E-15
1649.0          5.6621E-15
1650.0          2.4425E-15
