1400.0          0.32610
1401.0          0.32084
1402.0          0.31538
1403.0          0.30962
1404.0          0.30342
1405.0          0.29658
1406.0          0.28878
1407.0          0.27947
1408.0          0.26769
1409.0          0.25150
1410.0          0.22634
1411.0          0.17890
1412.0          0.063417
1413.0          0.93103
1414.0          0.50338
1415.0          0.41263
1416.0          0.37528
1417.0          0.35433
1418.0          0.34048
1419.0          0.33035
1420.0          0.32241
1421.0          0.31589
1422.0          0.31033
1423.0          0.30547
1424.0          0.30113
1425.0          0.29719
1426.0          0.29356
1427.0          0.29020
1428.0          0.28706
1429.0          0.28410
1430.0          0.28130
1431.0          0.27864
1432.0          0.27609
1433.0          0.27366
1434.0          0.27133
1435.0          0.26908
1436.0          0.26692
1437.0          0.26484
1438.0          0.26282
1439.0          0.26088
1440.0          0.25900
1441.0          0.25718
1442.0          0.25541
1443.0          0.25370
1444.0          0.25205
1445.0          0.25045
1446.0          0.24889
1447.0          0.24739
1448.0          0.24593
1449.0          0.24451
1450.0          0.24315
1451.0          0.24182
1452.0          0.24054
1453.0          0.23931
1454.0          0.23811
1455.0          0.23696
1456.0          0.23584
1457.0          0.23477
1458.0          0.23374
1459.0          0.23275
1460.0          0.23179
1461.0          0.23088
1462.0          0.23001
1463.0          0.22917
1464.0          0.22838
1465.0          0.22762
1466.0          0.22691
1467.0          0.22623
1468.0          0.22560
1469.0          0.22500
1470.0          0.22444
1471.0          0.22393
1472.0          0.22345
1473.0          0.22302
1474.0          0.22262
1475.0          0.22227
1476.0          0.22196
1477.0          0.22169
1478.0          0.22147
1479.0          0.22128
1480.0          0.22115
1481.0          0.22105
1482.0          0.22100
1483.0          0.22100
1484.0          0.22104
1485.0          0.22113
1486.0          0.22127
1487.0          0.22146
1488.0          0.22170
1489.0          0.22199
1490.0          0.22233
1491.0          0.22272
1492.0          0.22317
1493.0          0.22368
1494.0          0.22424
1495.0          0.22486
1496.0          0.22554
1497.0          0.22628
1498.0          0.22709
1499.0          0.22796
1500.0          0.22889
1501.0          0.22990
1502.0          0.23097
1503.0          0.23212
1504.0          0.23334
1505.0          0.23464
1506.0          0.23601
1507.0          0.23747
1508.0          0.23902
1509.0          0.24065
1510.0          0.24237
1511.0          0.24418
1512.0          0.24609
1513.0          0.24810
1514.0          0.25021
1515.0          0.25242
1516.0          0.25475
1517.0          0.25719
1518.0          0.25975
1519.0          0.26243
1520.0          0.26523
1521.0          0.26817
1522.0          0.27124
1523.0          0.27446
1524.0          0.27781
1525.0          0.28132
1526.0          0.28499
1527.0          0.28881
1528.0          0.29281
1529.0          0.29698
1530.0          0.30133
1531.0          0.30586
1532.0          0.31059
1533.0          0.31551
1534.0          0.32065
1535.0          0.32599
1536.0          0.33156
1537.0          0.33735
1538.0          0.34338
1539.0          0.34966
1540.0          0.35618
1541.0          0.36296
1542.0          0.37001
1543.0          0.37732
1544.0          0.38492
1545.0          0.39280
1546.0          0.40098
1547.0          0.40946
1548.0          0.41824
1549.0          0.42733
1550.0          0.43675
1551.0          0.44648
1552.0          0.45653
1553.0          0.46692
1554.0          0.47763
1555.0          0.48867
1556.0          0.50005
1557.0          0.51175
1558.0          0.52377
1559.0          0.53612
1560.0          0.54877
1561.0          0.56173
1562.0          0.57498
1563.0          0.58851
1564.0          0.60230
1565.0          0.61634
1566.0          0.63060
1567.0          0.64507
1568.0          0.65971
1569.0          0.67450
1570.0          0.68941
1571.0          0.70440
1572.0          0.71944
1573.0          0.73449
1574.0          0.74950
1575.0          0.76445
1576.0          0.77928
1577.0          0.79395
1578.0          0.80841
1579.0          0.82262
1580.0          0.83653
1581.0          0.85010
1582.0          0.86327
1583.0          0.87602
1584.0          0.88828
1585.0          0.90004
1586.0          0.91124
1587.0          0.92185
1588.0          0.93185
1589.0          0.94121
1590.0          0.94991
1591.0          0.95792
1592.0          0.96523
1593.0          0.97184
1594.0          0.97774
1595.0          0.98292
1596.0          0.98739
1597.0          0.99116
1598.0          0.99424
1599.0          0.99664
1600.0          0.99839
1601.0          0.99949
1602.0          0.99997
1603.0          0.99986
1604.0          0.99919
1605.0          0.99798
1606.0          0.99626
1607.0          0.99406
1608.0          0.99141
1609.0          0.98834
1610.0          0.98489
1611.0          0.98108
1612.0          0.97694
1613.0          0.97250
1614.0          0.96780
1615.0          0.96284
1616.0          0.95767
1617.0          0.95231
1618.0          0.94678
1619.0          0.94110
1620.0          0.93530
1621.0          0.92939
1622.0          0.92340
1623.0          0.91734
1624.0          0.91122
1625.0          0.90507
1626.0          0.89889
1627.0          0.89271
1628.0          0.88652
1629.0          0.88035
1630.0          0.87420
1631.0          0.86808
1632.0          0.86199
1633.0          0.85596
1634.0          0.84998
1635.0          0.84405
1636.0          0.83819
1637.0          0.83240
1638.0          0.82668
1639.0          0.82103
1640.0          0.81546
1641.0          0.80998
1642.0          0.80457
1643.0          0.79925
1644.0          0.79402
1645.0          0.78888
1646.0          0.78382
1647.0          0.77885
1648.0          0.77397
1649.0          0.76918
1650.0          0.76448
1400.0          0.67390
1401.0          0.67916
1402.0          0.68462
1403.0          0.69038
1404.0          0.69658
1405.0          0.70342
1406.0          0.71122
1407.0          0.72053
1408.0          0.73231
1409.0          0.74850
1410.0          0.77366
1411.0          0.82110
1412.0          0.93658
1413.0          0.068971
1414.0          0.49662
1415.0          0.58737
1416.0          0.62472
1417.0          0.64567
1418.0          0.65952
1419.0          0.66965
1420.0          0.67759
1421.0          0.68411
1422.0          0.68967
1423.0          0.69453
1424.0          0.69887
1425.0          0.70281
1426.0          0.70644
1427.0          0.70980
1428.0          0.71294
1429.0          0.71590
1430.0          0.71870
1431.0          0.72136
1432.0          0.72391
1433.0          0.72634
1434.0          0.72867
1435.0          0.73092
1436.0          0.73308
1437.0          0.73516
1438.0          0.73718
1439.0          0.73912
1440.0          0.74100
1441.0          0.74282
1442.0          0.74459
1443.0          0.74630
1444.0          0.74795
1445.0          0.74955
1446.0          0.75111
1447.0          0.75261
1448.0          0.75407
1449.0          0.75549
1450.0          0.75685
1451.0          0.75818
1452.0          0.75946
1453.0          0.76069
1454.0          0.76189
1455.0          0.76304
1456.0          0.76416
1457.0          0.76523
1458.0          0.76626
1459.0          0.76725
1460.0          0.76821
1461.0          0.76912
1462.0          0.76999
1463.0          0.77083
1464.0          0.77162
1465.0          0.77238
1466.0          0.77309
1467.0          0.77377
1468.0          0.77440
1469.0          0.77500
1470.0          0.77556
1471.0          0.77607
1472.0          0.77655
1473.0          0.77698
1474.0          0.77738
1475.0          0.77773
1476.0          0.77804
1477.0          0.77831
1478.0          0.77853
1479.0          0.77872
1480.0          0.77885
1481.0          0.77895
1482.0          0.77900
1483.0          0.77900
1484.0          0.77896
1485.0          0.77887
1486.0          0.77873
1487.0          0.77854
1488.0          0.77830
1489.0          0.77801
1490.0          0.77767
1491.0          0.77728
1492.0          0.77683
1493.0          0.77632
1494.0          0.77576
1495.0          0.77514
1496.0          0.77446
1497.0          0.77372
1498.0          0.77291
1499.0          0.77204
1500.0          0.77111
1501.0          0.77010
1502.0          0.76903
1503.0          0.76788
1504.0          0.76666
1505.0          0.76536
1506.0          0.76399
1507.0          0.76253
1508.0          0.76098
1509.0          0.75935
1510.0          0.75763
1511.0          0.75582
1512.0          0.75391
1513.0          0.75190
1514.0          0.74979
1515.0          0.74758
1516.0          0.74525
1517.0          0.74281
1518.0          0.74025
1519.0          0.73757
1520.0          0.73477
1521.0          0.73183
1522.0          0.72876
1523.0          0.72554
1524.0          0.72219
1525.0          0.71868
1526.0          0.71501
1527.0          0.71119
1528.0          0.70719
1529.0          0.70302
1530.0          0.69867
1531.0          0.69414
1532.0          0.68941
1533.0          0.68449
1534.0          0.67935
1535.0          0.67401
1536.0          0.66844
1537.0          0.66265
1538.0          0.65662
1539.0          0.65034
1540.0          0.64382
1541.0          0.63704
1542.0          0.62999
1543.0          0.62268
1544.0          0.61508
1545.0          0.60720
1546.0          0.59902
1547.0          0.59054
1548.0          0.58176
1549.0          0.57267
1550.0          0.56325
1551.0          0.55352
1552.0          0.54347
1553.0          0.53308
1554.0          0.52237
1555.0          0.51133
1556.0          0.49995
1557.0          0.48825
1558.0          0.47623
1559.0          0.46388
1560.0          0.45123
1561.0          0.43827
1562.0          0.42502
1563.0          0.41149
1564.0          0.39770
1565.0          0.38366
1566.0          0.36940
1567.0          0.35493
1568.0          0.34029
1569.0          0.32550
1570.0          0.31059
1571.0          0.29560
1572.0          0.28056
1573.0          0.26551
1574.0          0.25050
1575.0          0.23555
1576.0          0.22072
1577.0          0.20605
1578.0          0.19159
1579.0          0.17738
1580.0          0.16347
1581.0          0.14990
1582.0          0.13673
1583.0          0.12398
1584.0          0.11172
1585.0          0.099964
1586.0          0.088763
1587.0          0.078147
1588.0          0.068146
1589.0          0.058788
1590.0          0.050094
1591.0          0.042083
1592.0          0.034768
1593.0          0.028160
1594.0          0.022264
1595.0          0.017081
1596.0          0.012608
1597.0          0.0088366
1598.0          0.0057575
1599.0          0.0033559
1600.0          0.0016144
1601.0          5.1293E-4
1602.0          2.8638E-5
1603.0          1.3674E-4
1604.0          8.1063E-4
1605.0          0.0020223
1606.0          0.0037427
1607.0          0.0059418
1608.0          0.0085895
1609.0          0.011655
1610.0          0.015108
1611.0          0.018919
1612.0          0.023058
1613.0          0.027495
1614.0          0.032204
1615.0          0.037156
1616.0          0.042325
1617.0          0.047687
1618.0          0.053219
1619.0          0.058896
1620.0          0.064699
1621.0          0.070606
1622.0          0.076600
1623.0          0.082663
1624.0          0.088778
1625.0          0.094931
1626.0          0.10111
1627.0          0.10729
1628.0          0.11348
1629.0          0.11965
1630.0          0.12580
1631.0          0.13192
1632.0          0.13801
1633.0          0.14404
1634.0          0.15002
1635.0          0.15595
1636.0          0.16181
1637.0          0.16760
1638.0          0.17332
1639.0          0.17897
1640.0          0.18454
1641.0          0.19002
1642.0          0.19543
1643.0          0.20075
1644.0          0.20598
1645.0          0.21112
1646.0          0.21618
1647.0          0.22115
1648.0          0.22603
1649.0          0.23082
1650.0          0.23552
1400.0          1.0000
1401.0          1.0000
1402.0          1.0000
1403.0          1.0000
1404.0          1.0000
1405.0          1.0000
1406.0          1.0000
1407.0          1.0000
1408.0          1.0000
1409.0          1.0000
1410.0          1.0000
1411.0          1.0000
1412.0          1.0000
1413.0          1.0000
1414.0          1.0000
1415.0          1.0000
1416.0          1.0000
1417.0          1.0000
1418.0          1.0000
1419.0          1.0000
1420.0          1.0000
1421.0          1.0000
1422.0          1.0000
1423.0          1.0000
1424.0          1.0000
1425.0          1.0000
1426.0          1.0000
1427.0          1.0000
1428.0          1.0000
1429.0          1.0000
1430.0          1.0000
1431.0          1.0000
1432.0          1.0000
1433.0          1.0000
1434.0          1.0000
1435.0          1.0000
1436.0          1.0000
1437.0          1.0000
1438.0          1.0000
1439.0          1.0000
1440.0          1.0000
1441.0          1.0000
1442.0          1.0000
1443.0          1.0000
1444.0          1.0000
1445.0          1.0000
1446.0          1.0000
1447.0          1.0000
1448.0          1.0000
1449.0          1.0000
1450.0          1.0000
1451.0          1.0000
1452.0          1.0000
1453.0          1.0000
1454.0          1.0000
1455.0          1.0000
1456.0          1.0000
1457.0          1.0000
1458.0          1.0000
1459.0          1.0000
1460.0          1.0000
1461.0          1.0000
1462.0          1.0000
1463.0          1.0000
1464.0          1.0000
1465.0          1.0000
1466.0          1.0000
1467.0          1.0000
1468.0          1.0000
1469.0          1.0000
1470.0          1.0000
1471.0          1.0000
1472.0          1.0000
1473.0          1.0000
1474.0          1.0000
1475.0          1.0000
1476.0          1.0000
1477.0          1.0000
1478.0          1.0000
1479.0          1.0000
1480.0          1.0000
1481.0          1.0000
1482.0          1.0000
1483.0          1.0000
1484.0          1.0000
1485.0          1.0000
1486.0          1.0000
1487.0          1.0000
1488.0          1.0000
1489.0          1.0000
1490.0          1.0000
1491.0          1.0000
1492.0          1.0000
1493.0          1.0000
1494.0          1.0000
1495.0          1.0000
1496.0          1.0000
1497.0          1.0000
1498.0          1.0000
1499.0          1.0000
1500.0          1.0000
1501.0          1.0000
1502.0          1.0000
1503.0          1.0000
1504.0          1.0000
1505.0          1.0000
1506.0          1.0000
1507.0          1.0000
1508.0          1.0000
1509.0          1.0000
1510.0          1.0000
1511.0          1.0000
1512.0          1.0000
1513.0          1.0000
1514.0          1.0000
1515.0          1.0000
1516.0          1.0000
1517.0          1.0000
1518.0          1.0000
1519.0          1.0000
1520.0          1.0000
1521.0          1.0000
1522.0          1.0000
1523.0          1.0000
1524.0          1.0000
1525.0          1.0000
1526.0          1.0000
1527.0          1.0000
1528.0          1.0000
1529.0          1.0000
1530.0          1.0000
1531.0          1.0000
1532.0          1.0000
1533.0          1.0000
1534.0          1.0000
1535.0          1.0000
1536.0          1.0000
1537.0          1.0000
1538.0          1.0000
1539.0          1.0000
1540.0          1.0000
1541.0          1.0000
1542.0          1.0000
1543.0          1.0000
1544.0          1.0000
1545.0          1.0000
1546.0          1.0000
1547.0          1.0000
1548.0          1.0000
1549.0          1.0000
1550.0          1.0000
1551.0          1.0000
1552.0          1.0000
1553.0          1.0000
1554.0          1.0000
1555.0          1.0000
1556.0          1.0000
1557.0          1.0000
1558.0          1.0000
1559.0          1.0000
1560.0          1.0000
1561.0          1.0000
1562.0          1.0000
1563.0          1.0000
1564.0          1.0000
1565.0          1.0000
1566.0          1.0000
1567.0          1.0000
1568.0          1.0000
1569.0          1.0000
1570.0          1.0000
1571.0          1.0000
1572.0          1.0000
1573.0          1.0000
1574.0          1.0000
1575.0          1.0000
1576.0          1.0000
1577.0          1.0000
1578.0          1.0000
1579.0          1.0000
1580.0          1.0000
1581.0          1.0000
1582.0          1.0000
1583.0          1.0000
1584.0          1.0000
1585.0          1.0000
1586.0          1.0000
1587.0          1.0000
1588.0          1.0000
1589.0          1.0000
1590.0          1.0000
1591.0          1.0000
1592.0          1.0000
1593.0          1.0000
1594.0          1.0000
1595.0          1.0000
1596.0          1.0000
1597.0          1.0000
1598.0          1.0000
1599.0          1.0000
1600.0          1.0000
1601.0          1.0000
1602.0          1.0000
1603.0          1.0000
1604.0          1.0000
1605.0          1.0000
1606.0          1.0000
1607.0          1.0000
1608.0          1.0000
1609.0          1.0000
1610.0          1.0000
1611.0          1.0000
1612.0          1.0000
1613.0          1.0000
1614.0          1.0000
1615.0          1.0000
1616.0          1.0000
1617.0          1.0000
1618.0          1.0000
1619.0          1.0000
1620.0          1.0000
1621.0          1.0000
1622.0          1.0000
1623.0          1.0000
1624.0          1.0000
1625.0          1.0000
1626.0          1.0000
1627.0          1.0000
1628.0          1.0000
1629.0          1.0000
1630.0          1.0000
1631.0          1.0000
1632.0          1.0000
1633.0          1.0000
1634.0          1.0000
1635.0          1.0000
1636.0          1.0000
1637.0          1.0000
1638.0          1.0000
1639.0          1.0000
1640.0          1.0000
1641.0          1.0000
1642.0          1.0000
1643.0          1.0000
1644.0          1.0000
1645.0          1.0000
1646.0          1.0000
1647.0          1.0000
1648.0          1.0000
1649.0          1.0000
1650.0          1.0000
1400.0          2.4425E-15
1401.0          2.2204E-16
1402.0          -3.9968E-15
1403.0          0.0000
1404.0          -3.3307E-15
1405.0          -4.4409E-16
1406.0          -1.1102E-15
1407.0          5.5511E-15
1408.0          -3.9968E-15
1409.0          -2.2204E-15
1410.0          -1.5543E-15
1411.0          -4.4409E-15
1412.0          2.5535E-14
1413.0          -2.8533E-13
1414.0          -5.3291E-15
1415.0          4.2188E-15
1416.0          -1.3323E-15
1417.0          -1.7764E-15
1418.0          -4.2188E-15
1419.0          -2.8866E-15
1420.0          2.9976E-15
1421.0          -1.5543E-15
1422.0          -1.3323E-15
1423.0          8.8818E-16
1424.0          1.5543E-15
1425.0          -1.3323E-15
1426.0          -6.2172E-15
1427.0          -4.4409E-15
1428.0          0.0000
1429.0          -6.6613E-16
1430.0          -2.4425E-15
1431.0          2.6645E-15
1432.0          0.0000
1433.0          -2.2204E-16
1434.0          4.9960E-15
1435.0          -5.3291E-15
1436.0          -2.6645E-15
1437.0          -1.9984E-15
1438.0          1.8874E-15
1439.0          -2.8866E-15
1440.0          1.7764E-15
1441.0          -3.1086E-15
1442.0          2.2204E-16
1443.0          -3.3307E-15
1444.0          2.2204E-16
1445.0          -8.8818E-16
1446.0          -1.7764E-15
1447.0          1.4433E-15
1448.0          -1.9984E-15
1449.0          3.8858E-15
1450.0          3.5527E-15
1451.0          6.6613E-16
1452.0          -2.6645E-15
1453.0          -4.4409E-16
1454.0          -1.5543E-15
1455.0          2.6645E-15
1456.0          -2.2204E-15
1457.0          -1.9984E-15
1458.0          6.6613E-16
1459.0          -1.5543E-15
1460.0          3.8858E-15
1461.0          -5.3291E-15
1462.0          0.0000
1463.0          2.2204E-15
1464.0          -1.7764E-15
1465.0          3.4417E-15
1466.0          -4.4409E-16
1467.0          4.4409E-16
1468.0          -4.4409E-16
1469.0          -1.9984E-15
1470.0          8.8818E-16
1471.0          -8.8818E-16
1472.0          2.6645E-15
1473.0          2.3315E-15
1474.0          3.3307E-15
1475.0          -2.2204E-16
1476.0          -2.6645E-15
1477.0          -1.7764E-15
1478.0          2.2204E-16
1479.0          -2.2204E-16
1480.0          -1.3323E-15
1481.0          1.8874E-15
1482.0          -4.4409E-15
1483.0          8.8818E-16
1484.0          1.7764E-15
1485.0          2.7756E-15
1486.0          -3.1086E-15
1487.0          -1.5543E-15
1488.0          4.9960E-15
1489.0          -1.1102E-15
1490.0          -1.9984E-15
1491.0          -8.8818E-16
1492.0          -3.9968E-15
1493.0          -4.2188E-15
1494.0          -1.7764E-15
1495.0          2.2204E-15
1496.0          2.4425E-15
1497.0          2.2204E-15
1498.0          4.4409E-16
1499.0          -2.8866E-15
1500.0          -2.2204E-16
1501.0          1.4433E-15
1502.0          -1.9984E-15
1503.0          -2.2204E-16
1504.0          4.4409E-16
1505.0          -6.6613E-16
1506.0          -2.8866E-15
1507.0          8.8818E-16
1508.0          1.9984E-15
1509.0          -2.8866E-15
1510.0          3.3307E-15
1511.0          -5.1070E-15
1512.0          -2.6645E-15
1513.0          6.6613E-15
1514.0          -2.2204E-15
1515.0          -1.1102E-15
1516.0          6.6613E-16
1517.0          2.8866E-15
1518.0          -2.8866E-15
1519.0          2.4425E-15
1520.0          2.8866E-15
1521.0          1.9984E-15
1522.0          8.8818E-16
1523.0          -2.2204E-16
1524.0          -5.9952E-15
1525.0          -1.3323E-15
1526.0          1.9984E-15
1527.0          -3.5527E-15
1528.0          -2.2204E-15
1529.0          -6.2172E-15
1530.0          -3.1086E-15
1531.0          -2.2204E-15
1532.0          0.0000
1533.0          5.5511E-16
1534.0          1.9984E-15
1535.0          -6.2172E-15
1536.0          -2.8866E-15
1537.0          -2.6645E-15
1538.0          1.7764E-15
1539.0          -1.7764E-15
1540.0          2.8866E-15
1541.0          -4.4409E-16
1542.0          -7.5495E-15
1543.0          8.1046E-15
1544.0          2.8866E-15
1545.0          -2.2204E-15
1546.0          -1.3323E-15
1547.0          -2.8866E-15
1548.0          2.6645E-15
1549.0          -2.2204E-16
1550.0          -3.3307E-15
1551.0          1.5543E-15
1552.0          -3.7748E-15
1553.0          2.2204E-15
1554.0          -4.8850E-15
1555.0          5.9952E-15
1556.0          -6.6613E-15
1557.0          2.4425E-15
1558.0          1.8874E-15
1559.0          1.7764E-15
1560.0          3.9968E-15
1561.0          -4.4409E-15
1562.0          -3.9968E-15
1563.0          1.1102E-15
1564.0          1.9984E-15
1565.0          3.3307E-15
1566.0          1.1102E-16
1567.0          9.7700E-15
1568.0          1.9984E-15
1569.0          5.6621E-15
1570.0          -1.0214E-14
1571.0          3.1086E-15
1572.0          9.9920E-15
1573.0          -8.8818E-16
1574.0          -1.1102E-15
1575.0          0.0000
1576.0          1.2212E-14
1577.0          -2.2204E-15
1578.0          6.3283E-15
1579.0          6.1062E-15
1580.0          -8.4377E-15
1581.0          -1.3323E-15
1582.0          4.6629E-15
1583.0          -1.2434E-14
1584.0          9.2149E-15
1585.0          4.4409E-16
1586.0          4.8850E-15
1587.0          4.2188E-15
1588.0          3.2196E-15
1589.0          4.2188E-15
1590.0          -5.7732E-15
1591.0          -9.5479E-15
1592.0          0.0000
1593.0          -1.1768E-14
1594.0          4.1078E-15
1595.0          6.4393E-15
1596.0          7.3275E-15
1597.0          8.5487E-15
1598.0          1.4433E-15
1599.0          6.2172E-15
1600.0          1.7764E-15
1601.0          5.8842E-15
1602.0          6.5503E-15
1603.0          -3.9968E-15
1604.0          6.6613E-16
1605.0          9.2149E-15
1606.0          -9.9920E-15
1607.0          5.4401E-15
1608.0          1.4433E-15
1609.0          -1.4877E-14
1610.0          1.1102E-16
1611.0          3.3307E-15
1612.0          -4.2188E-15
1613.0          -3.3307E-15
1614.0          -3.9968E-15
1615.0          -1.5543E-15
1616.0          2.2204E-15
1617.0          8.8818E-16
1618.0          6.2172E-15
1619.0          4.5519E-15
1620.0          -1.1102E-15
1621.0          1.1102E-15
1622.0          3.7748E-15
1623.0          -7.5495E-15
1624.0          1.2212E-15
1625.0          9.9920E-16
1626.0          5.1070E-15
1627.0          -4.4409E-16
1628.0          4.5519E-15
1629.0          2.7756E-15
1630.0          7.1054E-15
1631.0          1.8874E-15
1632.0          2.1094E-15
1633.0          -6.6613E-16
1634.0          8.8818E-16
1635.0          1.1102E-15
1636.0          -8.8818E-16
1637.0          -1.3323E-15
1638.0          0.0000
1639.0          1.7764E-15
1640.0          -4.4409E-15
1641.0          -2.2204E-16
1642.0          7.7716E-16
1643.0          6.6613E-16
1644.0          1.2212E-15
1645.0          9.9920E-16
1646.0          -1.7764E-15
1647.0          -7.1054E-15
1648.0          2.3315E-15
1649.0          -3.1086E-15
1650.0          1.6653E-15
