1400.0          0.42394
1401.0          0.42456
1402.0          0.42515
1403.0          0.42571
1404.0          0.42623
1405.0          0.42673
1406.0          0.42719
1407.0          0.42763
1408.0          0.42803
1409.0          0.42839
1410.0          0.42873
1411.0          0.42903
1412.0          0.42930
1413.0          0.42953
1414.0          0.42973
1415.0          0.42990
1416.0          0.43003
1417.0          0.43012
1418.0          0.43018
1419.0          0.43020
1420.0          0.43018
1421.0          0.43013
1422.0          0.43003
1423.0          0.42990
1424.0          0.42972
1425.0          0.42951
1426.0          0.42925
1427.0          0.42896
1428.0          0.42862
1429.0          0.42823
1430.0          0.42780
1431.0          0.42732
1432.0          0.42680
1433.0          0.42623
1434.0          0.42561
1435.0          0.42494
1436.0          0.42422
1437.0          0.42345
1438.0          0.42262
1439.0          0.42174
1440.0          0.42080
1441.0          0.41980
1442.0          0.41874
1443.0          0.41762
1444.0          0.41644
1445.0          0.41519
1446.0          0.41387
1447.0          0.41249
1448.0          0.41103
1449.0          0.40950
1450.0          0.40789
1451.0          0.40620
1452.0          0.40444
1453.0          0.40258
1454.0          0.40064
1455.0          0.39861
1456.0          0.39649
1457.0          0.39426
1458.0          0.39194
1459.0          0.38951
1460.0          0.38697
1461.0          0.38432
1462.0          0.38155
1463.0          0.37865
1464.0          0.37562
1465.0          0.37247
1466.0          0.36917
1467.0          0.36572
1468.0          0.36212
1469.0          0.35836
1470.0          0.35443
1471.0          0.35033
1472.0          0.34604
1473.0          0.34156
1474.0          0.33688
1475.0          0.33199
1476.0          0.32687
1477.0          0.32152
1478.0          0.31593
1479.0          0.31008
1480.0          0.30396
1481.0          0.29755
1482.0          0.29085
1483.0          0.28384
1484.0          0.27650
1485.0          0.26882
1486.0          0.26078
1487.0          0.25237
1488.0          0.24357
1489.0          0.23438
1490.0          0.22476
1491.0          0.21473
1492.0          0.20425
1493.0          0.19335
1494.0          0.18200
1495.0          0.17023
1496.0          0.15805
1497.0          0.14550
1498.0          0.13263
1499.0          0.11951
1500.0          0.10624
1501.0          0.092966
1502.0          0.079879
1503.0          0.067229
1504.0          0.055339
1505.0          0.044623
1506.0          0.035604
1507.0          0.028924
1508.0          0.025360
1509.0          0.025824
1510.0          0.031350
1511.0          0.043054
1512.0          0.062064
1513.0          0.089402
1514.0          0.12584
1515.0          0.17172
1516.0          0.22678
1517.0          0.29005
1518.0          0.35982
1519.0          0.43377
1520.0          0.50922
1521.0          0.58344
1522.0          0.65396
1523.0          0.71882
1524.0          0.77670
1525.0          0.82693
1526.0          0.86939
1527.0          0.90437
1528.0          0.93248
1529.0          0.95446
1530.0          0.97110
1531.0          0.98322
1532.0          0.99154
1533.0          0.99674
1534.0          0.99938
1535.0          0.99997
1536.0          0.99893
1537.0          0.99659
1538.0          0.99325
1539.0          0.98914
1540.0          0.98444
1541.0          0.97932
1542.0          0.97389
1543.0          0.96826
1544.0          0.96250
1545.0          0.95668
1546.0          0.95085
1547.0          0.94504
1548.0          0.93929
1549.0          0.93362
1550.0          0.92804
1551.0          0.92258
1552.0          0.91724
1553.0          0.91202
1554.0          0.90693
1555.0          0.90198
1556.0          0.89716
1557.0          0.89248
1558.0          0.88793
1559.0          0.88351
1560.0          0.87922
1561.0          0.87506
1562.0          0.87101
1563.0          0.86709
1564.0          0.86328
1565.0          0.85959
1566.0          0.85600
1567.0          0.85252
1568.0          0.84914
1569.0          0.84586
1570.0          0.84268
1571.0          0.83958
1572.0          0.83658
1573.0          0.83365
1574.0          0.83081
1575.0          0.82805
1576.0          0.82537
1577.0          0.82275
1578.0          0.82021
1579.0          0.81774
1580.0          0.81533
1581.0          0.81299
1582.0          0.81070
1583.0          0.80847
1584.0          0.80630
1585.0          0.80419
1586.0          0.80213
1587.0          0.80011
1588.0          0.79815
1589.0          0.79623
1590.0          0.79436
1591.0          0.79253
1592.0          0.79075
1593.0          0.78901
1594.0          0.78730
1595.0          0.78563
1596.0          0.78401
1597.0          0.78241
1598.0          0.78085
1599.0          0.77933
1600.0          0.77783
1601.0          0.77637
1602.0          0.77494
1603.0          0.77353
1604.0          0.77216
1605.0          0.77081
1606.0          0.76949
1607.0          0.76819
1608.0          0.76692
1609.0          0.76568
1610.0          0.76445
1611.0          0.76325
1612.0          0.76207
1613.0          0.76092
1614.0          0.75978
1615.0          0.75866
1616.0          0.75756
1617.0          0.75649
1618.0          0.75543
1619.0          0.75439
1620.0          0.75336
1621.0          0.75235
1622.0          0.75136
1623.0          0.75039
1624.0          0.74943
1625.0          0.74848
1626.0          0.74755
1627.0          0.74663
1628.0          0.74573
1629.0          0.74484
1630.0          0.74397
1631.0          0.74310
1632.0          0.74225
1633.0          0.74141
1634.0          0.74059
1635.0          0.73977
1636.0          0.73897
1637.0          0.73817
1638.0          0.73739
1639.0          0.73662
1640.0          0.73586
1641.0          0.73510
1642.0          0.73436
1643.0          0.73363
1644.0          0.73290
1645.0          0.73219
1646.0          0.73148
1647.0          0.73078
1648.0          0.73009
1649.0          0.72941
1650.0          0.72873
1400.0          0.57606
1401.0          0.57544
1402.0          0.57485
1403.0          0.57429
1404.0          0.57377
1405.0          0.57327
1406.0          0.57281
1407.0          0.57237
1408.0          0.57197
1409.0          0.57161
1410.0          0.57127
1411.0          0.57097
1412.0          0.57070
1413.0          0.57047
1414.0          0.57027
1415.0          0.57010
1416.0          0.56997
1417.0          0.56988
1418.0          0.56982
1419.0          0.56980
1420.0          0.56982
1421.0          0.56987
1422.0          0.56997
1423.0          0.57010
1424.0          0.57028
1425.0          0.57049
1426.0          0.57075
1427.0          0.57104
1428.0          0.57138
1429.0          0.57177
1430.0          0.57220
1431.0          0.57268
1432.0          0.57320
1433.0          0.57377
1434.0          0.57439
1435.0          0.57506
1436.0          0.57578
1437.0          0.57655
1438.0          0.57738
1439.0          0.57826
1440.0          0.57920
1441.0          0.58020
1442.0          0.58126
1443.0          0.58238
1444.0          0.58356
1445.0          0.58481
1446.0          0.58613
1447.0          0.58751
1448.0          0.58897
1449.0          0.59050
1450.0          0.59211
1451.0          0.59380
1452.0          0.59556
1453.0          0.59742
1454.0          0.59936
1455.0          0.60139
1456.0          0.60351
1457.0          0.60574
1458.0          0.60806
1459.0          0.61049
1460.0          0.61303
1461.0          0.61568
1462.0          0.61845
1463.0          0.62135
1464.0          0.62438
1465.0          0.62753
1466.0          0.63083
1467.0          0.63428
1468.0          0.63788
1469.0          0.64164
1470.0          0.64557
1471.0          0.64967
1472.0          0.65396
1473.0          0.65844
1474.0          0.66312
1475.0          0.66801
1476.0          0.67313
1477.0          0.67848
1478.0          0.68407
1479.0          0.68992
1480.0          0.69604
1481.0          0.70245
1482.0          0.70915
1483.0          0.71616
1484.0          0.72350
1485.0          0.73118
1486.0          0.73922
1487.0          0.74763
1488.0          0.75643
1489.0          0.76562
1490.0          0.77524
1491.0          0.78527
1492.0          0.79575
1493.0          0.80665
1494.0          0.81800
1495.0          0.82977
1496.0          0.84195
1497.0          0.85450
1498.0          0.86737
1499.0          0.88049
1500.0          0.89376
1501.0          0.90703
1502.0          0.92012
1503.0          0.93277
1504.0          0.94466
1505.0          0.95538
1506.0          0.96440
1507.0          0.97108
1508.0          0.97464
1509.0          0.97418
1510.0          0.96865
1511.0          0.95695
1512.0          0.93794
1513.0          0.91060
1514.0          0.87416
1515.0          0.82828
1516.0          0.77322
1517.0          0.70995
1518.0          0.64018
1519.0          0.56623
1520.0          0.49078
1521.0          0.41656
1522.0          0.34604
1523.0          0.28118
1524.0          0.22330
1525.0          0.17307
1526.0          0.13061
1527.0          0.095626
1528.0          0.067519
1529.0          0.045544
1530.0          0.028896
1531.0          0.016781
1532.0          0.0084579
1533.0          0.0032632
1534.0          6.1734E-4
1535.0          2.5440E-5
1536.0          0.0010709
1537.0          0.0034072
1538.0          0.0067489
1539.0          0.010862
1540.0          0.015558
1541.0          0.020681
1542.0          0.026108
1543.0          0.031741
1544.0          0.037499
1545.0          0.043320
1546.0          0.049154
1547.0          0.054962
1548.0          0.060713
1549.0          0.066384
1550.0          0.071958
1551.0          0.077421
1552.0          0.082764
1553.0          0.087981
1554.0          0.093066
1555.0          0.098018
1556.0          0.10284
1557.0          0.10752
1558.0          0.11207
1559.0          0.11649
1560.0          0.12078
1561.0          0.12494
1562.0          0.12899
1563.0          0.13291
1564.0          0.13672
1565.0          0.14041
1566.0          0.14400
1567.0          0.14748
1568.0          0.15086
1569.0          0.15414
1570.0          0.15732
1571.0          0.16042
1572.0          0.16342
1573.0          0.16635
1574.0          0.16919
1575.0          0.17195
1576.0          0.17463
1577.0          0.17725
1578.0          0.17979
1579.0          0.18226
1580.0          0.18467
1581.0          0.18701
1582.0          0.18930
1583.0          0.19153
1584.0          0.19370
1585.0          0.19581
1586.0          0.19787
1587.0          0.19989
1588.0          0.20185
1589.0          0.20377
1590.0          0.20564
1591.0          0.20747
1592.0          0.20925
1593.0          0.21099
1594.0          0.21270
1595.0          0.21437
1596.0          0.21599
1597.0          0.21759
1598.0          0.21915
1599.0          0.22067
1600.0          0.22217
1601.0          0.22363
1602.0          0.22506
1603.0          0.22647
1604.0          0.22784
1605.0          0.22919
1606.0          0.23051
1607.0          0.23181
1608.0          0.23308
1609.0          0.23432
1610.0          0.23555
1611.0          0.23675
1612.0          0.23793
1613.0          0.23908
1614.0          0.24022
1615.0          0.24134
1616.0          0.24244
1617.0          0.24351
1618.0          0.24457
1619.0          0.24561
1620.0          0.24664
1621.0          0.24765
1622.0          0.24864
1623.0          0.24961
1624.0          0.25057
1625.0          0.25152
1626.0          0.25245
1627.0          0.25337
1628.0          0.25427
1629.0          0.25516
1630.0          0.25603
1631.0          0.25690
1632.0          0.25775
1633.0          0.25859
1634.0          0.25941
1635.0          0.26023
1636.0          0.26103
1637.0          0.26183
1638.0          0.26261
1639.0          0.26338
1640.0          0.26414
1641.0          0.26490
1642.0          0.26564
1643.0          0.26637
1644.0          0.26710
1645.0          0.26781
1646.0          0.26852
1647.0          0.26922
1648.0          0.26991
1649.0          0.27059
1650.0          0.27127
1400.0          1.0000
1401.0          1.0000
1402.0          1.0000
1403.0          1.0000
1404.0          1.0000
1405.0          1.0000
1406.0          1.0000
1407.0          1.0000
1408.0          1.0000
1409.0          1.0000
1410.0          1.0000
1411.0          1.0000
1412.0          1.0000
1413.0          1.0000
1414.0          1.0000
1415.0          1.0000
1416.0          1.0000
1417.0          1.0000
1418.0          1.0000
1419.0          1.0000
1420.0          1.0000
1421.0          1.0000
1422.0          1.0000
1423.0          1.0000
1424.0          1.0000
1425.0          1.0000
1426.0          1.0000
1427.0          1.0000
1428.0          1.0000
1429.0          1.0000
1430.0          1.0000
1431.0          1.0000
1432.0          1.0000
1433.0          1.0000
1434.0          1.0000
1435.0          1.0000
1436.0          1.0000
1437.0          1.0000
1438.0          1.0000
1439.0          1.0000
1440.0          1.0000
1441.0          1.0000
1442.0          1.0000
1443.0          1.0000
1444.0          1.0000
1445.0          1.0000
1446.0          1.0000
1447.0          1.0000
1448.0          1.0000
1449.0          1.0000
1450.0          1.0000
1451.0          1.0000
1452.0          1.0000
1453.0          1.0000
1454.0          1.0000
1455.0          1.0000
1456.0          1.0000
1457.0          1.0000
1458.0          1.0000
1459.0          1.0000
1460.0          1.0000
1461.0          1.0000
1462.0          1.0000
1463.0          1.0000
1464.0          1.0000
1465.0          1.0000
1466.0          1.0000
1467.0          1.0000
1468.0          1.0000
1469.0          1.0000
1470.0          1.0000
1471.0          1.0000
1472.0          1.0000
1473.0          1.0000
1474.0          1.0000
1475.0          1.0000
1476.0          1.0000
1477.0          1.0000
1478.0          1.0000
1479.0          1.0000
1480.0          1.0000
1481.0          1.0000
1482.0          1.0000
1483.0          1.0000
1484.0          1.0000
1485.0          1.0000
1486.0          1.0000
1487.0          1.0000
1488.0          1.0000
1489.0          1.0000
1490.0          1.0000
1491.0          1.0000
1492.0          1.0000
1493.0          1.0000
1494.0          1.0000
1495.0          1.0000
1496.0          1.0000
1497.0          1.0000
1498.0          1.0000
1499.0          1.0000
1500.0          1.0000
1501.0          1.0000
1502.0          1.0000
1503.0          1.0000
1504.0          1.0000
1505.0          1.0000
1506.0          1.0000
1507.0          1.0000
1508.0          1.0000
1509.0          1.0000
1510.0          1.0000
1511.0          1.0000
1512.0          1.0000
1513.0          1.0000
1514.0          1.0000
1515.0          1.0000
1516.0          1.0000
1517.0          1.0000
1518.0          1.0000
1519.0          1.0000
1520.0          1.0000
1521.0          1.0000
1522.0          1.0000
1523.0          1.0000
1524.0          1.0000
1525.0          1.0000
1526.0          1.0000
1527.0          1.0000
1528.0          1.0000
1529.0          1.0000
1530.0          1.0000
1531.0          1.0000
1532.0          1.0000
1533.0          1.0000
1534.0          1.0000
1535.0          1.0000
1536.0          1.0000
1537.0          1.0000
1538.0          1.0000
1539.0          1.0000
1540.0          1.0000
1541.0          1.0000
1542.0          1.0000
1543.0          1.0000
1544.0          1.0000
1545.0          1.0000
1546.0          1.0000
1547.0          1.0000
1548.0          1.0000
1549.0          1.0000
1550.0          1.0000
1551.0          1.0000
1552.0          1.0000
1553.0          1.0000
1554.0          1.0000
1555.0          1.0000
1556.0          1.0000
1557.0          1.0000
1558.0          1.0000
1559.0          1.0000
1560.0          1.0000
1561.0          1.0000
1562.0          1.0000
1563.0          1.0000
1564.0          1.0000
1565.0          1.0000
1566.0          1.0000
1567.0          1.0000
1568.0          1.0000
1569.0          1.0000
1570.0          1.0000
1571.0          1.0000
1572.0          1.0000
1573.0          1.0000
1574.0          1.0000
1575.0          1.0000
1576.0          1.0000
1577.0          1.0000
1578.0          1.0000
1579.0          1.0000
1580.0          1.0000
1581.0          1.0000
1582.0          1.0000
1583.0          1.0000
1584.0          1.0000
1585.0          1.0000
1586.0          1.0000
1587.0          1.0000
1588.0          1.0000
1589.0          1.0000
1590.0          1.0000
1591.0          1.0000
1592.0          1.0000
1593.0          1.0000
1594.0          1.0000
1595.0          1.0000
1596.0          1.0000
1597.0          1.0000
1598.0          1.0000
1599.0          1.0000
1600.0          1.0000
1601.0          1.0000
1602.0          1.0000
1603.0          1.0000
1604.0          1.0000
1605.0          1.0000
1606.0          1.0000
1607.0          1.0000
1608.0          1.0000
1609.0          1.0000
1610.0          1.0000
1611.0          1.0000
1612.0          1.0000
1613.0          1.0000
1614.0          1.0000
1615.0          1.0000
1616.0          1.0000
1617.0          1.0000
1618.0          1.0000
1619.0          1.0000
1620.0          1.0000
1621.0          1.0000
1622.0          1.0000
1623.0          1.0000
1624.0          1.0000
1625.0          1.0000
1626.0          1.0000
1627.0          1.0000
1628.0          1.0000
1629.0          1.0000
1630.0          1.0000
1631.0          1.0000
1632.0          1.0000
1633.0          1.0000
1634.0          1.0000
1635.0          1.0000
1636.0          1.0000
1637.0          1.0000
1638.0          1.0000
1639.0          1.0000
1640.0          1.0000
1641.0          1.0000
1642.0          1.0000
1643.0          1.0000
1644.0          1.0000
1645.0          1.0000
1646.0          1.0000
1647.0          1.0000
1648.0          1.0000
1649.0          1.0000
1650.0          1.0000
1400.0          1.3323E-15
1401.0          2.5535E-15
1402.0          5.5511E-16
1403.0          3.1086E-15
1404.0          -4.4409E-16
1405.0          1.9984E-15
1406.0          -8.8818E-16
1407.0          1.2212E-15
1408.0          -3.1086E-15
1409.0          -1.1102E-15
1410.0          2.4425E-15
1411.0          -3.1086E-15
1412.0          -1.7764E-15
1413.0          -2.8866E-15
1414.0          1.9984E-15
1415.0          -2.6645E-15
1416.0          -2.4425E-15
1417.0          4.4409E-16
1418.0          -1.3323E-15
1419.0          -3.1086E-15
1420.0          2.8866E-15
1421.0          1.9984E-15
1422.0          -4.4409E-16
1423.0          4.4409E-16
1424.0          -2.4425E-15
1425.0          5.1070E-15
1426.0          2.4425E-15
1427.0          -1.7764E-15
1428.0          -2.4425E-15
1429.0          -2.2204E-16
1430.0          1.3323E-15
1431.0          6.6613E-16
1432.0          9.9920E-16
1433.0          4.4409E-16
1434.0          2.2204E-16
1435.0          -2.8866E-15
1436.0          4.8850E-15
1437.0          -2.4425E-15
1438.0          -6.6613E-16
1439.0          3.6637E-15
1440.0          2.6645E-15
1441.0          -2.2204E-16
1442.0          2.2204E-16
1443.0          5.1070E-15
1444.0          -1.3323E-15
1445.0          2.8866E-15
1446.0          -3.9968E-15
1447.0          4.4409E-16
1448.0          -5.3291E-15
1449.0          -2.2204E-15
1450.0          5.1070E-15
1451.0          -1.3323E-15
1452.0          1.7764E-15
1453.0          1.1324E-14
1454.0          3.1086E-15
1455.0          -1.2657E-14
1456.0          -8.8818E-15
1457.0          -6.8834E-15
1458.0          -8.8818E-15
1459.0          5.3291E-15
1460.0          -5.5511E-15
1461.0          -3.3307E-15
1462.0          3.1086E-15
1463.0          2.4425E-15
1464.0          4.1078E-15
1465.0          3.6637E-15
1466.0          -2.6645E-15
1467.0          1.7764E-15
1468.0          1.1102E-15
1469.0          -5.1070E-15
1470.0          -1.7764E-15
1471.0          -6.6613E-15
1472.0          -8.8818E-16
1473.0          0.0000
1474.0          -3.5527E-15
1475.0          2.1094E-15
1476.0          -1.1102E-15
1477.0          8.8818E-16
1478.0          -1.5543E-15
1479.0          -2.2204E-15
1480.0          1.3323E-15
1481.0          2.2204E-15
1482.0          -7.1054E-15
1483.0          -9.1038E-15
1484.0          -3.1086E-15
1485.0          -3.3307E-15
1486.0          -3.5527E-15
1487.0          2.4425E-15
1488.0          -3.5527E-15
1489.0          -1.7764E-15
1490.0          -1.5543E-15
1491.0          -8.8818E-16
1492.0          2.2204E-15
1493.0          -2.2204E-15
1494.0          8.8818E-16
1495.0          -2.6645E-15
1496.0          5.5511E-15
1497.0          -3.9968E-15
1498.0          2.7756E-15
1499.0          8.8818E-16
1500.0          2.2204E-16
1501.0          -3.1086E-15
1502.0          1.7764E-15
1503.0          1.2212E-15
1504.0          4.4409E-16
1505.0          -6.6613E-16
1506.0          -2.8866E-15
1507.0          -4.2188E-15
1508.0          3.3307E-16
1509.0          -3.5527E-15
1510.0          -3.1086E-15
1511.0          -3.1086E-15
1512.0          1.4433E-15
1513.0          2.8866E-15
1514.0          4.4409E-16
1515.0          -3.1086E-15
1516.0          3.9968E-15
1517.0          -1.7764E-15
1518.0          5.3291E-15
1519.0          2.6645E-15
1520.0          8.8818E-16
1521.0          1.1990E-14
1522.0          -1.8430E-14
1523.0          1.2212E-14
1524.0          1.5099E-14
1525.0          -6.8834E-15
1526.0          2.3981E-14
1527.0          1.1102E-15
1528.0          8.2157E-15
1529.0          1.7764E-15
1530.0          -5.9952E-15
1531.0          -4.4409E-16
1532.0          -6.6613E-15
1533.0          7.7716E-16
1534.0          8.8818E-16
1535.0          2.3315E-15
1536.0          3.5527E-15
1537.0          2.6645E-15
1538.0          -4.6629E-15
1539.0          2.7756E-15
1540.0          -4.2188E-15
1541.0          -8.6597E-15
1542.0          -4.4409E-15
1543.0          2.5535E-15
1544.0          1.4433E-15
1545.0          6.6613E-16
1546.0          1.4433E-15
1547.0          1.9984E-15
1548.0          -8.8818E-16
1549.0          -4.4409E-15
1550.0          -2.6645E-15
1551.0          9.9920E-16
1552.0          2.1094E-15
1553.0          7.6605E-15
1554.0          -1.1102E-15
1555.0          2.7756E-15
1556.0          -1.9984E-15
1557.0          -2.2204E-15
1558.0          -4.4409E-16
1559.0          -4.4409E-16
1560.0          -1.1102E-15
1561.0          4.4409E-16
1562.0          -4.4409E-16
1563.0          -1.7764E-15
1564.0          -3.1086E-15
1565.0          3.7748E-15
1566.0          -1.7764E-15
1567.0          5.5511E-16
1568.0          0.0000
1569.0          -2.2204E-16
1570.0          -1.7764E-15
1571.0          -3.9968E-15
1572.0          1.7764E-15
1573.0          -1.5543E-15
1574.0          4.4409E-16
1575.0          2.2204E-16
1576.0          3.4417E-15
1577.0          -8.8818E-16
1578.0          3.5527E-15
1579.0          2.7756E-15
1580.0          0.0000
1581.0          -1.1102E-15
1582.0          -4.4409E-16
1583.0          6.6613E-16
1584.0          3.3307E-15
1585.0          4.4409E-15
1586.0          -6.6613E-16
1587.0          0.0000
1588.0          2.5535E-15
1589.0          -4.2188E-15
1590.0          3.9968E-15
1591.0          -1.5543E-15
1592.0          -1.1102E-15
1593.0          5.1070E-15
1594.0          1.5543E-15
1595.0          2.2204E-15
1596.0          -1.7764E-15
1597.0          -4.4409E-16
1598.0          -8.8818E-16
1599.0          -1.9984E-15
1600.0          -2.2204E-15
1601.0          -2.2204E-16
1602.0          1.1102E-15
1603.0          -1.3323E-15
1604.0          1.1102E-15
1605.0          4.4409E-16
1606.0          0.0000
1607.0          3.7748E-15
1608.0          -4.8850E-15
1609.0          -2.4425E-15
1610.0          5.5511E-16
1611.0          -2.2204E-16
1612.0          3.1086E-15
1613.0          -2.4425E-15
1614.0          1.9984E-15
1615.0          -1.3323E-15
1616.0          -2.4425E-15
1617.0          0.0000
1618.0          1.9984E-15
1619.0          -4.4409E-16
1620.0          0.0000
1621.0          2.8866E-15
1622.0          2.2204E-16
1623.0          -1.7764E-15
1624.0          6.6613E-16
1625.0          -4.4409E-16
1626.0          -8.8818E-16
1627.0          2.8866E-15
1628.0          1.7764E-15
1629.0          1.9984E-15
1630.0          6.6613E-16
1631.0          3.5527E-15
1632.0          -1.1102E-15
1633.0          -4.4409E-16
1634.0          1.3323E-15
1635.0          -1.1102E-15
1636.0          8.8818E-16
1637.0          2.5535E-15
1638.0          -3.5527E-15
1639.0          4.6629E-15
1640.0          -2.4425E-15
1641.0          -2.2204E-16
1642.0          1.4433E-15
1643.0          1.5543E-15
1644.0          1.5543E-15
1645.0          1.3323E-15
1646.0          4.4409E-15
1647.0          1.1102E-15
1648.0          6.6613E-16
1649.0          -4.4409E-15
1650.0          -1.3323E-15
