1400.0          0.71629
1401.0          0.74439
1402.0          0.77062
1403.0          0.79494
1404.0          0.81738
1405.0          0.83802
1406.0          0.85698
1407.0          0.87435
1408.0          0.89028
1409.0          0.90486
1410.0          0.91822
1411.0          0.93046
1412.0          0.94167
1413.0          0.95193
1414.0          0.96129
1415.0          0.96980
1416.0          0.97747
1417.0          0.98428
1418.0          0.99015
1419.0          0.99493
1420.0          0.99836
1421.0          0.99996
1422.0          0.99892
1423.0          0.99384
1424.0          0.98223
1425.0          0.95961
1426.0          0.91791
1427.0          0.84353
1428.0          0.71952
1429.0          0.54949
1430.0          0.40886
1431.0          0.39589
1432.0          0.48432
1433.0          0.59163
1434.0          0.68059
1435.0          0.74719
1436.0          0.79623
1437.0          0.83279
1438.0          0.86061
1439.0          0.88225
1440.0          0.89944
1441.0          0.91336
1442.0          0.92480
1443.0          0.93435
1444.0          0.94241
1445.0          0.94929
1446.0          0.95521
1447.0          0.96036
1448.0          0.96485
1449.0          0.96881
1450.0          0.97230
1451.0          0.97540
1452.0          0.97816
1453.0          0.98063
1454.0          0.98284
1455.0          0.98482
1456.0          0.98660
1457.0          0.98821
1458.0          0.98965
1459.0          0.99095
1460.0          0.99212
1461.0          0.99318
1462.0          0.99412
1463.0          0.99497
1464.0          0.99573
1465.0          0.99641
1466.0          0.99701
1467.0          0.99755
1468.0          0.99802
1469.0          0.99842
1470.0          0.99878
1471.0          0.99908
1472.0          0.99933
1473.0          0.99954
1474.0          0.99971
1475.0          0.99984
1476.0          0.99992
1477.0          0.99998
1478.0          1.0000
1479.0          0.99999
1480.0          0.99995
1481.0          0.99988
1482.0          0.99979
1483.0          0.99967
1484.0          0.99953
1485.0          0.99936
1486.0          0.99917
1487.0          0.99896
1488.0          0.99874
1489.0          0.99849
1490.0          0.99823
1491.0          0.99794
1492.0          0.99765
1493.0          0.99733
1494.0          0.99701
1495.0          0.99666
1496.0          0.99631
1497.0          0.99594
1498.0          0.99555
1499.0          0.99516
1500.0          0.99475
1501.0          0.99433
1502.0          0.99390
1503.0          0.99346
1504.0          0.99301
1505.0          0.99255
1506.0          0.99208
1507.0          0.99160
1508.0          0.99111
1509.0          0.99062
1510.0          0.99011
1511.0          0.98960
1512.0          0.98908
1513.0          0.98855
1514.0          0.98801
1515.0          0.98747
1516.0          0.98692
1517.0          0.98636
1518.0          0.98580
1519.0          0.98522
1520.0          0.98465
1521.0          0.98407
1522.0          0.98348
1523.0          0.98288
1524.0          0.98228
1525.0          0.98167
1526.0          0.98106
1527.0          0.98045
1528.0          0.97983
1529.0          0.97920
1530.0          0.97857
1531.0          0.97793
1532.0          0.97729
1533.0          0.97664
1534.0          0.97599
1535.0          0.97534
1536.0          0.97468
1537.0          0.97402
1538.0          0.97335
1539.0          0.97268
1540.0          0.97201
1541.0          0.97133
1542.0          0.97064
1543.0          0.96996
1544.0          0.96927
1545.0          0.96858
1546.0          0.96788
1547.0          0.96718
1548.0          0.96647
1549.0          0.96577
1550.0          0.96506
1551.0          0.96434
1552.0          0.96363
1553.0          0.96291
1554.0          0.96219
1555.0          0.96146
1556.0          0.96073
1557.0          0.96000
1558.0          0.95927
1559.0          0.95853
1560.0          0.95779
1561.0          0.95705
1562.0          0.95631
1563.0          0.95556
1564.0          0.95481
1565.0          0.95406
1566.0          0.95331
1567.0          0.95255
1568.0          0.95179
1569.0          0.95103
1570.0          0.95026
1571.0          0.94950
1572.0          0.94873
1573.0          0.94796
1574.0          0.94719
1575.0          0.94641
1576.0          0.94564
1577.0          0.94486
1578.0          0.94408
1579.0          0.94330
1580.0          0.94251
1581.0          0.94173
1582.0          0.94094
1583.0          0.94015
1584.0          0.93936
1585.0          0.93856
1586.0          0.93777
1587.0          0.93697
1588.0          0.93617
1589.0          0.93537
1590.0          0.93457
1591.0          0.93377
1592.0          0.93296
1593.0          0.93216
1594.0          0.93135
1595.0          0.93054
1596.0          0.92973
1597.0          0.92891
1598.0          0.92810
1599.0          0.92729
1600.0          0.92647
1601.0          0.92565
1602.0          0.92483
1603.0          0.92401
1604.0          0.92319
1605.0          0.92236
1606.0          0.92154
1607.0          0.92071
1608.0          0.91989
1609.0          0.91906
1610.0          0.91823
1611.0          0.91740
1612.0          0.91657
1613.0          0.91573
1614.0          0.91490
1615.0          0.91407
1616.0          0.91323
1617.0          0.91239
1618.0          0.91155
1619.0          0.91072
1620.0          0.90988
1621.0          0.90903
1622.0          0.90819
1623.0          0.90735
1624.0          0.90651
1625.0          0.90566
1626.0          0.90482
1627.0          0.90397
1628.0          0.90312
1629.0          0.90227
1630.0          0.90143
1631.0          0.90058
1632.0          0.89973
1633.0          0.89887
1634.0          0.89802
1635.0          0.89717
1636.0          0.89632
1637.0          0.89546
1638.0          0.89461
1639.0          0.89375
1640.0          0.89290
1641.0          0.89204
1642.0          0.89118
1643.0          0.89033
1644.0          0.88947
1645.0          0.88861
1646.0          0.88775
1647.0          0.88689
1648.0          0.88603
1649.0          0.88517
1650.0          0.88431
1400.0          0.28371
1401.0          0.25561
1402.0          0.22938
1403.0          0.20506
1404.0          0.18262
1405.0          0.16198
1406.0          0.14302
1407.0          0.12565
1408.0          0.10972
1409.0          0.095138
1410.0          0.081776
1411.0          0.069536
1412.0          0.058326
1413.0          0.048070
1414.0          0.038707
1415.0          0.030197
1416.0          0.022528
1417.0          0.015722
1418.0          0.0098508
1419.0          0.0050660
1420.0          0.0016386
1421.0          3.8976E-5
1422.0          0.0010761
1423.0          0.0061558
1424.0          0.017766
1425.0          0.040390
1426.0          0.082092
1427.0          0.15647
1428.0          0.28048
1429.0          0.45051
1430.0          0.59114
1431.0          0.60411
1432.0          0.51568
1433.0          0.40837
1434.0          0.31941
1435.0          0.25281
1436.0          0.20377
1437.0          0.16721
1438.0          0.13939
1439.0          0.11775
1440.0          0.10056
1441.0          0.086643
1442.0          0.075200
1443.0          0.065654
1444.0          0.057593
1445.0          0.050712
1446.0          0.044787
1447.0          0.039642
1448.0          0.035146
1449.0          0.031192
1450.0          0.027699
1451.0          0.024599
1452.0          0.021838
1453.0          0.019371
1454.0          0.017162
1455.0          0.015179
1456.0          0.013397
1457.0          0.011793
1458.0          0.010349
1459.0          0.0090488
1460.0          0.0078779
1461.0          0.0068244
1462.0          0.0058777
1463.0          0.0050283
1464.0          0.0042682
1465.0          0.0035898
1466.0          0.0029869
1467.0          0.0024536
1468.0          0.0019846
1469.0          0.0015754
1470.0          0.0012217
1471.0          9.1975E-4
1472.0          6.6608E-4
1473.0          4.5757E-4
1474.0          2.9135E-4
1475.0          1.6481E-4
1476.0          7.5577E-5
1477.0          2.1451E-5
1478.0          4.2018E-7
1479.0          1.0628E-5
1480.0          5.0364E-5
1481.0          1.1805E-4
1482.0          2.1221E-4
1483.0          3.3149E-4
1484.0          4.7463E-4
1485.0          6.4046E-4
1486.0          8.2787E-4
1487.0          0.0010359
1488.0          0.0012635
1489.0          0.0015098
1490.0          0.0017740
1491.0          0.0020554
1492.0          0.0023531
1493.0          0.0026665
1494.0          0.0029950
1495.0          0.0033379
1496.0          0.0036946
1497.0          0.0040647
1498.0          0.0044476
1499.0          0.0048427
1500.0          0.0052498
1501.0          0.0056683
1502.0          0.0060978
1503.0          0.0065380
1504.0          0.0069884
1505.0          0.0074487
1506.0          0.0079187
1507.0          0.0083979
1508.0          0.0088860
1509.0          0.0093829
1510.0          0.0098882
1511.0          0.010402
1512.0          0.010923
1513.0          0.011452
1514.0          0.011988
1515.0          0.012532
1516.0          0.013083
1517.0          0.013640
1518.0          0.014204
1519.0          0.014775
1520.0          0.015352
1521.0          0.015935
1522.0          0.016524
1523.0          0.017119
1524.0          0.017719
1525.0          0.018325
1526.0          0.018936
1527.0          0.019553
1528.0          0.020175
1529.0          0.020801
1530.0          0.021433
1531.0          0.022069
1532.0          0.022710
1533.0          0.023356
1534.0          0.024006
1535.0          0.024660
1536.0          0.025319
1537.0          0.025982
1538.0          0.026649
1539.0          0.027320
1540.0          0.027995
1541.0          0.028673
1542.0          0.029356
1543.0          0.030042
1544.0          0.030732
1545.0          0.031425
1546.0          0.032122
1547.0          0.032822
1548.0          0.033525
1549.0          0.034232
1550.0          0.034942
1551.0          0.035655
1552.0          0.036371
1553.0          0.037091
1554.0          0.037813
1555.0          0.038538
1556.0          0.039266
1557.0          0.039997
1558.0          0.040731
1559.0          0.041467
1560.0          0.042206
1561.0          0.042948
1562.0          0.043692
1563.0          0.044439
1564.0          0.045189
1565.0          0.045940
1566.0          0.046695
1567.0          0.047451
1568.0          0.048210
1569.0          0.048972
1570.0          0.049735
1571.0          0.050501
1572.0          0.051269
1573.0          0.052039
1574.0          0.052811
1575.0          0.053586
1576.0          0.054362
1577.0          0.055140
1578.0          0.055921
1579.0          0.056703
1580.0          0.057487
1581.0          0.058273
1582.0          0.059061
1583.0          0.059851
1584.0          0.060643
1585.0          0.061436
1586.0          0.062231
1587.0          0.063028
1588.0          0.063827
1589.0          0.064627
1590.0          0.065429
1591.0          0.066232
1592.0          0.067037
1593.0          0.067844
1594.0          0.068652
1595.0          0.069462
1596.0          0.070273
1597.0          0.071085
1598.0          0.071899
1599.0          0.072715
1600.0          0.073531
1601.0          0.074350
1602.0          0.075169
1603.0          0.075990
1604.0          0.076812
1605.0          0.077635
1606.0          0.078460
1607.0          0.079286
1608.0          0.080113
1609.0          0.080941
1610.0          0.081771
1611.0          0.082601
1612.0          0.083433
1613.0          0.084266
1614.0          0.085100
1615.0          0.085935
1616.0          0.086771
1617.0          0.087608
1618.0          0.088446
1619.0          0.089285
1620.0          0.090125
1621.0          0.090966
1622.0          0.091808
1623.0          0.092650
1624.0          0.093494
1625.0          0.094339
1626.0          0.095184
1627.0          0.096031
1628.0          0.096878
1629.0          0.097726
1630.0          0.098575
1631.0          0.099424
1632.0          0.10027
1633.0          0.10113
1634.0          0.10198
1635.0          0.10283
1636.0          0.10368
1637.0          0.10454
1638.0          0.10539
1639.0          0.10625
1640.0          0.10710
1641.0          0.10796
1642.0          0.10882
1643.0          0.10967
1644.0          0.11053
1645.0          0.11139
1646.0          0.11225
1647.0          0.11311
1648.0          0.11397
1649.0          0.11483
1650.0          0.11569
1400.0          1.0000
1401.0          1.0000
1402.0          1.0000
1403.0          1.0000
1404.0          1.0000
1405.0          1.0000
1406.0          1.0000
1407.0          1.0000
1408.0          1.0000
1409.0          1.0000
1410.0          1.0000
1411.0          1.0000
1412.0          1.0000
1413.0          1.0000
1414.0          1.0000
1415.0          1.0000
1416.0          1.0000
1417.0          1.0000
1418.0          1.0000
1419.0          1.0000
1420.0          1.0000
1421.0          1.0000
1422.0          1.0000
1423.0          1.0000
1424.0          1.0000
1425.0          1.0000
1426.0          1.0000
1427.0          1.0000
1428.0          1.0000
1429.0          1.0000
1430.0          1.0000
1431.0          1.0000
1432.0          1.0000
1433.0          1.0000
1434.0          1.0000
1435.0          1.0000
1436.0          1.0000
1437.0          1.0000
1438.0          1.0000
1439.0          1.0000
1440.0          1.0000
1441.0          1.0000
1442.0          1.0000
1443.0          1.0000
1444.0          1.0000
1445.0          1.0000
1446.0          1.0000
1447.0          1.0000
1448.0          1.0000
1449.0          1.0000
1450.0          1.0000
1451.0          1.0000
1452.0          1.0000
1453.0          1.0000
1454.0          1.0000
1455.0          1.0000
1456.0          1.0000
1457.0          1.0000
1458.0          1.0000
1459.0          1.0000
1460.0          1.0000
1461.0          1.0000
1462.0          1.0000
1463.0          1.0000
1464.0          1.0000
1465.0          1.0000
1466.0          1.0000
1467.0          1.0000
1468.0          1.0000
1469.0          1.0000
1470.0          1.0000
1471.0          1.0000
1472.0          1.0000
1473.0          1.0000
1474.0          1.0000
1475.0          1.0000
1476.0          1.0000
1477.0          1.0000
1478.0          1.0000
1479.0          1.0000
1480.0          1.0000
1481.0          1.0000
1482.0          1.0000
1483.0          1.0000
1484.0          1.0000
1485.0          1.0000
1486.0          1.0000
1487.0          1.0000
1488.0          1.0000
1489.0          1.0000
1490.0          1.0000
1491.0          1.0000
1492.0          1.0000
1493.0          1.0000
1494.0          1.0000
1495.0          1.0000
1496.0          1.0000
1497.0          1.0000
1498.0          1.0000
1499.0          1.0000
1500.0          1.0000
1501.0          1.0000
1502.0          1.0000
1503.0          1.0000
1504.0          1.0000
1505.0          1.0000
1506.0          1.0000
1507.0          1.0000
1508.0          1.0000
1509.0          1.0000
1510.0          1.0000
1511.0          1.0000
1512.0          1.0000
1513.0          1.0000
1514.0          1.0000
1515.0          1.0000
1516.0          1.0000
1517.0          1.0000
1518.0          1.0000
1519.0          1.0000
1520.0          1.0000
1521.0          1.0000
1522.0          1.0000
1523.0          1.0000
1524.0          1.0000
1525.0          1.0000
1526.0          1.0000
1527.0          1.0000
1528.0          1.0000
1529.0          1.0000
1530.0          1.0000
1531.0          1.0000
1532.0          1.0000
1533.0          1.0000
1534.0          1.0000
1535.0          1.0000
1536.0          1.0000
1537.0          1.0000
1538.0          1.0000
1539.0          1.0000
1540.0          1.0000
1541.0          1.0000
1542.0          1.0000
1543.0          1.0000
1544.0          1.0000
1545.0          1.0000
1546.0          1.0000
1547.0          1.0000
1548.0          1.0000
1549.0          1.0000
1550.0          1.0000
1551.0          1.0000
1552.0          1.0000
1553.0          1.0000
1554.0          1.0000
1555.0          1.0000
1556.0          1.0000
1557.0          1.0000
1558.0          1.0000
1559.0          1.0000
1560.0          1.0000
1561.0          1.0000
1562.0          1.0000
1563.0          1.0000
1564.0          1.0000
1565.0          1.0000
1566.0          1.0000
1567.0          1.0000
1568.0          1.0000
1569.0          1.0000
1570.0          1.0000
1571.0          1.0000
1572.0          1.0000
1573.0          1.0000
1574.0          1.0000
1575.0          1.0000
1576.0          1.0000
1577.0          1.0000
1578.0          1.0000
1579.0          1.0000
1580.0          1.0000
1581.0          1.0000
1582.0          1.0000
1583.0          1.0000
1584.0          1.0000
1585.0          1.0000
1586.0          1.0000
1587.0          1.0000
1588.0          1.0000
1589.0          1.0000
1590.0          1.0000
1591.0          1.0000
1592.0          1.0000
1593.0          1.0000
1594.0          1.0000
1595.0          1.0000
1596.0          1.0000
1597.0          1.0000
1598.0          1.0000
1599.0          1.0000
1600.0          1.0000
1601.0          1.0000
1602.0          1.0000
1603.0          1.0000
1604.0          1.0000
1605.0          1.0000
1606.0          1.0000
1607.0          1.0000
1608.0          1.0000
1609.0          1.0000
1610.0          1.0000
1611.0          1.0000
1612.0          1.0000
1613.0          1.0000
1614.0          1.0000
1615.0          1.0000
1616.0          1.0000
1617.0          1.0000
1618.0          1.0000
1619.0          1.0000
1620.0          1.0000
1621.0          1.0000
1622.0          1.0000
1623.0          1.0000
1624.0          1.0000
1625.0          1.0000
1626.0          1.0000
1627.0          1.0000
1628.0          1.0000
1629.0          1.0000
1630.0          1.0000
1631.0          1.0000
1632.0          1.0000
1633.0          1.0000
1634.0          1.0000
1635.0          1.0000
1636.0          1.0000
1637.0          1.0000
1638.0          1.0000
1639.0          1.0000
1640.0          1.0000
1641.0          1.0000
1642.0          1.0000
1643.0          1.0000
1644.0          1.0000
1645.0          1.0000
1646.0          1.0000
1647.0          1.0000
1648.0          1.0000
1649.0          1.0000
1650.0          1.0000
1400.0          1.1324E-14
1401.0          -1.2212E-14
1402.0          -5.9952E-15
1403.0          4.4409E-16
1404.0          0.0000
1405.0          -3.7748E-15
1406.0          -4.2188E-15
1407.0          -3.1086E-15
1408.0          -1.5543E-15
1409.0          2.2204E-16
1410.0          8.8818E-16
1411.0          -1.9984E-15
1412.0          6.3283E-15
1413.0          -4.4409E-16
1414.0          -6.6613E-16
1415.0          -1.9984E-15
1416.0          -1.1102E-15
1417.0          -1.9984E-15
1418.0          1.8874E-15
1419.0          7.7716E-16
1420.0          -6.6613E-15
1421.0          2.2204E-15
1422.0          -1.5543E-15
1423.0          -7.7716E-15
1424.0          -8.2157E-15
1425.0          -3.3307E-15
1426.0          -5.9952E-15
1427.0          -1.3323E-15
1428.0          -2.1094E-14
1429.0          -3.2419E-14
1430.0          -5.0182E-14
1431.0          5.4290E-14
1432.0          -5.1070E-15
1433.0          1.0880E-14
1434.0          2.9976E-14
1435.0          -1.9540E-14
1436.0          -1.0214E-14
1437.0          -3.9968E-15
1438.0          -9.5479E-15
1439.0          -7.5495E-15
1440.0          1.0880E-14
1441.0          -4.4409E-15
1442.0          -5.5511E-15
1443.0          1.7764E-15
1444.0          3.3307E-16
1445.0          1.3323E-15
1446.0          3.1086E-15
1447.0          -4.4409E-16
1448.0          -6.6613E-16
1449.0          -3.7748E-15
1450.0          8.8818E-16
1451.0          2.2204E-15
1452.0          1.1102E-16
1453.0          -3.5527E-15
1454.0          1.5543E-15
1455.0          3.5527E-15
1456.0          1.9984E-15
1457.0          -4.4409E-16
1458.0          1.4433E-15
1459.0          -3.3307E-15
1460.0          1.1102E-15
1461.0          0.0000
1462.0          3.5527E-15
1463.0          -2.2204E-16
1464.0          5.2180E-15
1465.0          -1.5543E-15
1466.0          7.6605E-15
1467.0          -2.8866E-15
1468.0          -1.7764E-15
1469.0          -8.8818E-16
1470.0          -2.4425E-15
1471.0          -1.2657E-14
1472.0          -1.9984E-15
1473.0          1.2212E-15
1474.0          -4.4409E-15
1475.0          1.4433E-15
1476.0          3.5527E-15
1477.0          3.3307E-16
1478.0          -2.2204E-16
1479.0          -1.9984E-15
1480.0          4.3299E-15
1481.0          3.3307E-16
1482.0          3.2196E-15
1483.0          6.6613E-16
1484.0          8.8818E-16
1485.0          4.4409E-16
1486.0          -1.1102E-15
1487.0          -6.6613E-16
1488.0          1.5543E-15
1489.0          -1.5543E-15
1490.0          -2.6645E-15
1491.0          1.8874E-15
1492.0          -1.7764E-15
1493.0          -3.5527E-15
1494.0          2.4425E-15
1495.0          -1.1102E-15
1496.0          -8.8818E-16
1497.0          1.7764E-15
1498.0          8.8818E-16
1499.0          5.5511E-16
1500.0          -1.3323E-15
1501.0          -2.8866E-15
1502.0          2.1094E-15
1503.0          -1.1102E-15
1504.0          0.0000
1505.0          1.7764E-15
1506.0          -6.2172E-15
1507.0          -1.9984E-15
1508.0          -3.3307E-15
1509.0          3.2196E-15
1510.0          -4.4409E-16
1511.0          6.2172E-15
1512.0          -4.4409E-16
1513.0          3.7748E-15
1514.0          1.2212E-15
1515.0          1.3323E-15
1516.0          2.2204E-16
1517.0          -2.6645E-15
1518.0          3.3307E-16
1519.0          -3.3307E-15
1520.0          3.1086E-15
1521.0          -1.5543E-15
1522.0          -2.8866E-15
1523.0          5.5511E-16
1524.0          1.6653E-15
1525.0          -2.6645E-15
1526.0          -2.4425E-15
1527.0          -2.8866E-15
1528.0          2.6645E-15
1529.0          -6.6613E-16
1530.0          -4.4409E-16
1531.0          2.2204E-16
1532.0          1.1102E-15
1533.0          8.8818E-16
1534.0          -3.1086E-15
1535.0          -3.7748E-15
1536.0          3.1086E-15
1537.0          -1.1102E-15
1538.0          3.1086E-15
1539.0          5.5511E-15
1540.0          -4.4409E-16
1541.0          -6.6613E-16
1542.0          8.8818E-16
1543.0          4.7740E-15
1544.0          1.9984E-15
1545.0          9.9920E-16
1546.0          -6.6613E-16
1547.0          1.3323E-15
1548.0          8.8818E-16
1549.0          -2.2204E-16
1550.0          -2.6645E-15
1551.0          -4.4409E-15
1552.0          4.9960E-15
1553.0          5.5511E-16
1554.0          1.5543E-15
1555.0          2.5535E-15
1556.0          -2.8866E-15
1557.0          -3.1086E-15
1558.0          -2.2204E-16
1559.0          -3.5527E-15
1560.0          9.9920E-16
1561.0          1.6653E-15
1562.0          -1.5543E-15
1563.0          3.3307E-15
1564.0          -1.7764E-15
1565.0          -1.3323E-15
1566.0          -1.3323E-15
1567.0          -1.9984E-15
1568.0          -2.2204E-16
1569.0          1.7764E-15
1570.0          1.1102E-15
1571.0          7.5495E-15
1572.0          -6.4393E-15
1573.0          -4.4409E-16
1574.0          3.1086E-15
1575.0          1.1546E-14
1576.0          -6.6613E-15
1577.0          1.2434E-14
1578.0          -1.7097E-14
1579.0          2.2538E-14
1580.0          -3.3307E-15
1581.0          -3.9968E-15
1582.0          0.0000
1583.0          5.9952E-15
1584.0          -2.0206E-14
1585.0          2.1094E-15
1586.0          -1.0658E-14
1587.0          0.0000
1588.0          1.1324E-14
1589.0          1.1102E-15
1590.0          -1.5765E-14
1591.0          -1.3323E-15
1592.0          4.7740E-15
1593.0          -1.5099E-14
1594.0          -2.8866E-15
1595.0          1.6653E-15
1596.0          -4.2188E-15
1597.0          -6.6613E-15
1598.0          -2.2204E-15
1599.0          4.4409E-16
1600.0          6.8834E-15
1601.0          -5.5511E-15
1602.0          5.3291E-15
1603.0          3.7748E-15
1604.0          -3.9968E-15
1605.0          5.5511E-15
1606.0          -4.4409E-16
1607.0          7.2164E-15
1608.0          6.6613E-16
1609.0          4.4409E-15
1610.0          5.9952E-15
1611.0          -1.1102E-14
1612.0          0.0000
1613.0          -2.2204E-15
1614.0          -5.1070E-15
1615.0          6.6613E-15
1616.0          -6.4393E-15
1617.0          -4.2188E-15
1618.0          1.0547E-14
1619.0          6.4393E-15
1620.0          -3.3307E-15
1621.0          3.8858E-15
1622.0          7.8826E-15
1623.0          -9.3259E-15
1624.0          -6.6613E-16
1625.0          6.6613E-16
1626.0          7.7716E-15
1627.0          5.3291E-15
1628.0          -5.9952E-15
1629.0          -2.2204E-16
1630.0          2.1094E-15
1631.0          -4.8850E-15
1632.0          -1.7764E-15
1633.0          -1.5543E-15
1634.0          2.7756E-15
1635.0          1.1102E-16
1636.0          -4.4409E-16
1637.0          -2.8866E-15
1638.0          -4.6629E-15
1639.0          -3.5527E-15
1640.0          -3.9968E-15
1641.0          1.1102E-15
1642.0          3.8858E-15
1643.0          7.7716E-16
1644.0          2.4425E-15
1645.0          3.3307E-16
1646.0          1.5543E-15
1647.0          -1.1102E-15
1648.0          -3.9968E-15
1649.0          -6.4393E-15
1650.0          -5.1070E-15
