1400.0          0.048166
1401.0          0.048733
1402.0          0.049308
1403.0          0.049893
1404.0          0.050488
1405.0          0.051091
1406.0          0.051704
1407.0          0.052326
1408.0          0.052956
1409.0          0.053596
1410.0          0.054244
1411.0          0.054901
1412.0          0.055567
1413.0          0.056240
1414.0          0.056922
1415.0          0.057613
1416.0          0.058311
1417.0          0.059018
1418.0          0.059732
1419.0          0.060454
1420.0          0.061184
1421.0          0.061921
1422.0          0.062666
1423.0          0.063418
1424.0          0.064178
1425.0          0.064945
1426.0          0.065718
1427.0          0.066499
1428.0          0.067287
1429.0          0.068081
1430.0          0.068883
1431.0          0.069690
1432.0          0.070505
1433.0          0.071325
1434.0          0.072152
1435.0          0.072985
1436.0          0.073825
1437.0          0.074670
1438.0          0.075521
1439.0          0.076378
1440.0          0.077241
1441.0          0.078109
1442.0          0.078983
1443.0          0.079862
1444.0          0.080747
1445.0          0.081637
1446.0          0.082532
1447.0          0.083432
1448.0          0.084338
1449.0          0.085248
1450.0          0.086163
1451.0          0.087082
1452.0          0.088006
1453.0          0.088935
1454.0          0.089868
1455.0          0.090806
1456.0          0.091748
1457.0          0.092694
1458.0          0.093644
1459.0          0.094598
1460.0          0.095556
1461.0          0.096518
1462.0          0.097484
1463.0          0.098453
1464.0          0.099426
1465.0          0.10040
1466.0          0.10138
1467.0          0.10237
1468.0          0.10335
1469.0          0.10434
1470.0          0.10534
1471.0          0.10633
1472.0          0.10733
1473.0          0.10833
1474.0          0.10934
1475.0          0.11035
1476.0          0.11136
1477.0          0.11237
1478.0          0.11338
1479.0          0.11440
1480.0          0.11542
1481.0          0.11645
1482.0          0.11747
1483.0          0.11850
1484.0          0.11953
1485.0          0.12056
1486.0          0.12159
1487.0          0.12263
1488.0          0.12366
1489.0          0.12470
1490.0          0.12574
1491.0          0.12679
1492.0          0.12783
1493.0          0.12887
1494.0          0.12992
1495.0          0.13097
1496.0          0.13202
1497.0          0.13307
1498.0          0.13412
1499.0          0.13518
1500.0          0.13623
1501.0          0.13729
1502.0          0.13834
1503.0          0.13940
1504.0          0.14046
1505.0          0.14152
1506.0          0.14258
1507.0          0.14364
1508.0          0.14470
1509.0          0.14576
1510.0          0.14682
1511.0          0.14789
1512.0          0.14895
1513.0          0.15001
1514.0          0.15108
1515.0          0.15214
1516.0          0.15321
1517.0          0.15427
1518.0          0.15534
1519.0          0.15640
1520.0          0.15747
1521.0          0.15854
1522.0          0.15960
1523.0          0.16067
1524.0          0.16173
1525.0          0.16280
1526.0          0.16386
1527.0          0.16493
1528.0          0.16599
1529.0          0.16706
1530.0          0.16812
1531.0          0.16919
1532.0          0.17025
1533.0          0.17131
1534.0          0.17237
1535.0          0.17344
1536.0          0.17450
1537.0          0.17556
1538.0          0.17662
1539.0          0.17768
1540.0          0.17874
1541.0          0.17979
1542.0          0.18085
1543.0          0.18191
1544.0          0.18296
1545.0          0.18402
1546.0          0.18507
1547.0          0.18612
1548.0          0.18718
1549.0          0.18823
1550.0          0.18928
1551.0          0.19033
1552.0          0.19137
1553.0          0.19242
1554.0          0.19347
1555.0          0.19451
1556.0          0.19555
1557.0          0.19659
1558.0          0.19763
1559.0          0.19867
1560.0          0.19971
1561.0          0.20075
1562.0          0.20178
1563.0          0.20282
1564.0          0.20385
1565.0          0.20488
1566.0          0.20591
1567.0          0.20694
1568.0          0.20797
1569.0          0.20899
1570.0          0.21001
1571.0          0.21104
1572.0          0.21206
1573.0          0.21308
1574.0          0.21409
1575.0          0.21511
1576.0          0.21612
1577.0          0.21713
1578.0          0.21814
1579.0          0.21915
1580.0          0.22016
1581.0          0.22117
1582.0          0.22217
1583.0          0.22317
1584.0          0.22417
1585.0          0.22517
1586.0          0.22617
1587.0          0.22716
1588.0          0.22815
1589.0          0.22914
1590.0          0.23013
1591.0          0.23112
1592.0          0.23210
1593.0          0.23309
1594.0          0.23407
1595.0          0.23505
1596.0          0.23602
1597.0          0.23700
1598.0          0.23797
1599.0          0.23894
1600.0          0.23991
1601.0          0.24088
1602.0          0.24184
1603.0          0.24281
1604.0          0.24377
1605.0          0.24473
1606.0          0.24568
1607.0          0.24664
1608.0          0.24759
1609.0          0.24854
1610.0          0.24949
1611.0          0.25043
1612.0          0.25138
1613.0          0.25232
1614.0          0.25326
1615.0          0.25420
1616.0          0.25513
1617.0          0.25607
1618.0          0.25700
1619.0          0.25792
1620.0          0.25885
1621.0          0.25978
1622.0          0.26070
1623.0          0.26162
1624.0          0.26253
1625.0          0.26345
1626.0          0.26436
1627.0          0.26527
1628.0          0.26618
1629.0          0.26709
1630.0          0.26799
1631.0          0.26889
1632.0          0.26979
1633.0          0.27069
1634.0          0.27158
1635.0          0.27248
1636.0          0.27337
1637.0          0.27425
1638.0          0.27514
1639.0          0.27602
1640.0          0.27690
1641.0          0.27778
1642.0          0.27866
1643.0          0.27953
1644.0          0.28040
1645.0          0.28127
1646.0          0.28214
1647.0          0.28300
1648.0          0.28387
1649.0          0.28473
1650.0          0.28558
1400.0          0.95183
1401.0          0.95127
1402.0          0.95069
1403.0          0.95011
1404.0          0.94951
1405.0          0.94891
1406.0          0.94830
1407.0          0.94767
1408.0          0.94704
1409.0          0.94640
1410.0          0.94576
1411.0          0.94510
1412.0          0.94443
1413.0          0.94376
1414.0          0.94308
1415.0          0.94239
1416.0          0.94169
1417.0          0.94098
1418.0          0.94027
1419.0          0.93955
1420.0          0.93882
1421.0          0.93808
1422.0          0.93733
1423.0          0.93658
1424.0          0.93582
1425.0          0.93506
1426.0          0.93428
1427.0          0.93350
1428.0          0.93271
1429.0          0.93192
1430.0          0.93112
1431.0          0.93031
1432.0          0.92950
1433.0          0.92867
1434.0          0.92785
1435.0          0.92701
1436.0          0.92618
1437.0          0.92533
1438.0          0.92448
1439.0          0.92362
1440.0          0.92276
1441.0          0.92189
1442.0          0.92102
1443.0          0.92014
1444.0          0.91925
1445.0          0.91836
1446.0          0.91747
1447.0          0.91657
1448.0          0.91566
1449.0          0.91475
1450.0          0.91384
1451.0          0.91292
1452.0          0.91199
1453.0          0.91106
1454.0          0.91013
1455.0          0.90919
1456.0          0.90825
1457.0          0.90731
1458.0          0.90636
1459.0          0.90540
1460.0          0.90444
1461.0          0.90348
1462.0          0.90252
1463.0          0.90155
1464.0          0.90057
1465.0          0.89960
1466.0          0.89862
1467.0          0.89763
1468.0          0.89665
1469.0          0.89566
1470.0          0.89466
1471.0          0.89367
1472.0          0.89267
1473.0          0.89167
1474.0          0.89066
1475.0          0.88965
1476.0          0.88864
1477.0          0.88763
1478.0          0.88662
1479.0          0.88560
1480.0          0.88458
1481.0          0.88355
1482.0          0.88253
1483.0          0.88150
1484.0          0.88047
1485.0          0.87944
1486.0          0.87841
1487.0          0.87737
1488.0          0.87634
1489.0          0.87530
1490.0          0.87426
1491.0          0.87321
1492.0          0.87217
1493.0          0.87113
1494.0          0.87008
1495.0          0.86903
1496.0          0.86798
1497.0          0.86693
1498.0          0.86588
1499.0          0.86482
1500.0          0.86377
1501.0          0.86271
1502.0          0.86166
1503.0          0.86060
1504.0          0.85954
1505.0          0.85848
1506.0          0.85742
1507.0          0.85636
1508.0          0.85530
1509.0          0.85424
1510.0          0.85318
1511.0          0.85211
1512.0          0.85105
1513.0          0.84999
1514.0          0.84892
1515.0          0.84786
1516.0          0.84679
1517.0          0.84573
1518.0          0.84466
1519.0          0.84360
1520.0          0.84253
1521.0          0.84146
1522.0          0.84040
1523.0          0.83933
1524.0          0.83827
1525.0          0.83720
1526.0          0.83614
1527.0          0.83507
1528.0          0.83401
1529.0          0.83294
1530.0          0.83188
1531.0          0.83081
1532.0          0.82975
1533.0          0.82869
1534.0          0.82763
1535.0          0.82656
1536.0          0.82550
1537.0          0.82444
1538.0          0.82338
1539.0          0.82232
1540.0          0.82126
1541.0          0.82021
1542.0          0.81915
1543.0          0.81809
1544.0          0.81704
1545.0          0.81598
1546.0          0.81493
1547.0          0.81388
1548.0          0.81282
1549.0          0.81177
1550.0          0.81072
1551.0          0.80967
1552.0          0.80863
1553.0          0.80758
1554.0          0.80653
1555.0          0.80549
1556.0          0.80445
1557.0          0.80341
1558.0          0.80237
1559.0          0.80133
1560.0          0.80029
1561.0          0.79925
1562.0          0.79822
1563.0          0.79718
1564.0          0.79615
1565.0          0.79512
1566.0          0.79409
1567.0          0.79306
1568.0          0.79203
1569.0          0.79101
1570.0          0.78999
1571.0          0.78896
1572.0          0.78794
1573.0          0.78692
1574.0          0.78591
1575.0          0.78489
1576.0          0.78388
1577.0          0.78287
1578.0          0.78186
1579.0          0.78085
1580.0          0.77984
1581.0          0.77883
1582.0          0.77783
1583.0          0.77683
1584.0          0.77583
1585.0          0.77483
1586.0          0.77383
1587.0          0.77284
1588.0          0.77185
1589.0          0.77086
1590.0          0.76987
1591.0          0.76888
1592.0          0.76790
1593.0          0.76691
1594.0          0.76593
1595.0          0.76495
1596.0          0.76398
1597.0          0.76300
1598.0          0.76203
1599.0          0.76106
1600.0          0.76009
1601.0          0.75912
1602.0          0.75816
1603.0          0.75719
1604.0          0.75623
1605.0          0.75527
1606.0          0.75432
1607.0          0.75336
1608.0          0.75241
1609.0          0.75146
1610.0          0.75051
1611.0          0.74957
1612.0          0.74862
1613.0          0.74768
1614.0          0.74674
1615.0          0.74580
1616.0          0.74487
1617.0          0.74393
1618.0          0.74300
1619.0          0.74208
1620.0          0.74115
1621.0          0.74022
1622.0          0.73930
1623.0          0.73838
1624.0          0.73747
1625.0          0.73655
1626.0          0.73564
1627.0          0.73473
1628.0          0.73382
1629.0          0.73291
1630.0          0.73201
1631.0          0.73111
1632.0          0.73021
1633.0          0.72931
1634.0          0.72842
1635.0          0.72752
1636.0          0.72663
1637.0          0.72575
1638.0          0.72486
1639.0          0.72398
1640.0          0.72310
1641.0          0.72222
1642.0          0.72134
1643.0          0.72047
1644.0          0.71960
1645.0          0.71873
1646.0          0.71786
1647.0          0.71700
1648.0          0.71613
1649.0          0.71527
1650.0          0.71442
1400.0          1.0000
1401.0          1.0000
1402.0          1.0000
1403.0          1.0000
1404.0          1.0000
1405.0          1.0000
1406.0          1.0000
1407.0          1.0000
1408.0          1.0000
1409.0          1.0000
1410.0          1.0000
1411.0          1.0000
1412.0          1.0000
1413.0          1.0000
1414.0          1.0000
1415.0          1.0000
1416.0          1.0000
1417.0          1.0000
1418.0          1.0000
1419.0          1.0000
1420.0          1.0000
1421.0          1.0000
1422.0          1.0000
1423.0          1.0000
1424.0          1.0000
1425.0          1.0000
1426.0          1.0000
1427.0          1.0000
1428.0          1.0000
1429.0          1.0000
1430.0          1.0000
1431.0          1.0000
1432.0          1.0000
1433.0          1.0000
1434.0          1.0000
1435.0          1.0000
1436.0          1.0000
1437.0          1.0000
1438.0          1.0000
1439.0          1.0000
1440.0          1.0000
1441.0          1.0000
1442.0          1.0000
1443.0          1.0000
1444.0          1.0000
1445.0          1.0000
1446.0          1.0000
1447.0          1.0000
1448.0          1.0000
1449.0          1.0000
1450.0          1.0000
1451.0          1.0000
1452.0          1.0000
1453.0          1.0000
1454.0          1.0000
1455.0          1.0000
1456.0          1.0000
1457.0          1.0000
1458.0          1.0000
1459.0          1.0000
1460.0          1.0000
1461.0          1.0000
1462.0          1.0000
1463.0          1.0000
1464.0          1.0000
1465.0          1.0000
1466.0          1.0000
1467.0          1.0000
1468.0          1.0000
1469.0          1.0000
1470.0          1.0000
1471.0          1.0000
1472.0          1.0000
1473.0          1.0000
1474.0          1.0000
1475.0          1.0000
1476.0          1.0000
1477.0          1.0000
1478.0          1.0000
1479.0          1.0000
1480.0          1.0000
1481.0          1.0000
1482.0          1.0000
1483.0          1.0000
1484.0          1.0000
1485.0          1.0000
1486.0          1.0000
1487.0          1.0000
1488.0          1.0000
1489.0          1.0000
1490.0          1.0000
1491.0          1.0000
1492.0          1.0000
1493.0          1.0000
1494.0          1.0000
1495.0          1.0000
1496.0          1.0000
1497.0          1.0000
1498.0          1.0000
1499.0          1.0000
1500.0          1.0000
1501.0          1.0000
1502.0          1.0000
1503.0          1.0000
1504.0          1.0000
1505.0          1.0000
1506.0          1.0000
1507.0          1.0000
1508.0          1.0000
1509.0          1.0000
1510.0          1.0000
1511.0          1.0000
1512.0          1.0000
1513.0          1.0000
1514.0          1.0000
1515.0          1.0000
1516.0          1.0000
1517.0          1.0000
1518.0          1.0000
1519.0          1.0000
1520.0          1.0000
1521.0          1.0000
1522.0          1.0000
1523.0          1.0000
1524.0          1.0000
1525.0          1.0000
1526.0          1.0000
1527.0          1.0000
1528.0          1.0000
1529.0          1.0000
1530.0          1.0000
1531.0          1.0000
1532.0          1.0000
1533.0          1.0000
1534.0          1.0000
1535.0          1.0000
1536.0          1.0000
1537.0          1.0000
1538.0          1.0000
1539.0          1.0000
1540.0          1.0000
1541.0          1.0000
1542.0          1.0000
1543.0          1.0000
1544.0          1.0000
1545.0          1.0000
1546.0          1.0000
1547.0          1.0000
1548.0          1.0000
1549.0          1.0000
1550.0          1.0000
1551.0          1.0000
1552.0          1.0000
1553.0          1.0000
1554.0          1.0000
1555.0          1.0000
1556.0          1.0000
1557.0          1.0000
1558.0          1.0000
1559.0          1.0000
1560.0          1.0000
1561.0          1.0000
1562.0          1.0000
1563.0          1.0000
1564.0          1.0000
1565.0          1.0000
1566.0          1.0000
1567.0          1.0000
1568.0          1.0000
1569.0          1.0000
1570.0          1.0000
1571.0          1.0000
1572.0          1.0000
1573.0          1.0000
1574.0          1.0000
1575.0          1.0000
1576.0          1.0000
1577.0          1.0000
1578.0          1.0000
1579.0          1.0000
1580.0          1.0000
1581.0          1.0000
1582.0          1.0000
1583.0          1.0000
1584.0          1.0000
1585.0          1.0000
1586.0          1.0000
1587.0          1.0000
1588.0          1.0000
1589.0          1.0000
1590.0          1.0000
1591.0          1.0000
1592.0          1.0000
1593.0          1.0000
1594.0          1.0000
1595.0          1.0000
1596.0          1.0000
1597.0          1.0000
1598.0          1.0000
1599.0          1.0000
1600.0          1.0000
1601.0          1.0000
1602.0          1.0000
1603.0          1.0000
1604.0          1.0000
1605.0          1.0000
1606.0          1.0000
1607.0          1.0000
1608.0          1.0000
1609.0          1.0000
1610.0          1.0000
1611.0          1.0000
1612.0          1.0000
1613.0          1.0000
1614.0          1.0000
1615.0          1.0000
1616.0          1.0000
1617.0          1.0000
1618.0          1.0000
1619.0          1.0000
1620.0          1.0000
1621.0          1.0000
1622.0          1.0000
1623.0          1.0000
1624.0          1.0000
1625.0          1.0000
1626.0          1.0000
1627.0          1.0000
1628.0          1.0000
1629.0          1.0000
1630.0          1.0000
1631.0          1.0000
1632.0          1.0000
1633.0          1.0000
1634.0          1.0000
1635.0          1.0000
1636.0          1.0000
1637.0          1.0000
1638.0          1.0000
1639.0          1.0000
1640.0          1.0000
1641.0          1.0000
1642.0          1.0000
1643.0          1.0000
1644.0          1.0000
1645.0          1.0000
1646.0          1.0000
1647.0          1.0000
1648.0          1.0000
1649.0          1.0000
1650.0          1.0000
1400.0          1.6653E-15
1401.0          1.8874E-15
1402.0          1.6653E-15
1403.0          1.5543E-15
1404.0          -4.4409E-16
1405.0          -6.6613E-16
1406.0          0.0000
1407.0          9.9920E-16
1408.0          -1.7764E-15
1409.0          2.9976E-15
1410.0          -1.9984E-15
1411.0          0.0000
1412.0          -4.2188E-15
1413.0          -1.9984E-15
1414.0          -4.4409E-16
1415.0          -4.4409E-16
1416.0          1.2212E-15
1417.0          -2.2204E-16
1418.0          -1.9984E-15
1419.0          -6.6613E-16
1420.0          6.6613E-16
1421.0          5.5511E-16
1422.0          1.5543E-15
1423.0          -6.6613E-16
1424.0          -3.3307E-15
1425.0          -3.3307E-15
1426.0          2.8866E-15
1427.0          6.6613E-16
1428.0          1.3323E-15
1429.0          -2.2204E-16
1430.0          1.1102E-16
1431.0          6.6613E-16
1432.0          -3.5527E-15
1433.0          -6.6613E-16
1434.0          -6.6613E-16
1435.0          1.1102E-16
1436.0          -4.2188E-15
1437.0          2.6645E-15
1438.0          -4.4409E-16
1439.0          -4.4409E-16
1440.0          1.1102E-15
1441.0          -2.2204E-15
1442.0          2.2204E-16
1443.0          3.1086E-15
1444.0          -2.4425E-15
1445.0          1.7764E-15
1446.0          -4.4409E-16
1447.0          1.1102E-15
1448.0          -3.5527E-15
1449.0          -4.4409E-16
1450.0          2.2204E-16
1451.0          -1.5543E-15
1452.0          1.7764E-15
1453.0          -2.2204E-16
1454.0          4.2188E-15
1455.0          1.6653E-15
1456.0          1.8874E-15
1457.0          -2.2204E-15
1458.0          2.6645E-15
1459.0          -6.6613E-16
1460.0          -1.5543E-15
1461.0          -1.1102E-15
1462.0          1.3323E-15
1463.0          -1.5543E-15
1464.0          -4.2188E-15
1465.0          1.2212E-15
1466.0          -2.6645E-15
1467.0          -1.7764E-15
1468.0          -2.2204E-16
1469.0          2.2204E-16
1470.0          -1.3323E-15
1471.0          -8.8818E-16
1472.0          -6.6613E-16
1473.0          -1.7764E-15
1474.0          -8.8818E-16
1475.0          -1.5543E-15
1476.0          0.0000
1477.0          -1.5543E-15
1478.0          1.4433E-15
1479.0          6.6613E-16
1480.0          2.2204E-15
1481.0          -1.9984E-15
1482.0          1.6653E-15
1483.0          -8.8818E-16
1484.0          0.0000
1485.0          9.9920E-16
1486.0          7.7716E-16
1487.0          -2.4425E-15
1488.0          -4.4409E-16
1489.0          1.7764E-15
1490.0          2.9976E-15
1491.0          -4.4409E-16
1492.0          -4.4409E-16
1493.0          -8.8818E-16
1494.0          -1.7764E-15
1495.0          2.6645E-15
1496.0          -2.2204E-16
1497.0          9.9920E-16
1498.0          -1.5543E-15
1499.0          -2.2204E-16
1500.0          1.4433E-15
1501.0          2.2204E-16
1502.0          1.6653E-15
1503.0          -1.3323E-15
1504.0          4.2188E-15
1505.0          1.6653E-15
1506.0          1.1102E-15
1507.0          -2.8866E-15
1508.0          8.8818E-16
1509.0          2.3315E-15
1510.0          1.9984E-15
1511.0          -2.2204E-16
1512.0          -1.1102E-15
1513.0          -8.8818E-16
1514.0          4.4409E-16
1515.0          2.2204E-16
1516.0          -8.8818E-16
1517.0          2.5535E-15
1518.0          1.6653E-15
1519.0          -3.3307E-15
1520.0          -2.4425E-15
1521.0          0.0000
1522.0          1.2212E-15
1523.0          1.7764E-15
1524.0          5.1070E-15
1525.0          1.7764E-15
1526.0          1.1102E-15
1527.0          -2.6645E-15
1528.0          3.3307E-16
1529.0          1.2212E-15
1530.0          0.0000
1531.0          9.9920E-16
1532.0          -5.3291E-15
1533.0          -1.5543E-15
1534.0          1.1102E-16
1535.0          5.5511E-16
1536.0          0.0000
1537.0          8.8818E-16
1538.0          5.5511E-16
1539.0          0.0000
1540.0          1.4433E-15
1541.0          -1.5543E-15
1542.0          -3.1086E-15
1543.0          -1.9984E-15
1544.0          2.2204E-16
1545.0          -1.3323E-15
1546.0          1.1102E-16
1547.0          1.1102E-15
1548.0          1.2212E-15
1549.0          3.1086E-15
1550.0          1.2212E-15
1551.0          0.0000
1552.0          0.0000
1553.0          1.1102E-15
1554.0          9.9920E-16
1555.0          2.2204E-15
1556.0          -2.4425E-15
1557.0          -1.9984E-15
1558.0          1.1102E-15
1559.0          3.3307E-16
1560.0          1.1102E-15
1561.0          -4.2188E-15
1562.0          -3.3307E-15
1563.0          1.6653E-15
1564.0          2.2204E-16
1565.0          1.9984E-15
1566.0          1.6653E-15
1567.0          1.6653E-15
1568.0          1.3323E-15
1569.0          6.6613E-16
1570.0          2.6645E-15
1571.0          -1.7764E-15
1572.0          0.0000
1573.0          5.5511E-16
1574.0          -1.5543E-15
1575.0          -2.6645E-15
1576.0          1.1102E-15
1577.0          2.6645E-15
1578.0          0.0000
1579.0          -2.2204E-16
1580.0          4.1078E-15
1581.0          4.4409E-16
1582.0          -3.1086E-15
1583.0          -4.4409E-16
1584.0          1.5543E-15
1585.0          -1.9984E-15
1586.0          3.7748E-15
1587.0          -2.2204E-15
1588.0          6.6613E-16
1589.0          4.4409E-16
1590.0          -2.2204E-16
1591.0          -1.9984E-15
1592.0          -4.4409E-16
1593.0          6.6613E-16
1594.0          1.1102E-15
1595.0          1.8874E-15
1596.0          -2.6645E-15
1597.0          2.8866E-15
1598.0          1.2212E-15
1599.0          4.4409E-16
1600.0          4.6629E-15
1601.0          -4.4409E-16
1602.0          -8.8818E-16
1603.0          2.1094E-15
1604.0          1.9984E-15
1605.0          -1.9984E-15
1606.0          -1.1102E-15
1607.0          -1.3323E-15
1608.0          2.7756E-15
1609.0          9.9920E-16
1610.0          2.1094E-15
1611.0          8.8818E-16
1612.0          1.1102E-15
1613.0          1.4433E-15
1614.0          -1.9984E-15
1615.0          6.6613E-16
1616.0          4.4409E-16
1617.0          -8.8818E-16
1618.0          2.2204E-16
1619.0          2.3315E-15
1620.0          -2.2204E-16
1621.0          1.1102E-15
1622.0          -6.6613E-16
1623.0          1.1102E-15
1624.0          1.5543E-15
1625.0          4.1078E-15
1626.0          1.1102E-16
1627.0          5.5511E-16
1628.0          2.3315E-15
1629.0          -2.6645E-15
1630.0          2.2204E-16
1631.0          -6.6613E-16
1632.0          2.1094E-15
1633.0          4.4409E-16
1634.0          2.2204E-16
1635.0          1.1102E-15
1636.0          -4.4409E-16
1637.0          8.8818E-16
1638.0          2.6645E-15
1639.0          1.7764E-15
1640.0          -1.7764E-15
1641.0          -1.7764E-15
1642.0          -4.4409E-16
1643.0          8.8818E-16
1644.0          6.6613E-16
1645.0          4.2188E-15
1646.0          0.0000
1647.0          3.3307E-15
1648.0          1.7764E-15
1649.0          -2.2204E-15
1650.0          -2.8866E-15
