1400.0          0.052126
1401.0          0.052349
1402.0          0.052572
1403.0          0.052792
1404.0          0.053011
1405.0          0.053228
1406.0          0.053443
1407.0          0.053655
1408.0          0.053864
1409.0          0.054070
1410.0          0.054272
1411.0          0.054471
1412.0          0.054666
1413.0          0.054856
1414.0          0.055042
1415.0          0.055223
1416.0          0.055399
1417.0          0.055570
1418.0          0.055735
1419.0          0.055894
1420.0          0.056046
1421.0          0.056193
1422.0          0.056332
1423.0          0.056465
1424.0          0.056590
1425.0          0.056708
1426.0          0.056818
1427.0          0.056919
1428.0          0.057012
1429.0          0.057097
1430.0          0.057172
1431.0          0.057238
1432.0          0.057295
1433.0          0.057342
1434.0          0.057378
1435.0          0.057405
1436.0          0.057420
1437.0          0.057425
1438.0          0.057418
1439.0          0.057399
1440.0          0.057369
1441.0          0.057327
1442.0          0.057272
1443.0          0.057205
1444.0          0.057124
1445.0          0.057031
1446.0          0.056923
1447.0          0.056802
1448.0          0.056667
1449.0          0.056517
1450.0          0.056353
1451.0          0.056174
1452.0          0.055979
1453.0          0.055769
1454.0          0.055543
1455.0          0.055301
1456.0          0.055043
1457.0          0.054769
1458.0          0.054477
1459.0          0.054169
1460.0          0.053843
1461.0          0.053500
1462.0          0.053139
1463.0          0.052760
1464.0          0.052363
1465.0          0.051948
1466.0          0.051515
1467.0          0.051063
1468.0          0.050592
1469.0          0.050102
1470.0          0.049594
1471.0          0.049066
1472.0          0.048520
1473.0          0.047954
1474.0          0.047370
1475.0          0.046767
1476.0          0.046145
1477.0          0.045504
1478.0          0.044845
1479.0          0.044167
1480.0          0.043472
1481.0          0.042760
1482.0          0.042030
1483.0          0.041284
1484.0          0.040522
1485.0          0.039744
1486.0          0.038953
1487.0          0.038148
1488.0          0.037330
1489.0          0.036501
1490.0          0.035663
1491.0          0.034816
1492.0          0.033962
1493.0          0.033104
1494.0          0.032243
1495.0          0.031381
1496.0          0.030522
1497.0          0.029668
1498.0          0.028822
1499.0          0.027988
1500.0          0.027171
1501.0          0.026373
1502.0          0.025600
1503.0          0.024858
1504.0          0.024152
1505.0          0.023488
1506.0          0.022875
1507.0          0.022319
1508.0          0.021830
1509.0          0.021416
1510.0          0.021090
1511.0          0.020861
1512.0          0.020743
1513.0          0.020750
1514.0          0.020896
1515.0          0.021200
1516.0          0.021679
1517.0          0.022353
1518.0          0.023245
1519.0          0.024379
1520.0          0.025781
1521.0          0.027480
1522.0          0.029508
1523.0          0.031898
1524.0          0.034687
1525.0          0.037917
1526.0          0.041629
1527.0          0.045872
1528.0          0.050695
1529.0          0.056152
1530.0          0.062301
1531.0          0.069202
1532.0          0.076919
1533.0          0.085521
1534.0          0.095075
1535.0          0.10566
1536.0          0.11734
1537.0          0.13019
1538.0          0.14428
1539.0          0.15970
1540.0          0.17649
1541.0          0.19472
1542.0          0.21444
1543.0          0.23570
1544.0          0.25850
1545.0          0.28286
1546.0          0.30877
1547.0          0.33618
1548.0          0.36503
1549.0          0.39523
1550.0          0.42665
1551.0          0.45912
1552.0          0.49247
1553.0          0.52648
1554.0          0.56090
1555.0          0.59548
1556.0          0.62994
1557.0          0.66399
1558.0          0.69734
1559.0          0.72972
1560.0          0.76088
1561.0          0.79056
1562.0          0.81857
1563.0          0.84472
1564.0          0.86888
1565.0          0.89095
1566.0          0.91086
1567.0          0.92860
1568.0          0.94416
1569.0          0.95760
1570.0          0.96898
1571.0          0.97839
1572.0          0.98592
1573.0          0.99171
1574.0          0.99586
1575.0          0.99852
1576.0          0.99982
1577.0          0.99988
1578.0          0.99884
1579.0          0.99681
1580.0          0.99390
1581.0          0.99024
1582.0          0.98591
1583.0          0.98102
1584.0          0.97563
1585.0          0.96984
1586.0          0.96372
1587.0          0.95731
1588.0          0.95069
1589.0          0.94390
1590.0          0.93698
1591.0          0.92997
1592.0          0.92291
1593.0          0.91583
1594.0          0.90875
1595.0          0.90169
1596.0          0.89468
1597.0          0.88772
1598.0          0.88084
1599.0          0.87405
1600.0          0.86735
1601.0          0.86075
1602.0          0.85426
1603.0          0.84789
1604.0          0.84164
1605.0          0.83551
1606.0          0.82950
1607.0          0.82362
1608.0          0.81786
1609.0          0.81223
1610.0          0.80673
1611.0          0.80135
1612.0          0.79610
1613.0          0.79097
1614.0          0.78596
1615.0          0.78107
1616.0          0.77630
1617.0          0.77164
1618.0          0.76710
1619.0          0.76267
1620.0          0.75835
1621.0          0.75414
1622.0          0.75003
1623.0          0.74602
1624.0          0.74211
1625.0          0.73830
1626.0          0.73459
1627.0          0.73096
1628.0          0.72743
1629.0          0.72398
1630.0          0.72062
1631.0          0.71734
1632.0          0.71415
1633.0          0.71103
1634.0          0.70799
1635.0          0.70502
1636.0          0.70213
1637.0          0.69930
1638.0          0.69655
1639.0          0.69386
1640.0          0.69124
1641.0          0.68868
1642.0          0.68618
1643.0          0.68374
1644.0          0.68136
1645.0          0.67903
1646.0          0.67676
1647.0          0.67455
1648.0          0.67239
1649.0          0.67027
1650.0          0.66821
1400.0          0.94787
1401.0          0.94765
1402.0          0.94743
1403.0          0.94721
1404.0          0.94699
1405.0          0.94677
1406.0          0.94656
1407.0          0.94635
1408.0          0.94614
1409.0          0.94593
1410.0          0.94573
1411.0          0.94553
1412.0          0.94533
1413.0          0.94514
1414.0          0.94496
1415.0          0.94478
1416.0          0.94460
1417.0          0.94443
1418.0          0.94427
1419.0          0.94411
1420.0          0.94395
1421.0          0.94381
1422.0          0.94367
1423.0          0.94354
1424.0          0.94341
1425.0          0.94329
1426.0          0.94318
1427.0          0.94308
1428.0          0.94299
1429.0          0.94290
1430.0          0.94283
1431.0          0.94276
1432.0          0.94270
1433.0          0.94266
1434.0          0.94262
1435.0          0.94260
1436.0          0.94258
1437.0          0.94258
1438.0          0.94258
1439.0          0.94260
1440.0          0.94263
1441.0          0.94267
1442.0          0.94273
1443.0          0.94280
1444.0          0.94288
1445.0          0.94297
1446.0          0.94308
1447.0          0.94320
1448.0          0.94333
1449.0          0.94348
1450.0          0.94365
1451.0          0.94383
1452.0          0.94402
1453.0          0.94423
1454.0          0.94446
1455.0          0.94470
1456.0          0.94496
1457.0          0.94523
1458.0          0.94552
1459.0          0.94583
1460.0          0.94616
1461.0          0.94650
1462.0          0.94686
1463.0          0.94724
1464.0          0.94764
1465.0          0.94805
1466.0          0.94849
1467.0          0.94894
1468.0          0.94941
1469.0          0.94990
1470.0          0.95041
1471.0          0.95093
1472.0          0.95148
1473.0          0.95205
1474.0          0.95263
1475.0          0.95323
1476.0          0.95386
1477.0          0.95450
1478.0          0.95516
1479.0          0.95583
1480.0          0.95653
1481.0          0.95724
1482.0          0.95797
1483.0          0.95872
1484.0          0.95948
1485.0          0.96026
1486.0          0.96105
1487.0          0.96185
1488.0          0.96267
1489.0          0.96350
1490.0          0.96434
1491.0          0.96518
1492.0          0.96604
1493.0          0.96690
1494.0          0.96776
1495.0          0.96862
1496.0          0.96948
1497.0          0.97033
1498.0          0.97118
1499.0          0.97201
1500.0          0.97283
1501.0          0.97363
1502.0          0.97440
1503.0          0.97514
1504.0          0.97585
1505.0          0.97651
1506.0          0.97713
1507.0          0.97768
1508.0          0.97817
1509.0          0.97858
1510.0          0.97891
1511.0          0.97914
1512.0          0.97926
1513.0          0.97925
1514.0          0.97910
1515.0          0.97880
1516.0          0.97832
1517.0          0.97765
1518.0          0.97675
1519.0          0.97562
1520.0          0.97422
1521.0          0.97252
1522.0          0.97049
1523.0          0.96810
1524.0          0.96531
1525.0          0.96208
1526.0          0.95837
1527.0          0.95413
1528.0          0.94930
1529.0          0.94385
1530.0          0.93770
1531.0          0.93080
1532.0          0.92308
1533.0          0.91448
1534.0          0.90492
1535.0          0.89434
1536.0          0.88266
1537.0          0.86981
1538.0          0.85572
1539.0          0.84030
1540.0          0.82351
1541.0          0.80528
1542.0          0.78556
1543.0          0.76430
1544.0          0.74150
1545.0          0.71714
1546.0          0.69123
1547.0          0.66382
1548.0          0.63497
1549.0          0.60477
1550.0          0.57335
1551.0          0.54088
1552.0          0.50753
1553.0          0.47352
1554.0          0.43910
1555.0          0.40452
1556.0          0.37006
1557.0          0.33601
1558.0          0.30266
1559.0          0.27028
1560.0          0.23912
1561.0          0.20944
1562.0          0.18143
1563.0          0.15528
1564.0          0.13112
1565.0          0.10905
1566.0          0.089141
1567.0          0.071404
1568.0          0.055836
1569.0          0.042396
1570.0          0.031018
1571.0          0.021613
1572.0          0.014078
1573.0          0.0082942
1574.0          0.0041368
1575.0          0.0014755
1576.0          1.7880E-4
1577.0          1.1655E-4
1578.0          0.0011620
1579.0          0.0031936
1580.0          0.0060960
1581.0          0.0097610
1582.0          0.014088
1583.0          0.018985
1584.0          0.024366
1585.0          0.030156
1586.0          0.036283
1587.0          0.042686
1588.0          0.049309
1589.0          0.056102
1590.0          0.063021
1591.0          0.070027
1592.0          0.077087
1593.0          0.084170
1594.0          0.091251
1595.0          0.098309
1596.0          0.10532
1597.0          0.11228
1598.0          0.11916
1599.0          0.12595
1600.0          0.13265
1601.0          0.13925
1602.0          0.14574
1603.0          0.15211
1604.0          0.15836
1605.0          0.16449
1606.0          0.17050
1607.0          0.17638
1608.0          0.18214
1609.0          0.18777
1610.0          0.19327
1611.0          0.19865
1612.0          0.20390
1613.0          0.20903
1614.0          0.21404
1615.0          0.21893
1616.0          0.22370
1617.0          0.22836
1618.0          0.23290
1619.0          0.23733
1620.0          0.24165
1621.0          0.24586
1622.0          0.24997
1623.0          0.25398
1624.0          0.25789
1625.0          0.26170
1626.0          0.26541
1627.0          0.26904
1628.0          0.27257
1629.0          0.27602
1630.0          0.27938
1631.0          0.28266
1632.0          0.28585
1633.0          0.28897
1634.0          0.29201
1635.0          0.29498
1636.0          0.29787
1637.0          0.30070
1638.0          0.30345
1639.0          0.30614
1640.0          0.30876
1641.0          0.31132
1642.0          0.31382
1643.0          0.31626
1644.0          0.31864
1645.0          0.32097
1646.0          0.32324
1647.0          0.32545
1648.0          0.32761
1649.0          0.32973
1650.0          0.33179
1400.0          1.0000
1401.0          1.0000
1402.0          1.0000
1403.0          1.0000
1404.0          1.0000
1405.0          1.0000
1406.0          1.0000
1407.0          1.0000
1408.0          1.0000
1409.0          1.0000
1410.0          1.0000
1411.0          1.0000
1412.0          1.0000
1413.0          1.0000
1414.0          1.0000
1415.0          1.0000
1416.0          1.0000
1417.0          1.0000
1418.0          1.0000
1419.0          1.0000
1420.0          1.0000
1421.0          1.0000
1422.0          1.0000
1423.0          1.0000
1424.0          1.0000
1425.0          1.0000
1426.0          1.0000
1427.0          1.0000
1428.0          1.0000
1429.0          1.0000
1430.0          1.0000
1431.0          1.0000
1432.0          1.0000
1433.0          1.0000
1434.0          1.0000
1435.0          1.0000
1436.0          1.0000
1437.0          1.0000
1438.0          1.0000
1439.0          1.0000
1440.0          1.0000
1441.0          1.0000
1442.0          1.0000
1443.0          1.0000
1444.0          1.0000
1445.0          1.0000
1446.0          1.0000
1447.0          1.0000
1448.0          1.0000
1449.0          1.0000
1450.0          1.0000
1451.0          1.0000
1452.0          1.0000
1453.0          1.0000
1454.0          1.0000
1455.0          1.0000
1456.0          1.0000
1457.0          1.0000
1458.0          1.0000
1459.0          1.0000
1460.0          1.0000
1461.0          1.0000
1462.0          1.0000
1463.0          1.0000
1464.0          1.0000
1465.0          1.0000
1466.0          1.0000
1467.0          1.0000
1468.0          1.0000
1469.0          1.0000
1470.0          1.0000
1471.0          1.0000
1472.0          1.0000
1473.0          1.0000
1474.0          1.0000
1475.0          1.0000
1476.0          1.0000
1477.0          1.0000
1478.0          1.0000
1479.0          1.0000
1480.0          1.0000
1481.0          1.0000
1482.0          1.0000
1483.0          1.0000
1484.0          1.0000
1485.0          1.0000
1486.0          1.0000
1487.0          1.0000
1488.0          1.0000
1489.0          1.0000
1490.0          1.0000
1491.0          1.0000
1492.0          1.0000
1493.0          1.0000
1494.0          1.0000
1495.0          1.0000
1496.0          1.0000
1497.0          1.0000
1498.0          1.0000
1499.0          1.0000
1500.0          1.0000
1501.0          1.0000
1502.0          1.0000
1503.0          1.0000
1504.0          1.0000
1505.0          1.0000
1506.0          1.0000
1507.0          1.0000
1508.0          1.0000
1509.0          1.0000
1510.0          1.0000
1511.0          1.0000
1512.0          1.0000
1513.0          1.0000
1514.0          1.0000
1515.0          1.0000
1516.0          1.0000
1517.0          1.0000
1518.0          1.0000
1519.0          1.0000
1520.0          1.0000
1521.0          1.0000
1522.0          1.0000
1523.0          1.0000
1524.0          1.0000
1525.0          1.0000
1526.0          1.0000
1527.0          1.0000
1528.0          1.0000
1529.0          1.0000
1530.0          1.0000
1531.0          1.0000
1532.0          1.0000
1533.0          1.0000
1534.0          1.0000
1535.0          1.0000
1536.0          1.0000
1537.0          1.0000
1538.0          1.0000
1539.0          1.0000
1540.0          1.0000
1541.0          1.0000
1542.0          1.0000
1543.0          1.0000
1544.0          1.0000
1545.0          1.0000
1546.0          1.0000
1547.0          1.0000
1548.0          1.0000
1549.0          1.0000
1550.0          1.0000
1551.0          1.0000
1552.0          1.0000
1553.0          1.0000
1554.0          1.0000
1555.0          1.0000
1556.0          1.0000
1557.0          1.0000
1558.0          1.0000
1559.0          1.0000
1560.0          1.0000
1561.0          1.0000
1562.0          1.0000
1563.0          1.0000
1564.0          1.0000
1565.0          1.0000
1566.0          1.0000
1567.0          1.0000
1568.0          1.0000
1569.0          1.0000
1570.0          1.0000
1571.0          1.0000
1572.0          1.0000
1573.0          1.0000
1574.0          1.0000
1575.0          1.0000
1576.0          1.0000
1577.0          1.0000
1578.0          1.0000
1579.0          1.0000
1580.0          1.0000
1581.0          1.0000
1582.0          1.0000
1583.0          1.0000
1584.0          1.0000
1585.0          1.0000
1586.0          1.0000
1587.0          1.0000
1588.0          1.0000
1589.0          1.0000
1590.0          1.0000
1591.0          1.0000
1592.0          1.0000
1593.0          1.0000
1594.0          1.0000
1595.0          1.0000
1596.0          1.0000
1597.0          1.0000
1598.0          1.0000
1599.0          1.0000
1600.0          1.0000
1601.0          1.0000
1602.0          1.0000
1603.0          1.0000
1604.0          1.0000
1605.0          1.0000
1606.0          1.0000
1607.0          1.0000
1608.0          1.0000
1609.0          1.0000
1610.0          1.0000
1611.0          1.0000
1612.0          1.0000
1613.0          1.0000
1614.0          1.0000
1615.0          1.0000
1616.0          1.0000
1617.0          1.0000
1618.0          1.0000
1619.0          1.0000
1620.0          1.0000
1621.0          1.0000
1622.0          1.0000
1623.0          1.0000
1624.0          1.0000
1625.0          1.0000
1626.0          1.0000
1627.0          1.0000
1628.0          1.0000
1629.0          1.0000
1630.0          1.0000
1631.0          1.0000
1632.0          1.0000
1633.0          1.0000
1634.0          1.0000
1635.0          1.0000
1636.0          1.0000
1637.0          1.0000
1638.0          1.0000
1639.0          1.0000
1640.0          1.0000
1641.0          1.0000
1642.0          1.0000
1643.0          1.0000
1644.0          1.0000
1645.0          1.0000
1646.0          1.0000
1647.0          1.0000
1648.0          1.0000
1649.0          1.0000
1650.0          1.0000
1400.0          -6.6613E-16
1401.0          3.3307E-16
1402.0          5.6621E-15
1403.0          -1.9984E-15
1404.0          1.7764E-15
1405.0          1.2212E-15
1406.0          -6.8834E-15
1407.0          5.3291E-15
1408.0          -3.3307E-15
1409.0          -1.7764E-15
1410.0          -2.6645E-15
1411.0          -2.2204E-16
1412.0          3.9968E-15
1413.0          1.4433E-15
1414.0          3.8858E-15
1415.0          -1.3323E-15
1416.0          6.6613E-16
1417.0          -3.9968E-15
1418.0          -1.5543E-15
1419.0          -2.2204E-16
1420.0          2.4425E-15
1421.0          -8.8818E-16
1422.0          2.8866E-15
1423.0          -8.8818E-16
1424.0          -2.4425E-15
1425.0          -2.2204E-16
1426.0          -8.8818E-16
1427.0          1.3323E-15
1428.0          2.9976E-15
1429.0          -2.6645E-15
1430.0          1.1102E-16
1431.0          8.8818E-16
1432.0          1.1102E-16
1433.0          2.4425E-15
1434.0          6.6613E-16
1435.0          -8.8818E-16
1436.0          5.5511E-16
1437.0          3.3307E-16
1438.0          -1.3323E-15
1439.0          8.8818E-16
1440.0          1.1102E-16
1441.0          -1.3323E-15
1442.0          -2.2204E-15
1443.0          1.5543E-15
1444.0          0.0000
1445.0          2.6645E-15
1446.0          1.6653E-15
1447.0          2.5535E-15
1448.0          -4.4409E-16
1449.0          -1.9984E-15
1450.0          -1.5543E-15
1451.0          4.4409E-16
1452.0          3.9968E-15
1453.0          -3.3307E-15
1454.0          1.8874E-15
1455.0          -8.8818E-16
1456.0          -2.4425E-15
1457.0          -6.6613E-16
1458.0          -3.1086E-15
1459.0          -3.7748E-15
1460.0          1.5543E-15
1461.0          1.4433E-15
1462.0          -1.1102E-15
1463.0          6.6613E-16
1464.0          -1.7764E-15
1465.0          2.2204E-15
1466.0          1.1102E-15
1467.0          1.4433E-15
1468.0          -1.7764E-15
1469.0          0.0000
1470.0          9.9920E-16
1471.0          5.1070E-15
1472.0          -2.2204E-16
1473.0          -2.2204E-15
1474.0          -8.8818E-16
1475.0          0.0000
1476.0          4.4409E-16
1477.0          -2.4425E-15
1478.0          1.5543E-15
1479.0          -1.3323E-15
1480.0          -2.4425E-15
1481.0          -1.7764E-15
1482.0          6.6613E-16
1483.0          2.7756E-15
1484.0          1.2212E-15
1485.0          -8.8818E-16
1486.0          3.9968E-15
1487.0          1.8874E-15
1488.0          1.9984E-15
1489.0          -1.5543E-15
1490.0          1.1102E-15
1491.0          1.3323E-15
1492.0          2.6645E-15
1493.0          6.6613E-16
1494.0          -1.5543E-15
1495.0          -6.6613E-16
1496.0          -1.1102E-15
1497.0          -4.4409E-16
1498.0          -8.8818E-16
1499.0          3.1086E-15
1500.0          7.7716E-16
1501.0          -1.9984E-15
1502.0          -1.5543E-15
1503.0          1.5543E-15
1504.0          3.3307E-15
1505.0          -1.7764E-15
1506.0          -1.1102E-15
1507.0          6.3283E-15
1508.0          0.0000
1509.0          2.2204E-16
1510.0          1.9984E-15
1511.0          3.5527E-15
1512.0          -4.4409E-16
1513.0          5.6621E-15
1514.0          2.5535E-15
1515.0          -1.7764E-15
1516.0          2.2204E-15
1517.0          -4.2188E-15
1518.0          5.9952E-15
1519.0          2.6645E-15
1520.0          4.2188E-15
1521.0          8.8818E-16
1522.0          3.1086E-15
1523.0          -1.7764E-15
1524.0          6.6613E-16
1525.0          3.6637E-15
1526.0          -1.5543E-15
1527.0          -4.4409E-16
1528.0          -5.7732E-15
1529.0          -5.3291E-15
1530.0          -1.3323E-15
1531.0          -3.9968E-15
1532.0          9.9920E-16
1533.0          9.9920E-16
1534.0          1.6764E-14
1535.0          -5.3291E-15
1536.0          -6.8834E-15
1537.0          1.1102E-15
1538.0          -8.8818E-16
1539.0          1.5543E-15
1540.0          -1.3323E-15
1541.0          4.3299E-15
1542.0          2.5535E-15
1543.0          2.2204E-16
1544.0          3.5527E-15
1545.0          -3.9968E-15
1546.0          1.3323E-15
1547.0          -3.7748E-15
1548.0          -8.8818E-16
1549.0          6.6613E-15
1550.0          5.5511E-15
1551.0          -2.2204E-16
1552.0          4.8850E-15
1553.0          -1.3323E-15
1554.0          -3.7748E-15
1555.0          -4.8850E-15
1556.0          3.3307E-15
1557.0          -4.4409E-16
1558.0          -1.1102E-15
1559.0          -4.4409E-15
1560.0          -3.7748E-15
1561.0          1.3323E-15
1562.0          -1.3323E-15
1563.0          1.1102E-16
1564.0          3.3307E-16
1565.0          -4.6629E-15
1566.0          -5.3291E-15
1567.0          4.4409E-15
1568.0          -2.4425E-15
1569.0          3.1086E-15
1570.0          -3.5527E-15
1571.0          -1.1102E-15
1572.0          -1.9984E-15
1573.0          4.5519E-15
1574.0          -6.4393E-15
1575.0          4.4409E-15
1576.0          -5.1070E-15
1577.0          -1.1102E-15
1578.0          1.9984E-15
1579.0          2.2204E-16
1580.0          2.1094E-15
1581.0          0.0000
1582.0          -4.4409E-15
1583.0          -2.6645E-15
1584.0          -2.4425E-15
1585.0          2.7756E-15
1586.0          3.5527E-15
1587.0          1.2212E-15
1588.0          -1.9984E-15
1589.0          -4.8850E-15
1590.0          -2.4425E-15
1591.0          9.9920E-16
1592.0          2.6645E-15
1593.0          -2.4425E-15
1594.0          -1.9984E-15
1595.0          0.0000
1596.0          1.8874E-15
1597.0          -1.5543E-15
1598.0          3.1086E-15
1599.0          -5.7732E-15
1600.0          3.3307E-15
1601.0          2.2204E-15
1602.0          -3.1086E-15
1603.0          2.3315E-15
1604.0          3.7748E-15
1605.0          1.6653E-15
1606.0          -1.3323E-15
1607.0          -1.3323E-15
1608.0          3.7748E-15
1609.0          2.1094E-15
1610.0          -1.7764E-15
1611.0          -1.5543E-15
1612.0          3.1086E-15
1613.0          4.1078E-15
1614.0          -3.5527E-15
1615.0          -5.9952E-15
1616.0          0.0000
1617.0          -3.5527E-15
1618.0          -2.6645E-15
1619.0          2.8866E-15
1620.0          1.6653E-15
1621.0          1.5543E-15
1622.0          9.9920E-16
1623.0          8.8818E-16
1624.0          -6.6613E-16
1625.0          -2.2204E-15
1626.0          -2.2204E-16
1627.0          -1.7764E-15
1628.0          -6.8834E-15
1629.0          -2.2204E-15
1630.0          1.9984E-15
1631.0          3.5527E-15
1632.0          0.0000
1633.0          1.1102E-15
1634.0          -2.2204E-15
1635.0          -6.6613E-16
1636.0          -2.2204E-15
1637.0          4.4409E-16
1638.0          0.0000
1639.0          -3.7748E-15
1640.0          6.6613E-16
1641.0          -1.3323E-15
1642.0          -2.2204E-15
1643.0          -2.6645E-15
1644.0          1.1102E-16
1645.0          2.4425E-15
1646.0          -8.8818E-16
1647.0          -3.9968E-15
1648.0          -1.3323E-15
1649.0          4.4409E-16
1650.0          -1.5543E-15
