1400.0          0.032864
1401.0          0.032878
1402.0          0.032902
1403.0          0.032936
1404.0          0.032979
1405.0          0.033031
1406.0          0.033092
1407.0          0.033161
1408.0          0.033239
1409.0          0.033325
1410.0          0.033419
1411.0          0.033520
1412.0          0.033627
1413.0          0.033742
1414.0          0.033863
1415.0          0.033990
1416.0          0.034122
1417.0          0.034259
1418.0          0.034401
1419.0          0.034546
1420.0          0.034695
1421.0          0.034848
1422.0          0.035002
1423.0          0.035159
1424.0          0.035316
1425.0          0.035474
1426.0          0.035632
1427.0          0.035790
1428.0          0.035945
1429.0          0.036099
1430.0          0.036250
1431.0          0.036397
1432.0          0.036540
1433.0          0.036678
1434.0          0.036811
1435.0          0.036939
1436.0          0.037061
1437.0          0.037177
1438.0          0.037290
1439.0          0.037400
1440.0          0.037510
1441.0          0.037625
1442.0          0.037751
1443.0          0.037898
1444.0          0.038081
1445.0          0.038322
1446.0          0.038654
1447.0          0.039127
1448.0          0.039816
1449.0          0.040838
1450.0          0.042379
1451.0          0.044737
1452.0          0.048415
1453.0          0.054281
1454.0          0.063908
1455.0          0.080295
1456.0          0.10949
1457.0          0.16442
1458.0          0.27329
1459.0          0.48901
1460.0          0.82476
1461.0          0.99874
1462.0          0.82400
1463.0          0.59645
1464.0          0.44176
1465.0          0.34576
1466.0          0.28468
1467.0          0.24401
1468.0          0.21572
1469.0          0.19529
1470.0          0.18008
1471.0          0.16846
1472.0          0.15941
1473.0          0.15225
1474.0          0.14650
1475.0          0.14185
1476.0          0.13804
1477.0          0.13491
1478.0          0.13234
1479.0          0.13021
1480.0          0.12845
1481.0          0.12700
1482.0          0.12582
1483.0          0.12487
1484.0          0.12410
1485.0          0.12350
1486.0          0.12305
1487.0          0.12273
1488.0          0.12252
1489.0          0.12241
1490.0          0.12238
1491.0          0.12244
1492.0          0.12257
1493.0          0.12276
1494.0          0.12301
1495.0          0.12332
1496.0          0.12367
1497.0          0.12407
1498.0          0.12451
1499.0          0.12499
1500.0          0.12550
1501.0          0.12604
1502.0          0.12662
1503.0          0.12722
1504.0          0.12785
1505.0          0.12850
1506.0          0.12917
1507.0          0.12986
1508.0          0.13058
1509.0          0.13131
1510.0          0.13206
1511.0          0.13283
1512.0          0.13361
1513.0          0.13441
1514.0          0.13522
1515.0          0.13604
1516.0          0.13688
1517.0          0.13773
1518.0          0.13858
1519.0          0.13945
1520.0          0.14033
1521.0          0.14122
1522.0          0.14212
1523.0          0.14303
1524.0          0.14394
1525.0          0.14487
1526.0          0.14580
1527.0          0.14673
1528.0          0.14768
1529.0          0.14863
1530.0          0.14959
1531.0          0.15055
1532.0          0.15152
1533.0          0.15249
1534.0          0.15347
1535.0          0.15446
1536.0          0.15545
1537.0          0.15644
1538.0          0.15744
1539.0          0.15844
1540.0          0.15944
1541.0          0.16045
1542.0          0.16147
1543.0          0.16248
1544.0          0.16350
1545.0          0.16453
1546.0          0.16555
1547.0          0.16658
1548.0          0.16761
1549.0          0.16864
1550.0          0.16968
1551.0          0.17072
1552.0          0.17176
1553.0          0.17280
1554.0          0.17384
1555.0          0.17489
1556.0          0.17594
1557.0          0.17699
1558.0          0.17804
1559.0          0.17909
1560.0          0.18014
1561.0          0.18120
1562.0          0.18225
1563.0          0.18331
1564.0          0.18436
1565.0          0.18542
1566.0          0.18648
1567.0          0.18754
1568.0          0.18860
1569.0          0.18966
1570.0          0.19072
1571.0          0.19178
1572.0          0.19284
1573.0          0.19390
1574.0          0.19496
1575.0          0.19602
1576.0          0.19709
1577.0          0.19815
1578.0          0.19921
1579.0          0.20027
1580.0          0.20133
1581.0          0.20239
1582.0          0.20345
1583.0          0.20451
1584.0          0.20557
1585.0          0.20663
1586.0          0.20769
1587.0          0.20874
1588.0          0.20980
1589.0          0.21086
1590.0          0.21191
1591.0          0.21297
1592.0          0.21402
1593.0          0.21507
1594.0          0.21613
1595.0          0.21718
1596.0          0.21823
1597.0          0.21927
1598.0          0.22032
1599.0          0.22137
1600.0          0.22241
1601.0          0.22346
1602.0          0.22450
1603.0          0.22554
1604.0          0.22658
1605.0          0.22762
1606.0          0.22866
1607.0          0.22970
1608.0          0.23073
1609.0          0.23176
1610.0          0.23279
1611.0          0.23382
1612.0          0.23485
1613.0          0.23588
1614.0          0.23691
1615.0          0.23793
1616.0          0.23895
1617.0          0.23997
1618.0          0.24099
1619.0          0.24201
1620.0          0.24302
1621.0          0.24403
1622.0          0.24505
1623.0          0.24606
1624.0          0.24706
1625.0          0.24807
1626.0          0.24907
1627.0          0.25007
1628.0          0.25107
1629.0          0.25207
1630.0          0.25307
1631.0          0.25406
1632.0          0.25505
1633.0          0.25604
1634.0          0.25703
1635.0          0.25802
1636.0          0.25900
1637.0          0.25998
1638.0          0.26096
1639.0          0.26194
1640.0          0.26291
1641.0          0.26389
1642.0          0.26486
1643.0          0.26583
1644.0          0.26679
1645.0          0.26776
1646.0          0.26872
1647.0          0.26968
1648.0          0.27064
1649.0          0.27159
1650.0          0.27254
1400.0          0.96714
1401.0          0.96712
1402.0          0.96710
1403.0          0.96706
1404.0          0.96702
1405.0          0.96697
1406.0          0.96691
1407.0          0.96684
1408.0          0.96676
1409.0          0.96667
1410.0          0.96658
1411.0          0.96648
1412.0          0.96637
1413.0          0.96626
1414.0          0.96614
1415.0          0.96601
1416.0          0.96588
1417.0          0.96574
1418.0          0.96560
1419.0          0.96545
1420.0          0.96530
1421.0          0.96515
1422.0          0.96500
1423.0          0.96484
1424.0          0.96468
1425.0          0.96453
1426.0          0.96437
1427.0          0.96421
1428.0          0.96405
1429.0          0.96390
1430.0          0.96375
1431.0          0.96360
1432.0          0.96346
1433.0          0.96332
1434.0          0.96319
1435.0          0.96306
1436.0          0.96294
1437.0          0.96282
1438.0          0.96271
1439.0          0.96260
1440.0          0.96249
1441.0          0.96238
1442.0          0.96225
1443.0          0.96210
1444.0          0.96192
1445.0          0.96168
1446.0          0.96135
1447.0          0.96087
1448.0          0.96018
1449.0          0.95916
1450.0          0.95762
1451.0          0.95526
1452.0          0.95159
1453.0          0.94572
1454.0          0.93609
1455.0          0.91971
1456.0          0.89051
1457.0          0.83558
1458.0          0.72671
1459.0          0.51099
1460.0          0.17524
1461.0          0.0012563
1462.0          0.17600
1463.0          0.40355
1464.0          0.55824
1465.0          0.65424
1466.0          0.71532
1467.0          0.75599
1468.0          0.78428
1469.0          0.80471
1470.0          0.81992
1471.0          0.83154
1472.0          0.84059
1473.0          0.84775
1474.0          0.85350
1475.0          0.85815
1476.0          0.86196
1477.0          0.86509
1478.0          0.86766
1479.0          0.86979
1480.0          0.87155
1481.0          0.87300
1482.0          0.87418
1483.0          0.87513
1484.0          0.87590
1485.0          0.87650
1486.0          0.87695
1487.0          0.87727
1488.0          0.87748
1489.0          0.87759
1490.0          0.87762
1491.0          0.87756
1492.0          0.87743
1493.0          0.87724
1494.0          0.87699
1495.0          0.87668
1496.0          0.87633
1497.0          0.87593
1498.0          0.87549
1499.0          0.87501
1500.0          0.87450
1501.0          0.87396
1502.0          0.87338
1503.0          0.87278
1504.0          0.87215
1505.0          0.87150
1506.0          0.87083
1507.0          0.87014
1508.0          0.86942
1509.0          0.86869
1510.0          0.86794
1511.0          0.86717
1512.0          0.86639
1513.0          0.86559
1514.0          0.86478
1515.0          0.86396
1516.0          0.86312
1517.0          0.86227
1518.0          0.86142
1519.0          0.86055
1520.0          0.85967
1521.0          0.85878
1522.0          0.85788
1523.0          0.85697
1524.0          0.85606
1525.0          0.85513
1526.0          0.85420
1527.0          0.85327
1528.0          0.85232
1529.0          0.85137
1530.0          0.85041
1531.0          0.84945
1532.0          0.84848
1533.0          0.84751
1534.0          0.84653
1535.0          0.84554
1536.0          0.84455
1537.0          0.84356
1538.0          0.84256
1539.0          0.84156
1540.0          0.84056
1541.0          0.83955
1542.0          0.83853
1543.0          0.83752
1544.0          0.83650
1545.0          0.83547
1546.0          0.83445
1547.0          0.83342
1548.0          0.83239
1549.0          0.83136
1550.0          0.83032
1551.0          0.82928
1552.0          0.82824
1553.0          0.82720
1554.0          0.82616
1555.0          0.82511
1556.0          0.82406
1557.0          0.82301
1558.0          0.82196
1559.0          0.82091
1560.0          0.81986
1561.0          0.81880
1562.0          0.81775
1563.0          0.81669
1564.0          0.81564
1565.0          0.81458
1566.0          0.81352
1567.0          0.81246
1568.0          0.81140
1569.0          0.81034
1570.0          0.80928
1571.0          0.80822
1572.0          0.80716
1573.0          0.80610
1574.0          0.80504
1575.0          0.80398
1576.0          0.80291
1577.0          0.80185
1578.0          0.80079
1579.0          0.79973
1580.0          0.79867
1581.0          0.79761
1582.0          0.79655
1583.0          0.79549
1584.0          0.79443
1585.0          0.79337
1586.0          0.79231
1587.0          0.79126
1588.0          0.79020
1589.0          0.78914
1590.0          0.78809
1591.0          0.78703
1592.0          0.78598
1593.0          0.78493
1594.0          0.78387
1595.0          0.78282
1596.0          0.78177
1597.0          0.78073
1598.0          0.77968
1599.0          0.77863
1600.0          0.77759
1601.0          0.77654
1602.0          0.77550
1603.0          0.77446
1604.0          0.77342
1605.0          0.77238
1606.0          0.77134
1607.0          0.77030
1608.0          0.76927
1609.0          0.76824
1610.0          0.76721
1611.0          0.76618
1612.0          0.76515
1613.0          0.76412
1614.0          0.76309
1615.0          0.76207
1616.0          0.76105
1617.0          0.76003
1618.0          0.75901
1619.0          0.75799
1620.0          0.75698
1621.0          0.75597
1622.0          0.75495
1623.0          0.75394
1624.0          0.75294
1625.0          0.75193
1626.0          0.75093
1627.0          0.74993
1628.0          0.74893
1629.0          0.74793
1630.0          0.74693
1631.0          0.74594
1632.0          0.74495
1633.0          0.74396
1634.0          0.74297
1635.0          0.74198
1636.0          0.74100
1637.0          0.74002
1638.0          0.73904
1639.0          0.73806
1640.0          0.73709
1641.0          0.73611
1642.0          0.73514
1643.0          0.73417
1644.0          0.73321
1645.0          0.73224
1646.0          0.73128
1647.0          0.73032
1648.0          0.72936
1649.0          0.72841
1650.0          0.72746
1400.0          1.0000
1401.0          1.0000
1402.0          1.0000
1403.0          1.0000
1404.0          1.0000
1405.0          1.0000
1406.0          1.0000
1407.0          1.0000
1408.0          1.0000
1409.0          1.0000
1410.0          1.0000
1411.0          1.0000
1412.0          1.0000
1413.0          1.0000
1414.0          1.0000
1415.0          1.0000
1416.0          1.0000
1417.0          1.0000
1418.0          1.0000
1419.0          1.0000
1420.0          1.0000
1421.0          1.0000
1422.0          1.0000
1423.0          1.0000
1424.0          1.0000
1425.0          1.0000
1426.0          1.0000
1427.0          1.0000
1428.0          1.0000
1429.0          1.0000
1430.0          1.0000
1431.0          1.0000
1432.0          1.0000
1433.0          1.0000
1434.0          1.0000
1435.0          1.0000
1436.0          1.0000
1437.0          1.0000
1438.0          1.0000
1439.0          1.0000
1440.0          1.0000
1441.0          1.0000
1442.0          1.0000
1443.0          1.0000
1444.0          1.0000
1445.0          1.0000
1446.0          1.0000
1447.0          1.0000
1448.0          1.0000
1449.0          1.0000
1450.0          1.0000
1451.0          1.0000
1452.0          1.0000
1453.0          1.0000
1454.0          1.0000
1455.0          1.0000
1456.0          1.0000
1457.0          1.0000
1458.0          1.0000
1459.0          1.0000
1460.0          1.0000
1461.0          1.0000
1462.0          1.0000
1463.0          1.0000
1464.0          1.0000
1465.0          1.0000
1466.0          1.0000
1467.0          1.0000
1468.0          1.0000
1469.0          1.0000
1470.0          1.0000
1471.0          1.0000
1472.0          1.0000
1473.0          1.0000
1474.0          1.0000
1475.0          1.0000
1476.0          1.0000
1477.0          1.0000
1478.0          1.0000
1479.0          1.0000
1480.0          1.0000
1481.0          1.0000
1482.0          1.0000
1483.0          1.0000
1484.0          1.0000
1485.0          1.0000
1486.0          1.0000
1487.0          1.0000
1488.0          1.0000
1489.0          1.0000
1490.0          1.0000
1491.0          1.0000
1492.0          1.0000
1493.0          1.0000
1494.0          1.0000
1495.0          1.0000
1496.0          1.0000
1497.0          1.0000
1498.0          1.0000
1499.0          1.0000
1500.0          1.0000
1501.0          1.0000
1502.0          1.0000
1503.0          1.0000
1504.0          1.0000
1505.0          1.0000
1506.0          1.0000
1507.0          1.0000
1508.0          1.0000
1509.0          1.0000
1510.0          1.0000
1511.0          1.0000
1512.0          1.0000
1513.0          1.0000
1514.0          1.0000
1515.0          1.0000
1516.0          1.0000
1517.0          1.0000
1518.0          1.0000
1519.0          1.0000
1520.0          1.0000
1521.0          1.0000
1522.0          1.0000
1523.0          1.0000
1524.0          1.0000
1525.0          1.0000
1526.0          1.0000
1527.0          1.0000
1528.0          1.0000
1529.0          1.0000
1530.0          1.0000
1531.0          1.0000
1532.0          1.0000
1533.0          1.0000
1534.0          1.0000
1535.0          1.0000
1536.0          1.0000
1537.0          1.0000
1538.0          1.0000
1539.0          1.0000
1540.0          1.0000
1541.0          1.0000
1542.0          1.0000
1543.0          1.0000
1544.0          1.0000
1545.0          1.0000
1546.0          1.0000
1547.0          1.0000
1548.0          1.0000
1549.0          1.0000
1550.0          1.0000
1551.0          1.0000
1552.0          1.0000
1553.0          1.0000
1554.0          1.0000
1555.0          1.0000
1556.0          1.0000
1557.0          1.0000
1558.0          1.0000
1559.0          1.0000
1560.0          1.0000
1561.0          1.0000
1562.0          1.0000
1563.0          1.0000
1564.0          1.0000
1565.0          1.0000
1566.0          1.0000
1567.0          1.0000
1568.0          1.0000
1569.0          1.0000
1570.0          1.0000
1571.0          1.0000
1572.0          1.0000
1573.0          1.0000
1574.0          1.0000
1575.0          1.0000
1576.0          1.0000
1577.0          1.0000
1578.0          1.0000
1579.0          1.0000
1580.0          1.0000
1581.0          1.0000
1582.0          1.0000
1583.0          1.0000
1584.0          1.0000
1585.0          1.0000
1586.0          1.0000
1587.0          1.0000
1588.0          1.0000
1589.0          1.0000
1590.0          1.0000
1591.0          1.0000
1592.0          1.0000
1593.0          1.0000
1594.0          1.0000
1595.0          1.0000
1596.0          1.0000
1597.0          1.0000
1598.0          1.0000
1599.0          1.0000
1600.0          1.0000
1601.0          1.0000
1602.0          1.0000
1603.0          1.0000
1604.0          1.0000
1605.0          1.0000
1606.0          1.0000
1607.0          1.0000
1608.0          1.0000
1609.0          1.0000
1610.0          1.0000
1611.0          1.0000
1612.0          1.0000
1613.0          1.0000
1614.0          1.0000
1615.0          1.0000
1616.0          1.0000
1617.0          1.0000
1618.0          1.0000
1619.0          1.0000
1620.0          1.0000
1621.0          1.0000
1622.0          1.0000
1623.0          1.0000
1624.0          1.0000
1625.0          1.0000
1626.0          1.0000
1627.0          1.0000
1628.0          1.0000
1629.0          1.0000
1630.0          1.0000
1631.0          1.0000
1632.0          1.0000
1633.0          1.0000
1634.0          1.0000
1635.0          1.0000
1636.0          1.0000
1637.0          1.0000
1638.0          1.0000
1639.0          1.0000
1640.0          1.0000
1641.0          1.0000
1642.0          1.0000
1643.0          1.0000
1644.0          1.0000
1645.0          1.0000
1646.0          1.0000
1647.0          1.0000
1648.0          1.0000
1649.0          1.0000
1650.0          1.0000
1400.0          -1.1102E-15
1401.0          -1.1102E-15
1402.0          2.1094E-15
1403.0          -2.6645E-15
1404.0          2.9976E-15
1405.0          -2.2204E-15
1406.0          -2.2204E-16
1407.0          -6.6613E-16
1408.0          -8.8818E-16
1409.0          -2.4425E-15
1410.0          -1.7764E-15
1411.0          1.5543E-15
1412.0          -1.5543E-15
1413.0          -4.4409E-16
1414.0          -6.6613E-16
1415.0          3.2196E-15
1416.0          1.7764E-15
1417.0          0.0000
1418.0          -3.1086E-15
1419.0          1.1102E-15
1420.0          1.8874E-15
1421.0          -3.7748E-15
1422.0          -1.5543E-15
1423.0          -8.8818E-16
1424.0          -1.5543E-15
1425.0          -1.5543E-15
1426.0          -2.2204E-16
1427.0          1.4433E-15
1428.0          -2.2204E-16
1429.0          -4.4409E-16
1430.0          3.8858E-15
1431.0          5.3291E-15
1432.0          -3.3307E-15
1433.0          3.1086E-15
1434.0          -8.8818E-16
1435.0          1.5543E-15
1436.0          1.9984E-15
1437.0          -5.7732E-15
1438.0          5.5511E-16
1439.0          0.0000
1440.0          -3.5527E-15
1441.0          1.2212E-15
1442.0          -2.2204E-15
1443.0          4.6629E-15
1444.0          4.3299E-15
1445.0          1.1102E-16
1446.0          -4.2188E-15
1447.0          6.6613E-16
1448.0          -2.2204E-15
1449.0          4.4409E-16
1450.0          -2.2204E-15
1451.0          1.3323E-15
1452.0          3.5527E-15
1453.0          -1.3323E-15
1454.0          9.5479E-15
1455.0          7.9936E-15
1456.0          -8.8818E-16
1457.0          -1.3323E-15
1458.0          -4.8850E-15
1459.0          -7.1054E-15
1460.0          -1.5543E-15
1461.0          -1.4655E-14
1462.0          1.3989E-14
1463.0          5.3402E-14
1464.0          -3.1086E-14
1465.0          4.2188E-15
1466.0          -7.9936E-15
1467.0          2.6645E-15
1468.0          -5.7732E-15
1469.0          -2.8866E-15
1470.0          9.4369E-15
1471.0          9.9920E-16
1472.0          -2.2204E-15
1473.0          -2.2204E-16
1474.0          -4.2188E-15
1475.0          -2.4425E-15
1476.0          3.7748E-15
1477.0          1.8874E-15
1478.0          -2.2204E-16
1479.0          -1.5543E-15
1480.0          -8.8818E-16
1481.0          2.2204E-16
1482.0          6.6613E-16
1483.0          6.6613E-16
1484.0          -6.6613E-16
1485.0          1.3323E-15
1486.0          2.7756E-15
1487.0          2.7756E-15
1488.0          -2.2204E-16
1489.0          -1.3323E-15
1490.0          -4.4409E-16
1491.0          1.1102E-15
1492.0          6.6613E-16
1493.0          -4.6629E-15
1494.0          1.3323E-15
1495.0          1.5543E-15
1496.0          0.0000
1497.0          2.4425E-15
1498.0          -6.6613E-16
1499.0          1.4433E-15
1500.0          -2.6645E-15
1501.0          -1.3323E-15
1502.0          -2.6645E-15
1503.0          1.6653E-15
1504.0          1.6653E-15
1505.0          4.4409E-16
1506.0          -1.3323E-15
1507.0          -2.6645E-15
1508.0          2.6645E-15
1509.0          1.1102E-16
1510.0          -2.2204E-16
1511.0          1.3323E-15
1512.0          1.6653E-15
1513.0          -1.5543E-15
1514.0          6.6613E-16
1515.0          1.7764E-15
1516.0          -2.2204E-16
1517.0          -2.2204E-16
1518.0          -6.6613E-16
1519.0          -4.4409E-16
1520.0          0.0000
1521.0          1.7764E-15
1522.0          0.0000
1523.0          6.6613E-16
1524.0          -1.3323E-15
1525.0          -2.2204E-16
1526.0          -3.9968E-15
1527.0          -4.4409E-16
1528.0          2.2204E-16
1529.0          1.5543E-15
1530.0          -2.4425E-15
1531.0          1.4433E-15
1532.0          3.3307E-15
1533.0          -6.6613E-16
1534.0          -2.6645E-15
1535.0          -6.6613E-16
1536.0          -6.6613E-16
1537.0          -2.6645E-15
1538.0          1.1102E-16
1539.0          -2.4425E-15
1540.0          -1.7764E-15
1541.0          1.7764E-15
1542.0          -1.1102E-15
1543.0          2.4425E-15
1544.0          -4.4409E-16
1545.0          0.0000
1546.0          9.9920E-16
1547.0          1.1102E-15
1548.0          -4.4409E-16
1549.0          3.2196E-15
1550.0          -2.2204E-16
1551.0          -1.5543E-15
1552.0          2.2204E-16
1553.0          -2.2204E-15
1554.0          -6.6613E-16
1555.0          1.3323E-15
1556.0          -1.5543E-15
1557.0          1.8874E-15
1558.0          5.5511E-16
1559.0          -4.4409E-16
1560.0          6.6613E-16
1561.0          -1.3323E-15
1562.0          7.7716E-16
1563.0          6.6613E-16
1564.0          -3.5527E-15
1565.0          -1.1102E-15
1566.0          -1.3323E-15
1567.0          2.7756E-15
1568.0          -4.4409E-15
1569.0          -1.5543E-15
1570.0          2.2204E-16
1571.0          5.5511E-16
1572.0          1.1102E-15
1573.0          -3.7748E-15
1574.0          4.4409E-16
1575.0          -2.2204E-15
1576.0          3.5527E-15
1577.0          -2.2204E-16
1578.0          2.4425E-15
1579.0          -1.5543E-15
1580.0          -8.8818E-16
1581.0          1.8874E-15
1582.0          1.9984E-15
1583.0          4.4409E-16
1584.0          -2.2204E-16
1585.0          -8.8818E-16
1586.0          -1.1102E-15
1587.0          -8.8818E-16
1588.0          2.3315E-15
1589.0          -8.8818E-16
1590.0          -2.2204E-15
1591.0          -4.4409E-15
1592.0          2.1094E-15
1593.0          1.4433E-15
1594.0          -2.2204E-16
1595.0          1.1102E-15
1596.0          -4.4409E-16
1597.0          -1.1102E-15
1598.0          -4.4409E-16
1599.0          6.6613E-16
1600.0          3.1086E-15
1601.0          1.3323E-15
1602.0          -3.1086E-15
1603.0          -1.9984E-15
1604.0          2.6645E-15
1605.0          -2.4425E-15
1606.0          -2.2204E-15
1607.0          3.3307E-16
1608.0          8.8818E-16
1609.0          1.7764E-15
1610.0          -4.4409E-16
1611.0          1.5543E-15
1612.0          7.7716E-16
1613.0          3.1086E-15
1614.0          -1.1102E-15
1615.0          -4.6629E-15
1616.0          -1.1102E-15
1617.0          -2.2204E-15
1618.0          2.2204E-16
1619.0          2.2204E-16
1620.0          1.7764E-15
1621.0          -6.6613E-16
1622.0          -4.6629E-15
1623.0          2.5535E-15
1624.0          0.0000
1625.0          2.1094E-15
1626.0          -2.4425E-15
1627.0          1.1102E-16
1628.0          1.4433E-15
1629.0          -6.6613E-16
1630.0          -3.1086E-15
1631.0          8.8818E-16
1632.0          -1.9984E-15
1633.0          -2.2204E-16
1634.0          2.6645E-15
1635.0          4.4409E-16
1636.0          1.9984E-15
1637.0          1.1102E-15
1638.0          -4.4409E-16
1639.0          3.3307E-15
1640.0          -3.7748E-15
1641.0          -2.2204E-16
1642.0          -1.5543E-15
1643.0          4.4409E-16
1644.0          0.0000
1645.0          1.3323E-15
1646.0          4.4409E-16
1647.0          1.1102E-16
1648.0          7.8826E-15
1649.0          -3.1086E-15
1650.0          -2.2204E-16
