1400.0          0.053384
1401.0          0.054041
1402.0          0.054707
1403.0          0.055383
1404.0          0.056067
1405.0          0.056761
1406.0          0.057464
1407.0          0.058176
1408.0          0.058897
1409.0          0.059627
1410.0          0.060365
1411.0          0.061111
1412.0          0.061867
1413.0          0.062630
1414.0          0.063402
1415.0          0.064182
1416.0          0.064970
1417.0          0.065765
1418.0          0.066569
1419.0          0.067380
1420.0          0.068199
1421.0          0.069026
1422.0          0.069860
1423.0          0.070701
1424.0          0.071550
1425.0          0.072406
1426.0          0.073268
1427.0          0.074138
1428.0          0.075014
1429.0          0.075898
1430.0          0.076787
1431.0          0.077684
1432.0          0.078587
1433.0          0.079496
1434.0          0.080411
1435.0          0.081333
1436.0          0.082260
1437.0          0.083194
1438.0          0.084133
1439.0          0.085079
1440.0          0.086029
1441.0          0.086986
1442.0          0.087948
1443.0          0.088915
1444.0          0.089888
1445.0          0.090866
1446.0          0.091848
1447.0          0.092836
1448.0          0.093829
1449.0          0.094827
1450.0          0.095829
1451.0          0.096837
1452.0          0.097848
1453.0          0.098864
1454.0          0.099885
1455.0          0.10091
1456.0          0.10194
1457.0          0.10297
1458.0          0.10401
1459.0          0.10505
1460.0          0.10610
1461.0          0.10714
1462.0          0.10820
1463.0          0.10925
1464.0          0.11031
1465.0          0.11138
1466.0          0.11244
1467.0          0.11351
1468.0          0.11459
1469.0          0.11566
1470.0          0.11674
1471.0          0.11782
1472.0          0.11891
1473.0          0.12000
1474.0          0.12109
1475.0          0.12218
1476.0          0.12328
1477.0          0.12438
1478.0          0.12548
1479.0          0.12658
1480.0          0.12769
1481.0          0.12880
1482.0          0.12991
1483.0          0.13102
1484.0          0.13213
1485.0          0.13325
1486.0          0.13437
1487.0          0.13549
1488.0          0.13661
1489.0          0.13773
1490.0          0.13886
1491.0          0.13998
1492.0          0.14111
1493.0          0.14224
1494.0          0.14337
1495.0          0.14451
1496.0          0.14564
1497.0          0.14678
1498.0          0.14791
1499.0          0.14905
1500.0          0.15019
1501.0          0.15133
1502.0          0.15247
1503.0          0.15361
1504.0          0.15475
1505.0          0.15589
1506.0          0.15703
1507.0          0.15818
1508.0          0.15932
1509.0          0.16047
1510.0          0.16161
1511.0          0.16276
1512.0          0.16390
1513.0          0.16505
1514.0          0.16619
1515.0          0.16734
1516.0          0.16849
1517.0          0.16963
1518.0          0.17078
1519.0          0.17193
1520.0          0.17308
1521.0          0.17422
1522.0          0.17537
1523.0          0.17652
1524.0          0.17766
1525.0          0.17881
1526.0          0.17995
1527.0          0.18110
1528.0          0.18224
1529.0          0.18339
1530.0          0.18453
1531.0          0.18568
1532.0          0.18682
1533.0          0.18796
1534.0          0.18910
1535.0          0.19025
1536.0          0.19139
1537.0          0.19253
1538.0          0.19366
1539.0          0.19480
1540.0          0.19594
1541.0          0.19708
1542.0          0.19821
1543.0          0.19935
1544.0          0.20048
1545.0          0.20161
1546.0          0.20274
1547.0          0.20387
1548.0          0.20500
1549.0          0.20613
1550.0          0.20726
1551.0          0.20838
1552.0          0.20951
1553.0          0.21063
1554.0          0.21175
1555.0          0.21287
1556.0          0.21399
1557.0          0.21511
1558.0          0.21623
1559.0          0.21734
1560.0          0.21846
1561.0          0.21957
1562.0          0.22068
1563.0          0.22179
1564.0          0.22290
1565.0          0.22400
1566.0          0.22511
1567.0          0.22621
1568.0          0.22731
1569.0          0.22841
1570.0          0.22951
1571.0          0.23060
1572.0          0.23170
1573.0          0.23279
1574.0          0.23388
1575.0          0.23497
1576.0          0.23606
1577.0          0.23714
1578.0          0.23822
1579.0          0.23931
1580.0          0.24039
1581.0          0.24146
1582.0          0.24254
1583.0          0.24361
1584.0          0.24468
1585.0          0.24575
1586.0          0.24682
1587.0          0.24789
1588.0          0.24895
1589.0          0.25001
1590.0          0.25107
1591.0          0.25213
1592.0          0.25319
1593.0          0.25424
1594.0          0.25529
1595.0          0.25634
1596.0          0.25739
1597.0          0.25843
1598.0          0.25947
1599.0          0.26051
1600.0          0.26155
1601.0          0.26259
1602.0          0.26362
1603.0          0.26465
1604.0          0.26568
1605.0          0.26671
1606.0          0.26773
1607.0          0.26876
1608.0          0.26978
1609.0          0.27080
1610.0          0.27181
1611.0          0.27282
1612.0          0.27384
1613.0          0.27484
1614.0          0.27585
1615.0          0.27686
1616.0          0.27786
1617.0          0.27886
1618.0          0.27985
1619.0          0.28085
1620.0          0.28184
1621.0          0.28283
1622.0          0.28382
1623.0          0.28480
1624.0          0.28579
1625.0          0.28677
1626.0          0.28774
1627.0          0.28872
1628.0          0.28969
1629.0          0.29066
1630.0          0.29163
1631.0          0.29260
1632.0          0.29356
1633.0          0.29452
1634.0          0.29548
1635.0          0.29643
1636.0          0.29739
1637.0          0.29834
1638.0          0.29929
1639.0          0.30023
1640.0          0.30118
1641.0          0.30212
1642.0          0.30306
1643.0          0.30399
1644.0          0.30493
1645.0          0.30586
1646.0          0.30679
1647.0          0.30771
1648.0          0.30864
1649.0          0.30956
1650.0          0.31048
1400.0          0.94662
1401.0          0.94596
1402.0          0.94529
1403.0          0.94462
1404.0          0.94393
1405.0          0.94324
1406.0          0.94254
1407.0          0.94182
1408.0          0.94110
1409.0          0.94037
1410.0          0.93964
1411.0          0.93889
1412.0          0.93813
1413.0          0.93737
1414.0          0.93660
1415.0          0.93582
1416.0          0.93503
1417.0          0.93423
1418.0          0.93343
1419.0          0.93262
1420.0          0.93180
1421.0          0.93097
1422.0          0.93014
1423.0          0.92930
1424.0          0.92845
1425.0          0.92759
1426.0          0.92673
1427.0          0.92586
1428.0          0.92499
1429.0          0.92410
1430.0          0.92321
1431.0          0.92232
1432.0          0.92141
1433.0          0.92050
1434.0          0.91959
1435.0          0.91867
1436.0          0.91774
1437.0          0.91681
1438.0          0.91587
1439.0          0.91492
1440.0          0.91397
1441.0          0.91301
1442.0          0.91205
1443.0          0.91108
1444.0          0.91011
1445.0          0.90913
1446.0          0.90815
1447.0          0.90716
1448.0          0.90617
1449.0          0.90517
1450.0          0.90417
1451.0          0.90316
1452.0          0.90215
1453.0          0.90114
1454.0          0.90011
1455.0          0.89909
1456.0          0.89806
1457.0          0.89703
1458.0          0.89599
1459.0          0.89495
1460.0          0.89390
1461.0          0.89286
1462.0          0.89180
1463.0          0.89075
1464.0          0.88969
1465.0          0.88862
1466.0          0.88756
1467.0          0.88649
1468.0          0.88541
1469.0          0.88434
1470.0          0.88326
1471.0          0.88218
1472.0          0.88109
1473.0          0.88000
1474.0          0.87891
1475.0          0.87782
1476.0          0.87672
1477.0          0.87562
1478.0          0.87452
1479.0          0.87342
1480.0          0.87231
1481.0          0.87120
1482.0          0.87009
1483.0          0.86898
1484.0          0.86787
1485.0          0.86675
1486.0          0.86563
1487.0          0.86451
1488.0          0.86339
1489.0          0.86227
1490.0          0.86114
1491.0          0.86002
1492.0          0.85889
1493.0          0.85776
1494.0          0.85663
1495.0          0.85549
1496.0          0.85436
1497.0          0.85322
1498.0          0.85209
1499.0          0.85095
1500.0          0.84981
1501.0          0.84867
1502.0          0.84753
1503.0          0.84639
1504.0          0.84525
1505.0          0.84411
1506.0          0.84297
1507.0          0.84182
1508.0          0.84068
1509.0          0.83953
1510.0          0.83839
1511.0          0.83724
1512.0          0.83610
1513.0          0.83495
1514.0          0.83381
1515.0          0.83266
1516.0          0.83151
1517.0          0.83037
1518.0          0.82922
1519.0          0.82807
1520.0          0.82692
1521.0          0.82578
1522.0          0.82463
1523.0          0.82348
1524.0          0.82234
1525.0          0.82119
1526.0          0.82005
1527.0          0.81890
1528.0          0.81776
1529.0          0.81661
1530.0          0.81547
1531.0          0.81432
1532.0          0.81318
1533.0          0.81204
1534.0          0.81090
1535.0          0.80975
1536.0          0.80861
1537.0          0.80747
1538.0          0.80634
1539.0          0.80520
1540.0          0.80406
1541.0          0.80292
1542.0          0.80179
1543.0          0.80065
1544.0          0.79952
1545.0          0.79839
1546.0          0.79726
1547.0          0.79613
1548.0          0.79500
1549.0          0.79387
1550.0          0.79274
1551.0          0.79162
1552.0          0.79049
1553.0          0.78937
1554.0          0.78825
1555.0          0.78713
1556.0          0.78601
1557.0          0.78489
1558.0          0.78377
1559.0          0.78266
1560.0          0.78154
1561.0          0.78043
1562.0          0.77932
1563.0          0.77821
1564.0          0.77710
1565.0          0.77600
1566.0          0.77489
1567.0          0.77379
1568.0          0.77269
1569.0          0.77159
1570.0          0.77049
1571.0          0.76940
1572.0          0.76830
1573.0          0.76721
1574.0          0.76612
1575.0          0.76503
1576.0          0.76394
1577.0          0.76286
1578.0          0.76178
1579.0          0.76069
1580.0          0.75961
1581.0          0.75854
1582.0          0.75746
1583.0          0.75639
1584.0          0.75532
1585.0          0.75425
1586.0          0.75318
1587.0          0.75211
1588.0          0.75105
1589.0          0.74999
1590.0          0.74893
1591.0          0.74787
1592.0          0.74681
1593.0          0.74576
1594.0          0.74471
1595.0          0.74366
1596.0          0.74261
1597.0          0.74157
1598.0          0.74053
1599.0          0.73949
1600.0          0.73845
1601.0          0.73741
1602.0          0.73638
1603.0          0.73535
1604.0          0.73432
1605.0          0.73329
1606.0          0.73227
1607.0          0.73124
1608.0          0.73022
1609.0          0.72920
1610.0          0.72819
1611.0          0.72718
1612.0          0.72616
1613.0          0.72516
1614.0          0.72415
1615.0          0.72314
1616.0          0.72214
1617.0          0.72114
1618.0          0.72015
1619.0          0.71915
1620.0          0.71816
1621.0          0.71717
1622.0          0.71618
1623.0          0.71520
1624.0          0.71421
1625.0          0.71323
1626.0          0.71226
1627.0          0.71128
1628.0          0.71031
1629.0          0.70934
1630.0          0.70837
1631.0          0.70740
1632.0          0.70644
1633.0          0.70548
1634.0          0.70452
1635.0          0.70357
1636.0          0.70261
1637.0          0.70166
1638.0          0.70071
1639.0          0.69977
1640.0          0.69882
1641.0          0.69788
1642.0          0.69694
1643.0          0.69601
1644.0          0.69507
1645.0          0.69414
1646.0          0.69321
1647.0          0.69229
1648.0          0.69136
1649.0          0.69044
1650.0          0.68952
1400.0          1.0000
1401.0          1.0000
1402.0          1.0000
1403.0          1.0000
1404.0          1.0000
1405.0          1.0000
1406.0          1.0000
1407.0          1.0000
1408.0          1.0000
1409.0          1.0000
1410.0          1.0000
1411.0          1.0000
1412.0          1.0000
1413.0          1.0000
1414.0          1.0000
1415.0          1.0000
1416.0          1.0000
1417.0          1.0000
1418.0          1.0000
1419.0          1.0000
1420.0          1.0000
1421.0          1.0000
1422.0          1.0000
1423.0          1.0000
1424.0          1.0000
1425.0          1.0000
1426.0          1.0000
1427.0          1.0000
1428.0          1.0000
1429.0          1.0000
1430.0          1.0000
1431.0          1.0000
1432.0          1.0000
1433.0          1.0000
1434.0          1.0000
1435.0          1.0000
1436.0          1.0000
1437.0          1.0000
1438.0          1.0000
1439.0          1.0000
1440.0          1.0000
1441.0          1.0000
1442.0          1.0000
1443.0          1.0000
1444.0          1.0000
1445.0          1.0000
1446.0          1.0000
1447.0          1.0000
1448.0          1.0000
1449.0          1.0000
1450.0          1.0000
1451.0          1.0000
1452.0          1.0000
1453.0          1.0000
1454.0          1.0000
1455.0          1.0000
1456.0          1.0000
1457.0          1.0000
1458.0          1.0000
1459.0          1.0000
1460.0          1.0000
1461.0          1.0000
1462.0          1.0000
1463.0          1.0000
1464.0          1.0000
1465.0          1.0000
1466.0          1.0000
1467.0          1.0000
1468.0          1.0000
1469.0          1.0000
1470.0          1.0000
1471.0          1.0000
1472.0          1.0000
1473.0          1.0000
1474.0          1.0000
1475.0          1.0000
1476.0          1.0000
1477.0          1.0000
1478.0          1.0000
1479.0          1.0000
1480.0          1.0000
1481.0          1.0000
1482.0          1.0000
1483.0          1.0000
1484.0          1.0000
1485.0          1.0000
1486.0          1.0000
1487.0          1.0000
1488.0          1.0000
1489.0          1.0000
1490.0          1.0000
1491.0          1.0000
1492.0          1.0000
1493.0          1.0000
1494.0          1.0000
1495.0          1.0000
1496.0          1.0000
1497.0          1.0000
1498.0          1.0000
1499.0          1.0000
1500.0          1.0000
1501.0          1.0000
1502.0          1.0000
1503.0          1.0000
1504.0          1.0000
1505.0          1.0000
1506.0          1.0000
1507.0          1.0000
1508.0          1.0000
1509.0          1.0000
1510.0          1.0000
1511.0          1.0000
1512.0          1.0000
1513.0          1.0000
1514.0          1.0000
1515.0          1.0000
1516.0          1.0000
1517.0          1.0000
1518.0          1.0000
1519.0          1.0000
1520.0          1.0000
1521.0          1.0000
1522.0          1.0000
1523.0          1.0000
1524.0          1.0000
1525.0          1.0000
1526.0          1.0000
1527.0          1.0000
1528.0          1.0000
1529.0          1.0000
1530.0          1.0000
1531.0          1.0000
1532.0          1.0000
1533.0          1.0000
1534.0          1.0000
1535.0          1.0000
1536.0          1.0000
1537.0          1.0000
1538.0          1.0000
1539.0          1.0000
1540.0          1.0000
1541.0          1.0000
1542.0          1.0000
1543.0          1.0000
1544.0          1.0000
1545.0          1.0000
1546.0          1.0000
1547.0          1.0000
1548.0          1.0000
1549.0          1.0000
1550.0          1.0000
1551.0          1.0000
1552.0          1.0000
1553.0          1.0000
1554.0          1.0000
1555.0          1.0000
1556.0          1.0000
1557.0          1.0000
1558.0          1.0000
1559.0          1.0000
1560.0          1.0000
1561.0          1.0000
1562.0          1.0000
1563.0          1.0000
1564.0          1.0000
1565.0          1.0000
1566.0          1.0000
1567.0          1.0000
1568.0          1.0000
1569.0          1.0000
1570.0          1.0000
1571.0          1.0000
1572.0          1.0000
1573.0          1.0000
1574.0          1.0000
1575.0          1.0000
1576.0          1.0000
1577.0          1.0000
1578.0          1.0000
1579.0          1.0000
1580.0          1.0000
1581.0          1.0000
1582.0          1.0000
1583.0          1.0000
1584.0          1.0000
1585.0          1.0000
1586.0          1.0000
1587.0          1.0000
1588.0          1.0000
1589.0          1.0000
1590.0          1.0000
1591.0          1.0000
1592.0          1.0000
1593.0          1.0000
1594.0          1.0000
1595.0          1.0000
1596.0          1.0000
1597.0          1.0000
1598.0          1.0000
1599.0          1.0000
1600.0          1.0000
1601.0          1.0000
1602.0          1.0000
1603.0          1.0000
1604.0          1.0000
1605.0          1.0000
1606.0          1.0000
1607.0          1.0000
1608.0          1.0000
1609.0          1.0000
1610.0          1.0000
1611.0          1.0000
1612.0          1.0000
1613.0          1.0000
1614.0          1.0000
1615.0          1.0000
1616.0          1.0000
1617.0          1.0000
1618.0          1.0000
1619.0          1.0000
1620.0          1.0000
1621.0          1.0000
1622.0          1.0000
1623.0          1.0000
1624.0          1.0000
1625.0          1.0000
1626.0          1.0000
1627.0          1.0000
1628.0          1.0000
1629.0          1.0000
1630.0          1.0000
1631.0          1.0000
1632.0          1.0000
1633.0          1.0000
1634.0          1.0000
1635.0          1.0000
1636.0          1.0000
1637.0          1.0000
1638.0          1.0000
1639.0          1.0000
1640.0          1.0000
1641.0          1.0000
1642.0          1.0000
1643.0          1.0000
1644.0          1.0000
1645.0          1.0000
1646.0          1.0000
1647.0          1.0000
1648.0          1.0000
1649.0          1.0000
1650.0          1.0000
1400.0          -2.6645E-15
1401.0          0.0000
1402.0          -6.6613E-16
1403.0          -1.7764E-15
1404.0          1.2212E-15
1405.0          -4.4409E-16
1406.0          1.8874E-15
1407.0          -2.2204E-15
1408.0          -2.2204E-16
1409.0          1.1102E-16
1410.0          7.7716E-16
1411.0          -1.1102E-15
1412.0          2.3315E-15
1413.0          -6.6613E-16
1414.0          1.1102E-16
1415.0          2.2204E-16
1416.0          4.4409E-16
1417.0          4.2188E-15
1418.0          2.7756E-15
1419.0          -1.5543E-15
1420.0          -2.8866E-15
1421.0          -1.1102E-15
1422.0          6.6613E-16
1423.0          9.9920E-16
1424.0          -4.4409E-16
1425.0          -6.6613E-16
1426.0          5.5511E-16
1427.0          0.0000
1428.0          -2.4425E-15
1429.0          -6.6613E-16
1430.0          2.2204E-16
1431.0          0.0000
1432.0          1.8874E-15
1433.0          -8.8818E-16
1434.0          3.3307E-15
1435.0          0.0000
1436.0          -1.1102E-15
1437.0          3.3307E-16
1438.0          -4.4409E-16
1439.0          -2.2204E-16
1440.0          -1.3323E-15
1441.0          4.6629E-15
1442.0          2.6645E-15
1443.0          -6.6613E-16
1444.0          -4.4409E-16
1445.0          2.3315E-15
1446.0          1.1102E-16
1447.0          -3.1086E-15
1448.0          1.5543E-15
1449.0          3.3307E-16
1450.0          -4.4409E-16
1451.0          4.4409E-16
1452.0          -4.4409E-16
1453.0          8.8818E-16
1454.0          5.8842E-15
1455.0          2.1094E-15
1456.0          2.8866E-15
1457.0          6.6613E-16
1458.0          -3.3307E-15
1459.0          -4.4409E-16
1460.0          2.3315E-15
1461.0          -2.4425E-15
1462.0          -1.7764E-15
1463.0          -1.7764E-15
1464.0          0.0000
1465.0          -6.6613E-16
1466.0          -2.8866E-15
1467.0          1.3323E-15
1468.0          2.7756E-15
1469.0          -2.6645E-15
1470.0          -1.9984E-15
1471.0          6.6613E-16
1472.0          -8.8818E-16
1473.0          0.0000
1474.0          -2.8866E-15
1475.0          3.9968E-15
1476.0          -6.6613E-16
1477.0          -2.8866E-15
1478.0          -3.3307E-15
1479.0          1.3323E-15
1480.0          0.0000
1481.0          -2.6645E-15
1482.0          1.6653E-15
1483.0          -1.1102E-15
1484.0          -4.4409E-16
1485.0          -6.6613E-16
1486.0          -1.3323E-15
1487.0          -4.4409E-15
1488.0          5.5511E-16
1489.0          2.2204E-16
1490.0          -1.3323E-15
1491.0          2.2204E-15
1492.0          2.7756E-15
1493.0          -6.6613E-16
1494.0          0.0000
1495.0          -3.5527E-15
1496.0          -1.3323E-15
1497.0          1.8874E-15
1498.0          1.3323E-15
1499.0          -1.1102E-15
1500.0          -1.5543E-15
1501.0          -1.3323E-15
1502.0          6.6613E-16
1503.0          -3.1086E-15
1504.0          6.6613E-16
1505.0          -8.8818E-16
1506.0          0.0000
1507.0          1.6653E-15
1508.0          -2.2204E-16
1509.0          0.0000
1510.0          -3.3307E-15
1511.0          6.6613E-16
1512.0          -4.4409E-16
1513.0          4.4409E-16
1514.0          4.4409E-16
1515.0          -4.6629E-15
1516.0          2.4425E-15
1517.0          2.8866E-15
1518.0          -4.4409E-16
1519.0          1.9984E-15
1520.0          4.1078E-15
1521.0          -2.2204E-16
1522.0          -2.2204E-16
1523.0          -1.5543E-15
1524.0          1.7764E-15
1525.0          3.8858E-15
1526.0          1.2212E-15
1527.0          -6.6613E-16
1528.0          -6.6613E-16
1529.0          9.9920E-16
1530.0          -1.9984E-15
1531.0          -8.8818E-16
1532.0          2.9976E-15
1533.0          1.7764E-15
1534.0          2.9976E-15
1535.0          2.4425E-15
1536.0          2.8866E-15
1537.0          -4.4409E-16
1538.0          -1.7764E-15
1539.0          3.3307E-16
1540.0          2.3315E-15
1541.0          4.4409E-16
1542.0          -4.4409E-16
1543.0          0.0000
1544.0          3.3307E-16
1545.0          9.9920E-16
1546.0          2.6645E-15
1547.0          1.4433E-15
1548.0          2.3315E-15
1549.0          -2.2204E-15
1550.0          -2.6645E-15
1551.0          -1.3323E-15
1552.0          1.2212E-15
1553.0          -1.7764E-15
1554.0          0.0000
1555.0          1.8874E-15
1556.0          1.3323E-15
1557.0          2.2204E-15
1558.0          -8.8818E-16
1559.0          5.5511E-16
1560.0          -1.5543E-15
1561.0          8.8818E-16
1562.0          5.8842E-15
1563.0          -2.2204E-16
1564.0          -2.2204E-16
1565.0          -2.4425E-15
1566.0          1.9984E-15
1567.0          4.2188E-15
1568.0          1.5543E-15
1569.0          2.8866E-15
1570.0          2.6645E-15
1571.0          -8.8818E-16
1572.0          -1.3323E-15
1573.0          3.1086E-15
1574.0          8.8818E-16
1575.0          -4.4409E-16
1576.0          -1.3323E-15
1577.0          1.1102E-15
1578.0          -3.1086E-15
1579.0          2.4425E-15
1580.0          -2.2204E-16
1581.0          2.2204E-16
1582.0          -3.9968E-15
1583.0          2.8866E-15
1584.0          -1.1102E-15
1585.0          -2.2204E-15
1586.0          -6.6613E-16
1587.0          1.2212E-15
1588.0          -1.3323E-15
1589.0          8.8818E-16
1590.0          -1.7764E-15
1591.0          2.2204E-16
1592.0          -2.2204E-16
1593.0          2.2204E-16
1594.0          0.0000
1595.0          2.6645E-15
1596.0          3.3307E-16
1597.0          -1.9984E-15
1598.0          2.1094E-15
1599.0          1.7764E-15
1600.0          4.4409E-16
1601.0          2.2204E-16
1602.0          2.2204E-16
1603.0          1.9984E-15
1604.0          -2.4425E-15
1605.0          -8.8818E-16
1606.0          1.8874E-15
1607.0          4.4409E-16
1608.0          8.8818E-16
1609.0          -1.9984E-15
1610.0          3.2196E-15
1611.0          1.5543E-15
1612.0          -4.8850E-15
1613.0          8.8818E-16
1614.0          -2.6645E-15
1615.0          4.4409E-16
1616.0          -3.3307E-15
1617.0          -4.4409E-15
1618.0          -1.3323E-15
1619.0          -1.7764E-15
1620.0          -8.8818E-16
1621.0          6.6613E-16
1622.0          -4.4409E-15
1623.0          0.0000
1624.0          -2.6645E-15
1625.0          2.3315E-15
1626.0          -1.3323E-15
1627.0          4.4409E-16
1628.0          -1.7764E-15
1629.0          1.1102E-16
1630.0          -8.8818E-16
1631.0          -2.4425E-15
1632.0          -1.3323E-15
1633.0          -2.2204E-15
1634.0          3.5527E-15
1635.0          4.1078E-15
1636.0          2.2204E-16
1637.0          -1.1102E-15
1638.0          -4.4409E-16
1639.0          2.8866E-15
1640.0          1.1102E-15
1641.0          1.1102E-15
1642.0          4.8850E-15
1643.0          -2.2204E-16
1644.0          2.2204E-16
1645.0          -1.5543E-15
1646.0          -8.8818E-16
1647.0          7.7716E-16
1648.0          -1.5543E-15
1649.0          5.1070E-15
1650.0          -1.1102E-15
