1400.0          0.0045222
1401.0          0.0049936
1402.0          0.0054874
1403.0          0.0060035
1404.0          0.0065417
1405.0          0.0071019
1406.0          0.0076839
1407.0          0.0082874
1408.0          0.0089124
1409.0          0.0095585
1410.0          0.010226
1411.0          0.010913
1412.0          0.011622
1413.0          0.012351
1414.0          0.013099
1415.0          0.013868
1416.0          0.014656
1417.0          0.015464
1418.0          0.016291
1419.0          0.017136
1420.0          0.018000
1421.0          0.018883
1422.0          0.019784
1423.0          0.020702
1424.0          0.021638
1425.0          0.022591
1426.0          0.023561
1427.0          0.024548
1428.0          0.025551
1429.0          0.026571
1430.0          0.027606
1431.0          0.028657
1432.0          0.029723
1433.0          0.030804
1434.0          0.031899
1435.0          0.033009
1436.0          0.034133
1437.0          0.035270
1438.0          0.036421
1439.0          0.037585
1440.0          0.038762
1441.0          0.039951
1442.0          0.041152
1443.0          0.042366
1444.0          0.043590
1445.0          0.044826
1446.0          0.046073
1447.0          0.047330
1448.0          0.048597
1449.0          0.049875
1450.0          0.051161
1451.0          0.052458
1452.0          0.053763
1453.0          0.055076
1454.0          0.056398
1455.0          0.057728
1456.0          0.059065
1457.0          0.060410
1458.0          0.061761
1459.0          0.063120
1460.0          0.064484
1461.0          0.065855
1462.0          0.067231
1463.0          0.068613
1464.0          0.069999
1465.0          0.071391
1466.0          0.072786
1467.0          0.074186
1468.0          0.075590
1469.0          0.076996
1470.0          0.078406
1471.0          0.079819
1472.0          0.081234
1473.0          0.082652
1474.0          0.084071
1475.0          0.085491
1476.0          0.086913
1477.0          0.088336
1478.0          0.089759
1479.0          0.091183
1480.0          0.092606
1481.0          0.094029
1482.0          0.095451
1483.0          0.096873
1484.0          0.098292
1485.0          0.099711
1486.0          0.10113
1487.0          0.10254
1488.0          0.10395
1489.0          0.10536
1490.0          0.10677
1491.0          0.10817
1492.0          0.10957
1493.0          0.11096
1494.0          0.11235
1495.0          0.11373
1496.0          0.11511
1497.0          0.11649
1498.0          0.11786
1499.0          0.11922
1500.0          0.12058
1501.0          0.12193
1502.0          0.12327
1503.0          0.12460
1504.0          0.12593
1505.0          0.12725
1506.0          0.12856
1507.0          0.12986
1508.0          0.13116
1509.0          0.13244
1510.0          0.13372
1511.0          0.13498
1512.0          0.13624
1513.0          0.13748
1514.0          0.13871
1515.0          0.13993
1516.0          0.14114
1517.0          0.14234
1518.0          0.14352
1519.0          0.14469
1520.0          0.14585
1521.0          0.14700
1522.0          0.14813
1523.0          0.14924
1524.0          0.15034
1525.0          0.15143
1526.0          0.15250
1527.0          0.15355
1528.0          0.15459
1529.0          0.15561
1530.0          0.15661
1531.0          0.15759
1532.0          0.15855
1533.0          0.15950
1534.0          0.16042
1535.0          0.16133
1536.0          0.16221
1537.0          0.16307
1538.0          0.16391
1539.0          0.16473
1540.0          0.16552
1541.0          0.16629
1542.0          0.16703
1543.0          0.16775
1544.0          0.16844
1545.0          0.16910
1546.0          0.16974
1547.0          0.17034
1548.0          0.17092
1549.0          0.17147
1550.0          0.17198
1551.0          0.17246
1552.0          0.17291
1553.0          0.17332
1554.0          0.17370
1555.0          0.17403
1556.0          0.17433
1557.0          0.17459
1558.0          0.17481
1559.0          0.17498
1560.0          0.17511
1561.0          0.17520
1562.0          0.17523
1563.0          0.17522
1564.0          0.17516
1565.0          0.17504
1566.0          0.17486
1567.0          0.17463
1568.0          0.17434
1569.0          0.17398
1570.0          0.17356
1571.0          0.17307
1572.0          0.17251
1573.0          0.17187
1574.0          0.17116
1575.0          0.17036
1576.0          0.16948
1577.0          0.16851
1578.0          0.16745
1579.0          0.16629
1580.0          0.16502
1581.0          0.16365
1582.0          0.16217
1583.0          0.16057
1584.0          0.15884
1585.0          0.15698
1586.0          0.15498
1587.0          0.15284
1588.0          0.15054
1589.0          0.14809
1590.0          0.14546
1591.0          0.14265
1592.0          0.13966
1593.0          0.13647
1594.0          0.13308
1595.0          0.12947
1596.0          0.12563
1597.0          0.12156
1598.0          0.11724
1599.0          0.11267
1600.0          0.10785
1601.0          0.10277
1602.0          0.097438
1603.0          0.091859
1604.0          0.086053
1605.0          0.080052
1606.0          0.073903
1607.0          0.067682
1608.0          0.061496
1609.0          0.055503
1610.0          0.049925
1611.0          0.045075
1612.0          0.041394
1613.0          0.039491
1614.0          0.040209
1615.0          0.044693
1616.0          0.054473
1617.0          0.071546
1618.0          0.098399
1619.0          0.13793
1620.0          0.19311
1621.0          0.26629
1622.0          0.35802
1623.0          0.46571
1624.0          0.58272
1625.0          0.69905
1626.0          0.80369
1627.0          0.88796
1628.0          0.94769
1629.0          0.98334
1630.0          0.99854
1631.0          0.99816
1632.0          0.98695
1633.0          0.96886
1634.0          0.94686
1635.0          0.92301
1636.0          0.89870
1637.0          0.87478
1638.0          0.85179
1639.0          0.83001
1640.0          0.80955
1641.0          0.79047
1642.0          0.77273
1643.0          0.75629
1644.0          0.74105
1645.0          0.72695
1646.0          0.71389
1647.0          0.70180
1648.0          0.69059
1649.0          0.68019
1650.0          0.67053
1400.0          0.99548
1401.0          0.99501
1402.0          0.99451
1403.0          0.99400
1404.0          0.99346
1405.0          0.99290
1406.0          0.99232
1407.0          0.99171
1408.0          0.99109
1409.0          0.99044
1410.0          0.98977
1411.0          0.98909
1412.0          0.98838
1413.0          0.98765
1414.0          0.98690
1415.0          0.98613
1416.0          0.98534
1417.0          0.98454
1418.0          0.98371
1419.0          0.98286
1420.0          0.98200
1421.0          0.98112
1422.0          0.98022
1423.0          0.97930
1424.0          0.97836
1425.0          0.97741
1426.0          0.97644
1427.0          0.97545
1428.0          0.97445
1429.0          0.97343
1430.0          0.97239
1431.0          0.97134
1432.0          0.97028
1433.0          0.96920
1434.0          0.96810
1435.0          0.96699
1436.0          0.96587
1437.0          0.96473
1438.0          0.96358
1439.0          0.96241
1440.0          0.96124
1441.0          0.96005
1442.0          0.95885
1443.0          0.95763
1444.0          0.95641
1445.0          0.95517
1446.0          0.95393
1447.0          0.95267
1448.0          0.95140
1449.0          0.95013
1450.0          0.94884
1451.0          0.94754
1452.0          0.94624
1453.0          0.94492
1454.0          0.94360
1455.0          0.94227
1456.0          0.94093
1457.0          0.93959
1458.0          0.93824
1459.0          0.93688
1460.0          0.93552
1461.0          0.93415
1462.0          0.93277
1463.0          0.93139
1464.0          0.93000
1465.0          0.92861
1466.0          0.92721
1467.0          0.92581
1468.0          0.92441
1469.0          0.92300
1470.0          0.92159
1471.0          0.92018
1472.0          0.91877
1473.0          0.91735
1474.0          0.91593
1475.0          0.91451
1476.0          0.91309
1477.0          0.91166
1478.0          0.91024
1479.0          0.90882
1480.0          0.90739
1481.0          0.90597
1482.0          0.90455
1483.0          0.90313
1484.0          0.90171
1485.0          0.90029
1486.0          0.89887
1487.0          0.89746
1488.0          0.89605
1489.0          0.89464
1490.0          0.89323
1491.0          0.89183
1492.0          0.89043
1493.0          0.88904
1494.0          0.88765
1495.0          0.88627
1496.0          0.88489
1497.0          0.88351
1498.0          0.88214
1499.0          0.88078
1500.0          0.87942
1501.0          0.87807
1502.0          0.87673
1503.0          0.87540
1504.0          0.87407
1505.0          0.87275
1506.0          0.87144
1507.0          0.87014
1508.0          0.86884
1509.0          0.86756
1510.0          0.86628
1511.0          0.86502
1512.0          0.86376
1513.0          0.86252
1514.0          0.86129
1515.0          0.86007
1516.0          0.85886
1517.0          0.85766
1518.0          0.85648
1519.0          0.85531
1520.0          0.85415
1521.0          0.85300
1522.0          0.85187
1523.0          0.85076
1524.0          0.84966
1525.0          0.84857
1526.0          0.84750
1527.0          0.84645
1528.0          0.84541
1529.0          0.84439
1530.0          0.84339
1531.0          0.84241
1532.0          0.84145
1533.0          0.84050
1534.0          0.83958
1535.0          0.83867
1536.0          0.83779
1537.0          0.83693
1538.0          0.83609
1539.0          0.83527
1540.0          0.83448
1541.0          0.83371
1542.0          0.83297
1543.0          0.83225
1544.0          0.83156
1545.0          0.83090
1546.0          0.83026
1547.0          0.82966
1548.0          0.82908
1549.0          0.82853
1550.0          0.82802
1551.0          0.82754
1552.0          0.82709
1553.0          0.82668
1554.0          0.82630
1555.0          0.82597
1556.0          0.82567
1557.0          0.82541
1558.0          0.82519
1559.0          0.82502
1560.0          0.82489
1561.0          0.82480
1562.0          0.82477
1563.0          0.82478
1564.0          0.82484
1565.0          0.82496
1566.0          0.82514
1567.0          0.82537
1568.0          0.82566
1569.0          0.82602
1570.0          0.82644
1571.0          0.82693
1572.0          0.82749
1573.0          0.82813
1574.0          0.82884
1575.0          0.82964
1576.0          0.83052
1577.0          0.83149
1578.0          0.83255
1579.0          0.83371
1580.0          0.83498
1581.0          0.83635
1582.0          0.83783
1583.0          0.83943
1584.0          0.84116
1585.0          0.84302
1586.0          0.84502
1587.0          0.84716
1588.0          0.84946
1589.0          0.85191
1590.0          0.85454
1591.0          0.85735
1592.0          0.86034
1593.0          0.86353
1594.0          0.86692
1595.0          0.87053
1596.0          0.87437
1597.0          0.87844
1598.0          0.88276
1599.0          0.88733
1600.0          0.89215
1601.0          0.89723
1602.0          0.90256
1603.0          0.90814
1604.0          0.91395
1605.0          0.91995
1606.0          0.92610
1607.0          0.93232
1608.0          0.93850
1609.0          0.94450
1610.0          0.95008
1611.0          0.95492
1612.0          0.95861
1613.0          0.96051
1614.0          0.95979
1615.0          0.95531
1616.0          0.94553
1617.0          0.92845
1618.0          0.90160
1619.0          0.86207
1620.0          0.80689
1621.0          0.73371
1622.0          0.64198
1623.0          0.53429
1624.0          0.41728
1625.0          0.30095
1626.0          0.19631
1627.0          0.11204
1628.0          0.052311
1629.0          0.016655
1630.0          0.0014576
1631.0          0.0018408
1632.0          0.013048
1633.0          0.031135
1634.0          0.053140
1635.0          0.076989
1636.0          0.10130
1637.0          0.12522
1638.0          0.14821
1639.0          0.16999
1640.0          0.19045
1641.0          0.20953
1642.0          0.22727
1643.0          0.24371
1644.0          0.25895
1645.0          0.27305
1646.0          0.28611
1647.0          0.29820
1648.0          0.30941
1649.0          0.31981
1650.0          0.32947
1400.0          1.0000
1401.0          1.0000
1402.0          1.0000
1403.0          1.0000
1404.0          1.0000
1405.0          1.0000
1406.0          1.0000
1407.0          1.0000
1408.0          1.0000
1409.0          1.0000
1410.0          1.0000
1411.0          1.0000
1412.0          1.0000
1413.0          1.0000
1414.0          1.0000
1415.0          1.0000
1416.0          1.0000
1417.0          1.0000
1418.0          1.0000
1419.0          1.0000
1420.0          1.0000
1421.0          1.0000
1422.0          1.0000
1423.0          1.0000
1424.0          1.0000
1425.0          1.0000
1426.0          1.0000
1427.0          1.0000
1428.0          1.0000
1429.0          1.0000
1430.0          1.0000
1431.0          1.0000
1432.0          1.0000
1433.0          1.0000
1434.0          1.0000
1435.0          1.0000
1436.0          1.0000
1437.0          1.0000
1438.0          1.0000
1439.0          1.0000
1440.0          1.0000
1441.0          1.0000
1442.0          1.0000
1443.0          1.0000
1444.0          1.0000
1445.0          1.0000
1446.0          1.0000
1447.0          1.0000
1448.0          1.0000
1449.0          1.0000
1450.0          1.0000
1451.0          1.0000
1452.0          1.0000
1453.0          1.0000
1454.0          1.0000
1455.0          1.0000
1456.0          1.0000
1457.0          1.0000
1458.0          1.0000
1459.0          1.0000
1460.0          1.0000
1461.0          1.0000
1462.0          1.0000
1463.0          1.0000
1464.0          1.0000
1465.0          1.0000
1466.0          1.0000
1467.0          1.0000
1468.0          1.0000
1469.0          1.0000
1470.0          1.0000
1471.0          1.0000
1472.0          1.0000
1473.0          1.0000
1474.0          1.0000
1475.0          1.0000
1476.0          1.0000
1477.0          1.0000
1478.0          1.0000
1479.0          1.0000
1480.0          1.0000
1481.0          1.0000
1482.0          1.0000
1483.0          1.0000
1484.0          1.0000
1485.0          1.0000
1486.0          1.0000
1487.0          1.0000
1488.0          1.0000
1489.0          1.0000
1490.0          1.0000
1491.0          1.0000
1492.0          1.0000
1493.0          1.0000
1494.0          1.0000
1495.0          1.0000
1496.0          1.0000
1497.0          1.0000
1498.0          1.0000
1499.0          1.0000
1500.0          1.0000
1501.0          1.0000
1502.0          1.0000
1503.0          1.0000
1504.0          1.0000
1505.0          1.0000
1506.0          1.0000
1507.0          1.0000
1508.0          1.0000
1509.0          1.0000
1510.0          1.0000
1511.0          1.0000
1512.0          1.0000
1513.0          1.0000
1514.0          1.0000
1515.0          1.0000
1516.0          1.0000
1517.0          1.0000
1518.0          1.0000
1519.0          1.0000
1520.0          1.0000
1521.0          1.0000
1522.0          1.0000
1523.0          1.0000
1524.0          1.0000
1525.0          1.0000
1526.0          1.0000
1527.0          1.0000
1528.0          1.0000
1529.0          1.0000
1530.0          1.0000
1531.0          1.0000
1532.0          1.0000
1533.0          1.0000
1534.0          1.0000
1535.0          1.0000
1536.0          1.0000
1537.0          1.0000
1538.0          1.0000
1539.0          1.0000
1540.0          1.0000
1541.0          1.0000
1542.0          1.0000
1543.0          1.0000
1544.0          1.0000
1545.0          1.0000
1546.0          1.0000
1547.0          1.0000
1548.0          1.0000
1549.0          1.0000
1550.0          1.0000
1551.0          1.0000
1552.0          1.0000
1553.0          1.0000
1554.0          1.0000
1555.0          1.0000
1556.0          1.0000
1557.0          1.0000
1558.0          1.0000
1559.0          1.0000
1560.0          1.0000
1561.0          1.0000
1562.0          1.0000
1563.0          1.0000
1564.0          1.0000
1565.0          1.0000
1566.0          1.0000
1567.0          1.0000
1568.0          1.0000
1569.0          1.0000
1570.0          1.0000
1571.0          1.0000
1572.0          1.0000
1573.0          1.0000
1574.0          1.0000
1575.0          1.0000
1576.0          1.0000
1577.0          1.0000
1578.0          1.0000
1579.0          1.0000
1580.0          1.0000
1581.0          1.0000
1582.0          1.0000
1583.0          1.0000
1584.0          1.0000
1585.0          1.0000
1586.0          1.0000
1587.0          1.0000
1588.0          1.0000
1589.0          1.0000
1590.0          1.0000
1591.0          1.0000
1592.0          1.0000
1593.0          1.0000
1594.0          1.0000
1595.0          1.0000
1596.0          1.0000
1597.0          1.0000
1598.0          1.0000
1599.0          1.0000
1600.0          1.0000
1601.0          1.0000
1602.0          1.0000
1603.0          1.0000
1604.0          1.0000
1605.0          1.0000
1606.0          1.0000
1607.0          1.0000
1608.0          1.0000
1609.0          1.0000
1610.0          1.0000
1611.0          1.0000
1612.0          1.0000
1613.0          1.0000
1614.0          1.0000
1615.0          1.0000
1616.0          1.0000
1617.0          1.0000
1618.0          1.0000
1619.0          1.0000
1620.0          1.0000
1621.0          1.0000
1622.0          1.0000
1623.0          1.0000
1624.0          1.0000
1625.0          1.0000
1626.0          1.0000
1627.0          1.0000
1628.0          1.0000
1629.0          1.0000
1630.0          1.0000
1631.0          1.0000
1632.0          1.0000
1633.0          1.0000
1634.0          1.0000
1635.0          1.0000
1636.0          1.0000
1637.0          1.0000
1638.0          1.0000
1639.0          1.0000
1640.0          1.0000
1641.0          1.0000
1642.0          1.0000
1643.0          1.0000
1644.0          1.0000
1645.0          1.0000
1646.0          1.0000
1647.0          1.0000
1648.0          1.0000
1649.0          1.0000
1650.0          1.0000
1400.0          3.2196E-15
1401.0          1.2212E-15
1402.0          -2.2204E-15
1403.0          2.9976E-15
1404.0          -8.2157E-15
1405.0          2.2204E-15
1406.0          2.1094E-15
1407.0          -6.6613E-16
1408.0          -4.2188E-15
1409.0          6.6613E-16
1410.0          -6.6613E-16
1411.0          -7.5495E-15
1412.0          2.2204E-15
1413.0          4.4409E-15
1414.0          2.6645E-15
1415.0          4.4409E-15
1416.0          1.1102E-16
1417.0          -2.2204E-16
1418.0          -1.3323E-15
1419.0          -1.3323E-15
1420.0          -2.4425E-15
1421.0          -6.6613E-16
1422.0          5.5511E-16
1423.0          -2.2204E-16
1424.0          1.7764E-15
1425.0          -1.9984E-15
1426.0          -1.7764E-15
1427.0          -2.8866E-15
1428.0          2.7756E-15
1429.0          -1.9984E-15
1430.0          7.7716E-16
1431.0          4.4409E-16
1432.0          9.9920E-16
1433.0          -4.4409E-16
1434.0          -1.9984E-15
1435.0          -1.1102E-15
1436.0          7.7716E-16
1437.0          1.2212E-15
1438.0          -6.6613E-15
1439.0          9.9920E-16
1440.0          2.5535E-15
1441.0          -1.3323E-15
1442.0          1.6653E-15
1443.0          -1.3323E-15
1444.0          3.2196E-15
1445.0          -4.4409E-16
1446.0          0.0000
1447.0          -4.2188E-15
1448.0          -3.3307E-15
1449.0          1.7764E-15
1450.0          9.9920E-16
1451.0          7.7716E-16
1452.0          3.3307E-16
1453.0          2.2204E-16
1454.0          6.6613E-16
1455.0          -6.6613E-16
1456.0          -1.9984E-15
1457.0          3.3307E-16
1458.0          -8.8818E-16
1459.0          6.6613E-16
1460.0          -3.3307E-15
1461.0          1.2212E-15
1462.0          0.0000
1463.0          3.6637E-15
1464.0          -3.5527E-15
1465.0          1.7764E-15
1466.0          -1.3323E-15
1467.0          -2.2204E-15
1468.0          -1.9984E-15
1469.0          4.8850E-15
1470.0          -1.3323E-15
1471.0          -8.8818E-16
1472.0          4.1078E-15
1473.0          2.2204E-15
1474.0          -1.7764E-15
1475.0          -2.2204E-15
1476.0          -5.9952E-15
1477.0          -4.4409E-16
1478.0          1.7764E-15
1479.0          2.2204E-16
1480.0          -1.1102E-15
1481.0          1.6653E-15
1482.0          1.5543E-15
1483.0          0.0000
1484.0          -6.6613E-16
1485.0          4.2188E-15
1486.0          0.0000
1487.0          8.8818E-16
1488.0          3.1086E-15
1489.0          -6.6613E-16
1490.0          2.2204E-15
1491.0          -1.1102E-15
1492.0          -2.2204E-16
1493.0          -4.4409E-16
1494.0          2.9976E-15
1495.0          5.5511E-16
1496.0          1.4433E-15
1497.0          1.1102E-15
1498.0          -6.6613E-16
1499.0          -6.6613E-16
1500.0          1.3323E-15
1501.0          -4.4409E-16
1502.0          1.4433E-15
1503.0          3.3307E-15
1504.0          2.3315E-15
1505.0          -3.9968E-15
1506.0          1.1102E-15
1507.0          1.6653E-15
1508.0          -1.7764E-15
1509.0          5.5511E-16
1510.0          -2.2204E-16
1511.0          3.3307E-15
1512.0          -2.2204E-16
1513.0          -3.7748E-15
1514.0          -1.7764E-15
1515.0          2.7756E-15
1516.0          2.1094E-15
1517.0          -1.1102E-15
1518.0          -6.6613E-16
1519.0          3.2196E-15
1520.0          0.0000
1521.0          -1.7764E-15
1522.0          6.6613E-16
1523.0          -3.3307E-15
1524.0          1.1102E-15
1525.0          -2.4425E-15
1526.0          -4.4409E-16
1527.0          1.1102E-16
1528.0          1.2212E-15
1529.0          4.4409E-16
1530.0          2.2204E-16
1531.0          2.2204E-15
1532.0          1.1102E-15
1533.0          0.0000
1534.0          4.6629E-15
1535.0          4.4409E-16
1536.0          2.2204E-15
1537.0          1.5543E-15
1538.0          3.2196E-15
1539.0          1.2212E-15
1540.0          0.0000
1541.0          1.4433E-15
1542.0          -1.9984E-15
1543.0          -4.4409E-16
1544.0          1.7764E-15
1545.0          -1.5543E-15
1546.0          -8.8818E-16
1547.0          -4.4409E-16
1548.0          4.4409E-16
1549.0          -1.5543E-15
1550.0          -6.6613E-16
1551.0          -3.1086E-15
1552.0          1.3323E-15
1553.0          -1.1102E-15
1554.0          -4.4409E-16
1555.0          2.2204E-16
1556.0          -1.9984E-15
1557.0          1.8874E-15
1558.0          8.8818E-16
1559.0          4.2188E-15
1560.0          -2.2204E-15
1561.0          -1.7764E-15
1562.0          4.4409E-16
1563.0          2.9976E-15
1564.0          -4.8850E-15
1565.0          2.1094E-15
1566.0          4.7740E-15
1567.0          -1.5543E-15
1568.0          9.9920E-16
1569.0          3.3307E-16
1570.0          1.3323E-15
1571.0          1.9984E-15
1572.0          -2.2204E-15
1573.0          1.7764E-15
1574.0          0.0000
1575.0          -5.9952E-15
1576.0          -6.6613E-16
1577.0          0.0000
1578.0          1.3323E-15
1579.0          -5.1070E-15
1580.0          1.7764E-15
1581.0          5.5511E-16
1582.0          3.3307E-15
1583.0          -3.7748E-15
1584.0          -6.6613E-16
1585.0          8.8818E-16
1586.0          -1.3323E-15
1587.0          8.8818E-16
1588.0          9.9920E-16
1589.0          -4.4409E-16
1590.0          1.2212E-15
1591.0          -3.5527E-15
1592.0          5.1070E-15
1593.0          -5.7732E-15
1594.0          -1.5543E-15
1595.0          -8.8818E-16
1596.0          2.2204E-15
1597.0          -2.8866E-15
1598.0          -1.7764E-15
1599.0          -1.7764E-15
1600.0          1.3323E-15
1601.0          -3.1086E-15
1602.0          -8.8818E-16
1603.0          -1.3323E-15
1604.0          -1.1102E-15
1605.0          -2.2204E-15
1606.0          2.2204E-16
1607.0          -4.4409E-16
1608.0          -1.5543E-15
1609.0          -2.2204E-16
1610.0          -2.2204E-15
1611.0          -3.9968E-15
1612.0          -3.1086E-15
1613.0          -1.3323E-15
1614.0          -2.2204E-16
1615.0          4.4409E-15
1616.0          -3.1086E-15
1617.0          1.1102E-15
1618.0          7.3275E-15
1619.0          -4.6629E-15
1620.0          -1.3545E-14
1621.0          1.6653E-15
1622.0          -3.5527E-15
1623.0          -1.3323E-15
1624.0          -6.4393E-15
1625.0          1.1102E-15
1626.0          -1.1990E-14
1627.0          7.9936E-15
1628.0          1.1102E-14
1629.0          -4.6629E-15
1630.0          4.8850E-15
1631.0          -3.1086E-15
1632.0          -3.3307E-15
1633.0          2.1094E-15
1634.0          -8.8818E-16
1635.0          -3.3307E-15
1636.0          -1.7764E-15
1637.0          -5.9952E-15
1638.0          0.0000
1639.0          -5.9952E-15
1640.0          2.8866E-15
1641.0          5.6621E-15
1642.0          -3.5527E-15
1643.0          -7.3275E-15
1644.0          -1.3323E-15
1645.0          -8.8818E-16
1646.0          -2.6645E-15
1647.0          -1.1102E-15
1648.0          -4.4409E-16
1649.0          1.5543E-15
1650.0          4.4409E-16
