1400.0          0.12421
1401.0          0.11446
1402.0          0.10831
1403.0          0.10400
1404.0          0.10076
1405.0          0.098193
1406.0          0.096085
1407.0          0.094304
1408.0          0.092764
1409.0          0.091411
1410.0          0.090204
1411.0          0.089115
1412.0          0.088123
1413.0          0.087213
1414.0          0.086373
1415.0          0.085593
1416.0          0.084865
1417.0          0.084185
1418.0          0.083545
1419.0          0.082944
1420.0          0.082377
1421.0          0.081841
1422.0          0.081334
1423.0          0.080855
1424.0          0.080401
1425.0          0.079972
1426.0          0.079565
1427.0          0.079179
1428.0          0.078815
1429.0          0.078472
1430.0          0.078147
1431.0          0.077842
1432.0          0.077556
1433.0          0.077288
1434.0          0.077039
1435.0          0.076807
1436.0          0.076594
1437.0          0.076399
1438.0          0.076222
1439.0          0.076063
1440.0          0.075923
1441.0          0.075801
1442.0          0.075699
1443.0          0.075617
1444.0          0.075554
1445.0          0.075513
1446.0          0.075492
1447.0          0.075493
1448.0          0.075517
1449.0          0.075565
1450.0          0.075637
1451.0          0.075734
1452.0          0.075858
1453.0          0.076009
1454.0          0.076189
1455.0          0.076399
1456.0          0.076641
1457.0          0.076915
1458.0          0.077224
1459.0          0.077570
1460.0          0.077953
1461.0          0.078377
1462.0          0.078843
1463.0          0.079353
1464.0          0.079909
1465.0          0.080515
1466.0          0.081172
1467.0          0.081884
1468.0          0.082654
1469.0          0.083483
1470.0          0.084377
1471.0          0.085338
1472.0          0.086369
1473.0          0.087476
1474.0          0.088661
1475.0          0.089929
1476.0          0.091285
1477.0          0.092733
1478.0          0.094279
1479.0          0.095927
1480.0          0.097683
1481.0          0.099553
1482.0          0.10154
1483.0          0.10366
1484.0          0.10591
1485.0          0.10830
1486.0          0.11084
1487.0          0.11353
1488.0          0.11639
1489.0          0.11942
1490.0          0.12263
1491.0          0.12603
1492.0          0.12963
1493.0          0.13344
1494.0          0.13746
1495.0          0.14172
1496.0          0.14622
1497.0          0.15097
1498.0          0.15598
1499.0          0.16127
1500.0          0.16685
1501.0          0.17273
1502.0          0.17891
1503.0          0.18543
1504.0          0.19228
1505.0          0.19948
1506.0          0.20705
1507.0          0.21499
1508.0          0.22332
1509.0          0.23205
1510.0          0.24120
1511.0          0.25076
1512.0          0.26076
1513.0          0.27120
1514.0          0.28210
1515.0          0.29345
1516.0          0.30527
1517.0          0.31755
1518.0          0.33031
1519.0          0.34354
1520.0          0.35724
1521.0          0.37141
1522.0          0.38604
1523.0          0.40111
1524.0          0.41663
1525.0          0.43257
1526.0          0.44892
1527.0          0.46564
1528.0          0.48273
1529.0          0.50014
1530.0          0.51786
1531.0          0.53583
1532.0          0.55403
1533.0          0.57240
1534.0          0.59092
1535.0          0.60952
1536.0          0.62816
1537.0          0.64680
1538.0          0.66536
1539.0          0.68382
1540.0          0.70209
1541.0          0.72015
1542.0          0.73792
1543.0          0.75537
1544.0          0.77243
1545.0          0.78906
1546.0          0.80522
1547.0          0.82086
1548.0          0.83594
1549.0          0.85043
1550.0          0.86429
1551.0          0.87751
1552.0          0.89005
1553.0          0.90191
1554.0          0.91305
1555.0          0.92349
1556.0          0.93321
1557.0          0.94221
1558.0          0.95050
1559.0          0.95807
1560.0          0.96495
1561.0          0.97115
1562.0          0.97667
1563.0          0.98155
1564.0          0.98580
1565.0          0.98944
1566.0          0.99249
1567.0          0.99499
1568.0          0.99695
1569.0          0.99840
1570.0          0.99937
1571.0          0.99989
1572.0          0.99998
1573.0          0.99967
1574.0          0.99899
1575.0          0.99795
1576.0          0.99659
1577.0          0.99492
1578.0          0.99297
1579.0          0.99077
1580.0          0.98834
1581.0          0.98568
1582.0          0.98283
1583.0          0.97981
1584.0          0.97662
1585.0          0.97329
1586.0          0.96983
1587.0          0.96626
1588.0          0.96258
1589.0          0.95882
1590.0          0.95499
1591.0          0.95108
1592.0          0.94713
1593.0          0.94313
1594.0          0.93909
1595.0          0.93503
1596.0          0.93094
1597.0          0.92684
1598.0          0.92274
1599.0          0.91863
1600.0          0.91453
1601.0          0.91044
1602.0          0.90636
1603.0          0.90231
1604.0          0.89827
1605.0          0.89426
1606.0          0.89027
1607.0          0.88632
1608.0          0.88240
1609.0          0.87851
1610.0          0.87466
1611.0          0.87086
1612.0          0.86709
1613.0          0.86336
1614.0          0.85968
1615.0          0.85604
1616.0          0.85244
1617.0          0.84889
1618.0          0.84539
1619.0          0.84193
1620.0          0.83852
1621.0          0.83515
1622.0          0.83184
1623.0          0.82857
1624.0          0.82534
1625.0          0.82217
1626.0          0.81904
1627.0          0.81595
1628.0          0.81291
1629.0          0.80992
1630.0          0.80698
1631.0          0.80408
1632.0          0.80122
1633.0          0.79841
1634.0          0.79564
1635.0          0.79292
1636.0          0.79024
1637.0          0.78760
1638.0          0.78500
1639.0          0.78245
1640.0          0.77993
1641.0          0.77746
1642.0          0.77502
1643.0          0.77263
1644.0          0.77027
1645.0          0.76795
1646.0          0.76567
1647.0          0.76343
1648.0          0.76122
1649.0          0.75905
1650.0          0.75691
1400.0          0.87579
1401.0          0.88554
1402.0          0.89169
1403.0          0.89600
1404.0          0.89924
1405.0          0.90181
1406.0          0.90392
1407.0          0.90570
1408.0          0.90724
1409.0          0.90859
1410.0          0.90980
1411.0          0.91089
1412.0          0.91188
1413.0          0.91279
1414.0          0.91363
1415.0          0.91441
1416.0          0.91513
1417.0          0.91582
1418.0          0.91645
1419.0          0.91706
1420.0          0.91762
1421.0          0.91816
1422.0          0.91867
1423.0          0.91914
1424.0          0.91960
1425.0          0.92003
1426.0          0.92044
1427.0          0.92082
1428.0          0.92118
1429.0          0.92153
1430.0          0.92185
1431.0          0.92216
1432.0          0.92244
1433.0          0.92271
1434.0          0.92296
1435.0          0.92319
1436.0          0.92341
1437.0          0.92360
1438.0          0.92378
1439.0          0.92394
1440.0          0.92408
1441.0          0.92420
1442.0          0.92430
1443.0          0.92438
1444.0          0.92445
1445.0          0.92449
1446.0          0.92451
1447.0          0.92451
1448.0          0.92448
1449.0          0.92444
1450.0          0.92436
1451.0          0.92427
1452.0          0.92414
1453.0          0.92399
1454.0          0.92381
1455.0          0.92360
1456.0          0.92336
1457.0          0.92308
1458.0          0.92278
1459.0          0.92243
1460.0          0.92205
1461.0          0.92162
1462.0          0.92116
1463.0          0.92065
1464.0          0.92009
1465.0          0.91948
1466.0          0.91883
1467.0          0.91812
1468.0          0.91735
1469.0          0.91652
1470.0          0.91562
1471.0          0.91466
1472.0          0.91363
1473.0          0.91252
1474.0          0.91134
1475.0          0.91007
1476.0          0.90872
1477.0          0.90727
1478.0          0.90572
1479.0          0.90407
1480.0          0.90232
1481.0          0.90045
1482.0          0.89846
1483.0          0.89634
1484.0          0.89409
1485.0          0.89170
1486.0          0.88916
1487.0          0.88647
1488.0          0.88361
1489.0          0.88058
1490.0          0.87737
1491.0          0.87397
1492.0          0.87037
1493.0          0.86656
1494.0          0.86254
1495.0          0.85828
1496.0          0.85378
1497.0          0.84903
1498.0          0.84402
1499.0          0.83873
1500.0          0.83315
1501.0          0.82727
1502.0          0.82109
1503.0          0.81457
1504.0          0.80772
1505.0          0.80052
1506.0          0.79295
1507.0          0.78501
1508.0          0.77668
1509.0          0.76795
1510.0          0.75880
1511.0          0.74924
1512.0          0.73924
1513.0          0.72880
1514.0          0.71790
1515.0          0.70655
1516.0          0.69473
1517.0          0.68245
1518.0          0.66969
1519.0          0.65646
1520.0          0.64276
1521.0          0.62859
1522.0          0.61396
1523.0          0.59889
1524.0          0.58337
1525.0          0.56743
1526.0          0.55108
1527.0          0.53436
1528.0          0.51727
1529.0          0.49986
1530.0          0.48214
1531.0          0.46417
1532.0          0.44597
1533.0          0.42760
1534.0          0.40908
1535.0          0.39048
1536.0          0.37184
1537.0          0.35320
1538.0          0.33464
1539.0          0.31618
1540.0          0.29791
1541.0          0.27985
1542.0          0.26208
1543.0          0.24463
1544.0          0.22757
1545.0          0.21094
1546.0          0.19478
1547.0          0.17914
1548.0          0.16406
1549.0          0.14957
1550.0          0.13571
1551.0          0.12249
1552.0          0.10995
1553.0          0.098094
1554.0          0.086945
1555.0          0.076509
1556.0          0.066790
1557.0          0.057789
1558.0          0.049504
1559.0          0.041926
1560.0          0.035047
1561.0          0.028852
1562.0          0.023326
1563.0          0.018450
1564.0          0.014204
1565.0          0.010565
1566.0          0.0075103
1567.0          0.0050149
1568.0          0.0030531
1569.0          0.0015989
1570.0          6.2572E-4
1571.0          1.0698E-4
1572.0          1.6195E-5
1573.0          3.2712E-4
1574.0          0.0010139
1575.0          0.0020514
1576.0          0.0034148
1577.0          0.0050804
1578.0          0.0070251
1579.0          0.0092267
1580.0          0.011664
1581.0          0.014317
1582.0          0.017165
1583.0          0.020192
1584.0          0.023379
1585.0          0.026710
1586.0          0.030169
1587.0          0.033742
1588.0          0.037416
1589.0          0.041177
1590.0          0.045015
1591.0          0.048916
1592.0          0.052872
1593.0          0.056873
1594.0          0.060910
1595.0          0.064974
1596.0          0.069059
1597.0          0.073156
1598.0          0.077261
1599.0          0.081366
1600.0          0.085467
1601.0          0.089558
1602.0          0.093635
1603.0          0.097694
1604.0          0.10173
1605.0          0.10574
1606.0          0.10973
1607.0          0.11368
1608.0          0.11760
1609.0          0.12149
1610.0          0.12534
1611.0          0.12914
1612.0          0.13291
1613.0          0.13664
1614.0          0.14032
1615.0          0.14396
1616.0          0.14756
1617.0          0.15111
1618.0          0.15461
1619.0          0.15807
1620.0          0.16148
1621.0          0.16485
1622.0          0.16816
1623.0          0.17143
1624.0          0.17466
1625.0          0.17783
1626.0          0.18096
1627.0          0.18405
1628.0          0.18709
1629.0          0.19008
1630.0          0.19302
1631.0          0.19592
1632.0          0.19878
1633.0          0.20159
1634.0          0.20436
1635.0          0.20708
1636.0          0.20976
1637.0          0.21240
1638.0          0.21500
1639.0          0.21755
1640.0          0.22007
1641.0          0.22254
1642.0          0.22498
1643.0          0.22737
1644.0          0.22973
1645.0          0.23205
1646.0          0.23433
1647.0          0.23657
1648.0          0.23878
1649.0          0.24095
1650.0          0.24309
1400.0          1.0000
1401.0          1.0000
1402.0          1.0000
1403.0          1.0000
1404.0          1.0000
1405.0          1.0000
1406.0          1.0000
1407.0          1.0000
1408.0          1.0000
1409.0          1.0000
1410.0          1.0000
1411.0          1.0000
1412.0          1.0000
1413.0          1.0000
1414.0          1.0000
1415.0          1.0000
1416.0          1.0000
1417.0          1.0000
1418.0          1.0000
1419.0          1.0000
1420.0          1.0000
1421.0          1.0000
1422.0          1.0000
1423.0          1.0000
1424.0          1.0000
1425.0          1.0000
1426.0          1.0000
1427.0          1.0000
1428.0          1.0000
1429.0          1.0000
1430.0          1.0000
1431.0          1.0000
1432.0          1.0000
1433.0          1.0000
1434.0          1.0000
1435.0          1.0000
1436.0          1.0000
1437.0          1.0000
1438.0          1.0000
1439.0          1.0000
1440.0          1.0000
1441.0          1.0000
1442.0          1.0000
1443.0          1.0000
1444.0          1.0000
1445.0          1.0000
1446.0          1.0000
1447.0          1.0000
1448.0          1.0000
1449.0          1.0000
1450.0          1.0000
1451.0          1.0000
1452.0          1.0000
1453.0          1.0000
1454.0          1.0000
1455.0          1.0000
1456.0          1.0000
1457.0          1.0000
1458.0          1.0000
1459.0          1.0000
1460.0          1.0000
1461.0          1.0000
1462.0          1.0000
1463.0          1.0000
1464.0          1.0000
1465.0          1.0000
1466.0          1.0000
1467.0          1.0000
1468.0          1.0000
1469.0          1.0000
1470.0          1.0000
1471.0          1.0000
1472.0          1.0000
1473.0          1.0000
1474.0          1.0000
1475.0          1.0000
1476.0          1.0000
1477.0          1.0000
1478.0          1.0000
1479.0          1.0000
1480.0          1.0000
1481.0          1.0000
1482.0          1.0000
1483.0          1.0000
1484.0          1.0000
1485.0          1.0000
1486.0          1.0000
1487.0          1.0000
1488.0          1.0000
1489.0          1.0000
1490.0          1.0000
1491.0          1.0000
1492.0          1.0000
1493.0          1.0000
1494.0          1.0000
1495.0          1.0000
1496.0          1.0000
1497.0          1.0000
1498.0          1.0000
1499.0          1.0000
1500.0          1.0000
1501.0          1.0000
1502.0          1.0000
1503.0          1.0000
1504.0          1.0000
1505.0          1.0000
1506.0          1.0000
1507.0          1.0000
1508.0          1.0000
1509.0          1.0000
1510.0          1.0000
1511.0          1.0000
1512.0          1.0000
1513.0          1.0000
1514.0          1.0000
1515.0          1.0000
1516.0          1.0000
1517.0          1.0000
1518.0          1.0000
1519.0          1.0000
1520.0          1.0000
1521.0          1.0000
1522.0          1.0000
1523.0          1.0000
1524.0          1.0000
1525.0          1.0000
1526.0          1.0000
1527.0          1.0000
1528.0          1.0000
1529.0          1.0000
1530.0          1.0000
1531.0          1.0000
1532.0          1.0000
1533.0          1.0000
1534.0          1.0000
1535.0          1.0000
1536.0          1.0000
1537.0          1.0000
1538.0          1.0000
1539.0          1.0000
1540.0          1.0000
1541.0          1.0000
1542.0          1.0000
1543.0          1.0000
1544.0          1.0000
1545.0          1.0000
1546.0          1.0000
1547.0          1.0000
1548.0          1.0000
1549.0          1.0000
1550.0          1.0000
1551.0          1.0000
1552.0          1.0000
1553.0          1.0000
1554.0          1.0000
1555.0          1.0000
1556.0          1.0000
1557.0          1.0000
1558.0          1.0000
1559.0          1.0000
1560.0          1.0000
1561.0          1.0000
1562.0          1.0000
1563.0          1.0000
1564.0          1.0000
1565.0          1.0000
1566.0          1.0000
1567.0          1.0000
1568.0          1.0000
1569.0          1.0000
1570.0          1.0000
1571.0          1.0000
1572.0          1.0000
1573.0          1.0000
1574.0          1.0000
1575.0          1.0000
1576.0          1.0000
1577.0          1.0000
1578.0          1.0000
1579.0          1.0000
1580.0          1.0000
1581.0          1.0000
1582.0          1.0000
1583.0          1.0000
1584.0          1.0000
1585.0          1.0000
1586.0          1.0000
1587.0          1.0000
1588.0          1.0000
1589.0          1.0000
1590.0          1.0000
1591.0          1.0000
1592.0          1.0000
1593.0          1.0000
1594.0          1.0000
1595.0          1.0000
1596.0          1.0000
1597.0          1.0000
1598.0          1.0000
1599.0          1.0000
1600.0          1.0000
1601.0          1.0000
1602.0          1.0000
1603.0          1.0000
1604.0          1.0000
1605.0          1.0000
1606.0          1.0000
1607.0          1.0000
1608.0          1.0000
1609.0          1.0000
1610.0          1.0000
1611.0          1.0000
1612.0          1.0000
1613.0          1.0000
1614.0          1.0000
1615.0          1.0000
1616.0          1.0000
1617.0          1.0000
1618.0          1.0000
1619.0          1.0000
1620.0          1.0000
1621.0          1.0000
1622.0          1.0000
1623.0          1.0000
1624.0          1.0000
1625.0          1.0000
1626.0          1.0000
1627.0          1.0000
1628.0          1.0000
1629.0          1.0000
1630.0          1.0000
1631.0          1.0000
1632.0          1.0000
1633.0          1.0000
1634.0          1.0000
1635.0          1.0000
1636.0          1.0000
1637.0          1.0000
1638.0          1.0000
1639.0          1.0000
1640.0          1.0000
1641.0          1.0000
1642.0          1.0000
1643.0          1.0000
1644.0          1.0000
1645.0          1.0000
1646.0          1.0000
1647.0          1.0000
1648.0          1.0000
1649.0          1.0000
1650.0          1.0000
1400.0          -3.3307E-15
1401.0          -8.8818E-16
1402.0          -1.5543E-15
1403.0          1.7764E-15
1404.0          0.0000
1405.0          -6.6613E-16
1406.0          1.2212E-15
1407.0          8.8818E-16
1408.0          -1.5543E-15
1409.0          -2.2204E-15
1410.0          8.8818E-16
1411.0          -1.3323E-15
1412.0          -1.5543E-15
1413.0          2.7756E-15
1414.0          1.4433E-15
1415.0          2.2204E-16
1416.0          -3.5527E-15
1417.0          7.7716E-16
1418.0          -4.4409E-16
1419.0          -1.9984E-15
1420.0          -2.2204E-15
1421.0          3.2196E-15
1422.0          6.6613E-16
1423.0          0.0000
1424.0          1.1102E-15
1425.0          1.5543E-15
1426.0          1.8874E-15
1427.0          8.8818E-16
1428.0          7.7716E-16
1429.0          -4.4409E-16
1430.0          4.4409E-15
1431.0          1.1102E-15
1432.0          1.1102E-15
1433.0          -6.6613E-16
1434.0          1.1102E-15
1435.0          -1.7764E-15
1436.0          4.4409E-16
1437.0          -6.6613E-16
1438.0          3.2196E-15
1439.0          -1.1102E-15
1440.0          0.0000
1441.0          -8.8818E-16
1442.0          0.0000
1443.0          3.2196E-15
1444.0          6.6613E-16
1445.0          1.1102E-15
1446.0          1.2212E-15
1447.0          2.6645E-15
1448.0          8.8818E-16
1449.0          8.8818E-16
1450.0          -1.3323E-15
1451.0          0.0000
1452.0          9.9920E-16
1453.0          4.6629E-15
1454.0          -1.3323E-15
1455.0          1.9984E-15
1456.0          1.9984E-15
1457.0          -6.6613E-16
1458.0          -4.4409E-16
1459.0          0.0000
1460.0          2.8866E-15
1461.0          -4.4409E-16
1462.0          -2.2204E-16
1463.0          1.2212E-15
1464.0          1.9984E-15
1465.0          4.4409E-16
1466.0          1.3323E-15
1467.0          1.9984E-15
1468.0          1.5543E-15
1469.0          2.6645E-15
1470.0          -2.2204E-16
1471.0          3.5527E-15
1472.0          -1.5543E-15
1473.0          -1.5543E-15
1474.0          0.0000
1475.0          4.4409E-16
1476.0          2.2204E-16
1477.0          -4.4409E-16
1478.0          1.8874E-15
1479.0          3.2196E-15
1480.0          1.1102E-16
1481.0          -3.5527E-15
1482.0          -3.7748E-15
1483.0          -1.7764E-15
1484.0          -4.4409E-16
1485.0          3.3307E-16
1486.0          2.1094E-15
1487.0          8.8818E-16
1488.0          1.3323E-15
1489.0          1.8874E-15
1490.0          2.9976E-15
1491.0          4.4409E-15
1492.0          -1.1102E-15
1493.0          -1.9984E-15
1494.0          2.4425E-15
1495.0          -2.2204E-15
1496.0          2.2204E-15
1497.0          0.0000
1498.0          -8.8818E-16
1499.0          1.3323E-15
1500.0          1.5543E-15
1501.0          1.6653E-15
1502.0          1.3323E-15
1503.0          -1.3323E-15
1504.0          -1.5543E-15
1505.0          3.3307E-16
1506.0          -4.4409E-15
1507.0          1.9984E-15
1508.0          -1.9984E-15
1509.0          1.6653E-15
1510.0          2.6645E-15
1511.0          -1.3323E-15
1512.0          1.3323E-15
1513.0          -3.5527E-15
1514.0          -1.5543E-15
1515.0          -1.3323E-15
1516.0          3.1086E-15
1517.0          -2.2204E-16
1518.0          2.3315E-15
1519.0          -8.8818E-16
1520.0          -4.4409E-16
1521.0          -8.8818E-16
1522.0          3.3307E-16
1523.0          1.7764E-15
1524.0          -1.3323E-15
1525.0          2.2204E-15
1526.0          -8.8818E-16
1527.0          3.3307E-16
1528.0          -1.9984E-15
1529.0          2.6645E-15
1530.0          3.1086E-15
1531.0          1.3323E-15
1532.0          7.7716E-16
1533.0          -8.8818E-16
1534.0          -2.4425E-15
1535.0          -2.2204E-15
1536.0          -2.2204E-15
1537.0          5.1070E-15
1538.0          2.2204E-15
1539.0          4.4409E-16
1540.0          -3.1086E-15
1541.0          -6.6613E-15
1542.0          1.9984E-15
1543.0          1.1102E-15
1544.0          8.8818E-16
1545.0          2.4425E-15
1546.0          -4.6629E-15
1547.0          2.8866E-15
1548.0          -3.9968E-15
1549.0          2.2204E-16
1550.0          -4.2188E-15
1551.0          -1.9984E-15
1552.0          -3.5527E-15
1553.0          8.8818E-16
1554.0          -1.9984E-15
1555.0          9.9920E-16
1556.0          1.1102E-16
1557.0          -1.9984E-15
1558.0          -1.5543E-15
1559.0          -5.1070E-15
1560.0          5.7732E-15
1561.0          -1.1102E-15
1562.0          6.1062E-15
1563.0          -1.1102E-15
1564.0          3.4417E-15
1565.0          2.2204E-16
1566.0          4.4409E-16
1567.0          4.5519E-15
1568.0          1.3323E-15
1569.0          -1.9984E-15
1570.0          1.1102E-16
1571.0          2.5535E-15
1572.0          2.7756E-15
1573.0          -4.4409E-16
1574.0          -1.9984E-15
1575.0          -4.4409E-16
1576.0          2.7756E-15
1577.0          -5.7732E-15
1578.0          1.6653E-15
1579.0          -2.2204E-15
1580.0          7.7716E-16
1581.0          -8.8818E-16
1582.0          -1.5543E-15
1583.0          -6.6613E-16
1584.0          -8.8818E-16
1585.0          4.4409E-16
1586.0          5.9952E-15
1587.0          -4.8850E-15
1588.0          -7.5495E-15
1589.0          2.7756E-15
1590.0          5.5511E-16
1591.0          -3.3307E-15
1592.0          1.1102E-16
1593.0          -2.2204E-15
1594.0          -2.8866E-15
1595.0          1.9984E-15
1596.0          -6.6613E-16
1597.0          1.1102E-15
1598.0          -2.2204E-16
1599.0          9.9920E-16
1600.0          -1.1102E-15
1601.0          -3.1086E-15
1602.0          2.8866E-15
1603.0          -2.2204E-16
1604.0          -2.8866E-15
1605.0          -1.1102E-15
1606.0          -3.1086E-15
1607.0          1.3323E-15
1608.0          4.8850E-15
1609.0          -4.4409E-16
1610.0          2.7756E-15
1611.0          1.9984E-15
1612.0          0.0000
1613.0          0.0000
1614.0          -3.1086E-15
1615.0          5.1070E-15
1616.0          -1.1102E-15
1617.0          1.9984E-15
1618.0          6.4393E-15
1619.0          3.7748E-15
1620.0          -6.6613E-15
1621.0          -2.8866E-15
1622.0          1.9984E-15
1623.0          -6.6613E-16
1624.0          -4.4409E-16
1625.0          7.3275E-15
1626.0          -4.4409E-16
1627.0          1.1102E-15
1628.0          -3.7748E-15
1629.0          9.9920E-16
1630.0          -4.4409E-16
1631.0          0.0000
1632.0          1.4433E-15
1633.0          0.0000
1634.0          3.9968E-15
1635.0          2.4425E-15
1636.0          -2.4425E-15
1637.0          0.0000
1638.0          -1.9984E-15
1639.0          1.3323E-15
1640.0          -1.7764E-15
1641.0          1.1102E-15
1642.0          -2.6645E-15
1643.0          -2.8866E-15
1644.0          -2.2204E-15
1645.0          9.9920E-16
1646.0          2.7756E-15
1647.0          2.1094E-15
1648.0          2.2204E-16
1649.0          2.2204E-15
1650.0          6.6613E-16
