1400.0          0.069645
1401.0          0.069516
1402.0          0.069733
1403.0          0.070114
1404.0          0.070585
1405.0          0.071110
1406.0          0.071671
1407.0          0.072257
1408.0          0.072861
1409.0          0.073478
1410.0          0.074106
1411.0          0.074742
1412.0          0.075385
1413.0          0.076032
1414.0          0.076684
1415.0          0.077339
1416.0          0.077996
1417.0          0.078655
1418.0          0.079316
1419.0          0.079977
1420.0          0.080639
1421.0          0.081302
1422.0          0.081964
1423.0          0.082625
1424.0          0.083286
1425.0          0.083946
1426.0          0.084604
1427.0          0.085261
1428.0          0.085916
1429.0          0.086569
1430.0          0.087220
1431.0          0.087868
1432.0          0.088514
1433.0          0.089157
1434.0          0.089797
1435.0          0.090433
1436.0          0.091066
1437.0          0.091696
1438.0          0.092321
1439.0          0.092943
1440.0          0.093561
1441.0          0.094174
1442.0          0.094783
1443.0          0.095387
1444.0          0.095986
1445.0          0.096580
1446.0          0.097170
1447.0          0.097753
1448.0          0.098332
1449.0          0.098904
1450.0          0.099471
1451.0          0.10003
1452.0          0.10059
1453.0          0.10113
1454.0          0.10168
1455.0          0.10221
1456.0          0.10274
1457.0          0.10326
1458.0          0.10378
1459.0          0.10428
1460.0          0.10478
1461.0          0.10528
1462.0          0.10576
1463.0          0.10624
1464.0          0.10671
1465.0          0.10717
1466.0          0.10762
1467.0          0.10806
1468.0          0.10850
1469.0          0.10892
1470.0          0.10934
1471.0          0.10975
1472.0          0.11015
1473.0          0.11054
1474.0          0.11092
1475.0          0.11129
1476.0          0.11164
1477.0          0.11199
1478.0          0.11233
1479.0          0.11266
1480.0          0.11298
1481.0          0.11329
1482.0          0.11358
1483.0          0.11387
1484.0          0.11414
1485.0          0.11441
1486.0          0.11466
1487.0          0.11490
1488.0          0.11512
1489.0          0.11534
1490.0          0.11554
1491.0          0.11573
1492.0          0.11590
1493.0          0.11607
1494.0          0.11622
1495.0          0.11636
1496.0          0.11648
1497.0          0.11659
1498.0          0.11669
1499.0          0.11677
1500.0          0.11683
1501.0          0.11689
1502.0          0.11692
1503.0          0.11695
1504.0          0.11695
1505.0          0.11695
1506.0          0.11692
1507.0          0.11688
1508.0          0.11683
1509.0          0.11675
1510.0          0.11666
1511.0          0.11656
1512.0          0.11644
1513.0          0.11630
1514.0          0.11614
1515.0          0.11596
1516.0          0.11577
1517.0          0.11555
1518.0          0.11532
1519.0          0.11507
1520.0          0.11480
1521.0          0.11451
1522.0          0.11420
1523.0          0.11388
1524.0          0.11353
1525.0          0.11316
1526.0          0.11277
1527.0          0.11235
1528.0          0.11192
1529.0          0.11146
1530.0          0.11098
1531.0          0.11048
1532.0          0.10996
1533.0          0.10941
1534.0          0.10884
1535.0          0.10825
1536.0          0.10763
1537.0          0.10699
1538.0          0.10632
1539.0          0.10563
1540.0          0.10491
1541.0          0.10416
1542.0          0.10339
1543.0          0.10260
1544.0          0.10177
1545.0          0.10092
1546.0          0.10004
1547.0          0.099135
1548.0          0.098199
1549.0          0.097235
1550.0          0.096242
1551.0          0.095219
1552.0          0.094167
1553.0          0.093085
1554.0          0.091973
1555.0          0.090830
1556.0          0.089656
1557.0          0.088451
1558.0          0.087215
1559.0          0.085947
1560.0          0.084647
1561.0          0.083316
1562.0          0.081952
1563.0          0.080556
1564.0          0.079127
1565.0          0.077666
1566.0          0.076173
1567.0          0.074647
1568.0          0.073089
1569.0          0.071499
1570.0          0.069877
1571.0          0.068224
1572.0          0.066539
1573.0          0.064824
1574.0          0.063078
1575.0          0.061303
1576.0          0.059499
1577.0          0.057668
1578.0          0.055810
1579.0          0.053926
1580.0          0.052019
1581.0          0.050090
1582.0          0.048140
1583.0          0.046172
1584.0          0.044188
1585.0          0.042191
1586.0          0.040185
1587.0          0.038171
1588.0          0.036155
1589.0          0.034139
1590.0          0.032130
1591.0          0.030132
1592.0          0.028152
1593.0          0.026194
1594.0          0.024268
1595.0          0.022380
1596.0          0.020539
1597.0          0.018755
1598.0          0.017039
1599.0          0.015402
1600.0          0.013857
1601.0          0.012418
1602.0          0.011102
1603.0          0.0099250
1604.0          0.0089060
1605.0          0.0080656
1606.0          0.0074264
1607.0          0.0070132
1608.0          0.0068528
1609.0          0.0069744
1610.0          0.0074101
1611.0          0.0081943
1612.0          0.0093646
1613.0          0.010961
1614.0          0.013028
1615.0          0.015612
1616.0          0.018762
1617.0          0.022533
1618.0          0.026980
1619.0          0.032164
1620.0          0.038148
1621.0          0.044995
1622.0          0.052774
1623.0          0.061554
1624.0          0.071404
1625.0          0.082394
1626.0          0.094593
1627.0          0.10806
1628.0          0.12287
1629.0          0.13907
1630.0          0.15671
1631.0          0.17582
1632.0          0.19643
1633.0          0.21855
1634.0          0.24216
1635.0          0.26725
1636.0          0.29376
1637.0          0.32162
1638.0          0.35072
1639.0          0.38096
1640.0          0.41218
1641.0          0.44421
1642.0          0.47686
1643.0          0.50993
1644.0          0.54319
1645.0          0.57642
1646.0          0.60939
1647.0          0.64185
1648.0          0.67360
1649.0          0.70441
1650.0          0.73410
1400.0          0.93035
1401.0          0.93048
1402.0          0.93027
1403.0          0.92989
1404.0          0.92942
1405.0          0.92889
1406.0          0.92833
1407.0          0.92774
1408.0          0.92714
1409.0          0.92652
1410.0          0.92589
1411.0          0.92526
1412.0          0.92462
1413.0          0.92397
1414.0          0.92332
1415.0          0.92266
1416.0          0.92200
1417.0          0.92134
1418.0          0.92068
1419.0          0.92002
1420.0          0.91936
1421.0          0.91870
1422.0          0.91804
1423.0          0.91737
1424.0          0.91671
1425.0          0.91605
1426.0          0.91540
1427.0          0.91474
1428.0          0.91408
1429.0          0.91343
1430.0          0.91278
1431.0          0.91213
1432.0          0.91149
1433.0          0.91084
1434.0          0.91020
1435.0          0.90957
1436.0          0.90893
1437.0          0.90830
1438.0          0.90768
1439.0          0.90706
1440.0          0.90644
1441.0          0.90583
1442.0          0.90522
1443.0          0.90461
1444.0          0.90401
1445.0          0.90342
1446.0          0.90283
1447.0          0.90225
1448.0          0.90167
1449.0          0.90110
1450.0          0.90053
1451.0          0.89997
1452.0          0.89941
1453.0          0.89887
1454.0          0.89832
1455.0          0.89779
1456.0          0.89726
1457.0          0.89674
1458.0          0.89622
1459.0          0.89572
1460.0          0.89522
1461.0          0.89472
1462.0          0.89424
1463.0          0.89376
1464.0          0.89329
1465.0          0.89283
1466.0          0.89238
1467.0          0.89194
1468.0          0.89150
1469.0          0.89108
1470.0          0.89066
1471.0          0.89025
1472.0          0.88985
1473.0          0.88946
1474.0          0.88908
1475.0          0.88871
1476.0          0.88836
1477.0          0.88801
1478.0          0.88767
1479.0          0.88734
1480.0          0.88702
1481.0          0.88671
1482.0          0.88642
1483.0          0.88613
1484.0          0.88586
1485.0          0.88559
1486.0          0.88534
1487.0          0.88510
1488.0          0.88488
1489.0          0.88466
1490.0          0.88446
1491.0          0.88427
1492.0          0.88410
1493.0          0.88393
1494.0          0.88378
1495.0          0.88364
1496.0          0.88352
1497.0          0.88341
1498.0          0.88331
1499.0          0.88323
1500.0          0.88317
1501.0          0.88311
1502.0          0.88308
1503.0          0.88305
1504.0          0.88305
1505.0          0.88305
1506.0          0.88308
1507.0          0.88312
1508.0          0.88317
1509.0          0.88325
1510.0          0.88334
1511.0          0.88344
1512.0          0.88356
1513.0          0.88370
1514.0          0.88386
1515.0          0.88404
1516.0          0.88423
1517.0          0.88445
1518.0          0.88468
1519.0          0.88493
1520.0          0.88520
1521.0          0.88549
1522.0          0.88580
1523.0          0.88612
1524.0          0.88647
1525.0          0.88684
1526.0          0.88723
1527.0          0.88765
1528.0          0.88808
1529.0          0.88854
1530.0          0.88902
1531.0          0.88952
1532.0          0.89004
1533.0          0.89059
1534.0          0.89116
1535.0          0.89175
1536.0          0.89237
1537.0          0.89301
1538.0          0.89368
1539.0          0.89437
1540.0          0.89509
1541.0          0.89584
1542.0          0.89661
1543.0          0.89740
1544.0          0.89823
1545.0          0.89908
1546.0          0.89996
1547.0          0.90087
1548.0          0.90180
1549.0          0.90277
1550.0          0.90376
1551.0          0.90478
1552.0          0.90583
1553.0          0.90691
1554.0          0.90803
1555.0          0.90917
1556.0          0.91034
1557.0          0.91155
1558.0          0.91279
1559.0          0.91405
1560.0          0.91535
1561.0          0.91668
1562.0          0.91805
1563.0          0.91944
1564.0          0.92087
1565.0          0.92233
1566.0          0.92383
1567.0          0.92535
1568.0          0.92691
1569.0          0.92850
1570.0          0.93012
1571.0          0.93178
1572.0          0.93346
1573.0          0.93518
1574.0          0.93692
1575.0          0.93870
1576.0          0.94050
1577.0          0.94233
1578.0          0.94419
1579.0          0.94607
1580.0          0.94798
1581.0          0.94991
1582.0          0.95186
1583.0          0.95383
1584.0          0.95581
1585.0          0.95781
1586.0          0.95982
1587.0          0.96183
1588.0          0.96385
1589.0          0.96586
1590.0          0.96787
1591.0          0.96987
1592.0          0.97185
1593.0          0.97381
1594.0          0.97573
1595.0          0.97762
1596.0          0.97946
1597.0          0.98124
1598.0          0.98296
1599.0          0.98460
1600.0          0.98614
1601.0          0.98758
1602.0          0.98890
1603.0          0.99007
1604.0          0.99109
1605.0          0.99193
1606.0          0.99257
1607.0          0.99299
1608.0          0.99315
1609.0          0.99303
1610.0          0.99259
1611.0          0.99181
1612.0          0.99064
1613.0          0.98904
1614.0          0.98697
1615.0          0.98439
1616.0          0.98124
1617.0          0.97747
1618.0          0.97302
1619.0          0.96784
1620.0          0.96185
1621.0          0.95500
1622.0          0.94723
1623.0          0.93845
1624.0          0.92860
1625.0          0.91761
1626.0          0.90541
1627.0          0.89194
1628.0          0.87713
1629.0          0.86093
1630.0          0.84329
1631.0          0.82418
1632.0          0.80357
1633.0          0.78145
1634.0          0.75784
1635.0          0.73275
1636.0          0.70624
1637.0          0.67838
1638.0          0.64928
1639.0          0.61904
1640.0          0.58782
1641.0          0.55579
1642.0          0.52314
1643.0          0.49007
1644.0          0.45681
1645.0          0.42358
1646.0          0.39061
1647.0          0.35815
1648.0          0.32640
1649.0          0.29559
1650.0          0.26590
1400.0          1.0000
1401.0          1.0000
1402.0          1.0000
1403.0          1.0000
1404.0          1.0000
1405.0          1.0000
1406.0          1.0000
1407.0          1.0000
1408.0          1.0000
1409.0          1.0000
1410.0          1.0000
1411.0          1.0000
1412.0          1.0000
1413.0          1.0000
1414.0          1.0000
1415.0          1.0000
1416.0          1.0000
1417.0          1.0000
1418.0          1.0000
1419.0          1.0000
1420.0          1.0000
1421.0          1.0000
1422.0          1.0000
1423.0          1.0000
1424.0          1.0000
1425.0          1.0000
1426.0          1.0000
1427.0          1.0000
1428.0          1.0000
1429.0          1.0000
1430.0          1.0000
1431.0          1.0000
1432.0          1.0000
1433.0          1.0000
1434.0          1.0000
1435.0          1.0000
1436.0          1.0000
1437.0          1.0000
1438.0          1.0000
1439.0          1.0000
1440.0          1.0000
1441.0          1.0000
1442.0          1.0000
1443.0          1.0000
1444.0          1.0000
1445.0          1.0000
1446.0          1.0000
1447.0          1.0000
1448.0          1.0000
1449.0          1.0000
1450.0          1.0000
1451.0          1.0000
1452.0          1.0000
1453.0          1.0000
1454.0          1.0000
1455.0          1.0000
1456.0          1.0000
1457.0          1.0000
1458.0          1.0000
1459.0          1.0000
1460.0          1.0000
1461.0          1.0000
1462.0          1.0000
1463.0          1.0000
1464.0          1.0000
1465.0          1.0000
1466.0          1.0000
1467.0          1.0000
1468.0          1.0000
1469.0          1.0000
1470.0          1.0000
1471.0          1.0000
1472.0          1.0000
1473.0          1.0000
1474.0          1.0000
1475.0          1.0000
1476.0          1.0000
1477.0          1.0000
1478.0          1.0000
1479.0          1.0000
1480.0          1.0000
1481.0          1.0000
1482.0          1.0000
1483.0          1.0000
1484.0          1.0000
1485.0          1.0000
1486.0          1.0000
1487.0          1.0000
1488.0          1.0000
1489.0          1.0000
1490.0          1.0000
1491.0          1.0000
1492.0          1.0000
1493.0          1.0000
1494.0          1.0000
1495.0          1.0000
1496.0          1.0000
1497.0          1.0000
1498.0          1.0000
1499.0          1.0000
1500.0          1.0000
1501.0          1.0000
1502.0          1.0000
1503.0          1.0000
1504.0          1.0000
1505.0          1.0000
1506.0          1.0000
1507.0          1.0000
1508.0          1.0000
1509.0          1.0000
1510.0          1.0000
1511.0          1.0000
1512.0          1.0000
1513.0          1.0000
1514.0          1.0000
1515.0          1.0000
1516.0          1.0000
1517.0          1.0000
1518.0          1.0000
1519.0          1.0000
1520.0          1.0000
1521.0          1.0000
1522.0          1.0000
1523.0          1.0000
1524.0          1.0000
1525.0          1.0000
1526.0          1.0000
1527.0          1.0000
1528.0          1.0000
1529.0          1.0000
1530.0          1.0000
1531.0          1.0000
1532.0          1.0000
1533.0          1.0000
1534.0          1.0000
1535.0          1.0000
1536.0          1.0000
1537.0          1.0000
1538.0          1.0000
1539.0          1.0000
1540.0          1.0000
1541.0          1.0000
1542.0          1.0000
1543.0          1.0000
1544.0          1.0000
1545.0          1.0000
1546.0          1.0000
1547.0          1.0000
1548.0          1.0000
1549.0          1.0000
1550.0          1.0000
1551.0          1.0000
1552.0          1.0000
1553.0          1.0000
1554.0          1.0000
1555.0          1.0000
1556.0          1.0000
1557.0          1.0000
1558.0          1.0000
1559.0          1.0000
1560.0          1.0000
1561.0          1.0000
1562.0          1.0000
1563.0          1.0000
1564.0          1.0000
1565.0          1.0000
1566.0          1.0000
1567.0          1.0000
1568.0          1.0000
1569.0          1.0000
1570.0          1.0000
1571.0          1.0000
1572.0          1.0000
1573.0          1.0000
1574.0          1.0000
1575.0          1.0000
1576.0          1.0000
1577.0          1.0000
1578.0          1.0000
1579.0          1.0000
1580.0          1.0000
1581.0          1.0000
1582.0          1.0000
1583.0          1.0000
1584.0          1.0000
1585.0          1.0000
1586.0          1.0000
1587.0          1.0000
1588.0          1.0000
1589.0          1.0000
1590.0          1.0000
1591.0          1.0000
1592.0          1.0000
1593.0          1.0000
1594.0          1.0000
1595.0          1.0000
1596.0          1.0000
1597.0          1.0000
1598.0          1.0000
1599.0          1.0000
1600.0          1.0000
1601.0          1.0000
1602.0          1.0000
1603.0          1.0000
1604.0          1.0000
1605.0          1.0000
1606.0          1.0000
1607.0          1.0000
1608.0          1.0000
1609.0          1.0000
1610.0          1.0000
1611.0          1.0000
1612.0          1.0000
1613.0          1.0000
1614.0          1.0000
1615.0          1.0000
1616.0          1.0000
1617.0          1.0000
1618.0          1.0000
1619.0          1.0000
1620.0          1.0000
1621.0          1.0000
1622.0          1.0000
1623.0          1.0000
1624.0          1.0000
1625.0          1.0000
1626.0          1.0000
1627.0          1.0000
1628.0          1.0000
1629.0          1.0000
1630.0          1.0000
1631.0          1.0000
1632.0          1.0000
1633.0          1.0000
1634.0          1.0000
1635.0          1.0000
1636.0          1.0000
1637.0          1.0000
1638.0          1.0000
1639.0          1.0000
1640.0          1.0000
1641.0          1.0000
1642.0          1.0000
1643.0          1.0000
1644.0          1.0000
1645.0          1.0000
1646.0          1.0000
1647.0          1.0000
1648.0          1.0000
1649.0          1.0000
1650.0          1.0000
1400.0          -3.3307E-15
1401.0          5.5511E-16
1402.0          -2.8866E-15
1403.0          3.6637E-15
1404.0          -3.1086E-15
1405.0          -8.8818E-16
1406.0          -1.1102E-15
1407.0          -1.5543E-15
1408.0          6.6613E-16
1409.0          1.1102E-16
1410.0          -2.2204E-15
1411.0          -1.1102E-15
1412.0          2.9976E-15
1413.0          1.2212E-15
1414.0          1.1102E-15
1415.0          8.8818E-16
1416.0          6.6613E-16
1417.0          -2.2204E-15
1418.0          -1.1102E-15
1419.0          -4.4409E-16
1420.0          -4.2188E-15
1421.0          1.7764E-15
1422.0          1.6653E-15
1423.0          1.1102E-16
1424.0          -1.7764E-15
1425.0          7.7716E-16
1426.0          1.2212E-15
1427.0          1.4433E-15
1428.0          1.8874E-15
1429.0          2.2204E-16
1430.0          -8.8818E-16
1431.0          1.5543E-15
1432.0          -1.3323E-15
1433.0          -1.1102E-15
1434.0          6.6613E-16
1435.0          8.8818E-16
1436.0          -6.6613E-16
1437.0          -2.4425E-15
1438.0          0.0000
1439.0          0.0000
1440.0          1.1102E-16
1441.0          -1.3323E-15
1442.0          1.3323E-15
1443.0          0.0000
1444.0          2.7756E-15
1445.0          9.9920E-16
1446.0          9.9920E-16
1447.0          1.1102E-15
1448.0          -4.4409E-16
1449.0          2.3315E-15
1450.0          7.7716E-16
1451.0          1.1102E-15
1452.0          9.9920E-16
1453.0          2.3315E-15
1454.0          8.8818E-16
1455.0          1.1102E-15
1456.0          2.8866E-15
1457.0          4.4409E-16
1458.0          6.6613E-16
1459.0          -2.2204E-16
1460.0          9.9920E-16
1461.0          2.3315E-15
1462.0          -1.3323E-15
1463.0          -3.9968E-15
1464.0          -1.1102E-15
1465.0          -8.8818E-16
1466.0          9.9920E-16
1467.0          -1.9984E-15
1468.0          -4.4409E-16
1469.0          -1.3323E-15
1470.0          -2.2204E-16
1471.0          4.2188E-15
1472.0          -1.9984E-15
1473.0          2.3315E-15
1474.0          0.0000
1475.0          -2.2204E-16
1476.0          -1.5543E-15
1477.0          1.1102E-15
1478.0          1.7764E-15
1479.0          6.6613E-16
1480.0          5.5511E-16
1481.0          -2.2204E-16
1482.0          -1.3323E-15
1483.0          1.9984E-15
1484.0          8.8818E-16
1485.0          1.7764E-15
1486.0          1.4433E-15
1487.0          6.6613E-16
1488.0          9.9920E-16
1489.0          -8.8818E-16
1490.0          1.7764E-15
1491.0          1.9984E-15
1492.0          -3.5527E-15
1493.0          -4.4409E-16
1494.0          -8.8818E-16
1495.0          -2.4425E-15
1496.0          -1.9984E-15
1497.0          -2.2204E-16
1498.0          2.2204E-16
1499.0          2.2204E-16
1500.0          5.5511E-16
1501.0          8.8818E-16
1502.0          -8.8818E-16
1503.0          5.1070E-15
1504.0          3.3307E-15
1505.0          4.7740E-15
1506.0          1.5543E-15
1507.0          1.5543E-15
1508.0          -2.2204E-15
1509.0          -5.1070E-15
1510.0          9.9920E-16
1511.0          2.4425E-15
1512.0          1.4433E-15
1513.0          -4.2188E-15
1514.0          -2.8866E-15
1515.0          2.6645E-15
1516.0          1.2212E-15
1517.0          -2.2204E-15
1518.0          5.5511E-16
1519.0          -6.6613E-16
1520.0          4.4409E-16
1521.0          -6.6613E-16
1522.0          -3.9968E-15
1523.0          7.7716E-16
1524.0          2.8866E-15
1525.0          -6.6613E-16
1526.0          1.9984E-15
1527.0          6.6613E-16
1528.0          -1.1102E-15
1529.0          2.7756E-15
1530.0          1.7764E-15
1531.0          2.2204E-15
1532.0          -1.7764E-15
1533.0          1.1102E-15
1534.0          -6.6613E-16
1535.0          -3.7748E-15
1536.0          1.1102E-15
1537.0          1.2212E-15
1538.0          2.9976E-15
1539.0          -1.9984E-15
1540.0          1.9984E-15
1541.0          -2.2204E-16
1542.0          -1.5543E-15
1543.0          -8.8818E-16
1544.0          2.3315E-15
1545.0          -3.5527E-15
1546.0          -8.8818E-16
1547.0          -1.9984E-15
1548.0          -8.8818E-16
1549.0          8.8818E-16
1550.0          -1.7764E-15
1551.0          4.4409E-16
1552.0          -4.4409E-16
1553.0          4.4409E-16
1554.0          -2.2204E-16
1555.0          -1.1102E-15
1556.0          -2.2204E-16
1557.0          2.2204E-16
1558.0          1.4433E-15
1559.0          -1.7764E-15
1560.0          2.5535E-15
1561.0          -2.6645E-15
1562.0          -2.2204E-16
1563.0          -1.7764E-15
1564.0          1.6653E-15
1565.0          -1.1102E-15
1566.0          2.2204E-16
1567.0          8.8818E-16
1568.0          -2.2204E-16
1569.0          4.4409E-16
1570.0          -2.2204E-15
1571.0          7.7716E-16
1572.0          2.2204E-15
1573.0          1.3323E-15
1574.0          6.6613E-16
1575.0          -3.7748E-15
1576.0          -6.6613E-16
1577.0          4.4409E-16
1578.0          6.6613E-16
1579.0          3.3307E-15
1580.0          -1.1102E-15
1581.0          -2.2204E-16
1582.0          -4.4409E-16
1583.0          2.2204E-15
1584.0          1.3323E-15
1585.0          3.3307E-16
1586.0          -6.6613E-16
1587.0          -4.4409E-16
1588.0          0.0000
1589.0          2.3315E-15
1590.0          0.0000
1591.0          5.5511E-16
1592.0          -6.6613E-16
1593.0          4.4409E-16
1594.0          2.7756E-15
1595.0          3.3307E-15
1596.0          3.1086E-15
1597.0          3.3307E-16
1598.0          -6.6613E-16
1599.0          1.5543E-15
1600.0          6.6613E-16
1601.0          -2.2204E-15
1602.0          -4.4409E-16
1603.0          8.8818E-16
1604.0          -3.7748E-15
1605.0          -1.9984E-15
1606.0          -2.4425E-15
1607.0          4.5519E-15
1608.0          -1.3323E-15
1609.0          1.3323E-15
1610.0          1.4433E-15
1611.0          -3.1086E-15
1612.0          0.0000
1613.0          2.8866E-15
1614.0          1.8874E-15
1615.0          -1.7764E-15
1616.0          1.2212E-15
1617.0          2.5535E-15
1618.0          -2.4425E-15
1619.0          -8.8818E-16
1620.0          2.7756E-15
1621.0          -8.8818E-16
1622.0          1.6653E-15
1623.0          1.6653E-15
1624.0          -3.7748E-15
1625.0          4.3299E-15
1626.0          1.8874E-15
1627.0          -1.9984E-15
1628.0          -2.2204E-16
1629.0          3.4417E-15
1630.0          3.3307E-16
1631.0          -5.9952E-15
1632.0          -1.9984E-15
1633.0          2.6645E-15
1634.0          7.7716E-16
1635.0          8.8818E-16
1636.0          -3.1086E-15
1637.0          -5.5511E-15
1638.0          1.4433E-15
1639.0          -2.6645E-15
1640.0          3.1086E-15
1641.0          0.0000
1642.0          -1.1102E-15
1643.0          5.8842E-15
1644.0          -1.9984E-15
1645.0          1.7764E-15
1646.0          -2.4425E-15
1647.0          9.7700E-15
1648.0          1.2212E-15
1649.0          6.6613E-16
1650.0          -1.9984E-15
