1400.0          0.35572
1401.0          0.35579
1402.0          0.35585
1403.0          0.35592
1404.0          0.35598
1405.0          0.35604
1406.0          0.35610
1407.0          0.35616
1408.0          0.35622
1409.0          0.35627
1410.0          0.35632
1411.0          0.35637
1412.0          0.35642
1413.0          0.35647
1414.0          0.35652
1415.0          0.35656
1416.0          0.35660
1417.0          0.35665
1418.0          0.35669
1419.0          0.35672
1420.0          0.35676
1421.0          0.35680
1422.0          0.35683
1423.0          0.35686
1424.0          0.35689
1425.0          0.35692
1426.0          0.35695
1427.0          0.35698
1428.0          0.35700
1429.0          0.35702
1430.0          0.35705
1431.0          0.35707
1432.0          0.35709
1433.0          0.35710
1434.0          0.35712
1435.0          0.35714
1436.0          0.35715
1437.0          0.35716
1438.0          0.35717
1439.0          0.35718
1440.0          0.35719
1441.0          0.35720
1442.0          0.35720
1443.0          0.35721
1444.0          0.35721
1445.0          0.35721
1446.0          0.35721
1447.0          0.35721
1448.0          0.35721
1449.0          0.35721
1450.0          0.35720
1451.0          0.35720
1452.0          0.35719
1453.0          0.35718
1454.0          0.35717
1455.0          0.35716
1456.0          0.35715
1457.0          0.35714
1458.0          0.35713
1459.0          0.35711
1460.0          0.35709
1461.0          0.35708
1462.0          0.35706
1463.0          0.35704
1464.0          0.35702
1465.0          0.35700
1466.0          0.35697
1467.0          0.35695
1468.0          0.35692
1469.0          0.35690
1470.0          0.35687
1471.0          0.35684
1472.0          0.35681
1473.0          0.35678
1474.0          0.35675
1475.0          0.35672
1476.0          0.35669
1477.0          0.35665
1478.0          0.35662
1479.0          0.35658
1480.0          0.35654
1481.0          0.35650
1482.0          0.35646
1483.0          0.35642
1484.0          0.35638
1485.0          0.35634
1486.0          0.35630
1487.0          0.35625
1488.0          0.35621
1489.0          0.35616
1490.0          0.35611
1491.0          0.35607
1492.0          0.35602
1493.0          0.35597
1494.0          0.35592
1495.0          0.35587
1496.0          0.35581
1497.0          0.35576
1498.0          0.35571
1499.0          0.35565
1500.0          0.35560
1501.0          0.35554
1502.0          0.35548
1503.0          0.35542
1504.0          0.35536
1505.0          0.35530
1506.0          0.35524
1507.0          0.35518
1508.0          0.35512
1509.0          0.35506
1510.0          0.35499
1511.0          0.35493
1512.0          0.35486
1513.0          0.35480
1514.0          0.35473
1515.0          0.35466
1516.0          0.35459
1517.0          0.35452
1518.0          0.35445
1519.0          0.35438
1520.0          0.35431
1521.0          0.35424
1522.0          0.35417
1523.0          0.35409
1524.0          0.35402
1525.0          0.35394
1526.0          0.35387
1527.0          0.35379
1528.0          0.35371
1529.0          0.35363
1530.0          0.35356
1531.0          0.35348
1532.0          0.35340
1533.0          0.35332
1534.0          0.35323
1535.0          0.35315
1536.0          0.35307
1537.0          0.35299
1538.0          0.35290
1539.0          0.35282
1540.0          0.35273
1541.0          0.35265
1542.0          0.35256
1543.0          0.35247
1544.0          0.35239
1545.0          0.35230
1546.0          0.35221
1547.0          0.35212
1548.0          0.35203
1549.0          0.35194
1550.0          0.35185
1551.0          0.35176
1552.0          0.35166
1553.0          0.35157
1554.0          0.35148
1555.0          0.35138
1556.0          0.35129
1557.0          0.35119
1558.0          0.35110
1559.0          0.35100
1560.0          0.35090
1561.0          0.35081
1562.0          0.35071
1563.0          0.35061
1564.0          0.35051
1565.0          0.35041
1566.0          0.35031
1567.0          0.35021
1568.0          0.35011
1569.0          0.35001
1570.0          0.34990
1571.0          0.34980
1572.0          0.34970
1573.0          0.34960
1574.0          0.34949
1575.0          0.34939
1576.0          0.34928
1577.0          0.34918
1578.0          0.34907
1579.0          0.34896
1580.0          0.34886
1581.0          0.34875
1582.0          0.34864
1583.0          0.34853
1584.0          0.34842
1585.0          0.34831
1586.0          0.34820
1587.0          0.34809
1588.0          0.34798
1589.0          0.34787
1590.0          0.34776
1591.0          0.34765
1592.0          0.34754
1593.0          0.34742
1594.0          0.34731
1595.0          0.34720
1596.0          0.34708
1597.0          0.34697
1598.0          0.34685
1599.0          0.34674
1600.0          0.34662
1601.0          0.34651
1602.0          0.34639
1603.0          0.34627
1604.0          0.34616
1605.0          0.34604
1606.0          0.34592
1607.0          0.34580
1608.0          0.34568
1609.0          0.34556
1610.0          0.34545
1611.0          0.34533
1612.0          0.34521
1613.0          0.34508
1614.0          0.34496
1615.0          0.34484
1616.0          0.34472
1617.0          0.34460
1618.0          0.34448
1619.0          0.34435
1620.0          0.34423
1621.0          0.34411
1622.0          0.34398
1623.0          0.34386
1624.0          0.34373
1625.0          0.34361
1626.0          0.34349
1627.0          0.34336
1628.0          0.34323
1629.0          0.34311
1630.0          0.34298
1631.0          0.34286
1632.0          0.34273
1633.0          0.34260
1634.0          0.34247
1635.0          0.34235
1636.0          0.34222
1637.0          0.34209
1638.0          0.34196
1639.0          0.34183
1640.0          0.34170
1641.0          0.34157
1642.0          0.34144
1643.0          0.34131
1644.0          0.34118
1645.0          0.34105
1646.0          0.34092
1647.0          0.34079
1648.0          0.34066
1649.0          0.34052
1650.0          0.34039
1400.0          0.64428
1401.0          0.64421
1402.0          0.64415
1403.0          0.64408
1404.0          0.64402
1405.0          0.64396
1406.0          0.64390
1407.0          0.64384
1408.0          0.64378
1409.0          0.64373
1410.0          0.64368
1411.0          0.64363
1412.0          0.64358
1413.0          0.64353
1414.0          0.64348
1415.0          0.64344
1416.0          0.64340
1417.0          0.64335
1418.0          0.64331
1419.0          0.64328
1420.0          0.64324
1421.0          0.64320
1422.0          0.64317
1423.0          0.64314
1424.0          0.64311
1425.0          0.64308
1426.0          0.64305
1427.0          0.64302
1428.0          0.64300
1429.0          0.64298
1430.0          0.64295
1431.0          0.64293
1432.0          0.64291
1433.0          0.64290
1434.0          0.64288
1435.0          0.64286
1436.0          0.64285
1437.0          0.64284
1438.0          0.64283
1439.0          0.64282
1440.0          0.64281
1441.0          0.64280
1442.0          0.64280
1443.0          0.64279
1444.0          0.64279
1445.0          0.64279
1446.0          0.64279
1447.0          0.64279
1448.0          0.64279
1449.0          0.64279
1450.0          0.64280
1451.0          0.64280
1452.0          0.64281
1453.0          0.64282
1454.0          0.64283
1455.0          0.64284
1456.0          0.64285
1457.0          0.64286
1458.0          0.64287
1459.0          0.64289
1460.0          0.64291
1461.0          0.64292
1462.0          0.64294
1463.0          0.64296
1464.0          0.64298
1465.0          0.64300
1466.0          0.64303
1467.0          0.64305
1468.0          0.64308
1469.0          0.64310
1470.0          0.64313
1471.0          0.64316
1472.0          0.64319
1473.0          0.64322
1474.0          0.64325
1475.0          0.64328
1476.0          0.64331
1477.0          0.64335
1478.0          0.64338
1479.0          0.64342
1480.0          0.64346
1481.0          0.64350
1482.0          0.64354
1483.0          0.64358
1484.0          0.64362
1485.0          0.64366
1486.0          0.64370
1487.0          0.64375
1488.0          0.64379
1489.0          0.64384
1490.0          0.64389
1491.0          0.64393
1492.0          0.64398
1493.0          0.64403
1494.0          0.64408
1495.0          0.64413
1496.0          0.64419
1497.0          0.64424
1498.0          0.64429
1499.0          0.64435
1500.0          0.64440
1501.0          0.64446
1502.0          0.64452
1503.0          0.64458
1504.0          0.64464
1505.0          0.64470
1506.0          0.64476
1507.0          0.64482
1508.0          0.64488
1509.0          0.64494
1510.0          0.64501
1511.0          0.64507
1512.0          0.64514
1513.0          0.64520
1514.0          0.64527
1515.0          0.64534
1516.0          0.64541
1517.0          0.64548
1518.0          0.64555
1519.0          0.64562
1520.0          0.64569
1521.0          0.64576
1522.0          0.64583
1523.0          0.64591
1524.0          0.64598
1525.0          0.64606
1526.0          0.64613
1527.0          0.64621
1528.0          0.64629
1529.0          0.64637
1530.0          0.64644
1531.0          0.64652
1532.0          0.64660
1533.0          0.64668
1534.0          0.64677
1535.0          0.64685
1536.0          0.64693
1537.0          0.64701
1538.0          0.64710
1539.0          0.64718
1540.0          0.64727
1541.0          0.64735
1542.0          0.64744
1543.0          0.64753
1544.0          0.64761
1545.0          0.64770
1546.0          0.64779
1547.0          0.64788
1548.0          0.64797
1549.0          0.64806
1550.0          0.64815
1551.0          0.64824
1552.0          0.64834
1553.0          0.64843
1554.0          0.64852
1555.0          0.64862
1556.0          0.64871
1557.0          0.64881
1558.0          0.64890
1559.0          0.64900
1560.0          0.64910
1561.0          0.64919
1562.0          0.64929
1563.0          0.64939
1564.0          0.64949
1565.0          0.64959
1566.0          0.64969
1567.0          0.64979
1568.0          0.64989
1569.0          0.64999
1570.0          0.65010
1571.0          0.65020
1572.0          0.65030
1573.0          0.65040
1574.0          0.65051
1575.0          0.65061
1576.0          0.65072
1577.0          0.65082
1578.0          0.65093
1579.0          0.65104
1580.0          0.65114
1581.0          0.65125
1582.0          0.65136
1583.0          0.65147
1584.0          0.65158
1585.0          0.65169
1586.0          0.65180
1587.0          0.65191
1588.0          0.65202
1589.0          0.65213
1590.0          0.65224
1591.0          0.65235
1592.0          0.65246
1593.0          0.65258
1594.0          0.65269
1595.0          0.65280
1596.0          0.65292
1597.0          0.65303
1598.0          0.65315
1599.0          0.65326
1600.0          0.65338
1601.0          0.65349
1602.0          0.65361
1603.0          0.65373
1604.0          0.65384
1605.0          0.65396
1606.0          0.65408
1607.0          0.65420
1608.0          0.65432
1609.0          0.65444
1610.0          0.65455
1611.0          0.65467
1612.0          0.65479
1613.0          0.65492
1614.0          0.65504
1615.0          0.65516
1616.0          0.65528
1617.0          0.65540
1618.0          0.65552
1619.0          0.65565
1620.0          0.65577
1621.0          0.65589
1622.0          0.65602
1623.0          0.65614
1624.0          0.65627
1625.0          0.65639
1626.0          0.65651
1627.0          0.65664
1628.0          0.65677
1629.0          0.65689
1630.0          0.65702
1631.0          0.65714
1632.0          0.65727
1633.0          0.65740
1634.0          0.65753
1635.0          0.65765
1636.0          0.65778
1637.0          0.65791
1638.0          0.65804
1639.0          0.65817
1640.0          0.65830
1641.0          0.65843
1642.0          0.65856
1643.0          0.65869
1644.0          0.65882
1645.0          0.65895
1646.0          0.65908
1647.0          0.65921
1648.0          0.65934
1649.0          0.65948
1650.0          0.65961
1400.0          1.0000
1401.0          1.0000
1402.0          1.0000
1403.0          1.0000
1404.0          1.0000
1405.0          1.0000
1406.0          1.0000
1407.0          1.0000
1408.0          1.0000
1409.0          1.0000
1410.0          1.0000
1411.0          1.0000
1412.0          1.0000
1413.0          1.0000
1414.0          1.0000
1415.0          1.0000
1416.0          1.0000
1417.0          1.0000
1418.0          1.0000
1419.0          1.0000
1420.0          1.0000
1421.0          1.0000
1422.0          1.0000
1423.0          1.0000
1424.0          1.0000
1425.0          1.0000
1426.0          1.0000
1427.0          1.0000
1428.0          1.0000
1429.0          1.0000
1430.0          1.0000
1431.0          1.0000
1432.0          1.0000
1433.0          1.0000
1434.0          1.0000
1435.0          1.0000
1436.0          1.0000
1437.0          1.0000
1438.0          1.0000
1439.0          1.0000
1440.0          1.0000
1441.0          1.0000
1442.0          1.0000
1443.0          1.0000
1444.0          1.0000
1445.0          1.0000
1446.0          1.0000
1447.0          1.0000
1448.0          1.0000
1449.0          1.0000
1450.0          1.0000
1451.0          1.0000
1452.0          1.0000
1453.0          1.0000
1454.0          1.0000
1455.0          1.0000
1456.0          1.0000
1457.0          1.0000
1458.0          1.0000
1459.0          1.0000
1460.0          1.0000
1461.0          1.0000
1462.0          1.0000
1463.0          1.0000
1464.0          1.0000
1465.0          1.0000
1466.0          1.0000
1467.0          1.0000
1468.0          1.0000
1469.0          1.0000
1470.0          1.0000
1471.0          1.0000
1472.0          1.0000
1473.0          1.0000
1474.0          1.0000
1475.0          1.0000
1476.0          1.0000
1477.0          1.0000
1478.0          1.0000
1479.0          1.0000
1480.0          1.0000
1481.0          1.0000
1482.0          1.0000
1483.0          1.0000
1484.0          1.0000
1485.0          1.0000
1486.0          1.0000
1487.0          1.0000
1488.0          1.0000
1489.0          1.0000
1490.0          1.0000
1491.0          1.0000
1492.0          1.0000
1493.0          1.0000
1494.0          1.0000
1495.0          1.0000
1496.0          1.0000
1497.0          1.0000
1498.0          1.0000
1499.0          1.0000
1500.0          1.0000
1501.0          1.0000
1502.0          1.0000
1503.0          1.0000
1504.0          1.0000
1505.0          1.0000
1506.0          1.0000
1507.0          1.0000
1508.0          1.0000
1509.0          1.0000
1510.0          1.0000
1511.0          1.0000
1512.0          1.0000
1513.0          1.0000
1514.0          1.0000
1515.0          1.0000
1516.0          1.0000
1517.0          1.0000
1518.0          1.0000
1519.0          1.0000
1520.0          1.0000
1521.0          1.0000
1522.0          1.0000
1523.0          1.0000
1524.0          1.0000
1525.0          1.0000
1526.0          1.0000
1527.0          1.0000
1528.0          1.0000
1529.0          1.0000
1530.0          1.0000
1531.0          1.0000
1532.0          1.0000
1533.0          1.0000
1534.0          1.0000
1535.0          1.0000
1536.0          1.0000
1537.0          1.0000
1538.0          1.0000
1539.0          1.0000
1540.0          1.0000
1541.0          1.0000
1542.0          1.0000
1543.0          1.0000
1544.0          1.0000
1545.0          1.0000
1546.0          1.0000
1547.0          1.0000
1548.0          1.0000
1549.0          1.0000
1550.0          1.0000
1551.0          1.0000
1552.0          1.0000
1553.0          1.0000
1554.0          1.0000
1555.0          1.0000
1556.0          1.0000
1557.0          1.0000
1558.0          1.0000
1559.0          1.0000
1560.0          1.0000
1561.0          1.0000
1562.0          1.0000
1563.0          1.0000
1564.0          1.0000
1565.0          1.0000
1566.0          1.0000
1567.0          1.0000
1568.0          1.0000
1569.0          1.0000
1570.0          1.0000
1571.0          1.0000
1572.0          1.0000
1573.0          1.0000
1574.0          1.0000
1575.0          1.0000
1576.0          1.0000
1577.0          1.0000
1578.0          1.0000
1579.0          1.0000
1580.0          1.0000
1581.0          1.0000
1582.0          1.0000
1583.0          1.0000
1584.0          1.0000
1585.0          1.0000
1586.0          1.0000
1587.0          1.0000
1588.0          1.0000
1589.0          1.0000
1590.0          1.0000
1591.0          1.0000
1592.0          1.0000
1593.0          1.0000
1594.0          1.0000
1595.0          1.0000
1596.0          1.0000
1597.0          1.0000
1598.0          1.0000
1599.0          1.0000
1600.0          1.0000
1601.0          1.0000
1602.0          1.0000
1603.0          1.0000
1604.0          1.0000
1605.0          1.0000
1606.0          1.0000
1607.0          1.0000
1608.0          1.0000
1609.0          1.0000
1610.0          1.0000
1611.0          1.0000
1612.0          1.0000
1613.0          1.0000
1614.0          1.0000
1615.0          1.0000
1616.0          1.0000
1617.0          1.0000
1618.0          1.0000
1619.0          1.0000
1620.0          1.0000
1621.0          1.0000
1622.0          1.0000
1623.0          1.0000
1624.0          1.0000
1625.0          1.0000
1626.0          1.0000
1627.0          1.0000
1628.0          1.0000
1629.0          1.0000
1630.0          1.0000
1631.0          1.0000
1632.0          1.0000
1633.0          1.0000
1634.0          1.0000
1635.0          1.0000
1636.0          1.0000
1637.0          1.0000
1638.0          1.0000
1639.0          1.0000
1640.0          1.0000
1641.0          1.0000
1642.0          1.0000
1643.0          1.0000
1644.0          1.0000
1645.0          1.0000
1646.0          1.0000
1647.0          1.0000
1648.0          1.0000
1649.0          1.0000
1650.0          1.0000
1400.0          9.9920E-16
1401.0          -2.2204E-15
1402.0          -1.5543E-15
1403.0          1.1102E-16
1404.0          0.0000
1405.0          1.3323E-15
1406.0          1.8874E-15
1407.0          1.3323E-15
1408.0          0.0000
1409.0          3.5527E-15
1410.0          1.3323E-15
1411.0          -8.8818E-16
1412.0          1.7764E-15
1413.0          -4.4409E-16
1414.0          8.8818E-16
1415.0          -1.1102E-15
1416.0          4.2188E-15
1417.0          -8.8818E-16
1418.0          2.2204E-15
1419.0          1.7764E-15
1420.0          4.4409E-16
1421.0          -4.4409E-16
1422.0          4.3299E-15
1423.0          1.2212E-15
1424.0          -2.2204E-15
1425.0          2.6645E-15
1426.0          2.2204E-16
1427.0          1.5543E-15
1428.0          2.6645E-15
1429.0          2.2204E-16
1430.0          2.1094E-15
1431.0          -1.7764E-15
1432.0          2.4425E-15
1433.0          2.2204E-16
1434.0          4.4409E-16
1435.0          2.2204E-16
1436.0          6.6613E-16
1437.0          -1.5543E-15
1438.0          -1.3323E-15
1439.0          -8.8818E-16
1440.0          0.0000
1441.0          9.9920E-16
1442.0          -4.4409E-16
1443.0          1.1102E-16
1444.0          0.0000
1445.0          1.3323E-15
1446.0          -8.8818E-16
1447.0          4.4409E-16
1448.0          -1.3323E-15
1449.0          7.7716E-16
1450.0          2.4425E-15
1451.0          -1.7764E-15
1452.0          -2.2204E-16
1453.0          -1.3323E-15
1454.0          2.4425E-15
1455.0          3.3307E-15
1456.0          -2.2204E-16
1457.0          2.2204E-16
1458.0          -1.3323E-15
1459.0          4.1078E-15
1460.0          4.4409E-16
1461.0          -8.8818E-16
1462.0          -2.2204E-16
1463.0          8.8818E-16
1464.0          2.3315E-15
1465.0          0.0000
1466.0          -2.2204E-15
1467.0          3.5527E-15
1468.0          3.5527E-15
1469.0          1.6653E-15
1470.0          -1.5543E-15
1471.0          8.8818E-16
1472.0          9.9920E-16
1473.0          2.2204E-15
1474.0          1.2212E-15
1475.0          8.8818E-16
1476.0          -8.8818E-16
1477.0          2.9976E-15
1478.0          -8.8818E-16
1479.0          3.7748E-15
1480.0          -2.2204E-15
1481.0          0.0000
1482.0          2.2204E-16
1483.0          2.4425E-15
1484.0          2.5535E-15
1485.0          6.6613E-16
1486.0          -1.1102E-15
1487.0          2.8866E-15
1488.0          -2.6645E-15
1489.0          -1.3323E-15
1490.0          3.1086E-15
1491.0          2.2204E-16
1492.0          8.8818E-16
1493.0          -6.6613E-16
1494.0          -2.6645E-15
1495.0          3.3307E-15
1496.0          3.7748E-15
1497.0          1.2212E-15
1498.0          6.6613E-16
1499.0          2.8866E-15
1500.0          -1.9984E-15
1501.0          6.6613E-16
1502.0          0.0000
1503.0          3.9968E-15
1504.0          1.9984E-15
1505.0          -4.4409E-15
1506.0          1.3323E-15
1507.0          2.8866E-15
1508.0          -2.2204E-15
1509.0          -2.2204E-16
1510.0          4.4409E-16
1511.0          6.6613E-16
1512.0          1.5543E-15
1513.0          -2.4425E-15
1514.0          2.8866E-15
1515.0          -4.4409E-16
1516.0          -8.8818E-16
1517.0          1.1102E-15
1518.0          1.3323E-15
1519.0          8.8818E-16
1520.0          1.9984E-15
1521.0          2.4425E-15
1522.0          -1.1102E-15
1523.0          9.9920E-16
1524.0          0.0000
1525.0          9.9920E-16
1526.0          -2.2204E-16
1527.0          2.2204E-15
1528.0          -1.9984E-15
1529.0          -3.1086E-15
1530.0          -4.4409E-16
1531.0          2.6645E-15
1532.0          -8.8818E-16
1533.0          -3.5527E-15
1534.0          -1.3323E-15
1535.0          -2.4425E-15
1536.0          -2.2204E-16
1537.0          2.5535E-15
1538.0          4.1078E-15
1539.0          1.2212E-15
1540.0          1.7764E-15
1541.0          5.5511E-16
1542.0          1.3323E-15
1543.0          5.7732E-15
1544.0          2.2204E-15
1545.0          2.4425E-15
1546.0          2.3315E-15
1547.0          2.6645E-15
1548.0          1.9984E-15
1549.0          -2.6645E-15
1550.0          -4.4409E-16
1551.0          0.0000
1552.0          6.3283E-15
1553.0          -3.7748E-15
1554.0          2.6645E-15
1555.0          -2.2204E-16
1556.0          -4.4409E-16
1557.0          1.6653E-15
1558.0          4.6629E-15
1559.0          8.8818E-16
1560.0          2.2204E-15
1561.0          6.6613E-16
1562.0          1.1102E-15
1563.0          1.9984E-15
1564.0          7.1054E-15
1565.0          2.8866E-15
1566.0          -1.3323E-15
1567.0          -3.5527E-15
1568.0          -4.4409E-16
1569.0          6.6613E-16
1570.0          2.9976E-15
1571.0          3.5527E-15
1572.0          -6.6613E-16
1573.0          2.5535E-15
1574.0          3.9968E-15
1575.0          6.6613E-16
1576.0          6.6613E-16
1577.0          3.3307E-16
1578.0          4.6629E-15
1579.0          -3.3307E-15
1580.0          4.4409E-16
1581.0          3.5527E-15
1582.0          1.1102E-15
1583.0          8.8818E-16
1584.0          -1.5543E-15
1585.0          -1.1102E-15
1586.0          1.7764E-15
1587.0          -1.5543E-15
1588.0          1.2212E-15
1589.0          -2.4425E-15
1590.0          -8.8818E-16
1591.0          0.0000
1592.0          6.6613E-16
1593.0          8.8818E-16
1594.0          -3.5527E-15
1595.0          1.9984E-15
1596.0          -4.4409E-16
1597.0          2.5535E-15
1598.0          3.1086E-15
1599.0          -8.8818E-16
1600.0          -3.5527E-15
1601.0          1.1102E-15
1602.0          2.7756E-15
1603.0          0.0000
1604.0          -8.8818E-16
1605.0          3.4417E-15
1606.0          -1.1102E-15
1607.0          -1.9984E-15
1608.0          4.3299E-15
1609.0          9.9920E-16
1610.0          5.5511E-16
1611.0          0.0000
1612.0          -2.2204E-16
1613.0          -4.4409E-15
1614.0          4.4409E-16
1615.0          -2.2204E-15
1616.0          2.7756E-15
1617.0          6.6613E-16
1618.0          0.0000
1619.0          1.1102E-15
1620.0          2.4425E-15
1621.0          -4.4409E-16
1622.0          1.9984E-15
1623.0          4.4409E-16
1624.0          4.4409E-15
1625.0          -4.4409E-16
1626.0          2.7756E-15
1627.0          -8.8818E-16
1628.0          -1.5543E-15
1629.0          -2.2204E-16
1630.0          7.7716E-16
1631.0          1.3323E-15
1632.0          1.5543E-15
1633.0          -1.5543E-15
1634.0          4.4409E-16
1635.0          -2.2204E-16
1636.0          -6.6613E-16
1637.0          2.5535E-15
1638.0          1.6653E-15
1639.0          4.2188E-15
1640.0          -2.2204E-16
1641.0          1.7764E-15
1642.0          -3.1086E-15
1643.0          -4.2188E-15
1644.0          2.6645E-15
1645.0          -2.2204E-15
1646.0          -2.6645E-15
1647.0          -4.4409E-16
1648.0          -2.2204E-16
1649.0          -8.8818E-16
1650.0          -8.8818E-16
