1400.0          0.28062
1401.0          0.27831
1402.0          0.27601
1403.0          0.27371
1404.0          0.27143
1405.0          0.26915
1406.0          0.26688
1407.0          0.26462
1408.0          0.26236
1409.0          0.26012
1410.0          0.25788
1411.0          0.25565
1412.0          0.25343
1413.0          0.25122
1414.0          0.24902
1415.0          0.24683
1416.0          0.24464
1417.0          0.24246
1418.0          0.24029
1419.0          0.23813
1420.0          0.23598
1421.0          0.23384
1422.0          0.23171
1423.0          0.22958
1424.0          0.22747
1425.0          0.22536
1426.0          0.22327
1427.0          0.22118
1428.0          0.21910
1429.0          0.21704
1430.0          0.21498
1431.0          0.21293
1432.0          0.21089
1433.0          0.20886
1434.0          0.20684
1435.0          0.20483
1436.0          0.20283
1437.0          0.20084
1438.0          0.19887
1439.0          0.19690
1440.0          0.19494
1441.0          0.19299
1442.0          0.19105
1443.0          0.18913
1444.0          0.18721
1445.0          0.18530
1446.0          0.18341
1447.0          0.18153
1448.0          0.17965
1449.0          0.17779
1450.0          0.17594
1451.0          0.17410
1452.0          0.17227
1453.0          0.17046
1454.0          0.16865
1455.0          0.16686
1456.0          0.16507
1457.0          0.16330
1458.0          0.16154
1459.0          0.15979
1460.0          0.15806
1461.0          0.15633
1462.0          0.15462
1463.0          0.15292
1464.0          0.15123
1465.0          0.14956
1466.0          0.14789
1467.0          0.14624
1468.0          0.14460
1469.0          0.14297
1470.0          0.14136
1471.0          0.13975
1472.0          0.13816
1473.0          0.13659
1474.0          0.13502
1475.0          0.13347
1476.0          0.13193
1477.0          0.13040
1478.0          0.12889
1479.0          0.12739
1480.0          0.12590
1481.0          0.12442
1482.0          0.12296
1483.0          0.12151
1484.0          0.12007
1485.0          0.11865
1486.0          0.11724
1487.0          0.11584
1488.0          0.11446
1489.0          0.11309
1490.0          0.11173
1491.0          0.11039
1492.0          0.10906
1493.0          0.10774
1494.0          0.10643
1495.0          0.10514
1496.0          0.10387
1497.0          0.10260
1498.0          0.10135
1499.0          0.10011
1500.0          0.098889
1501.0          0.097679
1502.0          0.096482
1503.0          0.095299
1504.0          0.094129
1505.0          0.092972
1506.0          0.091829
1507.0          0.090700
1508.0          0.089584
1509.0          0.088482
1510.0          0.087393
1511.0          0.086318
1512.0          0.085256
1513.0          0.084207
1514.0          0.083172
1515.0          0.082151
1516.0          0.081143
1517.0          0.080149
1518.0          0.079167
1519.0          0.078200
1520.0          0.077246
1521.0          0.076305
1522.0          0.075377
1523.0          0.074463
1524.0          0.073562
1525.0          0.072675
1526.0          0.071800
1527.0          0.070939
1528.0          0.070091
1529.0          0.069256
1530.0          0.068435
1531.0          0.067626
1532.0          0.066831
1533.0          0.066048
1534.0          0.065279
1535.0          0.064522
1536.0          0.063778
1537.0          0.063047
1538.0          0.062329
1539.0          0.061624
1540.0          0.060931
1541.0          0.060251
1542.0          0.059584
1543.0          0.058929
1544.0          0.058286
1545.0          0.057656
1546.0          0.057038
1547.0          0.056433
1548.0          0.055839
1549.0          0.055258
1550.0          0.054689
1551.0          0.054132
1552.0          0.053586
1553.0          0.053053
1554.0          0.052532
1555.0          0.052022
1556.0          0.051523
1557.0          0.051037
1558.0          0.050562
1559.0          0.050098
1560.0          0.049645
1561.0          0.049204
1562.0          0.048774
1563.0          0.048355
1564.0          0.047946
1565.0          0.047549
1566.0          0.047162
1567.0          0.046787
1568.0          0.046421
1569.0          0.046066
1570.0          0.045722
1571.0          0.045388
1572.0          0.045064
1573.0          0.044750
1574.0          0.044446
1575.0          0.044152
1576.0          0.043867
1577.0          0.043593
1578.0          0.043327
1579.0          0.043072
1580.0          0.042825
1581.0          0.042588
1582.0          0.042360
1583.0          0.042140
1584.0          0.041930
1585.0          0.041728
1586.0          0.041535
1587.0          0.041350
1588.0          0.041173
1589.0          0.041005
1590.0          0.040845
1591.0          0.040693
1592.0          0.040548
1593.0          0.040411
1594.0          0.040282
1595.0          0.040160
1596.0          0.040045
1597.0          0.039937
1598.0          0.039837
1599.0          0.039743
1600.0          0.039655
1601.0          0.039575
1602.0          0.039500
1603.0          0.039432
1604.0          0.039369
1605.0          0.039313
1606.0          0.039262
1607.0          0.039217
1608.0          0.039177
1609.0          0.039143
1610.0          0.039113
1611.0          0.039088
1612.0          0.039068
1613.0          0.039053
1614.0          0.039042
1615.0          0.039035
1616.0          0.039032
1617.0          0.039032
1618.0          0.039037
1619.0          0.039045
1620.0          0.039055
1621.0          0.039069
1622.0          0.039086
1623.0          0.039106
1624.0          0.039127
1625.0          0.039151
1626.0          0.039177
1627.0          0.039205
1628.0          0.039234
1629.0          0.039265
1630.0          0.039297
1631.0          0.039330
1632.0          0.039363
1633.0          0.039397
1634.0          0.039431
1635.0          0.039464
1636.0          0.039498
1637.0          0.039531
1638.0          0.039564
1639.0          0.039595
1640.0          0.039625
1641.0          0.039653
1642.0          0.039680
1643.0          0.039705
1644.0          0.039727
1645.0          0.039746
1646.0          0.039763
1647.0          0.039777
1648.0          0.039787
1649.0          0.039794
1650.0          0.039796
1400.0          0.71938
1401.0          0.72169
1402.0          0.72399
1403.0          0.72629
1404.0          0.72857
1405.0          0.73085
1406.0          0.73312
1407.0          0.73538
1408.0          0.73764
1409.0          0.73988
1410.0          0.74212
1411.0          0.74435
1412.0          0.74657
1413.0          0.74878
1414.0          0.75098
1415.0          0.75317
1416.0          0.75536
1417.0          0.75754
1418.0          0.75971
1419.0          0.76187
1420.0          0.76402
1421.0          0.76616
1422.0          0.76829
1423.0          0.77042
1424.0          0.77253
1425.0          0.77464
1426.0          0.77673
1427.0          0.77882
1428.0          0.78090
1429.0          0.78296
1430.0          0.78502
1431.0          0.78707
1432.0          0.78911
1433.0          0.79114
1434.0          0.79316
1435.0          0.79517
1436.0          0.79717
1437.0          0.79916
1438.0          0.80113
1439.0          0.80310
1440.0          0.80506
1441.0          0.80701
1442.0          0.80895
1443.0          0.81087
1444.0          0.81279
1445.0          0.81470
1446.0          0.81659
1447.0          0.81847
1448.0          0.82035
1449.0          0.82221
1450.0          0.82406
1451.0          0.82590
1452.0          0.82773
1453.0          0.82954
1454.0          0.83135
1455.0          0.83314
1456.0          0.83493
1457.0          0.83670
1458.0          0.83846
1459.0          0.84021
1460.0          0.84194
1461.0          0.84367
1462.0          0.84538
1463.0          0.84708
1464.0          0.84877
1465.0          0.85044
1466.0          0.85211
1467.0          0.85376
1468.0          0.85540
1469.0          0.85703
1470.0          0.85864
1471.0          0.86025
1472.0          0.86184
1473.0          0.86341
1474.0          0.86498
1475.0          0.86653
1476.0          0.86807
1477.0          0.86960
1478.0          0.87111
1479.0          0.87261
1480.0          0.87410
1481.0          0.87558
1482.0          0.87704
1483.0          0.87849
1484.0          0.87993
1485.0          0.88135
1486.0          0.88276
1487.0          0.88416
1488.0          0.88554
1489.0          0.88691
1490.0          0.88827
1491.0          0.88961
1492.0          0.89094
1493.0          0.89226
1494.0          0.89357
1495.0          0.89486
1496.0          0.89613
1497.0          0.89740
1498.0          0.89865
1499.0          0.89989
1500.0          0.90111
1501.0          0.90232
1502.0          0.90352
1503.0          0.90470
1504.0          0.90587
1505.0          0.90703
1506.0          0.90817
1507.0          0.90930
1508.0          0.91042
1509.0          0.91152
1510.0          0.91261
1511.0          0.91368
1512.0          0.91474
1513.0          0.91579
1514.0          0.91683
1515.0          0.91785
1516.0          0.91886
1517.0          0.91985
1518.0          0.92083
1519.0          0.92180
1520.0          0.92275
1521.0          0.92370
1522.0          0.92462
1523.0          0.92554
1524.0          0.92644
1525.0          0.92733
1526.0          0.92820
1527.0          0.92906
1528.0          0.92991
1529.0          0.93074
1530.0          0.93157
1531.0          0.93237
1532.0          0.93317
1533.0          0.93395
1534.0          0.93472
1535.0          0.93548
1536.0          0.93622
1537.0          0.93695
1538.0          0.93767
1539.0          0.93838
1540.0          0.93907
1541.0          0.93975
1542.0          0.94042
1543.0          0.94107
1544.0          0.94171
1545.0          0.94234
1546.0          0.94296
1547.0          0.94357
1548.0          0.94416
1549.0          0.94474
1550.0          0.94531
1551.0          0.94587
1552.0          0.94641
1553.0          0.94695
1554.0          0.94747
1555.0          0.94798
1556.0          0.94848
1557.0          0.94896
1558.0          0.94944
1559.0          0.94990
1560.0          0.95035
1561.0          0.95080
1562.0          0.95123
1563.0          0.95165
1564.0          0.95205
1565.0          0.95245
1566.0          0.95284
1567.0          0.95321
1568.0          0.95358
1569.0          0.95393
1570.0          0.95428
1571.0          0.95461
1572.0          0.95494
1573.0          0.95525
1574.0          0.95555
1575.0          0.95585
1576.0          0.95613
1577.0          0.95641
1578.0          0.95667
1579.0          0.95693
1580.0          0.95717
1581.0          0.95741
1582.0          0.95764
1583.0          0.95786
1584.0          0.95807
1585.0          0.95827
1586.0          0.95847
1587.0          0.95865
1588.0          0.95883
1589.0          0.95899
1590.0          0.95916
1591.0          0.95931
1592.0          0.95945
1593.0          0.95959
1594.0          0.95972
1595.0          0.95984
1596.0          0.95995
1597.0          0.96006
1598.0          0.96016
1599.0          0.96026
1600.0          0.96034
1601.0          0.96043
1602.0          0.96050
1603.0          0.96057
1604.0          0.96063
1605.0          0.96069
1606.0          0.96074
1607.0          0.96078
1608.0          0.96082
1609.0          0.96086
1610.0          0.96089
1611.0          0.96091
1612.0          0.96093
1613.0          0.96095
1614.0          0.96096
1615.0          0.96097
1616.0          0.96097
1617.0          0.96097
1618.0          0.96096
1619.0          0.96096
1620.0          0.96094
1621.0          0.96093
1622.0          0.96091
1623.0          0.96089
1624.0          0.96087
1625.0          0.96085
1626.0          0.96082
1627.0          0.96079
1628.0          0.96077
1629.0          0.96073
1630.0          0.96070
1631.0          0.96067
1632.0          0.96064
1633.0          0.96060
1634.0          0.96057
1635.0          0.96054
1636.0          0.96050
1637.0          0.96047
1638.0          0.96044
1639.0          0.96041
1640.0          0.96038
1641.0          0.96035
1642.0          0.96032
1643.0          0.96030
1644.0          0.96027
1645.0          0.96025
1646.0          0.96024
1647.0          0.96022
1648.0          0.96021
1649.0          0.96021
1650.0          0.96020
1400.0          1.0000
1401.0          1.0000
1402.0          1.0000
1403.0          1.0000
1404.0          1.0000
1405.0          1.0000
1406.0          1.0000
1407.0          1.0000
1408.0          1.0000
1409.0          1.0000
1410.0          1.0000
1411.0          1.0000
1412.0          1.0000
1413.0          1.0000
1414.0          1.0000
1415.0          1.0000
1416.0          1.0000
1417.0          1.0000
1418.0          1.0000
1419.0          1.0000
1420.0          1.0000
1421.0          1.0000
1422.0          1.0000
1423.0          1.0000
1424.0          1.0000
1425.0          1.0000
1426.0          1.0000
1427.0          1.0000
1428.0          1.0000
1429.0          1.0000
1430.0          1.0000
1431.0          1.0000
1432.0          1.0000
1433.0          1.0000
1434.0          1.0000
1435.0          1.0000
1436.0          1.0000
1437.0          1.0000
1438.0          1.0000
1439.0          1.0000
1440.0          1.0000
1441.0          1.0000
1442.0          1.0000
1443.0          1.0000
1444.0          1.0000
1445.0          1.0000
1446.0          1.0000
1447.0          1.0000
1448.0          1.0000
1449.0          1.0000
1450.0          1.0000
1451.0          1.0000
1452.0          1.0000
1453.0          1.0000
1454.0          1.0000
1455.0          1.0000
1456.0          1.0000
1457.0          1.0000
1458.0          1.0000
1459.0          1.0000
1460.0          1.0000
1461.0          1.0000
1462.0          1.0000
1463.0          1.0000
1464.0          1.0000
1465.0          1.0000
1466.0          1.0000
1467.0          1.0000
1468.0          1.0000
1469.0          1.0000
1470.0          1.0000
1471.0          1.0000
1472.0          1.0000
1473.0          1.0000
1474.0          1.0000
1475.0          1.0000
1476.0          1.0000
1477.0          1.0000
1478.0          1.0000
1479.0          1.0000
1480.0          1.0000
1481.0          1.0000
1482.0          1.0000
1483.0          1.0000
1484.0          1.0000
1485.0          1.0000
1486.0          1.0000
1487.0          1.0000
1488.0          1.0000
1489.0          1.0000
1490.0          1.0000
1491.0          1.0000
1492.0          1.0000
1493.0          1.0000
1494.0          1.0000
1495.0          1.0000
1496.0          1.0000
1497.0          1.0000
1498.0          1.0000
1499.0          1.0000
1500.0          1.0000
1501.0          1.0000
1502.0          1.0000
1503.0          1.0000
1504.0          1.0000
1505.0          1.0000
1506.0          1.0000
1507.0          1.0000
1508.0          1.0000
1509.0          1.0000
1510.0          1.0000
1511.0          1.0000
1512.0          1.0000
1513.0          1.0000
1514.0          1.0000
1515.0          1.0000
1516.0          1.0000
1517.0          1.0000
1518.0          1.0000
1519.0          1.0000
1520.0          1.0000
1521.0          1.0000
1522.0          1.0000
1523.0          1.0000
1524.0          1.0000
1525.0          1.0000
1526.0          1.0000
1527.0          1.0000
1528.0          1.0000
1529.0          1.0000
1530.0          1.0000
1531.0          1.0000
1532.0          1.0000
1533.0          1.0000
1534.0          1.0000
1535.0          1.0000
1536.0          1.0000
1537.0          1.0000
1538.0          1.0000
1539.0          1.0000
1540.0          1.0000
1541.0          1.0000
1542.0          1.0000
1543.0          1.0000
1544.0          1.0000
1545.0          1.0000
1546.0          1.0000
1547.0          1.0000
1548.0          1.0000
1549.0          1.0000
1550.0          1.0000
1551.0          1.0000
1552.0          1.0000
1553.0          1.0000
1554.0          1.0000
1555.0          1.0000
1556.0          1.0000
1557.0          1.0000
1558.0          1.0000
1559.0          1.0000
1560.0          1.0000
1561.0          1.0000
1562.0          1.0000
1563.0          1.0000
1564.0          1.0000
1565.0          1.0000
1566.0          1.0000
1567.0          1.0000
1568.0          1.0000
1569.0          1.0000
1570.0          1.0000
1571.0          1.0000
1572.0          1.0000
1573.0          1.0000
1574.0          1.0000
1575.0          1.0000
1576.0          1.0000
1577.0          1.0000
1578.0          1.0000
1579.0          1.0000
1580.0          1.0000
1581.0          1.0000
1582.0          1.0000
1583.0          1.0000
1584.0          1.0000
1585.0          1.0000
1586.0          1.0000
1587.0          1.0000
1588.0          1.0000
1589.0          1.0000
1590.0          1.0000
1591.0          1.0000
1592.0          1.0000
1593.0          1.0000
1594.0          1.0000
1595.0          1.0000
1596.0          1.0000
1597.0          1.0000
1598.0          1.0000
1599.0          1.0000
1600.0          1.0000
1601.0          1.0000
1602.0          1.0000
1603.0          1.0000
1604.0          1.0000
1605.0          1.0000
1606.0          1.0000
1607.0          1.0000
1608.0          1.0000
1609.0          1.0000
1610.0          1.0000
1611.0          1.0000
1612.0          1.0000
1613.0          1.0000
1614.0          1.0000
1615.0          1.0000
1616.0          1.0000
1617.0          1.0000
1618.0          1.0000
1619.0          1.0000
1620.0          1.0000
1621.0          1.0000
1622.0          1.0000
1623.0          1.0000
1624.0          1.0000
1625.0          1.0000
1626.0          1.0000
1627.0          1.0000
1628.0          1.0000
1629.0          1.0000
1630.0          1.0000
1631.0          1.0000
1632.0          1.0000
1633.0          1.0000
1634.0          1.0000
1635.0          1.0000
1636.0          1.0000
1637.0          1.0000
1638.0          1.0000
1639.0          1.0000
1640.0          1.0000
1641.0          1.0000
1642.0          1.0000
1643.0          1.0000
1644.0          1.0000
1645.0          1.0000
1646.0          1.0000
1647.0          1.0000
1648.0          1.0000
1649.0          1.0000
1650.0          1.0000
1400.0          -3.5527E-15
1401.0          -1.7764E-15
1402.0          -4.4409E-16
1403.0          2.2204E-16
1404.0          1.3323E-15
1405.0          1.1102E-16
1406.0          -2.6645E-15
1407.0          -8.8818E-16
1408.0          3.5527E-15
1409.0          -8.8818E-16
1410.0          6.6613E-16
1411.0          -2.2204E-15
1412.0          1.5543E-15
1413.0          -6.6613E-16
1414.0          -6.6613E-16
1415.0          2.5535E-15
1416.0          -1.3323E-15
1417.0          -2.2204E-15
1418.0          1.5543E-15
1419.0          1.3323E-15
1420.0          6.6613E-16
1421.0          4.4409E-16
1422.0          -2.2204E-15
1423.0          0.0000
1424.0          5.5511E-16
1425.0          1.1102E-15
1426.0          -2.2204E-16
1427.0          -8.8818E-16
1428.0          2.2204E-16
1429.0          -4.4409E-16
1430.0          1.6653E-15
1431.0          -3.1086E-15
1432.0          0.0000
1433.0          -2.2204E-16
1434.0          1.3323E-15
1435.0          -4.4409E-16
1436.0          2.2204E-16
1437.0          8.8818E-16
1438.0          7.7716E-16
1439.0          2.1094E-15
1440.0          0.0000
1441.0          1.4433E-15
1442.0          -1.5543E-15
1443.0          -3.1086E-15
1444.0          -2.2204E-16
1445.0          -1.9984E-15
1446.0          1.3323E-15
1447.0          -2.8866E-15
1448.0          1.3323E-15
1449.0          -1.7764E-15
1450.0          7.7716E-16
1451.0          -1.1102E-15
1452.0          4.4409E-16
1453.0          -1.9984E-15
1454.0          -2.4425E-15
1455.0          -1.5543E-15
1456.0          -1.1102E-15
1457.0          -3.3307E-15
1458.0          5.5511E-16
1459.0          -2.8866E-15
1460.0          -1.1102E-15
1461.0          -8.8818E-16
1462.0          0.0000
1463.0          -4.4409E-16
1464.0          4.4409E-16
1465.0          2.5535E-15
1466.0          1.1102E-15
1467.0          -2.2204E-16
1468.0          -1.9984E-15
1469.0          6.6613E-16
1470.0          -2.4425E-15
1471.0          9.9920E-16
1472.0          -8.8818E-16
1473.0          5.5511E-16
1474.0          -1.5543E-15
1475.0          8.8818E-16
1476.0          2.9976E-15
1477.0          8.8818E-16
1478.0          1.9984E-15
1479.0          -1.5543E-15
1480.0          -1.3323E-15
1481.0          6.6613E-16
1482.0          1.8874E-15
1483.0          3.3307E-16
1484.0          -2.2204E-16
1485.0          1.6653E-15
1486.0          -6.6613E-16
1487.0          1.1102E-15
1488.0          -1.3323E-15
1489.0          2.7756E-15
1490.0          -2.2204E-16
1491.0          -1.1102E-15
1492.0          4.4409E-16
1493.0          -2.2204E-16
1494.0          0.0000
1495.0          -1.3323E-15
1496.0          -2.4425E-15
1497.0          -8.8818E-16
1498.0          -1.1102E-15
1499.0          -1.9984E-15
1500.0          -4.4409E-16
1501.0          -8.8818E-16
1502.0          3.3307E-15
1503.0          0.0000
1504.0          -2.4425E-15
1505.0          4.4409E-16
1506.0          1.2212E-15
1507.0          2.8866E-15
1508.0          1.6653E-15
1509.0          0.0000
1510.0          8.8818E-16
1511.0          6.6613E-16
1512.0          4.4409E-16
1513.0          -6.6613E-16
1514.0          2.4425E-15
1515.0          5.5511E-16
1516.0          1.9984E-15
1517.0          -2.2204E-15
1518.0          -4.4409E-16
1519.0          7.7716E-16
1520.0          1.1102E-15
1521.0          4.4409E-16
1522.0          2.2204E-16
1523.0          1.8874E-15
1524.0          -1.3323E-15
1525.0          -1.1102E-15
1526.0          4.4409E-16
1527.0          2.8866E-15
1528.0          -1.5543E-15
1529.0          -2.8866E-15
1530.0          7.7716E-16
1531.0          3.8858E-15
1532.0          2.2204E-16
1533.0          8.8818E-16
1534.0          7.5495E-15
1535.0          1.8874E-15
1536.0          1.8874E-15
1537.0          -1.1102E-15
1538.0          -2.6645E-15
1539.0          1.7764E-15
1540.0          4.4409E-16
1541.0          1.1102E-15
1542.0          -2.4425E-15
1543.0          0.0000
1544.0          4.2188E-15
1545.0          1.9984E-15
1546.0          -4.4409E-16
1547.0          -6.6613E-16
1548.0          4.4409E-16
1549.0          3.3307E-16
1550.0          1.1102E-15
1551.0          1.2212E-15
1552.0          -4.4409E-16
1553.0          1.6653E-15
1554.0          2.5535E-15
1555.0          1.1102E-16
1556.0          5.5511E-16
1557.0          -2.8866E-15
1558.0          -1.5543E-15
1559.0          -2.2204E-16
1560.0          -4.4409E-16
1561.0          -2.2204E-15
1562.0          2.9976E-15
1563.0          1.2212E-15
1564.0          2.2204E-15
1565.0          -4.4409E-16
1566.0          -2.6645E-15
1567.0          -2.2204E-16
1568.0          0.0000
1569.0          0.0000
1570.0          1.4433E-15
1571.0          -1.5543E-15
1572.0          -1.7764E-15
1573.0          2.5535E-15
1574.0          -4.8850E-15
1575.0          -2.2204E-16
1576.0          1.5543E-15
1577.0          1.5543E-15
1578.0          -2.6645E-15
1579.0          -2.6645E-15
1580.0          2.2204E-16
1581.0          3.6637E-15
1582.0          -1.1102E-15
1583.0          -1.1102E-15
1584.0          -1.5543E-15
1585.0          -6.6613E-16
1586.0          -4.2188E-15
1587.0          1.2212E-15
1588.0          1.9984E-15
1589.0          0.0000
1590.0          1.1102E-16
1591.0          5.5511E-16
1592.0          -4.4409E-16
1593.0          -1.7764E-15
1594.0          0.0000
1595.0          2.2204E-16
1596.0          -4.4409E-16
1597.0          -6.6613E-16
1598.0          3.3307E-16
1599.0          -2.2204E-16
1600.0          -1.9984E-15
1601.0          -1.7764E-15
1602.0          -2.2204E-16
1603.0          0.0000
1604.0          4.4409E-16
1605.0          3.1086E-15
1606.0          -6.6613E-16
1607.0          -6.6613E-16
1608.0          -1.5543E-15
1609.0          -2.8866E-15
1610.0          0.0000
1611.0          3.1086E-15
1612.0          1.8874E-15
1613.0          -6.6613E-16
1614.0          5.5511E-16
1615.0          -1.1102E-15
1616.0          -2.2204E-16
1617.0          -8.8818E-16
1618.0          -1.9984E-15
1619.0          -2.2204E-16
1620.0          1.3323E-15
1621.0          2.2204E-15
1622.0          -1.7764E-15
1623.0          3.3307E-16
1624.0          -3.7748E-15
1625.0          -3.1086E-15
1626.0          -1.1102E-15
1627.0          -1.3323E-15
1628.0          -3.1086E-15
1629.0          -6.6613E-16
1630.0          -6.6613E-16
1631.0          1.1102E-16
1632.0          -6.6613E-16
1633.0          3.3307E-16
1634.0          -1.9984E-15
1635.0          8.8818E-16
1636.0          -8.8818E-16
1637.0          -1.1102E-15
1638.0          7.7716E-16
1639.0          -8.8818E-16
1640.0          -6.6613E-16
1641.0          1.2212E-15
1642.0          3.3307E-16
1643.0          2.2204E-16
1644.0          -2.8866E-15
1645.0          -1.9984E-15
1646.0          3.3307E-16
1647.0          2.3315E-15
1648.0          2.2204E-15
1649.0          3.1086E-15
1650.0          -2.2204E-16
