1400.0          0.99530
1401.0          0.99468
1402.0          0.99405
1403.0          0.99341
1404.0          0.99276
1405.0          0.99210
1406.0          0.99143
1407.0          0.99075
1408.0          0.99006
1409.0          0.98937
1410.0          0.98866
1411.0          0.98794
1412.0          0.98722
1413.0          0.98648
1414.0          0.98573
1415.0          0.98497
1416.0          0.98420
1417.0          0.98341
1418.0          0.98261
1419.0          0.98179
1420.0          0.98095
1421.0          0.98009
1422.0          0.97921
1423.0          0.97831
1424.0          0.97738
1425.0          0.97642
1426.0          0.97543
1427.0          0.97440
1428.0          0.97333
1429.0          0.97221
1430.0          0.97104
1431.0          0.96981
1432.0          0.96851
1433.0          0.96713
1434.0          0.96565
1435.0          0.96405
1436.0          0.96233
1437.0          0.96043
1438.0          0.95833
1439.0          0.95598
1440.0          0.95331
1441.0          0.95022
1442.0          0.94658
1443.0          0.94218
1444.0          0.93671
1445.0          0.92969
1446.0          0.92025
1447.0          0.90691
1448.0          0.88682
1449.0          0.85467
1450.0          0.80447
1451.0          0.77062
1452.0          0.87193
1453.0          0.96859
1454.0          0.99591
1455.0          1.0000
1456.0          0.99818
1457.0          0.99501
1458.0          0.99173
1459.0          0.98867
1460.0          0.98588
1461.0          0.98336
1462.0          0.98107
1463.0          0.97898
1464.0          0.97705
1465.0          0.97526
1466.0          0.97357
1467.0          0.97199
1468.0          0.97049
1469.0          0.96905
1470.0          0.96767
1471.0          0.96634
1472.0          0.96505
1473.0          0.96380
1474.0          0.96258
1475.0          0.96139
1476.0          0.96022
1477.0          0.95906
1478.0          0.95793
1479.0          0.95680
1480.0          0.95569
1481.0          0.95458
1482.0          0.95348
1483.0          0.95239
1484.0          0.95130
1485.0          0.95020
1486.0          0.94911
1487.0          0.94801
1488.0          0.94690
1489.0          0.94578
1490.0          0.94465
1491.0          0.94350
1492.0          0.94233
1493.0          0.94113
1494.0          0.93990
1495.0          0.93861
1496.0          0.93727
1497.0          0.93584
1498.0          0.93429
1499.0          0.93258
1500.0          0.93063
1501.0          0.92828
1502.0          0.92525
1503.0          0.92087
1504.0          0.91320
1505.0          0.89338
1506.0          0.78274
1507.0          0.97140
1508.0          0.95082
1509.0          0.94288
1510.0          0.93839
1511.0          0.93529
1512.0          0.93289
1513.0          0.93090
1514.0          0.92915
1515.0          0.92756
1516.0          0.92609
1517.0          0.92470
1518.0          0.92337
1519.0          0.92209
1520.0          0.92084
1521.0          0.91962
1522.0          0.91841
1523.0          0.91723
1524.0          0.91606
1525.0          0.91490
1526.0          0.91374
1527.0          0.91259
1528.0          0.91145
1529.0          0.91031
1530.0          0.90917
1531.0          0.90804
1532.0          0.90690
1533.0          0.90576
1534.0          0.90463
1535.0          0.90349
1536.0          0.90234
1537.0          0.90120
1538.0          0.90005
1539.0          0.89890
1540.0          0.89775
1541.0          0.89659
1542.0          0.89543
1543.0          0.89426
1544.0          0.89309
1545.0          0.89192
1546.0          0.89074
1547.0          0.88955
1548.0          0.88836
1549.0          0.88716
1550.0          0.88596
1551.0          0.88475
1552.0          0.88353
1553.0          0.88231
1554.0          0.88108
1555.0          0.87985
1556.0          0.87860
1557.0          0.87735
1558.0          0.87610
1559.0          0.87483
1560.0          0.87356
1561.0          0.87228
1562.0          0.87099
1563.0          0.86969
1564.0          0.86839
1565.0          0.86707
1566.0          0.86575
1567.0          0.86442
1568.0          0.86307
1569.0          0.86172
1570.0          0.86036
1571.0          0.85899
1572.0          0.85761
1573.0          0.85622
1574.0          0.85481
1575.0          0.85340
1576.0          0.85198
1577.0          0.85054
1578.0          0.84910
1579.0          0.84764
1580.0          0.84617
1581.0          0.84468
1582.0          0.84319
1583.0          0.84168
1584.0          0.84016
1585.0          0.83862
1586.0          0.83708
1587.0          0.83551
1588.0          0.83394
1589.0          0.83234
1590.0          0.83074
1591.0          0.82912
1592.0          0.82748
1593.0          0.82582
1594.0          0.82415
1595.0          0.82247
1596.0          0.82076
1597.0          0.81904
1598.0          0.81730
1599.0          0.81554
1600.0          0.81376
1601.0          0.81197
1602.0          0.81015
1603.0          0.80831
1604.0          0.80645
1605.0          0.80457
1606.0          0.80267
1607.0          0.80074
1608.0          0.79880
1609.0          0.79682
1610.0          0.79483
1611.0          0.79281
1612.0          0.79076
1613.0          0.78868
1614.0          0.78658
1615.0          0.78445
1616.0          0.78229
1617.0          0.78011
1618.0          0.77789
1619.0          0.77564
1620.0          0.77336
1621.0          0.77104
1622.0          0.76869
1623.0          0.76631
1624.0          0.76389
1625.0          0.76143
1626.0          0.75893
1627.0          0.75639
1628.0          0.75382
1629.0          0.75120
1630.0          0.74853
1631.0          0.74583
1632.0          0.74307
1633.0          0.74027
1634.0          0.73742
1635.0          0.73452
1636.0          0.73156
1637.0          0.72855
1638.0          0.72548
1639.0          0.72236
1640.0          0.71917
1641.0          0.71593
1642.0          0.71261
1643.0          0.70924
1644.0          0.70579
1645.0          0.70227
1646.0          0.69867
1647.0          0.69500
1648.0          0.69125
1649.0          0.68741
1650.0          0.68349
1400.0          0.0047019
1401.0          0.0053195
1402.0          0.0059494
1403.0          0.0065904
1404.0          0.0072414
1405.0          0.0079020
1406.0          0.0085717
1407.0          0.0092503
1408.0          0.0099378
1409.0          0.010634
1410.0          0.011340
1411.0          0.012056
1412.0          0.012782
1413.0          0.013519
1414.0          0.014267
1415.0          0.015027
1416.0          0.015801
1417.0          0.016588
1418.0          0.017391
1419.0          0.018211
1420.0          0.019049
1421.0          0.019907
1422.0          0.020787
1423.0          0.021690
1424.0          0.022621
1425.0          0.023580
1426.0          0.024572
1427.0          0.025601
1428.0          0.026672
1429.0          0.027789
1430.0          0.028959
1431.0          0.030190
1432.0          0.031491
1433.0          0.032874
1434.0          0.034353
1435.0          0.035946
1436.0          0.037674
1437.0          0.039568
1438.0          0.041665
1439.0          0.044016
1440.0          0.046688
1441.0          0.049777
1442.0          0.053421
1443.0          0.057820
1444.0          0.063286
1445.0          0.070315
1446.0          0.079749
1447.0          0.093093
1448.0          0.11318
1449.0          0.14533
1450.0          0.19553
1451.0          0.22938
1452.0          0.12807
1453.0          0.031409
1454.0          0.0040931
1455.0          2.5100E-6
1456.0          0.0018205
1457.0          0.0049865
1458.0          0.0082668
1459.0          0.011332
1460.0          0.014118
1461.0          0.016638
1462.0          0.018927
1463.0          0.021020
1464.0          0.022951
1465.0          0.024745
1466.0          0.026425
1467.0          0.028010
1468.0          0.029514
1469.0          0.030951
1470.0          0.032329
1471.0          0.033658
1472.0          0.034946
1473.0          0.036197
1474.0          0.037417
1475.0          0.038612
1476.0          0.039783
1477.0          0.040936
1478.0          0.042074
1479.0          0.043198
1480.0          0.044311
1481.0          0.045416
1482.0          0.046515
1483.0          0.047610
1484.0          0.048703
1485.0          0.049797
1486.0          0.050892
1487.0          0.051993
1488.0          0.053100
1489.0          0.054218
1490.0          0.055349
1491.0          0.056498
1492.0          0.057669
1493.0          0.058868
1494.0          0.060104
1495.0          0.061388
1496.0          0.062734
1497.0          0.064163
1498.0          0.065708
1499.0          0.067418
1500.0          0.069374
1501.0          0.071722
1502.0          0.074753
1503.0          0.079132
1504.0          0.086799
1505.0          0.10662
1506.0          0.21726
1507.0          0.028598
1508.0          0.049184
1509.0          0.057119
1510.0          0.061612
1511.0          0.064709
1512.0          0.067106
1513.0          0.069104
1514.0          0.070854
1515.0          0.072439
1516.0          0.073911
1517.0          0.075301
1518.0          0.076630
1519.0          0.077914
1520.0          0.079163
1521.0          0.080385
1522.0          0.081586
1523.0          0.082771
1524.0          0.083942
1525.0          0.085104
1526.0          0.086257
1527.0          0.087405
1528.0          0.088548
1529.0          0.089688
1530.0          0.090826
1531.0          0.091963
1532.0          0.093100
1533.0          0.094237
1534.0          0.095375
1535.0          0.096514
1536.0          0.097656
1537.0          0.098800
1538.0          0.099947
1539.0          0.10110
1540.0          0.10225
1541.0          0.10341
1542.0          0.10457
1543.0          0.10574
1544.0          0.10691
1545.0          0.10808
1546.0          0.10926
1547.0          0.11045
1548.0          0.11164
1549.0          0.11284
1550.0          0.11404
1551.0          0.11525
1552.0          0.11647
1553.0          0.11769
1554.0          0.11892
1555.0          0.12015
1556.0          0.12140
1557.0          0.12265
1558.0          0.12390
1559.0          0.12517
1560.0          0.12644
1561.0          0.12772
1562.0          0.12901
1563.0          0.13031
1564.0          0.13161
1565.0          0.13293
1566.0          0.13425
1567.0          0.13558
1568.0          0.13693
1569.0          0.13828
1570.0          0.13964
1571.0          0.14101
1572.0          0.14239
1573.0          0.14378
1574.0          0.14519
1575.0          0.14660
1576.0          0.14802
1577.0          0.14946
1578.0          0.15090
1579.0          0.15236
1580.0          0.15383
1581.0          0.15532
1582.0          0.15681
1583.0          0.15832
1584.0          0.15984
1585.0          0.16138
1586.0          0.16292
1587.0          0.16449
1588.0          0.16606
1589.0          0.16766
1590.0          0.16926
1591.0          0.17088
1592.0          0.17252
1593.0          0.17418
1594.0          0.17585
1595.0          0.17753
1596.0          0.17924
1597.0          0.18096
1598.0          0.18270
1599.0          0.18446
1600.0          0.18624
1601.0          0.18803
1602.0          0.18985
1603.0          0.19169
1604.0          0.19355
1605.0          0.19543
1606.0          0.19733
1607.0          0.19926
1608.0          0.20120
1609.0          0.20318
1610.0          0.20517
1611.0          0.20719
1612.0          0.20924
1613.0          0.21132
1614.0          0.21342
1615.0          0.21555
1616.0          0.21771
1617.0          0.21989
1618.0          0.22211
1619.0          0.22436
1620.0          0.22664
1621.0          0.22896
1622.0          0.23131
1623.0          0.23369
1624.0          0.23611
1625.0          0.23857
1626.0          0.24107
1627.0          0.24361
1628.0          0.24618
1629.0          0.24880
1630.0          0.25147
1631.0          0.25417
1632.0          0.25693
1633.0          0.25973
1634.0          0.26258
1635.0          0.26548
1636.0          0.26844
1637.0          0.27145
1638.0          0.27452
1639.0          0.27764
1640.0          0.28083
1641.0          0.28407
1642.0          0.28739
1643.0          0.29076
1644.0          0.29421
1645.0          0.29773
1646.0          0.30133
1647.0          0.30500
1648.0          0.30875
1649.0          0.31259
1650.0          0.31651
1400.0          1.0000
1401.0          1.0000
1402.0          1.0000
1403.0          1.0000
1404.0          1.0000
1405.0          1.0000
1406.0          1.0000
1407.0          1.0000
1408.0          1.0000
1409.0          1.0000
1410.0          1.0000
1411.0          1.0000
1412.0          1.0000
1413.0          1.0000
1414.0          1.0000
1415.0          1.0000
1416.0          1.0000
1417.0          1.0000
1418.0          1.0000
1419.0          1.0000
1420.0          1.0000
1421.0          1.0000
1422.0          1.0000
1423.0          1.0000
1424.0          1.0000
1425.0          1.0000
1426.0          1.0000
1427.0          1.0000
1428.0          1.0000
1429.0          1.0000
1430.0          1.0000
1431.0          1.0000
1432.0          1.0000
1433.0          1.0000
1434.0          1.0000
1435.0          1.0000
1436.0          1.0000
1437.0          1.0000
1438.0          1.0000
1439.0          1.0000
1440.0          1.0000
1441.0          1.0000
1442.0          1.0000
1443.0          1.0000
1444.0          1.0000
1445.0          1.0000
1446.0          1.0000
1447.0          1.0000
1448.0          1.0000
1449.0          1.0000
1450.0          1.0000
1451.0          1.0000
1452.0          1.0000
1453.0          1.0000
1454.0          1.0000
1455.0          1.0000
1456.0          1.0000
1457.0          1.0000
1458.0          1.0000
1459.0          1.0000
1460.0          1.0000
1461.0          1.0000
1462.0          1.0000
1463.0          1.0000
1464.0          1.0000
1465.0          1.0000
1466.0          1.0000
1467.0          1.0000
1468.0          1.0000
1469.0          1.0000
1470.0          1.0000
1471.0          1.0000
1472.0          1.0000
1473.0          1.0000
1474.0          1.0000
1475.0          1.0000
1476.0          1.0000
1477.0          1.0000
1478.0          1.0000
1479.0          1.0000
1480.0          1.0000
1481.0          1.0000
1482.0          1.0000
1483.0          1.0000
1484.0          1.0000
1485.0          1.0000
1486.0          1.0000
1487.0          1.0000
1488.0          1.0000
1489.0          1.0000
1490.0          1.0000
1491.0          1.0000
1492.0          1.0000
1493.0          1.0000
1494.0          1.0000
1495.0          1.0000
1496.0          1.0000
1497.0          1.0000
1498.0          1.0000
1499.0          1.0000
1500.0          1.0000
1501.0          1.0000
1502.0          1.0000
1503.0          1.0000
1504.0          1.0000
1505.0          1.0000
1506.0          1.0000
1507.0          1.0000
1508.0          1.0000
1509.0          1.0000
1510.0          1.0000
1511.0          1.0000
1512.0          1.0000
1513.0          1.0000
1514.0          1.0000
1515.0          1.0000
1516.0          1.0000
1517.0          1.0000
1518.0          1.0000
1519.0          1.0000
1520.0          1.0000
1521.0          1.0000
1522.0          1.0000
1523.0          1.0000
1524.0          1.0000
1525.0          1.0000
1526.0          1.0000
1527.0          1.0000
1528.0          1.0000
1529.0          1.0000
1530.0          1.0000
1531.0          1.0000
1532.0          1.0000
1533.0          1.0000
1534.0          1.0000
1535.0          1.0000
1536.0          1.0000
1537.0          1.0000
1538.0          1.0000
1539.0          1.0000
1540.0          1.0000
1541.0          1.0000
1542.0          1.0000
1543.0          1.0000
1544.0          1.0000
1545.0          1.0000
1546.0          1.0000
1547.0          1.0000
1548.0          1.0000
1549.0          1.0000
1550.0          1.0000
1551.0          1.0000
1552.0          1.0000
1553.0          1.0000
1554.0          1.0000
1555.0          1.0000
1556.0          1.0000
1557.0          1.0000
1558.0          1.0000
1559.0          1.0000
1560.0          1.0000
1561.0          1.0000
1562.0          1.0000
1563.0          1.0000
1564.0          1.0000
1565.0          1.0000
1566.0          1.0000
1567.0          1.0000
1568.0          1.0000
1569.0          1.0000
1570.0          1.0000
1571.0          1.0000
1572.0          1.0000
1573.0          1.0000
1574.0          1.0000
1575.0          1.0000
1576.0          1.0000
1577.0          1.0000
1578.0          1.0000
1579.0          1.0000
1580.0          1.0000
1581.0          1.0000
1582.0          1.0000
1583.0          1.0000
1584.0          1.0000
1585.0          1.0000
1586.0          1.0000
1587.0          1.0000
1588.0          1.0000
1589.0          1.0000
1590.0          1.0000
1591.0          1.0000
1592.0          1.0000
1593.0          1.0000
1594.0          1.0000
1595.0          1.0000
1596.0          1.0000
1597.0          1.0000
1598.0          1.0000
1599.0          1.0000
1600.0          1.0000
1601.0          1.0000
1602.0          1.0000
1603.0          1.0000
1604.0          1.0000
1605.0          1.0000
1606.0          1.0000
1607.0          1.0000
1608.0          1.0000
1609.0          1.0000
1610.0          1.0000
1611.0          1.0000
1612.0          1.0000
1613.0          1.0000
1614.0          1.0000
1615.0          1.0000
1616.0          1.0000
1617.0          1.0000
1618.0          1.0000
1619.0          1.0000
1620.0          1.0000
1621.0          1.0000
1622.0          1.0000
1623.0          1.0000
1624.0          1.0000
1625.0          1.0000
1626.0          1.0000
1627.0          1.0000
1628.0          1.0000
1629.0          1.0000
1630.0          1.0000
1631.0          1.0000
1632.0          1.0000
1633.0          1.0000
1634.0          1.0000
1635.0          1.0000
1636.0          1.0000
1637.0          1.0000
1638.0          1.0000
1639.0          1.0000
1640.0          1.0000
1641.0          1.0000
1642.0          1.0000
1643.0          1.0000
1644.0          1.0000
1645.0          1.0000
1646.0          1.0000
1647.0          1.0000
1648.0          1.0000
1649.0          1.0000
1650.0          1.0000
1400.0          1.2212E-15
1401.0          -8.8818E-16
1402.0          -1.9984E-15
1403.0          1.2212E-15
1404.0          8.8818E-16
1405.0          -8.8818E-16
1406.0          2.8866E-15
1407.0          -8.8818E-16
1408.0          -3.7748E-15
1409.0          3.8858E-15
1410.0          -1.5543E-15
1411.0          1.1102E-16
1412.0          -1.9984E-15
1413.0          -3.5527E-15
1414.0          1.7764E-15
1415.0          6.6613E-16
1416.0          -1.3323E-15
1417.0          3.3307E-15
1418.0          -5.7732E-15
1419.0          -1.5543E-15
1420.0          7.7716E-16
1421.0          1.6653E-15
1422.0          -1.7764E-15
1423.0          -3.9968E-15
1424.0          -6.6613E-16
1425.0          2.4425E-15
1426.0          1.8874E-15
1427.0          -1.3323E-15
1428.0          3.4417E-15
1429.0          -1.9984E-15
1430.0          -1.3323E-15
1431.0          0.0000
1432.0          2.4425E-15
1433.0          -6.6613E-16
1434.0          1.2212E-15
1435.0          -3.9968E-15
1436.0          -8.8818E-16
1437.0          2.6645E-15
1438.0          1.3323E-15
1439.0          2.2204E-15
1440.0          -2.2204E-15
1441.0          -3.3307E-15
1442.0          8.8818E-16
1443.0          -1.3323E-15
1444.0          -1.1102E-15
1445.0          -4.2188E-15
1446.0          -7.1054E-15
1447.0          8.8818E-16
1448.0          1.2101E-14
1449.0          2.6645E-15
1450.0          -2.3093E-14
1451.0          -1.4655E-14
1452.0          8.7708E-15
1453.0          -2.2649E-14
1454.0          2.8533E-14
1455.0          -1.3101E-14
1456.0          4.2188E-15
1457.0          -1.7764E-15
1458.0          -8.4377E-15
1459.0          7.9936E-15
1460.0          -6.2172E-15
1461.0          -4.4409E-16
1462.0          -1.1102E-15
1463.0          -3.7748E-15
1464.0          -1.7764E-15
1465.0          -1.1102E-15
1466.0          -8.8818E-16
1467.0          1.5543E-15
1468.0          1.5543E-15
1469.0          -6.6613E-16
1470.0          6.6613E-15
1471.0          -2.6645E-15
1472.0          1.3323E-15
1473.0          -2.4425E-15
1474.0          5.5511E-15
1475.0          1.6653E-15
1476.0          -8.8818E-16
1477.0          -1.7764E-15
1478.0          -4.4409E-16
1479.0          1.9984E-15
1480.0          2.8866E-15
1481.0          1.3323E-15
1482.0          5.5511E-16
1483.0          -2.6645E-15
1484.0          1.6653E-15
1485.0          0.0000
1486.0          -3.5527E-15
1487.0          -6.6613E-16
1488.0          1.9984E-15
1489.0          -2.8866E-15
1490.0          -2.4425E-15
1491.0          1.8874E-15
1492.0          4.2188E-15
1493.0          -1.9984E-15
1494.0          -2.2204E-16
1495.0          1.1102E-16
1496.0          1.2212E-15
1497.0          1.3323E-15
1498.0          -1.3323E-15
1499.0          -2.4425E-15
1500.0          -3.7748E-15
1501.0          -4.4409E-16
1502.0          -2.6645E-15
1503.0          1.9984E-15
1504.0          -9.1038E-15
1505.0          7.5384E-14
1506.0          -1.5210E-13
1507.0          -7.3275E-15
1508.0          1.1324E-14
1509.0          8.3267E-15
1510.0          9.9920E-16
1511.0          8.8818E-16
1512.0          -4.4409E-16
1513.0          -2.2204E-15
1514.0          -4.4409E-16
1515.0          5.3291E-15
1516.0          2.1094E-15
1517.0          4.4409E-16
1518.0          -8.8818E-16
1519.0          -2.2204E-15
1520.0          2.2204E-15
1521.0          1.8874E-15
1522.0          -3.3307E-15
1523.0          -4.4409E-16
1524.0          -3.1086E-15
1525.0          -1.9984E-15
1526.0          1.8874E-15
1527.0          -2.8866E-15
1528.0          2.1094E-15
1529.0          -8.8818E-16
1530.0          -4.4409E-16
1531.0          2.5535E-15
1532.0          3.5527E-15
1533.0          -1.1102E-15
1534.0          -8.8818E-16
1535.0          -2.2204E-15
1536.0          2.2204E-15
1537.0          3.4417E-15
1538.0          2.2204E-16
1539.0          1.9984E-15
1540.0          -1.3323E-15
1541.0          -3.9968E-15
1542.0          2.2204E-16
1543.0          5.7732E-15
1544.0          -7.7716E-15
1545.0          2.2204E-16
1546.0          3.3307E-16
1547.0          -6.6613E-16
1548.0          5.4401E-15
1549.0          1.2212E-15
1550.0          1.1102E-16
1551.0          3.3307E-15
1552.0          2.4425E-15
1553.0          -3.9968E-15
1554.0          -1.7764E-15
1555.0          5.5511E-16
1556.0          -1.9984E-15
1557.0          -4.4409E-16
1558.0          -1.7764E-15
1559.0          8.8818E-16
1560.0          1.9984E-15
1561.0          -2.2204E-15
1562.0          2.5535E-15
1563.0          3.7748E-15
1564.0          2.8866E-15
1565.0          -5.7732E-15
1566.0          1.3323E-15
1567.0          2.6645E-15
1568.0          -3.3307E-15
1569.0          2.8866E-15
1570.0          -1.1102E-15
1571.0          6.6613E-16
1572.0          0.0000
1573.0          4.2188E-15
1574.0          1.4433E-15
1575.0          -3.1086E-15
1576.0          -1.5543E-15
1577.0          -4.4409E-15
1578.0          -8.8818E-16
1579.0          0.0000
1580.0          4.4409E-16
1581.0          -6.6613E-16
1582.0          1.9984E-15
1583.0          1.3323E-15
1584.0          0.0000
1585.0          -1.3323E-15
1586.0          2.6645E-15
1587.0          3.4417E-15
1588.0          0.0000
1589.0          3.1086E-15
1590.0          -3.1086E-15
1591.0          -6.6613E-16
1592.0          -2.8866E-15
1593.0          -1.5543E-15
1594.0          -1.1102E-15
1595.0          1.9984E-15
1596.0          -1.9984E-15
1597.0          -2.4425E-15
1598.0          -1.3323E-15
1599.0          -8.8818E-16
1600.0          -1.1102E-15
1601.0          -2.6645E-15
1602.0          2.6645E-15
1603.0          3.2196E-15
1604.0          1.1102E-16
1605.0          1.7764E-15
1606.0          7.7716E-16
1607.0          2.5535E-15
1608.0          3.1086E-15
1609.0          1.3323E-15
1610.0          -1.7764E-15
1611.0          1.6653E-15
1612.0          3.8858E-15
1613.0          6.6613E-16
1614.0          -1.1102E-15
1615.0          3.3307E-16
1616.0          -2.4425E-15
1617.0          -1.7764E-15
1618.0          3.1086E-15
1619.0          -2.6645E-15
1620.0          1.5543E-15
1621.0          3.7748E-15
1622.0          -3.5527E-15
1623.0          -2.8866E-15
1624.0          -8.8818E-16
1625.0          8.8818E-16
1626.0          2.2204E-15
1627.0          1.1102E-15
1628.0          -1.5543E-15
1629.0          0.0000
1630.0          -1.3323E-15
1631.0          -3.3307E-15
1632.0          -3.1086E-15
1633.0          3.9968E-15
1634.0          3.9968E-15
1635.0          -1.9984E-15
1636.0          1.1102E-15
1637.0          2.6645E-15
1638.0          -1.1102E-15
1639.0          0.0000
1640.0          1.5543E-15
1641.0          -2.6645E-15
1642.0          -1.3323E-15
1643.0          6.6613E-16
1644.0          1.4433E-15
1645.0          -8.8818E-16
1646.0          0.0000
1647.0          1.5543E-15
1648.0          -1.9984E-15
1649.0          3.3307E-15
1650.0          2.3315E-15
