1400.0          0.97906
1401.0          0.97639
1402.0          0.97378
1403.0          0.97126
1404.0          0.96881
1405.0          0.96644
1406.0          0.96414
1407.0          0.96192
1408.0          0.95977
1409.0          0.95769
1410.0          0.95567
1411.0          0.95372
1412.0          0.95183
1413.0          0.95000
1414.0          0.94822
1415.0          0.94650
1416.0          0.94483
1417.0          0.94321
1418.0          0.94164
1419.0          0.94011
1420.0          0.93862
1421.0          0.93717
1422.0          0.93576
1423.0          0.93439
1424.0          0.93305
1425.0          0.93175
1426.0          0.93048
1427.0          0.92924
1428.0          0.92803
1429.0          0.92685
1430.0          0.92569
1431.0          0.92456
1432.0          0.92345
1433.0          0.92237
1434.0          0.92131
1435.0          0.92027
1436.0          0.91926
1437.0          0.91826
1438.0          0.91728
1439.0          0.91632
1440.0          0.91538
1441.0          0.91445
1442.0          0.91354
1443.0          0.91264
1444.0          0.91176
1445.0          0.91090
1446.0          0.91004
1447.0          0.90920
1448.0          0.90837
1449.0          0.90756
1450.0          0.90675
1451.0          0.90596
1452.0          0.90517
1453.0          0.90440
1454.0          0.90363
1455.0          0.90288
1456.0          0.90213
1457.0          0.90139
1458.0          0.90066
1459.0          0.89994
1460.0          0.89922
1461.0          0.89851
1462.0          0.89781
1463.0          0.89711
1464.0          0.89642
1465.0          0.89574
1466.0          0.89506
1467.0          0.89439
1468.0          0.89372
1469.0          0.89306
1470.0          0.89240
1471.0          0.89174
1472.0          0.89109
1473.0          0.89045
1474.0          0.88981
1475.0          0.88917
1476.0          0.88853
1477.0          0.88790
1478.0          0.88728
1479.0          0.88665
1480.0          0.88603
1481.0          0.88541
1482.0          0.88479
1483.0          0.88418
1484.0          0.88357
1485.0          0.88296
1486.0          0.88235
1487.0          0.88175
1488.0          0.88114
1489.0          0.88054
1490.0          0.87994
1491.0          0.87934
1492.0          0.87875
1493.0          0.87815
1494.0          0.87756
1495.0          0.87697
1496.0          0.87637
1497.0          0.87578
1498.0          0.87520
1499.0          0.87461
1500.0          0.87402
1501.0          0.87343
1502.0          0.87285
1503.0          0.87226
1504.0          0.87168
1505.0          0.87109
1506.0          0.87051
1507.0          0.86993
1508.0          0.86934
1509.0          0.86876
1510.0          0.86818
1511.0          0.86760
1512.0          0.86702
1513.0          0.86644
1514.0          0.86586
1515.0          0.86527
1516.0          0.86469
1517.0          0.86411
1518.0          0.86353
1519.0          0.86295
1520.0          0.86237
1521.0          0.86179
1522.0          0.86121
1523.0          0.86063
1524.0          0.86005
1525.0          0.85946
1526.0          0.85888
1527.0          0.85830
1528.0          0.85772
1529.0          0.85714
1530.0          0.85655
1531.0          0.85597
1532.0          0.85539
1533.0          0.85480
1534.0          0.85422
1535.0          0.85363
1536.0          0.85305
1537.0          0.85246
1538.0          0.85188
1539.0          0.85129
1540.0          0.85070
1541.0          0.85012
1542.0          0.84953
1543.0          0.84894
1544.0          0.84835
1545.0          0.84776
1546.0          0.84717
1547.0          0.84658
1548.0          0.84599
1549.0          0.84540
1550.0          0.84481
1551.0          0.84422
1552.0          0.84362
1553.0          0.84303
1554.0          0.84243
1555.0          0.84184
1556.0          0.84124
1557.0          0.84065
1558.0          0.84005
1559.0          0.83945
1560.0          0.83886
1561.0          0.83826
1562.0          0.83766
1563.0          0.83706
1564.0          0.83646
1565.0          0.83586
1566.0          0.83526
1567.0          0.83465
1568.0          0.83405
1569.0          0.83345
1570.0          0.83284
1571.0          0.83224
1572.0          0.83164
1573.0          0.83103
1574.0          0.83042
1575.0          0.82982
1576.0          0.82921
1577.0          0.82860
1578.0          0.82799
1579.0          0.82738
1580.0          0.82677
1581.0          0.82616
1582.0          0.82555
1583.0          0.82494
1584.0          0.82433
1585.0          0.82371
1586.0          0.82310
1587.0          0.82249
1588.0          0.82187
1589.0          0.82126
1590.0          0.82064
1591.0          0.82002
1592.0          0.81941
1593.0          0.81879
1594.0          0.81817
1595.0          0.81755
1596.0          0.81693
1597.0          0.81632
1598.0          0.81569
1599.0          0.81507
1600.0          0.81445
1601.0          0.81383
1602.0          0.81321
1603.0          0.81259
1604.0          0.81196
1605.0          0.81134
1606.0          0.81071
1607.0          0.81009
1608.0          0.80946
1609.0          0.80884
1610.0          0.80821
1611.0          0.80759
1612.0          0.80696
1613.0          0.80633
1614.0          0.80570
1615.0          0.80507
1616.0          0.80445
1617.0          0.80382
1618.0          0.80319
1619.0          0.80256
1620.0          0.80193
1621.0          0.80129
1622.0          0.80066
1623.0          0.80003
1624.0          0.79940
1625.0          0.79877
1626.0          0.79813
1627.0          0.79750
1628.0          0.79687
1629.0          0.79623
1630.0          0.79560
1631.0          0.79496
1632.0          0.79433
1633.0          0.79369
1634.0          0.79305
1635.0          0.79242
1636.0          0.79178
1637.0          0.79114
1638.0          0.79051
1639.0          0.78987
1640.0          0.78923
1641.0          0.78859
1642.0          0.78795
1643.0          0.78732
1644.0          0.78668
1645.0          0.78604
1646.0          0.78540
1647.0          0.78476
1648.0          0.78412
1649.0          0.78348
1650.0          0.78284
1400.0          0.020943
1401.0          0.023614
1402.0          0.026215
1403.0          0.028741
1404.0          0.031190
1405.0          0.033563
1406.0          0.035859
1407.0          0.038082
1408.0          0.040233
1409.0          0.042314
1410.0          0.044329
1411.0          0.046280
1412.0          0.048170
1413.0          0.050001
1414.0          0.051776
1415.0          0.053497
1416.0          0.055167
1417.0          0.056789
1418.0          0.058364
1419.0          0.059894
1420.0          0.061382
1421.0          0.062830
1422.0          0.064239
1423.0          0.065611
1424.0          0.066948
1425.0          0.068251
1426.0          0.069521
1427.0          0.070762
1428.0          0.071972
1429.0          0.073155
1430.0          0.074311
1431.0          0.075441
1432.0          0.076546
1433.0          0.077628
1434.0          0.078687
1435.0          0.079725
1436.0          0.080742
1437.0          0.081740
1438.0          0.082718
1439.0          0.083679
1440.0          0.084622
1441.0          0.085549
1442.0          0.086460
1443.0          0.087355
1444.0          0.088236
1445.0          0.089103
1446.0          0.089957
1447.0          0.090798
1448.0          0.091626
1449.0          0.092443
1450.0          0.093249
1451.0          0.094044
1452.0          0.094828
1453.0          0.095603
1454.0          0.096368
1455.0          0.097124
1456.0          0.097871
1457.0          0.098610
1458.0          0.099341
1459.0          0.10006
1460.0          0.10078
1461.0          0.10149
1462.0          0.10219
1463.0          0.10289
1464.0          0.10358
1465.0          0.10426
1466.0          0.10494
1467.0          0.10561
1468.0          0.10628
1469.0          0.10694
1470.0          0.10760
1471.0          0.10826
1472.0          0.10891
1473.0          0.10955
1474.0          0.11019
1475.0          0.11083
1476.0          0.11147
1477.0          0.11210
1478.0          0.11272
1479.0          0.11335
1480.0          0.11397
1481.0          0.11459
1482.0          0.11521
1483.0          0.11582
1484.0          0.11643
1485.0          0.11704
1486.0          0.11765
1487.0          0.11825
1488.0          0.11886
1489.0          0.11946
1490.0          0.12006
1491.0          0.12066
1492.0          0.12125
1493.0          0.12185
1494.0          0.12244
1495.0          0.12303
1496.0          0.12363
1497.0          0.12422
1498.0          0.12480
1499.0          0.12539
1500.0          0.12598
1501.0          0.12657
1502.0          0.12715
1503.0          0.12774
1504.0          0.12832
1505.0          0.12891
1506.0          0.12949
1507.0          0.13007
1508.0          0.13066
1509.0          0.13124
1510.0          0.13182
1511.0          0.13240
1512.0          0.13298
1513.0          0.13356
1514.0          0.13414
1515.0          0.13473
1516.0          0.13531
1517.0          0.13589
1518.0          0.13647
1519.0          0.13705
1520.0          0.13763
1521.0          0.13821
1522.0          0.13879
1523.0          0.13937
1524.0          0.13995
1525.0          0.14054
1526.0          0.14112
1527.0          0.14170
1528.0          0.14228
1529.0          0.14286
1530.0          0.14345
1531.0          0.14403
1532.0          0.14461
1533.0          0.14520
1534.0          0.14578
1535.0          0.14637
1536.0          0.14695
1537.0          0.14754
1538.0          0.14812
1539.0          0.14871
1540.0          0.14930
1541.0          0.14988
1542.0          0.15047
1543.0          0.15106
1544.0          0.15165
1545.0          0.15224
1546.0          0.15283
1547.0          0.15342
1548.0          0.15401
1549.0          0.15460
1550.0          0.15519
1551.0          0.15578
1552.0          0.15638
1553.0          0.15697
1554.0          0.15757
1555.0          0.15816
1556.0          0.15876
1557.0          0.15935
1558.0          0.15995
1559.0          0.16055
1560.0          0.16114
1561.0          0.16174
1562.0          0.16234
1563.0          0.16294
1564.0          0.16354
1565.0          0.16414
1566.0          0.16474
1567.0          0.16535
1568.0          0.16595
1569.0          0.16655
1570.0          0.16716
1571.0          0.16776
1572.0          0.16836
1573.0          0.16897
1574.0          0.16958
1575.0          0.17018
1576.0          0.17079
1577.0          0.17140
1578.0          0.17201
1579.0          0.17262
1580.0          0.17323
1581.0          0.17384
1582.0          0.17445
1583.0          0.17506
1584.0          0.17567
1585.0          0.17629
1586.0          0.17690
1587.0          0.17751
1588.0          0.17813
1589.0          0.17874
1590.0          0.17936
1591.0          0.17998
1592.0          0.18059
1593.0          0.18121
1594.0          0.18183
1595.0          0.18245
1596.0          0.18307
1597.0          0.18368
1598.0          0.18431
1599.0          0.18493
1600.0          0.18555
1601.0          0.18617
1602.0          0.18679
1603.0          0.18741
1604.0          0.18804
1605.0          0.18866
1606.0          0.18929
1607.0          0.18991
1608.0          0.19054
1609.0          0.19116
1610.0          0.19179
1611.0          0.19241
1612.0          0.19304
1613.0          0.19367
1614.0          0.19430
1615.0          0.19493
1616.0          0.19555
1617.0          0.19618
1618.0          0.19681
1619.0          0.19744
1620.0          0.19807
1621.0          0.19871
1622.0          0.19934
1623.0          0.19997
1624.0          0.20060
1625.0          0.20123
1626.0          0.20187
1627.0          0.20250
1628.0          0.20313
1629.0          0.20377
1630.0          0.20440
1631.0          0.20504
1632.0          0.20567
1633.0          0.20631
1634.0          0.20695
1635.0          0.20758
1636.0          0.20822
1637.0          0.20886
1638.0          0.20949
1639.0          0.21013
1640.0          0.21077
1641.0          0.21141
1642.0          0.21205
1643.0          0.21268
1644.0          0.21332
1645.0          0.21396
1646.0          0.21460
1647.0          0.21524
1648.0          0.21588
1649.0          0.21652
1650.0          0.21716
1400.0          1.0000
1401.0          1.0000
1402.0          1.0000
1403.0          1.0000
1404.0          1.0000
1405.0          1.0000
1406.0          1.0000
1407.0          1.0000
1408.0          1.0000
1409.0          1.0000
1410.0          1.0000
1411.0          1.0000
1412.0          1.0000
1413.0          1.0000
1414.0          1.0000
1415.0          1.0000
1416.0          1.0000
1417.0          1.0000
1418.0          1.0000
1419.0          1.0000
1420.0          1.0000
1421.0          1.0000
1422.0          1.0000
1423.0          1.0000
1424.0          1.0000
1425.0          1.0000
1426.0          1.0000
1427.0          1.0000
1428.0          1.0000
1429.0          1.0000
1430.0          1.0000
1431.0          1.0000
1432.0          1.0000
1433.0          1.0000
1434.0          1.0000
1435.0          1.0000
1436.0          1.0000
1437.0          1.0000
1438.0          1.0000
1439.0          1.0000
1440.0          1.0000
1441.0          1.0000
1442.0          1.0000
1443.0          1.0000
1444.0          1.0000
1445.0          1.0000
1446.0          1.0000
1447.0          1.0000
1448.0          1.0000
1449.0          1.0000
1450.0          1.0000
1451.0          1.0000
1452.0          1.0000
1453.0          1.0000
1454.0          1.0000
1455.0          1.0000
1456.0          1.0000
1457.0          1.0000
1458.0          1.0000
1459.0          1.0000
1460.0          1.0000
1461.0          1.0000
1462.0          1.0000
1463.0          1.0000
1464.0          1.0000
1465.0          1.0000
1466.0          1.0000
1467.0          1.0000
1468.0          1.0000
1469.0          1.0000
1470.0          1.0000
1471.0          1.0000
1472.0          1.0000
1473.0          1.0000
1474.0          1.0000
1475.0          1.0000
1476.0          1.0000
1477.0          1.0000
1478.0          1.0000
1479.0          1.0000
1480.0          1.0000
1481.0          1.0000
1482.0          1.0000
1483.0          1.0000
1484.0          1.0000
1485.0          1.0000
1486.0          1.0000
1487.0          1.0000
1488.0          1.0000
1489.0          1.0000
1490.0          1.0000
1491.0          1.0000
1492.0          1.0000
1493.0          1.0000
1494.0          1.0000
1495.0          1.0000
1496.0          1.0000
1497.0          1.0000
1498.0          1.0000
1499.0          1.0000
1500.0          1.0000
1501.0          1.0000
1502.0          1.0000
1503.0          1.0000
1504.0          1.0000
1505.0          1.0000
1506.0          1.0000
1507.0          1.0000
1508.0          1.0000
1509.0          1.0000
1510.0          1.0000
1511.0          1.0000
1512.0          1.0000
1513.0          1.0000
1514.0          1.0000
1515.0          1.0000
1516.0          1.0000
1517.0          1.0000
1518.0          1.0000
1519.0          1.0000
1520.0          1.0000
1521.0          1.0000
1522.0          1.0000
1523.0          1.0000
1524.0          1.0000
1525.0          1.0000
1526.0          1.0000
1527.0          1.0000
1528.0          1.0000
1529.0          1.0000
1530.0          1.0000
1531.0          1.0000
1532.0          1.0000
1533.0          1.0000
1534.0          1.0000
1535.0          1.0000
1536.0          1.0000
1537.0          1.0000
1538.0          1.0000
1539.0          1.0000
1540.0          1.0000
1541.0          1.0000
1542.0          1.0000
1543.0          1.0000
1544.0          1.0000
1545.0          1.0000
1546.0          1.0000
1547.0          1.0000
1548.0          1.0000
1549.0          1.0000
1550.0          1.0000
1551.0          1.0000
1552.0          1.0000
1553.0          1.0000
1554.0          1.0000
1555.0          1.0000
1556.0          1.0000
1557.0          1.0000
1558.0          1.0000
1559.0          1.0000
1560.0          1.0000
1561.0          1.0000
1562.0          1.0000
1563.0          1.0000
1564.0          1.0000
1565.0          1.0000
1566.0          1.0000
1567.0          1.0000
1568.0          1.0000
1569.0          1.0000
1570.0          1.0000
1571.0          1.0000
1572.0          1.0000
1573.0          1.0000
1574.0          1.0000
1575.0          1.0000
1576.0          1.0000
1577.0          1.0000
1578.0          1.0000
1579.0          1.0000
1580.0          1.0000
1581.0          1.0000
1582.0          1.0000
1583.0          1.0000
1584.0          1.0000
1585.0          1.0000
1586.0          1.0000
1587.0          1.0000
1588.0          1.0000
1589.0          1.0000
1590.0          1.0000
1591.0          1.0000
1592.0          1.0000
1593.0          1.0000
1594.0          1.0000
1595.0          1.0000
1596.0          1.0000
1597.0          1.0000
1598.0          1.0000
1599.0          1.0000
1600.0          1.0000
1601.0          1.0000
1602.0          1.0000
1603.0          1.0000
1604.0          1.0000
1605.0          1.0000
1606.0          1.0000
1607.0          1.0000
1608.0          1.0000
1609.0          1.0000
1610.0          1.0000
1611.0          1.0000
1612.0          1.0000
1613.0          1.0000
1614.0          1.0000
1615.0          1.0000
1616.0          1.0000
1617.0          1.0000
1618.0          1.0000
1619.0          1.0000
1620.0          1.0000
1621.0          1.0000
1622.0          1.0000
1623.0          1.0000
1624.0          1.0000
1625.0          1.0000
1626.0          1.0000
1627.0          1.0000
1628.0          1.0000
1629.0          1.0000
1630.0          1.0000
1631.0          1.0000
1632.0          1.0000
1633.0          1.0000
1634.0          1.0000
1635.0          1.0000
1636.0          1.0000
1637.0          1.0000
1638.0          1.0000
1639.0          1.0000
1640.0          1.0000
1641.0          1.0000
1642.0          1.0000
1643.0          1.0000
1644.0          1.0000
1645.0          1.0000
1646.0          1.0000
1647.0          1.0000
1648.0          1.0000
1649.0          1.0000
1650.0          1.0000
1400.0          -1.1102E-14
1401.0          3.8858E-15
1402.0          -1.1546E-14
1403.0          5.5511E-16
1404.0          -2.6645E-15
1405.0          4.9960E-15
1406.0          7.6605E-15
1407.0          3.5527E-15
1408.0          4.4409E-16
1409.0          9.4369E-15
1410.0          3.7748E-15
1411.0          9.2149E-15
1412.0          -3.9968E-15
1413.0          -2.8866E-15
1414.0          9.8810E-15
1415.0          -3.5527E-15
1416.0          2.2204E-15
1417.0          5.5511E-16
1418.0          -1.3323E-15
1419.0          -3.9968E-15
1420.0          -5.5511E-15
1421.0          0.0000
1422.0          1.2212E-15
1423.0          1.2212E-15
1424.0          2.5535E-15
1425.0          -1.3323E-15
1426.0          1.4433E-15
1427.0          5.8842E-15
1428.0          6.6613E-16
1429.0          -2.2204E-16
1430.0          -1.7764E-15
1431.0          -3.1086E-15
1432.0          -1.7764E-15
1433.0          -5.5511E-15
1434.0          -2.2204E-15
1435.0          2.4425E-15
1436.0          2.3315E-15
1437.0          -8.8818E-16
1438.0          1.9984E-15
1439.0          -1.3323E-15
1440.0          1.5543E-15
1441.0          -2.4425E-15
1442.0          3.3307E-16
1443.0          2.2204E-16
1444.0          1.5543E-15
1445.0          -6.6613E-16
1446.0          -2.2204E-15
1447.0          -4.8850E-15
1448.0          1.9984E-15
1449.0          8.8818E-16
1450.0          -1.7764E-15
1451.0          -2.4425E-15
1452.0          -6.6613E-16
1453.0          0.0000
1454.0          1.5543E-15
1455.0          2.4425E-15
1456.0          -2.4425E-15
1457.0          -1.5543E-15
1458.0          3.3307E-16
1459.0          -1.1102E-15
1460.0          2.5535E-15
1461.0          3.3307E-15
1462.0          1.9984E-15
1463.0          2.6645E-15
1464.0          9.9920E-16
1465.0          5.5511E-16
1466.0          3.3307E-16
1467.0          -2.4425E-15
1468.0          -2.2204E-15
1469.0          2.2204E-16
1470.0          2.8866E-15
1471.0          1.5543E-15
1472.0          -8.8818E-16
1473.0          3.4417E-15
1474.0          -1.9984E-15
1475.0          -8.8818E-16
1476.0          -3.3307E-15
1477.0          -6.6613E-16
1478.0          2.8866E-15
1479.0          4.4409E-16
1480.0          5.5511E-16
1481.0          2.2204E-16
1482.0          -1.1102E-15
1483.0          6.6613E-16
1484.0          2.2204E-15
1485.0          1.1102E-15
1486.0          1.3323E-15
1487.0          -4.4409E-16
1488.0          2.2204E-16
1489.0          -8.8818E-16
1490.0          1.1102E-16
1491.0          -2.2204E-15
1492.0          1.6653E-15
1493.0          -8.8818E-16
1494.0          4.5519E-15
1495.0          -6.6613E-16
1496.0          3.3307E-16
1497.0          0.0000
1498.0          -3.3307E-15
1499.0          -3.5527E-15
1500.0          9.9920E-16
1501.0          1.1102E-15
1502.0          -1.5543E-15
1503.0          1.3323E-15
1504.0          6.6613E-16
1505.0          2.4425E-15
1506.0          -1.3323E-15
1507.0          -2.4425E-15
1508.0          1.1102E-15
1509.0          -1.7764E-15
1510.0          1.5543E-15
1511.0          1.5543E-15
1512.0          2.1094E-15
1513.0          -1.5543E-15
1514.0          -1.9984E-15
1515.0          0.0000
1516.0          -8.8818E-16
1517.0          4.4409E-16
1518.0          3.3307E-15
1519.0          1.1102E-15
1520.0          -2.6645E-15
1521.0          5.5511E-16
1522.0          2.5535E-15
1523.0          3.5527E-15
1524.0          2.8866E-15
1525.0          3.3307E-15
1526.0          -3.1086E-15
1527.0          -4.4409E-16
1528.0          9.9920E-16
1529.0          1.8874E-15
1530.0          -8.8818E-16
1531.0          -2.2204E-15
1532.0          2.4425E-15
1533.0          2.2204E-16
1534.0          1.1102E-15
1535.0          9.9920E-16
1536.0          -6.6613E-16
1537.0          -8.8818E-16
1538.0          4.8850E-15
1539.0          2.2204E-16
1540.0          4.5519E-15
1541.0          -1.7764E-15
1542.0          -1.3323E-15
1543.0          4.7740E-15
1544.0          8.8818E-16
1545.0          2.3315E-15
1546.0          -2.8866E-15
1547.0          7.7716E-16
1548.0          2.2204E-16
1549.0          0.0000
1550.0          -3.7748E-15
1551.0          -2.4425E-15
1552.0          1.1102E-15
1553.0          2.5535E-15
1554.0          -2.2204E-15
1555.0          -6.6613E-16
1556.0          -1.3323E-15
1557.0          -6.6613E-16
1558.0          -6.6613E-16
1559.0          -1.9984E-15
1560.0          -2.6645E-15
1561.0          -2.2204E-16
1562.0          -5.1070E-15
1563.0          4.4409E-16
1564.0          -1.9984E-15
1565.0          2.2204E-15
1566.0          -1.5543E-15
1567.0          3.3307E-16
1568.0          -1.3323E-15
1569.0          -6.6613E-16
1570.0          7.7716E-16
1571.0          1.1102E-16
1572.0          -1.1102E-15
1573.0          0.0000
1574.0          -2.2204E-16
1575.0          1.1102E-15
1576.0          -2.6645E-15
1577.0          0.0000
1578.0          -6.6613E-16
1579.0          1.2212E-15
1580.0          -1.3323E-15
1581.0          -6.6613E-16
1582.0          -4.4409E-16
1583.0          8.8818E-16
1584.0          1.1102E-15
1585.0          3.5527E-15
1586.0          2.2204E-16
1587.0          2.8866E-15
1588.0          3.5527E-15
1589.0          5.2180E-15
1590.0          1.1102E-16
1591.0          -4.4409E-16
1592.0          -1.5543E-15
1593.0          -6.6613E-16
1594.0          1.7764E-15
1595.0          1.9984E-15
1596.0          2.2204E-15
1597.0          4.4409E-15
1598.0          -1.9984E-15
1599.0          -3.3307E-15
1600.0          -3.9968E-15
1601.0          -1.3323E-15
1602.0          -3.9968E-15
1603.0          8.8818E-16
1604.0          -8.8818E-16
1605.0          0.0000
1606.0          2.2204E-15
1607.0          4.7740E-15
1608.0          -8.8818E-16
1609.0          1.1102E-15
1610.0          -1.7764E-15
1611.0          -4.4409E-16
1612.0          2.4425E-15
1613.0          8.8818E-16
1614.0          5.3291E-15
1615.0          -2.2204E-16
1616.0          0.0000
1617.0          2.6645E-15
1618.0          -1.5543E-15
1619.0          1.7764E-15
1620.0          2.2204E-16
1621.0          0.0000
1622.0          -6.6613E-16
1623.0          1.3323E-15
1624.0          -2.2204E-16
1625.0          -1.3323E-15
1626.0          -1.3323E-15
1627.0          8.8818E-16
1628.0          2.4425E-15
1629.0          8.8818E-16
1630.0          -4.4409E-16
1631.0          3.7748E-15
1632.0          1.4433E-15
1633.0          -2.4425E-15
1634.0          -6.6613E-16
1635.0          4.1078E-15
1636.0          -8.8818E-16
1637.0          1.5543E-15
1638.0          3.3307E-16
1639.0          8.8818E-16
1640.0          1.1102E-15
1641.0          -1.1102E-15
1642.0          6.6613E-16
1643.0          1.1102E-16
1644.0          -2.2204E-16
1645.0          -3.1086E-15
1646.0          -8.8818E-16
1647.0          0.0000
1648.0          3.3307E-15
1649.0          2.2204E-16
1650.0          -3.7748E-15
