1400.0          0.013391
1401.0          0.013583
1402.0          0.013789
1403.0          0.014009
1404.0          0.014244
1405.0          0.014493
1406.0          0.014756
1407.0          0.015033
1408.0          0.015325
1409.0          0.015630
1410.0          0.015950
1411.0          0.016283
1412.0          0.016630
1413.0          0.016992
1414.0          0.017366
1415.0          0.017755
1416.0          0.018157
1417.0          0.018572
1418.0          0.019001
1419.0          0.019443
1420.0          0.019898
1421.0          0.020366
1422.0          0.020848
1423.0          0.021342
1424.0          0.021849
1425.0          0.022368
1426.0          0.022900
1427.0          0.023445
1428.0          0.024001
1429.0          0.024570
1430.0          0.025151
1431.0          0.025744
1432.0          0.026349
1433.0          0.026965
1434.0          0.027593
1435.0          0.028232
1436.0          0.028882
1437.0          0.029544
1438.0          0.030216
1439.0          0.030899
1440.0          0.031593
1441.0          0.032298
1442.0          0.033012
1443.0          0.033737
1444.0          0.034472
1445.0          0.035217
1446.0          0.035972
1447.0          0.036736
1448.0          0.037509
1449.0          0.038292
1450.0          0.039083
1451.0          0.039884
1452.0          0.040693
1453.0          0.041511
1454.0          0.042337
1455.0          0.043172
1456.0          0.044014
1457.0          0.044864
1458.0          0.045722
1459.0          0.046588
1460.0          0.047460
1461.0          0.048340
1462.0          0.049227
1463.0          0.050120
1464.0          0.051020
1465.0          0.051927
1466.0          0.052839
1467.0          0.053757
1468.0          0.054682
1469.0          0.055612
1470.0          0.056547
1471.0          0.057487
1472.0          0.058433
1473.0          0.059383
1474.0          0.060337
1475.0          0.061297
1476.0          0.062260
1477.0          0.063227
1478.0          0.064198
1479.0          0.065173
1480.0          0.066151
1481.0          0.067132
1482.0          0.068116
1483.0          0.069103
1484.0          0.070092
1485.0          0.071083
1486.0          0.072077
1487.0          0.073072
1488.0          0.074069
1489.0          0.075068
1490.0          0.076067
1491.0          0.077067
1492.0          0.078068
1493.0          0.079070
1494.0          0.080072
1495.0          0.081073
1496.0          0.082074
1497.0          0.083075
1498.0          0.084075
1499.0          0.085074
1500.0          0.086071
1501.0          0.087067
1502.0          0.088061
1503.0          0.089053
1504.0          0.090043
1505.0          0.091030
1506.0          0.092014
1507.0          0.092994
1508.0          0.093971
1509.0          0.094945
1510.0          0.095914
1511.0          0.096878
1512.0          0.097838
1513.0          0.098792
1514.0          0.099741
1515.0          0.10068
1516.0          0.10162
1517.0          0.10255
1518.0          0.10348
1519.0          0.10439
1520.0          0.10530
1521.0          0.10620
1522.0          0.10709
1523.0          0.10797
1524.0          0.10885
1525.0          0.10971
1526.0          0.11056
1527.0          0.11140
1528.0          0.11224
1529.0          0.11305
1530.0          0.11386
1531.0          0.11465
1532.0          0.11543
1533.0          0.11620
1534.0          0.11695
1535.0          0.11768
1536.0          0.11840
1537.0          0.11910
1538.0          0.11978
1539.0          0.12044
1540.0          0.12109
1541.0          0.12171
1542.0          0.12231
1543.0          0.12289
1544.0          0.12345
1545.0          0.12398
1546.0          0.12449
1547.0          0.12497
1548.0          0.12542
1549.0          0.12584
1550.0          0.12623
1551.0          0.12659
1552.0          0.12691
1553.0          0.12719
1554.0          0.12744
1555.0          0.12765
1556.0          0.12782
1557.0          0.12794
1558.0          0.12801
1559.0          0.12804
1560.0          0.12801
1561.0          0.12793
1562.0          0.12779
1563.0          0.12759
1564.0          0.12732
1565.0          0.12698
1566.0          0.12657
1567.0          0.12608
1568.0          0.12551
1569.0          0.12484
1570.0          0.12408
1571.0          0.12322
1572.0          0.12225
1573.0          0.12117
1574.0          0.11995
1575.0          0.11861
1576.0          0.11712
1577.0          0.11547
1578.0          0.11366
1579.0          0.11166
1580.0          0.10948
1581.0          0.10708
1582.0          0.10446
1583.0          0.10159
1584.0          0.098466
1585.0          0.095059
1586.0          0.091353
1587.0          0.087330
1588.0          0.082974
1589.0          0.078273
1590.0          0.073225
1591.0          0.067845
1592.0          0.062169
1593.0          0.056279
1594.0          0.050325
1595.0          0.044571
1596.0          0.039471
1597.0          0.035793
1598.0          0.034832
1599.0          0.038761
1600.0          0.051214
1601.0          0.078138
1602.0          0.12880
1603.0          0.21596
1604.0          0.35217
1605.0          0.53728
1606.0          0.74048
1607.0          0.90447
1608.0          0.98812
1609.0          0.99560
1610.0          0.95677
1611.0          0.89903
1612.0          0.83836
1613.0          0.78191
1614.0          0.73204
1615.0          0.68895
1616.0          0.65202
1617.0          0.62041
1618.0          0.59329
1619.0          0.56992
1620.0          0.54968
1621.0          0.53207
1622.0          0.51666
1623.0          0.50310
1624.0          0.49113
1625.0          0.48051
1626.0          0.47105
1627.0          0.46259
1628.0          0.45501
1629.0          0.44818
1630.0          0.44202
1631.0          0.43645
1632.0          0.43140
1633.0          0.42681
1634.0          0.42264
1635.0          0.41883
1636.0          0.41536
1637.0          0.41219
1638.0          0.40929
1639.0          0.40663
1640.0          0.40420
1641.0          0.40197
1642.0          0.39992
1643.0          0.39805
1644.0          0.39633
1645.0          0.39476
1646.0          0.39332
1647.0          0.39200
1648.0          0.39080
1649.0          0.38969
1650.0          0.38869
1400.0          0.98661
1401.0          0.98642
1402.0          0.98621
1403.0          0.98599
1404.0          0.98576
1405.0          0.98551
1406.0          0.98524
1407.0          0.98497
1408.0          0.98468
1409.0          0.98437
1410.0          0.98405
1411.0          0.98372
1412.0          0.98337
1413.0          0.98301
1414.0          0.98263
1415.0          0.98225
1416.0          0.98184
1417.0          0.98143
1418.0          0.98100
1419.0          0.98056
1420.0          0.98010
1421.0          0.97963
1422.0          0.97915
1423.0          0.97866
1424.0          0.97815
1425.0          0.97763
1426.0          0.97710
1427.0          0.97656
1428.0          0.97600
1429.0          0.97543
1430.0          0.97485
1431.0          0.97426
1432.0          0.97365
1433.0          0.97303
1434.0          0.97241
1435.0          0.97177
1436.0          0.97112
1437.0          0.97046
1438.0          0.96978
1439.0          0.96910
1440.0          0.96841
1441.0          0.96770
1442.0          0.96699
1443.0          0.96626
1444.0          0.96553
1445.0          0.96478
1446.0          0.96403
1447.0          0.96326
1448.0          0.96249
1449.0          0.96171
1450.0          0.96092
1451.0          0.96012
1452.0          0.95931
1453.0          0.95849
1454.0          0.95766
1455.0          0.95683
1456.0          0.95599
1457.0          0.95514
1458.0          0.95428
1459.0          0.95341
1460.0          0.95254
1461.0          0.95166
1462.0          0.95077
1463.0          0.94988
1464.0          0.94898
1465.0          0.94807
1466.0          0.94716
1467.0          0.94624
1468.0          0.94532
1469.0          0.94439
1470.0          0.94345
1471.0          0.94251
1472.0          0.94157
1473.0          0.94062
1474.0          0.93966
1475.0          0.93870
1476.0          0.93774
1477.0          0.93677
1478.0          0.93580
1479.0          0.93483
1480.0          0.93385
1481.0          0.93287
1482.0          0.93188
1483.0          0.93090
1484.0          0.92991
1485.0          0.92892
1486.0          0.92792
1487.0          0.92693
1488.0          0.92593
1489.0          0.92493
1490.0          0.92393
1491.0          0.92293
1492.0          0.92193
1493.0          0.92093
1494.0          0.91993
1495.0          0.91893
1496.0          0.91793
1497.0          0.91692
1498.0          0.91592
1499.0          0.91493
1500.0          0.91393
1501.0          0.91293
1502.0          0.91194
1503.0          0.91095
1504.0          0.90996
1505.0          0.90897
1506.0          0.90799
1507.0          0.90701
1508.0          0.90603
1509.0          0.90506
1510.0          0.90409
1511.0          0.90312
1512.0          0.90216
1513.0          0.90121
1514.0          0.90026
1515.0          0.89932
1516.0          0.89838
1517.0          0.89745
1518.0          0.89652
1519.0          0.89561
1520.0          0.89470
1521.0          0.89380
1522.0          0.89291
1523.0          0.89203
1524.0          0.89115
1525.0          0.89029
1526.0          0.88944
1527.0          0.88860
1528.0          0.88776
1529.0          0.88695
1530.0          0.88614
1531.0          0.88535
1532.0          0.88457
1533.0          0.88380
1534.0          0.88305
1535.0          0.88232
1536.0          0.88160
1537.0          0.88090
1538.0          0.88022
1539.0          0.87956
1540.0          0.87891
1541.0          0.87829
1542.0          0.87769
1543.0          0.87711
1544.0          0.87655
1545.0          0.87602
1546.0          0.87551
1547.0          0.87503
1548.0          0.87458
1549.0          0.87416
1550.0          0.87377
1551.0          0.87341
1552.0          0.87309
1553.0          0.87281
1554.0          0.87256
1555.0          0.87235
1556.0          0.87218
1557.0          0.87206
1558.0          0.87199
1559.0          0.87196
1560.0          0.87199
1561.0          0.87207
1562.0          0.87221
1563.0          0.87241
1564.0          0.87268
1565.0          0.87302
1566.0          0.87343
1567.0          0.87392
1568.0          0.87449
1569.0          0.87516
1570.0          0.87592
1571.0          0.87678
1572.0          0.87775
1573.0          0.87883
1574.0          0.88005
1575.0          0.88139
1576.0          0.88288
1577.0          0.88453
1578.0          0.88634
1579.0          0.88834
1580.0          0.89052
1581.0          0.89292
1582.0          0.89554
1583.0          0.89841
1584.0          0.90153
1585.0          0.90494
1586.0          0.90865
1587.0          0.91267
1588.0          0.91703
1589.0          0.92173
1590.0          0.92677
1591.0          0.93216
1592.0          0.93783
1593.0          0.94372
1594.0          0.94967
1595.0          0.95543
1596.0          0.96053
1597.0          0.96421
1598.0          0.96517
1599.0          0.96124
1600.0          0.94879
1601.0          0.92186
1602.0          0.87120
1603.0          0.78404
1604.0          0.64783
1605.0          0.46272
1606.0          0.25952
1607.0          0.095527
1608.0          0.011882
1609.0          0.0044033
1610.0          0.043229
1611.0          0.10097
1612.0          0.16164
1613.0          0.21809
1614.0          0.26796
1615.0          0.31105
1616.0          0.34798
1617.0          0.37959
1618.0          0.40671
1619.0          0.43008
1620.0          0.45032
1621.0          0.46793
1622.0          0.48334
1623.0          0.49690
1624.0          0.50887
1625.0          0.51949
1626.0          0.52895
1627.0          0.53741
1628.0          0.54499
1629.0          0.55182
1630.0          0.55798
1631.0          0.56355
1632.0          0.56860
1633.0          0.57319
1634.0          0.57736
1635.0          0.58117
1636.0          0.58464
1637.0          0.58781
1638.0          0.59071
1639.0          0.59337
1640.0          0.59580
1641.0          0.59803
1642.0          0.60008
1643.0          0.60195
1644.0          0.60367
1645.0          0.60524
1646.0          0.60668
1647.0          0.60800
1648.0          0.60920
1649.0          0.61031
1650.0          0.61131
1400.0          1.0000
1401.0          1.0000
1402.0          1.0000
1403.0          1.0000
1404.0          1.0000
1405.0          1.0000
1406.0          1.0000
1407.0          1.0000
1408.0          1.0000
1409.0          1.0000
1410.0          1.0000
1411.0          1.0000
1412.0          1.0000
1413.0          1.0000
1414.0          1.0000
1415.0          1.0000
1416.0          1.0000
1417.0          1.0000
1418.0          1.0000
1419.0          1.0000
1420.0          1.0000
1421.0          1.0000
1422.0          1.0000
1423.0          1.0000
1424.0          1.0000
1425.0          1.0000
1426.0          1.0000
1427.0          1.0000
1428.0          1.0000
1429.0          1.0000
1430.0          1.0000
1431.0          1.0000
1432.0          1.0000
1433.0          1.0000
1434.0          1.0000
1435.0          1.0000
1436.0          1.0000
1437.0          1.0000
1438.0          1.0000
1439.0          1.0000
1440.0          1.0000
1441.0          1.0000
1442.0          1.0000
1443.0          1.0000
1444.0          1.0000
1445.0          1.0000
1446.0          1.0000
1447.0          1.0000
1448.0          1.0000
1449.0          1.0000
1450.0          1.0000
1451.0          1.0000
1452.0          1.0000
1453.0          1.0000
1454.0          1.0000
1455.0          1.0000
1456.0          1.0000
1457.0          1.0000
1458.0          1.0000
1459.0          1.0000
1460.0          1.0000
1461.0          1.0000
1462.0          1.0000
1463.0          1.0000
1464.0          1.0000
1465.0          1.0000
1466.0          1.0000
1467.0          1.0000
1468.0          1.0000
1469.0          1.0000
1470.0          1.0000
1471.0          1.0000
1472.0          1.0000
1473.0          1.0000
1474.0          1.0000
1475.0          1.0000
1476.0          1.0000
1477.0          1.0000
1478.0          1.0000
1479.0          1.0000
1480.0          1.0000
1481.0          1.0000
1482.0          1.0000
1483.0          1.0000
1484.0          1.0000
1485.0          1.0000
1486.0          1.0000
1487.0          1.0000
1488.0          1.0000
1489.0          1.0000
1490.0          1.0000
1491.0          1.0000
1492.0          1.0000
1493.0          1.0000
1494.0          1.0000
1495.0          1.0000
1496.0          1.0000
1497.0          1.0000
1498.0          1.0000
1499.0          1.0000
1500.0          1.0000
1501.0          1.0000
1502.0          1.0000
1503.0          1.0000
1504.0          1.0000
1505.0          1.0000
1506.0          1.0000
1507.0          1.0000
1508.0          1.0000
1509.0          1.0000
1510.0          1.0000
1511.0          1.0000
1512.0          1.0000
1513.0          1.0000
1514.0          1.0000
1515.0          1.0000
1516.0          1.0000
1517.0          1.0000
1518.0          1.0000
1519.0          1.0000
1520.0          1.0000
1521.0          1.0000
1522.0          1.0000
1523.0          1.0000
1524.0          1.0000
1525.0          1.0000
1526.0          1.0000
1527.0          1.0000
1528.0          1.0000
1529.0          1.0000
1530.0          1.0000
1531.0          1.0000
1532.0          1.0000
1533.0          1.0000
1534.0          1.0000
1535.0          1.0000
1536.0          1.0000
1537.0          1.0000
1538.0          1.0000
1539.0          1.0000
1540.0          1.0000
1541.0          1.0000
1542.0          1.0000
1543.0          1.0000
1544.0          1.0000
1545.0          1.0000
1546.0          1.0000
1547.0          1.0000
1548.0          1.0000
1549.0          1.0000
1550.0          1.0000
1551.0          1.0000
1552.0          1.0000
1553.0          1.0000
1554.0          1.0000
1555.0          1.0000
1556.0          1.0000
1557.0          1.0000
1558.0          1.0000
1559.0          1.0000
1560.0          1.0000
1561.0          1.0000
1562.0          1.0000
1563.0          1.0000
1564.0          1.0000
1565.0          1.0000
1566.0          1.0000
1567.0          1.0000
1568.0          1.0000
1569.0          1.0000
1570.0          1.0000
1571.0          1.0000
1572.0          1.0000
1573.0          1.0000
1574.0          1.0000
1575.0          1.0000
1576.0          1.0000
1577.0          1.0000
1578.0          1.0000
1579.0          1.0000
1580.0          1.0000
1581.0          1.0000
1582.0          1.0000
1583.0          1.0000
1584.0          1.0000
1585.0          1.0000
1586.0          1.0000
1587.0          1.0000
1588.0          1.0000
1589.0          1.0000
1590.0          1.0000
1591.0          1.0000
1592.0          1.0000
1593.0          1.0000
1594.0          1.0000
1595.0          1.0000
1596.0          1.0000
1597.0          1.0000
1598.0          1.0000
1599.0          1.0000
1600.0          1.0000
1601.0          1.0000
1602.0          1.0000
1603.0          1.0000
1604.0          1.0000
1605.0          1.0000
1606.0          1.0000
1607.0          1.0000
1608.0          1.0000
1609.0          1.0000
1610.0          1.0000
1611.0          1.0000
1612.0          1.0000
1613.0          1.0000
1614.0          1.0000
1615.0          1.0000
1616.0          1.0000
1617.0          1.0000
1618.0          1.0000
1619.0          1.0000
1620.0          1.0000
1621.0          1.0000
1622.0          1.0000
1623.0          1.0000
1624.0          1.0000
1625.0          1.0000
1626.0          1.0000
1627.0          1.0000
1628.0          1.0000
1629.0          1.0000
1630.0          1.0000
1631.0          1.0000
1632.0          1.0000
1633.0          1.0000
1634.0          1.0000
1635.0          1.0000
1636.0          1.0000
1637.0          1.0000
1638.0          1.0000
1639.0          1.0000
1640.0          1.0000
1641.0          1.0000
1642.0          1.0000
1643.0          1.0000
1644.0          1.0000
1645.0          1.0000
1646.0          1.0000
1647.0          1.0000
1648.0          1.0000
1649.0          1.0000
1650.0          1.0000
1400.0          2.3315E-15
1401.0          1.0769E-14
1402.0          -1.9984E-15
1403.0          4.4409E-15
1404.0          4.4409E-15
1405.0          -2.2204E-15
1406.0          -1.0658E-14
1407.0          7.6605E-15
1408.0          -3.5527E-15
1409.0          1.8874E-15
1410.0          -2.6645E-15
1411.0          3.7748E-15
1412.0          0.0000
1413.0          4.2188E-15
1414.0          -1.5543E-15
1415.0          -3.9968E-15
1416.0          -2.4425E-15
1417.0          4.2188E-15
1418.0          3.3307E-15
1419.0          2.4425E-15
1420.0          -6.2172E-15
1421.0          2.5535E-15
1422.0          -4.6629E-15
1423.0          2.2204E-16
1424.0          -2.2204E-16
1425.0          -5.3291E-15
1426.0          4.5519E-15
1427.0          8.8818E-16
1428.0          -1.1102E-15
1429.0          -4.8850E-15
1430.0          -6.2172E-15
1431.0          -2.2204E-15
1432.0          5.7732E-15
1433.0          -2.6645E-15
1434.0          -6.6613E-16
1435.0          2.7756E-15
1436.0          -5.3291E-15
1437.0          2.6645E-15
1438.0          4.2188E-15
1439.0          -1.1102E-15
1440.0          9.9920E-16
1441.0          5.9952E-15
1442.0          1.6653E-15
1443.0          -4.4409E-16
1444.0          1.6653E-15
1445.0          -2.2204E-15
1446.0          -2.2204E-16
1447.0          -8.8818E-16
1448.0          2.1094E-15
1449.0          -1.5543E-15
1450.0          -1.9984E-15
1451.0          -2.2204E-15
1452.0          -3.7748E-15
1453.0          -1.9984E-15
1454.0          -1.5543E-15
1455.0          4.3299E-15
1456.0          4.2188E-15
1457.0          -2.8866E-15
1458.0          -2.2204E-15
1459.0          2.6645E-15
1460.0          2.2204E-15
1461.0          -2.2204E-16
1462.0          1.6653E-15
1463.0          -2.4425E-15
1464.0          7.7716E-16
1465.0          -3.3307E-15
1466.0          1.1102E-15
1467.0          -4.4409E-16
1468.0          3.2196E-15
1469.0          -1.9984E-15
1470.0          -8.8818E-16
1471.0          -3.5527E-15
1472.0          -1.3323E-15
1473.0          -2.4425E-15
1474.0          1.9984E-15
1475.0          0.0000
1476.0          1.2212E-15
1477.0          -3.9968E-15
1478.0          1.8874E-15
1479.0          -2.6645E-15
1480.0          -8.8818E-16
1481.0          0.0000
1482.0          0.0000
1483.0          4.4409E-16
1484.0          -2.4425E-15
1485.0          -1.5543E-15
1486.0          1.2212E-15
1487.0          1.8874E-15
1488.0          -2.4425E-15
1489.0          -1.3323E-15
1490.0          2.8866E-15
1491.0          0.0000
1492.0          1.7764E-15
1493.0          -8.8818E-16
1494.0          -5.7732E-15
1495.0          2.2204E-15
1496.0          1.2212E-15
1497.0          -1.9984E-15
1498.0          3.3307E-16
1499.0          -2.2204E-16
1500.0          3.7748E-15
1501.0          2.6645E-15
1502.0          4.2188E-15
1503.0          2.4425E-15
1504.0          -1.3323E-15
1505.0          -1.1102E-15
1506.0          9.9920E-16
1507.0          2.2204E-16
1508.0          -1.9984E-15
1509.0          -8.8818E-16
1510.0          2.2204E-16
1511.0          -3.7748E-15
1512.0          0.0000
1513.0          -3.5527E-15
1514.0          -8.8818E-16
1515.0          -1.5543E-15
1516.0          -1.5543E-15
1517.0          -2.2204E-16
1518.0          1.4433E-15
1519.0          1.1102E-15
1520.0          -1.7764E-15
1521.0          -1.5543E-15
1522.0          -3.7748E-15
1523.0          1.3323E-15
1524.0          -1.7764E-15
1525.0          -1.5543E-15
1526.0          -2.4425E-15
1527.0          -4.4409E-16
1528.0          -5.7732E-15
1529.0          7.7716E-16
1530.0          -8.8818E-16
1531.0          2.2204E-16
1532.0          -2.6645E-15
1533.0          2.2204E-16
1534.0          4.3299E-15
1535.0          -2.6645E-15
1536.0          1.7764E-15
1537.0          9.9920E-16
1538.0          -2.2204E-16
1539.0          1.3323E-15
1540.0          3.3307E-16
1541.0          -4.4409E-16
1542.0          1.9984E-15
1543.0          -1.7764E-15
1544.0          -1.3323E-15
1545.0          -8.8818E-16
1546.0          5.5511E-16
1547.0          -1.5543E-15
1548.0          -2.2204E-15
1549.0          -3.5527E-15
1550.0          -8.8818E-16
1551.0          -4.4409E-16
1552.0          -2.2204E-15
1553.0          -2.4425E-15
1554.0          1.7764E-15
1555.0          -2.2204E-15
1556.0          -2.2204E-16
1557.0          3.1086E-15
1558.0          -8.8818E-16
1559.0          -3.1086E-15
1560.0          -2.6645E-15
1561.0          2.2204E-16
1562.0          -4.4409E-16
1563.0          6.6613E-16
1564.0          1.6653E-15
1565.0          4.4409E-16
1566.0          -2.6645E-15
1567.0          -1.9984E-15
1568.0          2.5535E-15
1569.0          3.3307E-16
1570.0          0.0000
1571.0          -1.3323E-15
1572.0          2.2204E-16
1573.0          1.3323E-15
1574.0          0.0000
1575.0          -1.7764E-15
1576.0          -4.4409E-16
1577.0          4.4409E-16
1578.0          -1.1102E-15
1579.0          -1.9984E-15
1580.0          2.9976E-15
1581.0          1.7764E-15
1582.0          -8.8818E-16
1583.0          5.4401E-15
1584.0          1.8874E-15
1585.0          4.5519E-15
1586.0          5.1070E-15
1587.0          -1.5543E-15
1588.0          -1.5543E-15
1589.0          -1.0436E-14
1590.0          -1.1102E-15
1591.0          -7.1054E-15
1592.0          7.1054E-15
1593.0          -3.1086E-15
1594.0          5.5511E-16
1595.0          -1.5543E-15
1596.0          6.6613E-16
1597.0          2.8866E-15
1598.0          2.6645E-15
1599.0          -1.7764E-15
1600.0          1.5876E-14
1601.0          1.0547E-14
1602.0          2.9976E-15
1603.0          -1.9096E-14
1604.0          -1.8208E-14
1605.0          5.8731E-14
1606.0          2.2204E-16
1607.0          8.2490E-14
1608.0          -2.6423E-14
1609.0          4.7851E-14
1610.0          -1.0214E-14
1611.0          -1.2434E-14
1612.0          3.5527E-15
1613.0          -6.6613E-15
1614.0          9.7700E-15
1615.0          -3.1086E-15
1616.0          -2.8866E-15
1617.0          -1.1102E-15
1618.0          1.2657E-14
1619.0          -8.8818E-16
1620.0          4.2188E-15
1621.0          5.3291E-15
1622.0          -1.1102E-15
1623.0          6.6613E-15
1624.0          0.0000
1625.0          -9.9920E-15
1626.0          2.6645E-15
1627.0          -1.5543E-15
1628.0          -4.4409E-16
1629.0          -5.1070E-15
1630.0          -8.8818E-16
1631.0          0.0000
1632.0          -6.6613E-16
1633.0          -4.4409E-16
1634.0          3.9968E-15
1635.0          2.4425E-15
1636.0          0.0000
1637.0          1.6653E-15
1638.0          -4.2188E-15
1639.0          -3.5527E-15
1640.0          1.2212E-15
1641.0          6.6613E-16
1642.0          1.3323E-15
1643.0          1.3323E-15
1644.0          3.5527E-15
1645.0          2.2204E-16
1646.0          -5.5511E-15
1647.0          3.9968E-15
1648.0          1.1102E-15
1649.0          2.2204E-16
1650.0          -1.3323E-15
