1400.0          0.44065
1401.0          0.74674
1402.0          0.96244
1403.0          0.99293
1404.0          0.91810
1405.0          0.82101
1406.0          0.73348
1407.0          0.66157
1408.0          0.60371
1409.0          0.55698
1410.0          0.51875
1411.0          0.48701
1412.0          0.46026
1413.0          0.43738
1414.0          0.41755
1415.0          0.40017
1416.0          0.38476
1417.0          0.37096
1418.0          0.35849
1419.0          0.34714
1420.0          0.33673
1421.0          0.32711
1422.0          0.31818
1423.0          0.30983
1424.0          0.30200
1425.0          0.29461
1426.0          0.28761
1427.0          0.28095
1428.0          0.27459
1429.0          0.26850
1430.0          0.26265
1431.0          0.25701
1432.0          0.25156
1433.0          0.24627
1434.0          0.24114
1435.0          0.23614
1436.0          0.23125
1437.0          0.22647
1438.0          0.22179
1439.0          0.21718
1440.0          0.21263
1441.0          0.20815
1442.0          0.20371
1443.0          0.19930
1444.0          0.19492
1445.0          0.19054
1446.0          0.18617
1447.0          0.18178
1448.0          0.17737
1449.0          0.17291
1450.0          0.16838
1451.0          0.16378
1452.0          0.15907
1453.0          0.15423
1454.0          0.14922
1455.0          0.14400
1456.0          0.13852
1457.0          0.13272
1458.0          0.12651
1459.0          0.11981
1460.0          0.11247
1461.0          0.10432
1462.0          0.095122
1463.0          0.084586
1464.0          0.072340
1465.0          0.058045
1466.0          0.041919
1467.0          0.027447
1468.0          0.037398
1469.0          0.22338
1470.0          0.92878
1471.0          0.80667
1472.0          0.53717
1473.0          0.40464
1474.0          0.33315
1475.0          0.28933
1476.0          0.25975
1477.0          0.23834
1478.0          0.22198
1479.0          0.20897
1480.0          0.19828
1481.0          0.18926
1482.0          0.18149
1483.0          0.17467
1484.0          0.16859
1485.0          0.16312
1486.0          0.15812
1487.0          0.15353
1488.0          0.14927
1489.0          0.14529
1490.0          0.14156
1491.0          0.13803
1492.0          0.13468
1493.0          0.13149
1494.0          0.12844
1495.0          0.12551
1496.0          0.12269
1497.0          0.11997
1498.0          0.11733
1499.0          0.11477
1500.0          0.11228
1501.0          0.10986
1502.0          0.10748
1503.0          0.10516
1504.0          0.10287
1505.0          0.10062
1506.0          0.098391
1507.0          0.096180
1508.0          0.093977
1509.0          0.091770
1510.0          0.089546
1511.0          0.087289
1512.0          0.084975
1513.0          0.082575
1514.0          0.080048
1515.0          0.077330
1516.0          0.074329
1517.0          0.070892
1518.0          0.066751
1519.0          0.061403
1520.0          0.053769
1521.0          0.041234
1522.0          0.021196
1523.0          0.78965
1524.0          0.17134
1525.0          0.12118
1526.0          0.10384
1527.0          0.094726
1528.0          0.088866
1529.0          0.084627
1530.0          0.081315
1531.0          0.078587
1532.0          0.076253
1533.0          0.074202
1534.0          0.072361
1535.0          0.070683
1536.0          0.069135
1537.0          0.067693
1538.0          0.066341
1539.0          0.065065
1540.0          0.063856
1541.0          0.062705
1542.0          0.061607
1543.0          0.060556
1544.0          0.059549
1545.0          0.058583
1546.0          0.057653
1547.0          0.056759
1548.0          0.055897
1549.0          0.055067
1550.0          0.054267
1551.0          0.053495
1552.0          0.052750
1553.0          0.052032
1554.0          0.051339
1555.0          0.050671
1556.0          0.050026
1557.0          0.049405
1558.0          0.048807
1559.0          0.048230
1560.0          0.047675
1561.0          0.047141
1562.0          0.046628
1563.0          0.046135
1564.0          0.045662
1565.0          0.045208
1566.0          0.044773
1567.0          0.044357
1568.0          0.043960
1569.0          0.043581
1570.0          0.043220
1571.0          0.042876
1572.0          0.042550
1573.0          0.042241
1574.0          0.041949
1575.0          0.041674
1576.0          0.041415
1577.0          0.041173
1578.0          0.040946
1579.0          0.040736
1580.0          0.040541
1581.0          0.040362
1582.0          0.040197
1583.0          0.040048
1584.0          0.039914
1585.0          0.039795
1586.0          0.039690
1587.0          0.039599
1588.0          0.039523
1589.0          0.039461
1590.0          0.039413
1591.0          0.039378
1592.0          0.039357
1593.0          0.039349
1594.0          0.039355
1595.0          0.039374
1596.0          0.039405
1597.0          0.039449
1598.0          0.039506
1599.0          0.039576
1600.0          0.039658
1601.0          0.039752
1602.0          0.039858
1603.0          0.039975
1604.0          0.040105
1605.0          0.040246
1606.0          0.040399
1607.0          0.040563
1608.0          0.040738
1609.0          0.040924
1610.0          0.041121
1611.0          0.041329
1612.0          0.041548
1613.0          0.041777
1614.0          0.042016
1615.0          0.042265
1616.0          0.042525
1617.0          0.042794
1618.0          0.043074
1619.0          0.043363
1620.0          0.043661
1621.0          0.043969
1622.0          0.044287
1623.0          0.044613
1624.0          0.044949
1625.0          0.045293
1626.0          0.045646
1627.0          0.046008
1628.0          0.046378
1629.0          0.046757
1630.0          0.047144
1631.0          0.047539
1632.0          0.047942
1633.0          0.048353
1634.0          0.048772
1635.0          0.049199
1636.0          0.049633
1637.0          0.050074
1638.0          0.050523
1639.0          0.050979
1640.0          0.051441
1641.0          0.051911
1642.0          0.052388
1643.0          0.052871
1644.0          0.053361
1645.0          0.053858
1646.0          0.054361
1647.0          0.054869
1648.0          0.055385
1649.0          0.055906
1650.0          0.056433
1400.0          0.55935
1401.0          0.25326
1402.0          0.037556
1403.0          0.0070732
1404.0          0.081895
1405.0          0.17899
1406.0          0.26652
1407.0          0.33843
1408.0          0.39629
1409.0          0.44302
1410.0          0.48125
1411.0          0.51299
1412.0          0.53974
1413.0          0.56262
1414.0          0.58245
1415.0          0.59983
1416.0          0.61524
1417.0          0.62904
1418.0          0.64151
1419.0          0.65286
1420.0          0.66327
1421.0          0.67289
1422.0          0.68182
1423.0          0.69017
1424.0          0.69800
1425.0          0.70539
1426.0          0.71239
1427.0          0.71905
1428.0          0.72541
1429.0          0.73150
1430.0          0.73735
1431.0          0.74299
1432.0          0.74844
1433.0          0.75373
1434.0          0.75886
1435.0          0.76386
1436.0          0.76875
1437.0          0.77353
1438.0          0.77821
1439.0          0.78282
1440.0          0.78737
1441.0          0.79185
1442.0          0.79629
1443.0          0.80070
1444.0          0.80508
1445.0          0.80946
1446.0          0.81383
1447.0          0.81822
1448.0          0.82263
1449.0          0.82709
1450.0          0.83162
1451.0          0.83622
1452.0          0.84093
1453.0          0.84577
1454.0          0.85078
1455.0          0.85600
1456.0          0.86148
1457.0          0.86728
1458.0          0.87349
1459.0          0.88019
1460.0          0.88753
1461.0          0.89568
1462.0          0.90488
1463.0          0.91541
1464.0          0.92766
1465.0          0.94195
1466.0          0.95808
1467.0          0.97255
1468.0          0.96260
1469.0          0.77662
1470.0          0.071219
1471.0          0.19333
1472.0          0.46283
1473.0          0.59536
1474.0          0.66685
1475.0          0.71067
1476.0          0.74025
1477.0          0.76166
1478.0          0.77802
1479.0          0.79103
1480.0          0.80172
1481.0          0.81074
1482.0          0.81851
1483.0          0.82533
1484.0          0.83141
1485.0          0.83688
1486.0          0.84188
1487.0          0.84647
1488.0          0.85073
1489.0          0.85471
1490.0          0.85844
1491.0          0.86197
1492.0          0.86532
1493.0          0.86851
1494.0          0.87156
1495.0          0.87449
1496.0          0.87731
1497.0          0.88003
1498.0          0.88267
1499.0          0.88523
1500.0          0.88772
1501.0          0.89014
1502.0          0.89252
1503.0          0.89484
1504.0          0.89713
1505.0          0.89938
1506.0          0.90161
1507.0          0.90382
1508.0          0.90602
1509.0          0.90823
1510.0          0.91045
1511.0          0.91271
1512.0          0.91502
1513.0          0.91742
1514.0          0.91995
1515.0          0.92267
1516.0          0.92567
1517.0          0.92911
1518.0          0.93325
1519.0          0.93860
1520.0          0.94623
1521.0          0.95877
1522.0          0.97880
1523.0          0.21035
1524.0          0.82866
1525.0          0.87882
1526.0          0.89616
1527.0          0.90527
1528.0          0.91113
1529.0          0.91537
1530.0          0.91869
1531.0          0.92141
1532.0          0.92375
1533.0          0.92580
1534.0          0.92764
1535.0          0.92932
1536.0          0.93087
1537.0          0.93231
1538.0          0.93366
1539.0          0.93493
1540.0          0.93614
1541.0          0.93729
1542.0          0.93839
1543.0          0.93944
1544.0          0.94045
1545.0          0.94142
1546.0          0.94235
1547.0          0.94324
1548.0          0.94410
1549.0          0.94493
1550.0          0.94573
1551.0          0.94651
1552.0          0.94725
1553.0          0.94797
1554.0          0.94866
1555.0          0.94933
1556.0          0.94997
1557.0          0.95059
1558.0          0.95119
1559.0          0.95177
1560.0          0.95232
1561.0          0.95286
1562.0          0.95337
1563.0          0.95387
1564.0          0.95434
1565.0          0.95479
1566.0          0.95523
1567.0          0.95564
1568.0          0.95604
1569.0          0.95642
1570.0          0.95678
1571.0          0.95712
1572.0          0.95745
1573.0          0.95776
1574.0          0.95805
1575.0          0.95833
1576.0          0.95858
1577.0          0.95883
1578.0          0.95905
1579.0          0.95926
1580.0          0.95946
1581.0          0.95964
1582.0          0.95980
1583.0          0.95995
1584.0          0.96009
1585.0          0.96021
1586.0          0.96031
1587.0          0.96040
1588.0          0.96048
1589.0          0.96054
1590.0          0.96059
1591.0          0.96062
1592.0          0.96064
1593.0          0.96065
1594.0          0.96065
1595.0          0.96063
1596.0          0.96059
1597.0          0.96055
1598.0          0.96049
1599.0          0.96042
1600.0          0.96034
1601.0          0.96025
1602.0          0.96014
1603.0          0.96002
1604.0          0.95989
1605.0          0.95975
1606.0          0.95960
1607.0          0.95944
1608.0          0.95926
1609.0          0.95908
1610.0          0.95888
1611.0          0.95867
1612.0          0.95845
1613.0          0.95822
1614.0          0.95798
1615.0          0.95773
1616.0          0.95748
1617.0          0.95721
1618.0          0.95693
1619.0          0.95664
1620.0          0.95634
1621.0          0.95603
1622.0          0.95571
1623.0          0.95539
1624.0          0.95505
1625.0          0.95471
1626.0          0.95435
1627.0          0.95399
1628.0          0.95362
1629.0          0.95324
1630.0          0.95286
1631.0          0.95246
1632.0          0.95206
1633.0          0.95165
1634.0          0.95123
1635.0          0.95080
1636.0          0.95037
1637.0          0.94993
1638.0          0.94948
1639.0          0.94902
1640.0          0.94856
1641.0          0.94809
1642.0          0.94761
1643.0          0.94713
1644.0          0.94664
1645.0          0.94614
1646.0          0.94564
1647.0          0.94513
1648.0          0.94462
1649.0          0.94409
1650.0          0.94357
1400.0          1.0000
1401.0          1.0000
1402.0          1.0000
1403.0          1.0000
1404.0          1.0000
1405.0          1.0000
1406.0          1.0000
1407.0          1.0000
1408.0          1.0000
1409.0          1.0000
1410.0          1.0000
1411.0          1.0000
1412.0          1.0000
1413.0          1.0000
1414.0          1.0000
1415.0          1.0000
1416.0          1.0000
1417.0          1.0000
1418.0          1.0000
1419.0          1.0000
1420.0          1.0000
1421.0          1.0000
1422.0          1.0000
1423.0          1.0000
1424.0          1.0000
1425.0          1.0000
1426.0          1.0000
1427.0          1.0000
1428.0          1.0000
1429.0          1.0000
1430.0          1.0000
1431.0          1.0000
1432.0          1.0000
1433.0          1.0000
1434.0          1.0000
1435.0          1.0000
1436.0          1.0000
1437.0          1.0000
1438.0          1.0000
1439.0          1.0000
1440.0          1.0000
1441.0          1.0000
1442.0          1.0000
1443.0          1.0000
1444.0          1.0000
1445.0          1.0000
1446.0          1.0000
1447.0          1.0000
1448.0          1.0000
1449.0          1.0000
1450.0          1.0000
1451.0          1.0000
1452.0          1.0000
1453.0          1.0000
1454.0          1.0000
1455.0          1.0000
1456.0          1.0000
1457.0          1.0000
1458.0          1.0000
1459.0          1.0000
1460.0          1.0000
1461.0          1.0000
1462.0          1.0000
1463.0          1.0000
1464.0          1.0000
1465.0          1.0000
1466.0          1.0000
1467.0          1.0000
1468.0          1.0000
1469.0          1.0000
1470.0          1.0000
1471.0          1.0000
1472.0          1.0000
1473.0          1.0000
1474.0          1.0000
1475.0          1.0000
1476.0          1.0000
1477.0          1.0000
1478.0          1.0000
1479.0          1.0000
1480.0          1.0000
1481.0          1.0000
1482.0          1.0000
1483.0          1.0000
1484.0          1.0000
1485.0          1.0000
1486.0          1.0000
1487.0          1.0000
1488.0          1.0000
1489.0          1.0000
1490.0          1.0000
1491.0          1.0000
1492.0          1.0000
1493.0          1.0000
1494.0          1.0000
1495.0          1.0000
1496.0          1.0000
1497.0          1.0000
1498.0          1.0000
1499.0          1.0000
1500.0          1.0000
1501.0          1.0000
1502.0          1.0000
1503.0          1.0000
1504.0          1.0000
1505.0          1.0000
1506.0          1.0000
1507.0          1.0000
1508.0          1.0000
1509.0          1.0000
1510.0          1.0000
1511.0          1.0000
1512.0          1.0000
1513.0          1.0000
1514.0          1.0000
1515.0          1.0000
1516.0          1.0000
1517.0          1.0000
1518.0          1.0000
1519.0          1.0000
1520.0          1.0000
1521.0          1.0000
1522.0          1.0000
1523.0          1.0000
1524.0          1.0000
1525.0          1.0000
1526.0          1.0000
1527.0          1.0000
1528.0          1.0000
1529.0          1.0000
1530.0          1.0000
1531.0          1.0000
1532.0          1.0000
1533.0          1.0000
1534.0          1.0000
1535.0          1.0000
1536.0          1.0000
1537.0          1.0000
1538.0          1.0000
1539.0          1.0000
1540.0          1.0000
1541.0          1.0000
1542.0          1.0000
1543.0          1.0000
1544.0          1.0000
1545.0          1.0000
1546.0          1.0000
1547.0          1.0000
1548.0          1.0000
1549.0          1.0000
1550.0          1.0000
1551.0          1.0000
1552.0          1.0000
1553.0          1.0000
1554.0          1.0000
1555.0          1.0000
1556.0          1.0000
1557.0          1.0000
1558.0          1.0000
1559.0          1.0000
1560.0          1.0000
1561.0          1.0000
1562.0          1.0000
1563.0          1.0000
1564.0          1.0000
1565.0          1.0000
1566.0          1.0000
1567.0          1.0000
1568.0          1.0000
1569.0          1.0000
1570.0          1.0000
1571.0          1.0000
1572.0          1.0000
1573.0          1.0000
1574.0          1.0000
1575.0          1.0000
1576.0          1.0000
1577.0          1.0000
1578.0          1.0000
1579.0          1.0000
1580.0          1.0000
1581.0          1.0000
1582.0          1.0000
1583.0          1.0000
1584.0          1.0000
1585.0          1.0000
1586.0          1.0000
1587.0          1.0000
1588.0          1.0000
1589.0          1.0000
1590.0          1.0000
1591.0          1.0000
1592.0          1.0000
1593.0          1.0000
1594.0          1.0000
1595.0          1.0000
1596.0          1.0000
1597.0          1.0000
1598.0          1.0000
1599.0          1.0000
1600.0          1.0000
1601.0          1.0000
1602.0          1.0000
1603.0          1.0000
1604.0          1.0000
1605.0          1.0000
1606.0          1.0000
1607.0          1.0000
1608.0          1.0000
1609.0          1.0000
1610.0          1.0000
1611.0          1.0000
1612.0          1.0000
1613.0          1.0000
1614.0          1.0000
1615.0          1.0000
1616.0          1.0000
1617.0          1.0000
1618.0          1.0000
1619.0          1.0000
1620.0          1.0000
1621.0          1.0000
1622.0          1.0000
1623.0          1.0000
1624.0          1.0000
1625.0          1.0000
1626.0          1.0000
1627.0          1.0000
1628.0          1.0000
1629.0          1.0000
1630.0          1.0000
1631.0          1.0000
1632.0          1.0000
1633.0          1.0000
1634.0          1.0000
1635.0          1.0000
1636.0          1.0000
1637.0          1.0000
1638.0          1.0000
1639.0          1.0000
1640.0          1.0000
1641.0          1.0000
1642.0          1.0000
1643.0          1.0000
1644.0          1.0000
1645.0          1.0000
1646.0          1.0000
1647.0          1.0000
1648.0          1.0000
1649.0          1.0000
1650.0          1.0000
1400.0          -1.3323E-15
1401.0          6.2172E-15
1402.0          2.4425E-15
1403.0          -6.4393E-15
1404.0          -1.0436E-14
1405.0          -5.7732E-15
1406.0          -7.1054E-15
1407.0          5.5511E-15
1408.0          2.8866E-15
1409.0          -2.4425E-15
1410.0          -1.0658E-14
1411.0          1.5543E-15
1412.0          1.6653E-15
1413.0          7.1054E-15
1414.0          -1.3323E-15
1415.0          3.7748E-15
1416.0          3.3307E-16
1417.0          4.4409E-16
1418.0          -2.2204E-15
1419.0          1.1102E-16
1420.0          3.3307E-15
1421.0          1.1102E-15
1422.0          -2.2204E-15
1423.0          -6.6613E-16
1424.0          1.3323E-15
1425.0          -8.8818E-16
1426.0          -1.5543E-15
1427.0          -4.4409E-15
1428.0          -1.7764E-15
1429.0          0.0000
1430.0          1.5543E-15
1431.0          1.5543E-15
1432.0          -5.1070E-15
1433.0          9.9920E-16
1434.0          -4.6629E-15
1435.0          8.8818E-16
1436.0          -4.4409E-16
1437.0          -8.8818E-16
1438.0          6.6613E-16
1439.0          -4.4409E-16
1440.0          0.0000
1441.0          5.6621E-15
1442.0          -6.8834E-15
1443.0          1.5543E-15
1444.0          5.5511E-16
1445.0          6.6613E-16
1446.0          1.9984E-15
1447.0          4.5519E-15
1448.0          -3.1086E-15
1449.0          -3.1086E-15
1450.0          -2.4425E-15
1451.0          2.2204E-16
1452.0          -2.6645E-15
1453.0          5.4401E-15
1454.0          3.4417E-15
1455.0          -2.2204E-16
1456.0          1.3323E-15
1457.0          5.5511E-16
1458.0          6.7724E-15
1459.0          -2.2204E-15
1460.0          -2.2204E-16
1461.0          3.3307E-16
1462.0          -3.1086E-15
1463.0          2.4425E-15
1464.0          -2.6645E-15
1465.0          2.2204E-16
1466.0          3.3307E-16
1467.0          1.2212E-15
1468.0          -2.3759E-14
1469.0          7.1054E-15
1470.0          6.5836E-14
1471.0          -9.9920E-15
1472.0          -1.8652E-14
1473.0          -2.6645E-15
1474.0          -4.4409E-15
1475.0          -7.5495E-15
1476.0          -3.5527E-15
1477.0          -2.2204E-15
1478.0          -4.4409E-16
1479.0          2.2204E-16
1480.0          -4.4409E-16
1481.0          -1.5543E-15
1482.0          4.8850E-15
1483.0          -2.2204E-16
1484.0          -3.1086E-15
1485.0          1.1102E-15
1486.0          6.6613E-16
1487.0          1.6653E-15
1488.0          -3.3307E-15
1489.0          5.7732E-15
1490.0          0.0000
1491.0          -1.7764E-15
1492.0          -2.6645E-15
1493.0          5.3291E-15
1494.0          -3.7748E-15
1495.0          -8.8818E-16
1496.0          -3.7748E-15
1497.0          -1.9984E-15
1498.0          4.4409E-16
1499.0          1.1102E-16
1500.0          -9.5479E-15
1501.0          3.2196E-15
1502.0          -2.2204E-15
1503.0          4.4409E-16
1504.0          4.4409E-16
1505.0          -2.2204E-16
1506.0          9.9920E-16
1507.0          1.3323E-15
1508.0          -3.3307E-15
1509.0          -1.3323E-15
1510.0          -2.2204E-16
1511.0          2.5535E-15
1512.0          -4.4409E-16
1513.0          -6.6613E-16
1514.0          -4.4409E-16
1515.0          -2.4425E-15
1516.0          -3.9968E-15
1517.0          -4.4409E-16
1518.0          -1.7764E-15
1519.0          1.4433E-15
1520.0          -1.1102E-15
1521.0          -6.4393E-15
1522.0          1.8319E-14
1523.0          7.7827E-14
1524.0          9.2149E-15
1525.0          2.2204E-15
1526.0          -3.1086E-15
1527.0          -2.8866E-15
1528.0          -1.3323E-15
1529.0          3.5527E-15
1530.0          2.7756E-15
1531.0          5.5511E-16
1532.0          8.8818E-16
1533.0          -2.2204E-16
1534.0          -1.3323E-15
1535.0          6.6613E-16
1536.0          -7.1054E-15
1537.0          -4.4409E-16
1538.0          -4.4409E-16
1539.0          5.5511E-16
1540.0          6.6613E-16
1541.0          3.9968E-15
1542.0          1.5543E-15
1543.0          3.5527E-15
1544.0          2.8866E-15
1545.0          -2.4425E-15
1546.0          5.5511E-16
1547.0          1.7764E-15
1548.0          1.5543E-15
1549.0          -8.8818E-16
1550.0          -1.3323E-15
1551.0          -1.7764E-15
1552.0          1.3323E-15
1553.0          3.3307E-16
1554.0          -1.3323E-15
1555.0          6.6613E-16
1556.0          2.4425E-15
1557.0          1.9984E-15
1558.0          5.1070E-15
1559.0          -4.4409E-16
1560.0          4.3299E-15
1561.0          3.8858E-15
1562.0          3.1086E-15
1563.0          1.1102E-16
1564.0          -2.2204E-16
1565.0          8.8818E-16
1566.0          0.0000
1567.0          2.4425E-15
1568.0          -1.3323E-15
1569.0          2.2204E-15
1570.0          3.7748E-15
1571.0          -2.2204E-16
1572.0          2.5535E-15
1573.0          7.7716E-16
1574.0          -2.2204E-16
1575.0          -2.2204E-15
1576.0          -6.6613E-16
1577.0          1.6653E-15
1578.0          -4.4409E-16
1579.0          2.8866E-15
1580.0          0.0000
1581.0          -4.4409E-16
1582.0          1.2212E-15
1583.0          -2.2204E-16
1584.0          1.9984E-15
1585.0          -1.1102E-15
1586.0          1.5543E-15
1587.0          -8.8818E-16
1588.0          -1.1102E-15
1589.0          9.9920E-16
1590.0          0.0000
1591.0          -4.6629E-15
1592.0          -4.4409E-16
1593.0          -1.1102E-15
1594.0          1.3323E-15
1595.0          -3.7748E-15
1596.0          -1.7764E-15
1597.0          1.6653E-15
1598.0          0.0000
1599.0          5.5511E-16
1600.0          3.3307E-16
1601.0          -2.2204E-15
1602.0          -1.9984E-15
1603.0          1.1102E-15
1604.0          -4.4409E-15
1605.0          -6.6613E-16
1606.0          -6.6613E-16
1607.0          1.3323E-15
1608.0          1.2212E-15
1609.0          3.5527E-15
1610.0          -2.2204E-15
1611.0          -3.3307E-15
1612.0          1.8874E-15
1613.0          -2.2204E-15
1614.0          3.9968E-15
1615.0          5.1070E-15
1616.0          4.2188E-15
1617.0          -6.6613E-16
1618.0          8.8818E-16
1619.0          -9.9920E-15
1620.0          -6.6613E-15
1621.0          -2.4425E-15
1622.0          -1.5543E-15
1623.0          -3.9968E-15
1624.0          3.1086E-15
1625.0          3.7748E-15
1626.0          5.9952E-15
1627.0          -2.6645E-15
1628.0          3.9968E-15
1629.0          -3.3307E-15
1630.0          6.9944E-15
1631.0          -3.3307E-15
1632.0          -3.5527E-15
1633.0          -4.4409E-16
1634.0          3.7748E-15
1635.0          -8.8818E-16
1636.0          -6.6613E-16
1637.0          2.7756E-15
1638.0          -1.7764E-15
1639.0          3.6637E-15
1640.0          1.1102E-15
1641.0          3.6637E-15
1642.0          8.2157E-15
1643.0          -3.5527E-15
1644.0          4.9960E-15
1645.0          5.3291E-15
1646.0          4.6629E-15
1647.0          6.1062E-15
1648.0          4.8850E-15
1649.0          -4.4409E-15
1650.0          -8.8818E-16
