1400.0          0.95369
1401.0          0.95236
1402.0          0.95104
1403.0          0.94973
1404.0          0.94843
1405.0          0.94713
1406.0          0.94584
1407.0          0.94456
1408.0          0.94329
1409.0          0.94203
1410.0          0.94077
1411.0          0.93953
1412.0          0.93829
1413.0          0.93706
1414.0          0.93584
1415.0          0.93463
1416.0          0.93343
1417.0          0.93223
1418.0          0.93104
1419.0          0.92986
1420.0          0.92869
1421.0          0.92753
1422.0          0.92638
1423.0          0.92523
1424.0          0.92409
1425.0          0.92296
1426.0          0.92184
1427.0          0.92072
1428.0          0.91962
1429.0          0.91852
1430.0          0.91742
1431.0          0.91634
1432.0          0.91526
1433.0          0.91419
1434.0          0.91312
1435.0          0.91206
1436.0          0.91101
1437.0          0.90997
1438.0          0.90893
1439.0          0.90790
1440.0          0.90687
1441.0          0.90585
1442.0          0.90484
1443.0          0.90383
1444.0          0.90283
1445.0          0.90183
1446.0          0.90084
1447.0          0.89985
1448.0          0.89887
1449.0          0.89790
1450.0          0.89693
1451.0          0.89597
1452.0          0.89501
1453.0          0.89405
1454.0          0.89310
1455.0          0.89216
1456.0          0.89122
1457.0          0.89029
1458.0          0.88936
1459.0          0.88843
1460.0          0.88751
1461.0          0.88659
1462.0          0.88568
1463.0          0.88477
1464.0          0.88387
1465.0          0.88297
1466.0          0.88207
1467.0          0.88118
1468.0          0.88029
1469.0          0.87940
1470.0          0.87852
1471.0          0.87764
1472.0          0.87677
1473.0          0.87590
1474.0          0.87503
1475.0          0.87417
1476.0          0.87331
1477.0          0.87245
1478.0          0.87160
1479.0          0.87074
1480.0          0.86990
1481.0          0.86905
1482.0          0.86821
1483.0          0.86737
1484.0          0.86653
1485.0          0.86570
1486.0          0.86487
1487.0          0.86404
1488.0          0.86322
1489.0          0.86240
1490.0          0.86158
1491.0          0.86076
1492.0          0.85994
1493.0          0.85913
1494.0          0.85832
1495.0          0.85751
1496.0          0.85671
1497.0          0.85591
1498.0          0.85511
1499.0          0.85431
1500.0          0.85351
1501.0          0.85272
1502.0          0.85193
1503.0          0.85114
1504.0          0.85035
1505.0          0.84956
1506.0          0.84878
1507.0          0.84800
1508.0          0.84722
1509.0          0.84644
1510.0          0.84567
1511.0          0.84489
1512.0          0.84412
1513.0          0.84335
1514.0          0.84258
1515.0          0.84181
1516.0          0.84105
1517.0          0.84029
1518.0          0.83952
1519.0          0.83876
1520.0          0.83801
1521.0          0.83725
1522.0          0.83649
1523.0          0.83574
1524.0          0.83499
1525.0          0.83424
1526.0          0.83349
1527.0          0.83274
1528.0          0.83199
1529.0          0.83125
1530.0          0.83051
1531.0          0.82976
1532.0          0.82902
1533.0          0.82829
1534.0          0.82755
1535.0          0.82681
1536.0          0.82608
1537.0          0.82534
1538.0          0.82461
1539.0          0.82388
1540.0          0.82315
1541.0          0.82242
1542.0          0.82169
1543.0          0.82097
1544.0          0.82024
1545.0          0.81952
1546.0          0.81879
1547.0          0.81807
1548.0          0.81735
1549.0          0.81663
1550.0          0.81592
1551.0          0.81520
1552.0          0.81448
1553.0          0.81377
1554.0          0.81305
1555.0          0.81234
1556.0          0.81163
1557.0          0.81092
1558.0          0.81021
1559.0          0.80950
1560.0          0.80879
1561.0          0.80809
1562.0          0.80738
1563.0          0.80668
1564.0          0.80597
1565.0          0.80527
1566.0          0.80457
1567.0          0.80387
1568.0          0.80317
1569.0          0.80247
1570.0          0.80177
1571.0          0.80107
1572.0          0.80038
1573.0          0.79968
1574.0          0.79899
1575.0          0.79830
1576.0          0.79760
1577.0          0.79691
1578.0          0.79622
1579.0          0.79553
1580.0          0.79484
1581.0          0.79415
1582.0          0.79347
1583.0          0.79278
1584.0          0.79209
1585.0          0.79141
1586.0          0.79072
1587.0          0.79004
1588.0          0.78936
1589.0          0.78868
1590.0          0.78800
1591.0          0.78732
1592.0          0.78664
1593.0          0.78596
1594.0          0.78528
1595.0          0.78460
1596.0          0.78393
1597.0          0.78325
1598.0          0.78258
1599.0          0.78190
1600.0          0.78123
1601.0          0.78056
1602.0          0.77989
1603.0          0.77922
1604.0          0.77855
1605.0          0.77788
1606.0          0.77721
1607.0          0.77654
1608.0          0.77587
1609.0          0.77521
1610.0          0.77454
1611.0          0.77388
1612.0          0.77321
1613.0          0.77255
1614.0          0.77188
1615.0          0.77122
1616.0          0.77056
1617.0          0.76990
1618.0          0.76924
1619.0          0.76858
1620.0          0.76792
1621.0          0.76726
1622.0          0.76661
1623.0          0.76595
1624.0          0.76529
1625.0          0.76464
1626.0          0.76398
1627.0          0.76333
1628.0          0.76268
1629.0          0.76202
1630.0          0.76137
1631.0          0.76072
1632.0          0.76007
1633.0          0.75942
1634.0          0.75877
1635.0          0.75812
1636.0          0.75747
1637.0          0.75683
1638.0          0.75618
1639.0          0.75553
1640.0          0.75489
1641.0          0.75424
1642.0          0.75360
1643.0          0.75295
1644.0          0.75231
1645.0          0.75167
1646.0          0.75103
1647.0          0.75039
1648.0          0.74975
1649.0          0.74911
1650.0          0.74847
1400.0          0.046308
1401.0          0.047636
1402.0          0.048956
1403.0          0.050269
1404.0          0.051573
1405.0          0.052870
1406.0          0.054158
1407.0          0.055438
1408.0          0.056709
1409.0          0.057972
1410.0          0.059227
1411.0          0.060473
1412.0          0.061710
1413.0          0.062939
1414.0          0.064160
1415.0          0.065371
1416.0          0.066575
1417.0          0.067770
1418.0          0.068957
1419.0          0.070135
1420.0          0.071306
1421.0          0.072468
1422.0          0.073622
1423.0          0.074768
1424.0          0.075907
1425.0          0.077037
1426.0          0.078160
1427.0          0.079275
1428.0          0.080383
1429.0          0.081483
1430.0          0.082577
1431.0          0.083663
1432.0          0.084741
1433.0          0.085813
1434.0          0.086878
1435.0          0.087937
1436.0          0.088988
1437.0          0.090033
1438.0          0.091072
1439.0          0.092104
1440.0          0.093130
1441.0          0.094150
1442.0          0.095164
1443.0          0.096172
1444.0          0.097174
1445.0          0.098171
1446.0          0.099161
1447.0          0.10015
1448.0          0.10113
1449.0          0.10210
1450.0          0.10307
1451.0          0.10403
1452.0          0.10499
1453.0          0.10595
1454.0          0.10690
1455.0          0.10784
1456.0          0.10878
1457.0          0.10971
1458.0          0.11064
1459.0          0.11157
1460.0          0.11249
1461.0          0.11341
1462.0          0.11432
1463.0          0.11523
1464.0          0.11613
1465.0          0.11703
1466.0          0.11793
1467.0          0.11882
1468.0          0.11971
1469.0          0.12060
1470.0          0.12148
1471.0          0.12236
1472.0          0.12323
1473.0          0.12410
1474.0          0.12497
1475.0          0.12583
1476.0          0.12669
1477.0          0.12755
1478.0          0.12840
1479.0          0.12926
1480.0          0.13010
1481.0          0.13095
1482.0          0.13179
1483.0          0.13263
1484.0          0.13347
1485.0          0.13430
1486.0          0.13513
1487.0          0.13596
1488.0          0.13678
1489.0          0.13760
1490.0          0.13842
1491.0          0.13924
1492.0          0.14006
1493.0          0.14087
1494.0          0.14168
1495.0          0.14249
1496.0          0.14329
1497.0          0.14409
1498.0          0.14489
1499.0          0.14569
1500.0          0.14649
1501.0          0.14728
1502.0          0.14807
1503.0          0.14886
1504.0          0.14965
1505.0          0.15044
1506.0          0.15122
1507.0          0.15200
1508.0          0.15278
1509.0          0.15356
1510.0          0.15433
1511.0          0.15511
1512.0          0.15588
1513.0          0.15665
1514.0          0.15742
1515.0          0.15819
1516.0          0.15895
1517.0          0.15971
1518.0          0.16048
1519.0          0.16124
1520.0          0.16199
1521.0          0.16275
1522.0          0.16351
1523.0          0.16426
1524.0          0.16501
1525.0          0.16576
1526.0          0.16651
1527.0          0.16726
1528.0          0.16801
1529.0          0.16875
1530.0          0.16949
1531.0          0.17024
1532.0          0.17098
1533.0          0.17171
1534.0          0.17245
1535.0          0.17319
1536.0          0.17392
1537.0          0.17466
1538.0          0.17539
1539.0          0.17612
1540.0          0.17685
1541.0          0.17758
1542.0          0.17831
1543.0          0.17903
1544.0          0.17976
1545.0          0.18048
1546.0          0.18121
1547.0          0.18193
1548.0          0.18265
1549.0          0.18337
1550.0          0.18408
1551.0          0.18480
1552.0          0.18552
1553.0          0.18623
1554.0          0.18695
1555.0          0.18766
1556.0          0.18837
1557.0          0.18908
1558.0          0.18979
1559.0          0.19050
1560.0          0.19121
1561.0          0.19191
1562.0          0.19262
1563.0          0.19332
1564.0          0.19403
1565.0          0.19473
1566.0          0.19543
1567.0          0.19613
1568.0          0.19683
1569.0          0.19753
1570.0          0.19823
1571.0          0.19893
1572.0          0.19962
1573.0          0.20032
1574.0          0.20101
1575.0          0.20170
1576.0          0.20240
1577.0          0.20309
1578.0          0.20378
1579.0          0.20447
1580.0          0.20516
1581.0          0.20585
1582.0          0.20653
1583.0          0.20722
1584.0          0.20791
1585.0          0.20859
1586.0          0.20928
1587.0          0.20996
1588.0          0.21064
1589.0          0.21132
1590.0          0.21200
1591.0          0.21268
1592.0          0.21336
1593.0          0.21404
1594.0          0.21472
1595.0          0.21540
1596.0          0.21607
1597.0          0.21675
1598.0          0.21742
1599.0          0.21810
1600.0          0.21877
1601.0          0.21944
1602.0          0.22011
1603.0          0.22078
1604.0          0.22145
1605.0          0.22212
1606.0          0.22279
1607.0          0.22346
1608.0          0.22413
1609.0          0.22479
1610.0          0.22546
1611.0          0.22612
1612.0          0.22679
1613.0          0.22745
1614.0          0.22812
1615.0          0.22878
1616.0          0.22944
1617.0          0.23010
1618.0          0.23076
1619.0          0.23142
1620.0          0.23208
1621.0          0.23274
1622.0          0.23339
1623.0          0.23405
1624.0          0.23471
1625.0          0.23536
1626.0          0.23602
1627.0          0.23667
1628.0          0.23732
1629.0          0.23798
1630.0          0.23863
1631.0          0.23928
1632.0          0.23993
1633.0          0.24058
1634.0          0.24123
1635.0          0.24188
1636.0          0.24253
1637.0          0.24317
1638.0          0.24382
1639.0          0.24447
1640.0          0.24511
1641.0          0.24576
1642.0          0.24640
1643.0          0.24705
1644.0          0.24769
1645.0          0.24833
1646.0          0.24897
1647.0          0.24961
1648.0          0.25025
1649.0          0.25089
1650.0          0.25153
1400.0          1.0000
1401.0          1.0000
1402.0          1.0000
1403.0          1.0000
1404.0          1.0000
1405.0          1.0000
1406.0          1.0000
1407.0          1.0000
1408.0          1.0000
1409.0          1.0000
1410.0          1.0000
1411.0          1.0000
1412.0          1.0000
1413.0          1.0000
1414.0          1.0000
1415.0          1.0000
1416.0          1.0000
1417.0          1.0000
1418.0          1.0000
1419.0          1.0000
1420.0          1.0000
1421.0          1.0000
1422.0          1.0000
1423.0          1.0000
1424.0          1.0000
1425.0          1.0000
1426.0          1.0000
1427.0          1.0000
1428.0          1.0000
1429.0          1.0000
1430.0          1.0000
1431.0          1.0000
1432.0          1.0000
1433.0          1.0000
1434.0          1.0000
1435.0          1.0000
1436.0          1.0000
1437.0          1.0000
1438.0          1.0000
1439.0          1.0000
1440.0          1.0000
1441.0          1.0000
1442.0          1.0000
1443.0          1.0000
1444.0          1.0000
1445.0          1.0000
1446.0          1.0000
1447.0          1.0000
1448.0          1.0000
1449.0          1.0000
1450.0          1.0000
1451.0          1.0000
1452.0          1.0000
1453.0          1.0000
1454.0          1.0000
1455.0          1.0000
1456.0          1.0000
1457.0          1.0000
1458.0          1.0000
1459.0          1.0000
1460.0          1.0000
1461.0          1.0000
1462.0          1.0000
1463.0          1.0000
1464.0          1.0000
1465.0          1.0000
1466.0          1.0000
1467.0          1.0000
1468.0          1.0000
1469.0          1.0000
1470.0          1.0000
1471.0          1.0000
1472.0          1.0000
1473.0          1.0000
1474.0          1.0000
1475.0          1.0000
1476.0          1.0000
1477.0          1.0000
1478.0          1.0000
1479.0          1.0000
1480.0          1.0000
1481.0          1.0000
1482.0          1.0000
1483.0          1.0000
1484.0          1.0000
1485.0          1.0000
1486.0          1.0000
1487.0          1.0000
1488.0          1.0000
1489.0          1.0000
1490.0          1.0000
1491.0          1.0000
1492.0          1.0000
1493.0          1.0000
1494.0          1.0000
1495.0          1.0000
1496.0          1.0000
1497.0          1.0000
1498.0          1.0000
1499.0          1.0000
1500.0          1.0000
1501.0          1.0000
1502.0          1.0000
1503.0          1.0000
1504.0          1.0000
1505.0          1.0000
1506.0          1.0000
1507.0          1.0000
1508.0          1.0000
1509.0          1.0000
1510.0          1.0000
1511.0          1.0000
1512.0          1.0000
1513.0          1.0000
1514.0          1.0000
1515.0          1.0000
1516.0          1.0000
1517.0          1.0000
1518.0          1.0000
1519.0          1.0000
1520.0          1.0000
1521.0          1.0000
1522.0          1.0000
1523.0          1.0000
1524.0          1.0000
1525.0          1.0000
1526.0          1.0000
1527.0          1.0000
1528.0          1.0000
1529.0          1.0000
1530.0          1.0000
1531.0          1.0000
1532.0          1.0000
1533.0          1.0000
1534.0          1.0000
1535.0          1.0000
1536.0          1.0000
1537.0          1.0000
1538.0          1.0000
1539.0          1.0000
1540.0          1.0000
1541.0          1.0000
1542.0          1.0000
1543.0          1.0000
1544.0          1.0000
1545.0          1.0000
1546.0          1.0000
1547.0          1.0000
1548.0          1.0000
1549.0          1.0000
1550.0          1.0000
1551.0          1.0000
1552.0          1.0000
1553.0          1.0000
1554.0          1.0000
1555.0          1.0000
1556.0          1.0000
1557.0          1.0000
1558.0          1.0000
1559.0          1.0000
1560.0          1.0000
1561.0          1.0000
1562.0          1.0000
1563.0          1.0000
1564.0          1.0000
1565.0          1.0000
1566.0          1.0000
1567.0          1.0000
1568.0          1.0000
1569.0          1.0000
1570.0          1.0000
1571.0          1.0000
1572.0          1.0000
1573.0          1.0000
1574.0          1.0000
1575.0          1.0000
1576.0          1.0000
1577.0          1.0000
1578.0          1.0000
1579.0          1.0000
1580.0          1.0000
1581.0          1.0000
1582.0          1.0000
1583.0          1.0000
1584.0          1.0000
1585.0          1.0000
1586.0          1.0000
1587.0          1.0000
1588.0          1.0000
1589.0          1.0000
1590.0          1.0000
1591.0          1.0000
1592.0          1.0000
1593.0          1.0000
1594.0          1.0000
1595.0          1.0000
1596.0          1.0000
1597.0          1.0000
1598.0          1.0000
1599.0          1.0000
1600.0          1.0000
1601.0          1.0000
1602.0          1.0000
1603.0          1.0000
1604.0          1.0000
1605.0          1.0000
1606.0          1.0000
1607.0          1.0000
1608.0          1.0000
1609.0          1.0000
1610.0          1.0000
1611.0          1.0000
1612.0          1.0000
1613.0          1.0000
1614.0          1.0000
1615.0          1.0000
1616.0          1.0000
1617.0          1.0000
1618.0          1.0000
1619.0          1.0000
1620.0          1.0000
1621.0          1.0000
1622.0          1.0000
1623.0          1.0000
1624.0          1.0000
1625.0          1.0000
1626.0          1.0000
1627.0          1.0000
1628.0          1.0000
1629.0          1.0000
1630.0          1.0000
1631.0          1.0000
1632.0          1.0000
1633.0          1.0000
1634.0          1.0000
1635.0          1.0000
1636.0          1.0000
1637.0          1.0000
1638.0          1.0000
1639.0          1.0000
1640.0          1.0000
1641.0          1.0000
1642.0          1.0000
1643.0          1.0000
1644.0          1.0000
1645.0          1.0000
1646.0          1.0000
1647.0          1.0000
1648.0          1.0000
1649.0          1.0000
1650.0          1.0000
1400.0          -8.8818E-16
1401.0          1.6653E-15
1402.0          -1.1102E-15
1403.0          2.5535E-15
1404.0          3.9968E-15
1405.0          -3.3307E-15
1406.0          -2.6645E-15
1407.0          3.3307E-15
1408.0          3.5527E-15
1409.0          -1.1102E-15
1410.0          -2.6645E-15
1411.0          1.1102E-15
1412.0          -8.8818E-16
1413.0          4.5519E-15
1414.0          -1.5543E-15
1415.0          0.0000
1416.0          -1.9984E-15
1417.0          -2.2204E-16
1418.0          1.8874E-15
1419.0          -1.5543E-15
1420.0          2.6645E-15
1421.0          2.2204E-16
1422.0          -2.2204E-16
1423.0          -2.2204E-15
1424.0          -1.5543E-15
1425.0          4.4409E-16
1426.0          6.6613E-16
1427.0          -6.6613E-16
1428.0          -1.9984E-15
1429.0          2.6645E-15
1430.0          7.7716E-16
1431.0          -1.9984E-15
1432.0          -1.9984E-15
1433.0          -2.2204E-15
1434.0          -3.7748E-15
1435.0          1.4433E-15
1436.0          0.0000
1437.0          1.1102E-16
1438.0          -1.3323E-15
1439.0          1.4433E-15
1440.0          0.0000
1441.0          -8.8818E-16
1442.0          -6.6613E-16
1443.0          -1.5543E-15
1444.0          -4.4409E-16
1445.0          -6.6613E-16
1446.0          0.0000
1447.0          -4.4409E-15
1448.0          0.0000
1449.0          -1.7764E-15
1450.0          -1.3323E-15
1451.0          0.0000
1452.0          4.4409E-16
1453.0          -2.2204E-16
1454.0          5.5511E-16
1455.0          4.4409E-16
1456.0          2.2204E-16
1457.0          0.0000
1458.0          -6.6613E-16
1459.0          -2.6645E-15
1460.0          -1.5543E-15
1461.0          5.5511E-16
1462.0          2.4425E-15
1463.0          1.1102E-16
1464.0          3.3307E-16
1465.0          1.2212E-15
1466.0          -1.7764E-15
1467.0          -1.3323E-15
1468.0          1.2212E-15
1469.0          -2.2204E-16
1470.0          -2.4425E-15
1471.0          2.2204E-15
1472.0          3.1086E-15
1473.0          -4.4409E-16
1474.0          4.4409E-16
1475.0          1.1102E-16
1476.0          4.4409E-16
1477.0          4.4409E-16
1478.0          1.8874E-15
1479.0          -3.9968E-15
1480.0          -2.2204E-15
1481.0          6.6613E-16
1482.0          -1.1102E-15
1483.0          -3.1086E-15
1484.0          -1.1102E-15
1485.0          -1.5543E-15
1486.0          2.1094E-15
1487.0          1.7764E-15
1488.0          4.4409E-16
1489.0          -4.4409E-16
1490.0          -1.1102E-15
1491.0          -1.1102E-15
1492.0          3.3307E-15
1493.0          -1.1102E-15
1494.0          0.0000
1495.0          8.8818E-16
1496.0          -4.4409E-16
1497.0          1.3323E-15
1498.0          -8.8818E-16
1499.0          6.6613E-16
1500.0          0.0000
1501.0          -1.7764E-15
1502.0          -1.5543E-15
1503.0          3.3307E-16
1504.0          1.7764E-15
1505.0          -3.3307E-15
1506.0          1.1102E-15
1507.0          2.4425E-15
1508.0          -8.8818E-16
1509.0          -8.8818E-16
1510.0          8.8818E-16
1511.0          -1.7764E-15
1512.0          -1.3323E-15
1513.0          -4.4409E-16
1514.0          2.2204E-16
1515.0          2.4425E-15
1516.0          -3.5527E-15
1517.0          -2.4425E-15
1518.0          1.2212E-15
1519.0          -1.7764E-15
1520.0          -2.4425E-15
1521.0          -3.3307E-15
1522.0          -2.6645E-15
1523.0          -2.2204E-15
1524.0          2.4425E-15
1525.0          0.0000
1526.0          1.9984E-15
1527.0          -4.4409E-16
1528.0          3.5527E-15
1529.0          3.4417E-15
1530.0          1.4433E-15
1531.0          -4.4409E-16
1532.0          3.2196E-15
1533.0          -5.5511E-15
1534.0          1.9984E-15
1535.0          -8.8818E-16
1536.0          1.1102E-15
1537.0          -3.5527E-15
1538.0          1.1102E-15
1539.0          -6.6613E-16
1540.0          4.4409E-16
1541.0          1.1102E-15
1542.0          1.1102E-16
1543.0          2.4425E-15
1544.0          2.1094E-15
1545.0          -1.1102E-15
1546.0          3.3307E-15
1547.0          -1.1102E-15
1548.0          3.3307E-15
1549.0          -8.8818E-16
1550.0          2.3315E-15
1551.0          6.6613E-16
1552.0          1.1102E-16
1553.0          8.8818E-16
1554.0          3.3307E-16
1555.0          -4.4409E-16
1556.0          6.6613E-16
1557.0          9.9920E-16
1558.0          8.8818E-16
1559.0          1.9984E-15
1560.0          1.1102E-15
1561.0          -4.4409E-16
1562.0          -2.8866E-15
1563.0          -8.8818E-16
1564.0          -1.3323E-15
1565.0          -1.9984E-15
1566.0          8.8818E-16
1567.0          -2.8866E-15
1568.0          3.3307E-15
1569.0          1.3323E-15
1570.0          8.8818E-16
1571.0          -3.1086E-15
1572.0          1.5543E-15
1573.0          1.6653E-15
1574.0          4.4409E-16
1575.0          1.4433E-15
1576.0          -6.6613E-16
1577.0          -2.2204E-16
1578.0          2.8866E-15
1579.0          1.1102E-15
1580.0          0.0000
1581.0          -1.1102E-15
1582.0          1.5543E-15
1583.0          7.7716E-16
1584.0          8.8818E-16
1585.0          -2.8866E-15
1586.0          4.4409E-16
1587.0          1.5543E-15
1588.0          -4.4409E-16
1589.0          6.6613E-16
1590.0          -1.5543E-15
1591.0          4.4409E-16
1592.0          -2.8866E-15
1593.0          3.5527E-15
1594.0          2.9976E-15
1595.0          -6.6613E-16
1596.0          -1.5543E-15
1597.0          3.8858E-15
1598.0          -3.3307E-15
1599.0          1.2212E-15
1600.0          -1.7764E-15
1601.0          1.7764E-15
1602.0          -3.9968E-15
1603.0          -1.7764E-15
1604.0          2.1094E-15
1605.0          -3.1086E-15
1606.0          -3.1086E-15
1607.0          3.6637E-15
1608.0          -1.5543E-15
1609.0          -2.6645E-15
1610.0          -1.7764E-15
1611.0          3.3307E-15
1612.0          2.2204E-16
1613.0          2.3315E-15
1614.0          -2.2204E-16
1615.0          3.4417E-15
1616.0          -2.2204E-15
1617.0          -4.4409E-16
1618.0          -4.4409E-16
1619.0          -1.3323E-15
1620.0          1.6653E-15
1621.0          -8.8818E-16
1622.0          -6.6613E-16
1623.0          -1.7764E-15
1624.0          -1.3323E-15
1625.0          -1.7764E-15
1626.0          -2.2204E-16
1627.0          -2.2204E-16
1628.0          9.9920E-16
1629.0          0.0000
1630.0          -2.2204E-16
1631.0          -4.4409E-16
1632.0          -3.3307E-15
1633.0          1.1102E-16
1634.0          -4.4409E-16
1635.0          0.0000
1636.0          -6.6613E-16
1637.0          3.3307E-16
1638.0          -1.3323E-15
1639.0          4.9960E-15
1640.0          -3.5527E-15
1641.0          1.3323E-15
1642.0          -3.3307E-15
1643.0          -1.3323E-15
1644.0          2.2204E-16
1645.0          -1.9984E-15
1646.0          1.6653E-15
1647.0          -2.6645E-15
1648.0          -1.3323E-15
1649.0          7.7716E-16
1650.0          -1.7764E-15
