1400.0          0.56645
1401.0          0.56630
1402.0          0.56615
1403.0          0.56600
1404.0          0.56584
1405.0          0.56569
1406.0          0.56554
1407.0          0.56538
1408.0          0.56522
1409.0          0.56506
1410.0          0.56490
1411.0          0.56474
1412.0          0.56458
1413.0          0.56442
1414.0          0.56425
1415.0          0.56409
1416.0          0.56392
1417.0          0.56375
1418.0          0.56358
1419.0          0.56341
1420.0          0.56324
1421.0          0.56307
1422.0          0.56289
1423.0          0.56272
1424.0          0.56254
1425.0          0.56236
1426.0          0.56218
1427.0          0.56200
1428.0          0.56182
1429.0          0.56164
1430.0          0.56146
1431.0          0.56127
1432.0          0.56109
1433.0          0.56090
1434.0          0.56072
1435.0          0.56053
1436.0          0.56034
1437.0          0.56015
1438.0          0.55996
1439.0          0.55977
1440.0          0.55957
1441.0          0.55938
1442.0          0.55919
1443.0          0.55899
1444.0          0.55879
1445.0          0.55860
1446.0          0.55840
1447.0          0.55820
1448.0          0.55800
1449.0          0.55780
1450.0          0.55760
1451.0          0.55739
1452.0          0.55719
1453.0          0.55699
1454.0          0.55678
1455.0          0.55658
1456.0          0.55637
1457.0          0.55616
1458.0          0.55595
1459.0          0.55574
1460.0          0.55553
1461.0          0.55532
1462.0          0.55511
1463.0          0.55490
1464.0          0.55469
1465.0          0.55447
1466.0          0.55426
1467.0          0.55404
1468.0          0.55383
1469.0          0.55361
1470.0          0.55339
1471.0          0.55317
1472.0          0.55296
1473.0          0.55274
1474.0          0.55252
1475.0          0.55229
1476.0          0.55207
1477.0          0.55185
1478.0          0.55163
1479.0          0.55140
1480.0          0.55118
1481.0          0.55096
1482.0          0.55073
1483.0          0.55050
1484.0          0.55028
1485.0          0.55005
1486.0          0.54982
1487.0          0.54959
1488.0          0.54937
1489.0          0.54914
1490.0          0.54891
1491.0          0.54867
1492.0          0.54844
1493.0          0.54821
1494.0          0.54798
1495.0          0.54775
1496.0          0.54751
1497.0          0.54728
1498.0          0.54704
1499.0          0.54681
1500.0          0.54657
1501.0          0.54634
1502.0          0.54610
1503.0          0.54586
1504.0          0.54562
1505.0          0.54539
1506.0          0.54515
1507.0          0.54491
1508.0          0.54467
1509.0          0.54443
1510.0          0.54419
1511.0          0.54395
1512.0          0.54370
1513.0          0.54346
1514.0          0.54322
1515.0          0.54298
1516.0          0.54273
1517.0          0.54249
1518.0          0.54224
1519.0          0.54200
1520.0          0.54175
1521.0          0.54151
1522.0          0.54126
1523.0          0.54102
1524.0          0.54077
1525.0          0.54052
1526.0          0.54027
1527.0          0.54003
1528.0          0.53978
1529.0          0.53953
1530.0          0.53928
1531.0          0.53903
1532.0          0.53878
1533.0          0.53853
1534.0          0.53828
1535.0          0.53803
1536.0          0.53778
1537.0          0.53753
1538.0          0.53727
1539.0          0.53702
1540.0          0.53677
1541.0          0.53652
1542.0          0.53626
1543.0          0.53601
1544.0          0.53575
1545.0          0.53550
1546.0          0.53524
1547.0          0.53499
1548.0          0.53473
1549.0          0.53448
1550.0          0.53422
1551.0          0.53397
1552.0          0.53371
1553.0          0.53345
1554.0          0.53320
1555.0          0.53294
1556.0          0.53268
1557.0          0.53242
1558.0          0.53216
1559.0          0.53191
1560.0          0.53165
1561.0          0.53139
1562.0          0.53113
1563.0          0.53087
1564.0          0.53061
1565.0          0.53035
1566.0          0.53009
1567.0          0.52983
1568.0          0.52957
1569.0          0.52931
1570.0          0.52905
1571.0          0.52878
1572.0          0.52852
1573.0          0.52826
1574.0          0.52800
1575.0          0.52774
1576.0          0.52747
1577.0          0.52721
1578.0          0.52695
1579.0          0.52668
1580.0          0.52642
1581.0          0.52616
1582.0          0.52589
1583.0          0.52563
1584.0          0.52536
1585.0          0.52510
1586.0          0.52484
1587.0          0.52457
1588.0          0.52431
1589.0          0.52404
1590.0          0.52378
1591.0          0.52351
1592.0          0.52324
1593.0          0.52298
1594.0          0.52271
1595.0          0.52245
1596.0          0.52218
1597.0          0.52191
1598.0          0.52165
1599.0          0.52138
1600.0          0.52111
1601.0          0.52085
1602.0          0.52058
1603.0          0.52031
1604.0          0.52004
1605.0          0.51978
1606.0          0.51951
1607.0          0.51924
1608.0          0.51897
1609.0          0.51870
1610.0          0.51843
1611.0          0.51817
1612.0          0.51790
1613.0          0.51763
1614.0          0.51736
1615.0          0.51709
1616.0          0.51682
1617.0          0.51655
1618.0          0.51628
1619.0          0.51601
1620.0          0.51574
1621.0          0.51547
1622.0          0.51520
1623.0          0.51493
1624.0          0.51466
1625.0          0.51439
1626.0          0.51412
1627.0          0.51385
1628.0          0.51358
1629.0          0.51331
1630.0          0.51304
1631.0          0.51277
1632.0          0.51250
1633.0          0.51223
1634.0          0.51196
1635.0          0.51169
1636.0          0.51142
1637.0          0.51115
1638.0          0.51088
1639.0          0.51060
1640.0          0.51033
1641.0          0.51006
1642.0          0.50979
1643.0          0.50952
1644.0          0.50925
1645.0          0.50898
1646.0          0.50870
1647.0          0.50843
1648.0          0.50816
1649.0          0.50789
1650.0          0.50762
1400.0          0.43355
1401.0          0.43370
1402.0          0.43385
1403.0          0.43400
1404.0          0.43416
1405.0          0.43431
1406.0          0.43446
1407.0          0.43462
1408.0          0.43478
1409.0          0.43494
1410.0          0.43510
1411.0          0.43526
1412.0          0.43542
1413.0          0.43558
1414.0          0.43575
1415.0          0.43591
1416.0          0.43608
1417.0          0.43625
1418.0          0.43642
1419.0          0.43659
1420.0          0.43676
1421.0          0.43693
1422.0          0.43711
1423.0          0.43728
1424.0          0.43746
1425.0          0.43764
1426.0          0.43782
1427.0          0.43800
1428.0          0.43818
1429.0          0.43836
1430.0          0.43854
1431.0          0.43873
1432.0          0.43891
1433.0          0.43910
1434.0          0.43928
1435.0          0.43947
1436.0          0.43966
1437.0          0.43985
1438.0          0.44004
1439.0          0.44023
1440.0          0.44043
1441.0          0.44062
1442.0          0.44081
1443.0          0.44101
1444.0          0.44121
1445.0          0.44140
1446.0          0.44160
1447.0          0.44180
1448.0          0.44200
1449.0          0.44220
1450.0          0.44240
1451.0          0.44261
1452.0          0.44281
1453.0          0.44301
1454.0          0.44322
1455.0          0.44342
1456.0          0.44363
1457.0          0.44384
1458.0          0.44405
1459.0          0.44426
1460.0          0.44447
1461.0          0.44468
1462.0          0.44489
1463.0          0.44510
1464.0          0.44531
1465.0          0.44553
1466.0          0.44574
1467.0          0.44596
1468.0          0.44617
1469.0          0.44639
1470.0          0.44661
1471.0          0.44683
1472.0          0.44704
1473.0          0.44726
1474.0          0.44748
1475.0          0.44771
1476.0          0.44793
1477.0          0.44815
1478.0          0.44837
1479.0          0.44860
1480.0          0.44882
1481.0          0.44904
1482.0          0.44927
1483.0          0.44950
1484.0          0.44972
1485.0          0.44995
1486.0          0.45018
1487.0          0.45041
1488.0          0.45063
1489.0          0.45086
1490.0          0.45109
1491.0          0.45133
1492.0          0.45156
1493.0          0.45179
1494.0          0.45202
1495.0          0.45225
1496.0          0.45249
1497.0          0.45272
1498.0          0.45296
1499.0          0.45319
1500.0          0.45343
1501.0          0.45366
1502.0          0.45390
1503.0          0.45414
1504.0          0.45438
1505.0          0.45461
1506.0          0.45485
1507.0          0.45509
1508.0          0.45533
1509.0          0.45557
1510.0          0.45581
1511.0          0.45605
1512.0          0.45630
1513.0          0.45654
1514.0          0.45678
1515.0          0.45702
1516.0          0.45727
1517.0          0.45751
1518.0          0.45776
1519.0          0.45800
1520.0          0.45825
1521.0          0.45849
1522.0          0.45874
1523.0          0.45898
1524.0          0.45923
1525.0          0.45948
1526.0          0.45973
1527.0          0.45997
1528.0          0.46022
1529.0          0.46047
1530.0          0.46072
1531.0          0.46097
1532.0          0.46122
1533.0          0.46147
1534.0          0.46172
1535.0          0.46197
1536.0          0.46222
1537.0          0.46247
1538.0          0.46273
1539.0          0.46298
1540.0          0.46323
1541.0          0.46348
1542.0          0.46374
1543.0          0.46399
1544.0          0.46425
1545.0          0.46450
1546.0          0.46476
1547.0          0.46501
1548.0          0.46527
1549.0          0.46552
1550.0          0.46578
1551.0          0.46603
1552.0          0.46629
1553.0          0.46655
1554.0          0.46680
1555.0          0.46706
1556.0          0.46732
1557.0          0.46758
1558.0          0.46784
1559.0          0.46809
1560.0          0.46835
1561.0          0.46861
1562.0          0.46887
1563.0          0.46913
1564.0          0.46939
1565.0          0.46965
1566.0          0.46991
1567.0          0.47017
1568.0          0.47043
1569.0          0.47069
1570.0          0.47095
1571.0          0.47122
1572.0          0.47148
1573.0          0.47174
1574.0          0.47200
1575.0          0.47226
1576.0          0.47253
1577.0          0.47279
1578.0          0.47305
1579.0          0.47332
1580.0          0.47358
1581.0          0.47384
1582.0          0.47411
1583.0          0.47437
1584.0          0.47464
1585.0          0.47490
1586.0          0.47516
1587.0          0.47543
1588.0          0.47569
1589.0          0.47596
1590.0          0.47622
1591.0          0.47649
1592.0          0.47676
1593.0          0.47702
1594.0          0.47729
1595.0          0.47755
1596.0          0.47782
1597.0          0.47809
1598.0          0.47835
1599.0          0.47862
1600.0          0.47889
1601.0          0.47915
1602.0          0.47942
1603.0          0.47969
1604.0          0.47996
1605.0          0.48022
1606.0          0.48049
1607.0          0.48076
1608.0          0.48103
1609.0          0.48130
1610.0          0.48157
1611.0          0.48183
1612.0          0.48210
1613.0          0.48237
1614.0          0.48264
1615.0          0.48291
1616.0          0.48318
1617.0          0.48345
1618.0          0.48372
1619.0          0.48399
1620.0          0.48426
1621.0          0.48453
1622.0          0.48480
1623.0          0.48507
1624.0          0.48534
1625.0          0.48561
1626.0          0.48588
1627.0          0.48615
1628.0          0.48642
1629.0          0.48669
1630.0          0.48696
1631.0          0.48723
1632.0          0.48750
1633.0          0.48777
1634.0          0.48804
1635.0          0.48831
1636.0          0.48858
1637.0          0.48885
1638.0          0.48912
1639.0          0.48940
1640.0          0.48967
1641.0          0.48994
1642.0          0.49021
1643.0          0.49048
1644.0          0.49075
1645.0          0.49102
1646.0          0.49130
1647.0          0.49157
1648.0          0.49184
1649.0          0.49211
1650.0          0.49238
1400.0          1.0000
1401.0          1.0000
1402.0          1.0000
1403.0          1.0000
1404.0          1.0000
1405.0          1.0000
1406.0          1.0000
1407.0          1.0000
1408.0          1.0000
1409.0          1.0000
1410.0          1.0000
1411.0          1.0000
1412.0          1.0000
1413.0          1.0000
1414.0          1.0000
1415.0          1.0000
1416.0          1.0000
1417.0          1.0000
1418.0          1.0000
1419.0          1.0000
1420.0          1.0000
1421.0          1.0000
1422.0          1.0000
1423.0          1.0000
1424.0          1.0000
1425.0          1.0000
1426.0          1.0000
1427.0          1.0000
1428.0          1.0000
1429.0          1.0000
1430.0          1.0000
1431.0          1.0000
1432.0          1.0000
1433.0          1.0000
1434.0          1.0000
1435.0          1.0000
1436.0          1.0000
1437.0          1.0000
1438.0          1.0000
1439.0          1.0000
1440.0          1.0000
1441.0          1.0000
1442.0          1.0000
1443.0          1.0000
1444.0          1.0000
1445.0          1.0000
1446.0          1.0000
1447.0          1.0000
1448.0          1.0000
1449.0          1.0000
1450.0          1.0000
1451.0          1.0000
1452.0          1.0000
1453.0          1.0000
1454.0          1.0000
1455.0          1.0000
1456.0          1.0000
1457.0          1.0000
1458.0          1.0000
1459.0          1.0000
1460.0          1.0000
1461.0          1.0000
1462.0          1.0000
1463.0          1.0000
1464.0          1.0000
1465.0          1.0000
1466.0          1.0000
1467.0          1.0000
1468.0          1.0000
1469.0          1.0000
1470.0          1.0000
1471.0          1.0000
1472.0          1.0000
1473.0          1.0000
1474.0          1.0000
1475.0          1.0000
1476.0          1.0000
1477.0          1.0000
1478.0          1.0000
1479.0          1.0000
1480.0          1.0000
1481.0          1.0000
1482.0          1.0000
1483.0          1.0000
1484.0          1.0000
1485.0          1.0000
1486.0          1.0000
1487.0          1.0000
1488.0          1.0000
1489.0          1.0000
1490.0          1.0000
1491.0          1.0000
1492.0          1.0000
1493.0          1.0000
1494.0          1.0000
1495.0          1.0000
1496.0          1.0000
1497.0          1.0000
1498.0          1.0000
1499.0          1.0000
1500.0          1.0000
1501.0          1.0000
1502.0          1.0000
1503.0          1.0000
1504.0          1.0000
1505.0          1.0000
1506.0          1.0000
1507.0          1.0000
1508.0          1.0000
1509.0          1.0000
1510.0          1.0000
1511.0          1.0000
1512.0          1.0000
1513.0          1.0000
1514.0          1.0000
1515.0          1.0000
1516.0          1.0000
1517.0          1.0000
1518.0          1.0000
1519.0          1.0000
1520.0          1.0000
1521.0          1.0000
1522.0          1.0000
1523.0          1.0000
1524.0          1.0000
1525.0          1.0000
1526.0          1.0000
1527.0          1.0000
1528.0          1.0000
1529.0          1.0000
1530.0          1.0000
1531.0          1.0000
1532.0          1.0000
1533.0          1.0000
1534.0          1.0000
1535.0          1.0000
1536.0          1.0000
1537.0          1.0000
1538.0          1.0000
1539.0          1.0000
1540.0          1.0000
1541.0          1.0000
1542.0          1.0000
1543.0          1.0000
1544.0          1.0000
1545.0          1.0000
1546.0          1.0000
1547.0          1.0000
1548.0          1.0000
1549.0          1.0000
1550.0          1.0000
1551.0          1.0000
1552.0          1.0000
1553.0          1.0000
1554.0          1.0000
1555.0          1.0000
1556.0          1.0000
1557.0          1.0000
1558.0          1.0000
1559.0          1.0000
1560.0          1.0000
1561.0          1.0000
1562.0          1.0000
1563.0          1.0000
1564.0          1.0000
1565.0          1.0000
1566.0          1.0000
1567.0          1.0000
1568.0          1.0000
1569.0          1.0000
1570.0          1.0000
1571.0          1.0000
1572.0          1.0000
1573.0          1.0000
1574.0          1.0000
1575.0          1.0000
1576.0          1.0000
1577.0          1.0000
1578.0          1.0000
1579.0          1.0000
1580.0          1.0000
1581.0          1.0000
1582.0          1.0000
1583.0          1.0000
1584.0          1.0000
1585.0          1.0000
1586.0          1.0000
1587.0          1.0000
1588.0          1.0000
1589.0          1.0000
1590.0          1.0000
1591.0          1.0000
1592.0          1.0000
1593.0          1.0000
1594.0          1.0000
1595.0          1.0000
1596.0          1.0000
1597.0          1.0000
1598.0          1.0000
1599.0          1.0000
1600.0          1.0000
1601.0          1.0000
1602.0          1.0000
1603.0          1.0000
1604.0          1.0000
1605.0          1.0000
1606.0          1.0000
1607.0          1.0000
1608.0          1.0000
1609.0          1.0000
1610.0          1.0000
1611.0          1.0000
1612.0          1.0000
1613.0          1.0000
1614.0          1.0000
1615.0          1.0000
1616.0          1.0000
1617.0          1.0000
1618.0          1.0000
1619.0          1.0000
1620.0          1.0000
1621.0          1.0000
1622.0          1.0000
1623.0          1.0000
1624.0          1.0000
1625.0          1.0000
1626.0          1.0000
1627.0          1.0000
1628.0          1.0000
1629.0          1.0000
1630.0          1.0000
1631.0          1.0000
1632.0          1.0000
1633.0          1.0000
1634.0          1.0000
1635.0          1.0000
1636.0          1.0000
1637.0          1.0000
1638.0          1.0000
1639.0          1.0000
1640.0          1.0000
1641.0          1.0000
1642.0          1.0000
1643.0          1.0000
1644.0          1.0000
1645.0          1.0000
1646.0          1.0000
1647.0          1.0000
1648.0          1.0000
1649.0          1.0000
1650.0          1.0000
1400.0          -2.2204E-16
1401.0          -1.5543E-15
1402.0          -1.5543E-15
1403.0          -4.4409E-16
1404.0          3.2196E-15
1405.0          -2.2204E-16
1406.0          1.5543E-15
1407.0          -2.2204E-16
1408.0          -2.2204E-15
1409.0          2.8866E-15
1410.0          6.6613E-16
1411.0          -1.7764E-15
1412.0          7.7716E-16
1413.0          1.1102E-15
1414.0          1.3323E-15
1415.0          2.2204E-15
1416.0          1.5543E-15
1417.0          1.7764E-15
1418.0          6.6613E-16
1419.0          0.0000
1420.0          2.8866E-15
1421.0          -2.2204E-16
1422.0          1.1102E-15
1423.0          -1.5543E-15
1424.0          0.0000
1425.0          -6.6613E-16
1426.0          -8.8818E-16
1427.0          8.8818E-16
1428.0          8.8818E-16
1429.0          9.9920E-16
1430.0          2.7756E-15
1431.0          1.1102E-16
1432.0          4.4409E-16
1433.0          -4.4409E-16
1434.0          1.5543E-15
1435.0          1.1102E-15
1436.0          2.2204E-15
1437.0          -8.8818E-16
1438.0          1.3323E-15
1439.0          0.0000
1440.0          1.9984E-15
1441.0          1.7764E-15
1442.0          -8.8818E-16
1443.0          -8.8818E-16
1444.0          2.7756E-15
1445.0          8.8818E-16
1446.0          -8.8818E-16
1447.0          1.3323E-15
1448.0          2.2204E-16
1449.0          1.3323E-15
1450.0          1.1102E-15
1451.0          2.9976E-15
1452.0          1.1102E-15
1453.0          2.2204E-16
1454.0          1.1102E-15
1455.0          1.3323E-15
1456.0          8.8818E-16
1457.0          -6.6613E-16
1458.0          -2.2204E-15
1459.0          -8.8818E-16
1460.0          -8.8818E-16
1461.0          1.1102E-15
1462.0          -3.1086E-15
1463.0          0.0000
1464.0          -3.1086E-15
1465.0          2.4425E-15
1466.0          2.4425E-15
1467.0          1.9984E-15
1468.0          1.3323E-15
1469.0          -1.5543E-15
1470.0          8.8818E-16
1471.0          4.4409E-15
1472.0          -2.2204E-16
1473.0          -1.7764E-15
1474.0          1.7764E-15
1475.0          -2.6645E-15
1476.0          3.9968E-15
1477.0          1.1102E-15
1478.0          -2.2204E-15
1479.0          -8.8818E-16
1480.0          -1.5543E-15
1481.0          6.6613E-16
1482.0          4.4409E-16
1483.0          -1.5543E-15
1484.0          -6.6613E-16
1485.0          8.8818E-16
1486.0          6.6613E-16
1487.0          5.1070E-15
1488.0          -1.1102E-15
1489.0          8.8818E-16
1490.0          4.4409E-16
1491.0          1.3323E-15
1492.0          1.3323E-15
1493.0          1.3323E-15
1494.0          -1.9984E-15
1495.0          -6.6613E-16
1496.0          5.5511E-15
1497.0          -1.5543E-15
1498.0          1.1102E-16
1499.0          -2.4425E-15
1500.0          -2.2204E-16
1501.0          3.3307E-16
1502.0          2.6645E-15
1503.0          -3.5527E-15
1504.0          2.1094E-15
1505.0          4.4409E-16
1506.0          6.6613E-16
1507.0          -1.3323E-15
1508.0          1.1102E-15
1509.0          2.2204E-15
1510.0          1.3323E-15
1511.0          9.9920E-16
1512.0          3.3307E-16
1513.0          1.1102E-15
1514.0          2.6645E-15
1515.0          5.5511E-16
1516.0          0.0000
1517.0          2.5535E-15
1518.0          0.0000
1519.0          -4.4409E-16
1520.0          -1.3323E-15
1521.0          -2.4425E-15
1522.0          1.3323E-15
1523.0          -3.5527E-15
1524.0          0.0000
1525.0          -2.6645E-15
1526.0          -2.2204E-15
1527.0          -1.3323E-15
1528.0          6.6613E-16
1529.0          -2.2204E-16
1530.0          -1.5543E-15
1531.0          1.2212E-15
1532.0          3.2196E-15
1533.0          2.2204E-15
1534.0          -3.3307E-15
1535.0          2.3315E-15
1536.0          6.6613E-16
1537.0          3.1086E-15
1538.0          1.2212E-15
1539.0          -1.7764E-15
1540.0          -1.1102E-15
1541.0          1.5543E-15
1542.0          1.7764E-15
1543.0          5.4401E-15
1544.0          0.0000
1545.0          6.6613E-16
1546.0          -3.9968E-15
1547.0          1.7764E-15
1548.0          4.4409E-16
1549.0          3.2196E-15
1550.0          1.3323E-15
1551.0          2.2204E-16
1552.0          0.0000
1553.0          -1.3323E-15
1554.0          4.4409E-16
1555.0          -2.2204E-16
1556.0          0.0000
1557.0          -3.1086E-15
1558.0          -4.4409E-16
1559.0          6.6613E-16
1560.0          0.0000
1561.0          -1.9984E-15
1562.0          8.2157E-15
1563.0          -5.5511E-15
1564.0          -3.9968E-15
1565.0          1.3323E-15
1566.0          8.8818E-16
1567.0          1.9984E-15
1568.0          1.1102E-15
1569.0          -4.2188E-15
1570.0          -2.2204E-15
1571.0          2.8866E-15
1572.0          6.6613E-16
1573.0          -2.2204E-15
1574.0          3.1086E-15
1575.0          0.0000
1576.0          -1.3323E-15
1577.0          3.5527E-15
1578.0          -8.8818E-16
1579.0          -6.6613E-16
1580.0          8.8818E-16
1581.0          0.0000
1582.0          2.9976E-15
1583.0          -1.9984E-15
1584.0          1.1102E-15
1585.0          1.5543E-15
1586.0          -4.4409E-16
1587.0          -6.6613E-16
1588.0          -1.7764E-15
1589.0          3.1086E-15
1590.0          1.9984E-15
1591.0          -2.2204E-15
1592.0          1.1102E-15
1593.0          -1.1102E-15
1594.0          2.1094E-15
1595.0          3.1086E-15
1596.0          -4.4409E-15
1597.0          1.3323E-15
1598.0          3.3307E-15
1599.0          -1.3323E-15
1600.0          2.8866E-15
1601.0          6.6613E-16
1602.0          5.5511E-16
1603.0          4.8850E-15
1604.0          -2.2204E-16
1605.0          0.0000
1606.0          1.9984E-15
1607.0          -4.2188E-15
1608.0          3.2196E-15
1609.0          -1.5543E-15
1610.0          3.3307E-15
1611.0          -2.6645E-15
1612.0          6.6613E-16
1613.0          -8.8818E-16
1614.0          -1.1102E-15
1615.0          -1.7764E-15
1616.0          2.2204E-15
1617.0          -1.7764E-15
1618.0          -6.6613E-15
1619.0          4.4409E-16
1620.0          -1.9984E-15
1621.0          -2.8866E-15
1622.0          8.8818E-16
1623.0          2.2204E-16
1624.0          2.3315E-15
1625.0          3.5527E-15
1626.0          -2.2204E-16
1627.0          -2.6645E-15
1628.0          2.7756E-15
1629.0          8.8818E-16
1630.0          -8.8818E-16
1631.0          -6.6613E-16
1632.0          0.0000
1633.0          1.1102E-15
1634.0          1.1102E-15
1635.0          1.7764E-15
1636.0          -2.2204E-15
1637.0          2.4425E-15
1638.0          5.5511E-16
1639.0          1.4433E-15
1640.0          3.5527E-15
1641.0          2.4425E-15
1642.0          3.4417E-15
1643.0          0.0000
1644.0          -3.9968E-15
1645.0          3.4417E-15
1646.0          1.1102E-15
1647.0          2.7756E-15
1648.0          0.0000
1649.0          9.9920E-16
1650.0          -8.8818E-16
