1400.0          0.33371
1401.0          0.33424
1402.0          0.33477
1403.0          0.33529
1404.0          0.33581
1405.0          0.33633
1406.0          0.33684
1407.0          0.33735
1408.0          0.33786
1409.0          0.33836
1410.0          0.33886
1411.0          0.33936
1412.0          0.33986
1413.0          0.34035
1414.0          0.34084
1415.0          0.34132
1416.0          0.34180
1417.0          0.34228
1418.0          0.34276
1419.0          0.34323
1420.0          0.34370
1421.0          0.34417
1422.0          0.34463
1423.0          0.34509
1424.0          0.34555
1425.0          0.34601
1426.0          0.34646
1427.0          0.34691
1428.0          0.34735
1429.0          0.34780
1430.0          0.34824
1431.0          0.34868
1432.0          0.34911
1433.0          0.34954
1434.0          0.34997
1435.0          0.35040
1436.0          0.35082
1437.0          0.35125
1438.0          0.35166
1439.0          0.35208
1440.0          0.35249
1441.0          0.35290
1442.0          0.35331
1443.0          0.35371
1444.0          0.35412
1445.0          0.35452
1446.0          0.35491
1447.0          0.35531
1448.0          0.35570
1449.0          0.35609
1450.0          0.35647
1451.0          0.35686
1452.0          0.35724
1453.0          0.35762
1454.0          0.35799
1455.0          0.35837
1456.0          0.35874
1457.0          0.35911
1458.0          0.35948
1459.0          0.35984
1460.0          0.36020
1461.0          0.36056
1462.0          0.36092
1463.0          0.36127
1464.0          0.36162
1465.0          0.36197
1466.0          0.36232
1467.0          0.36266
1468.0          0.36300
1469.0          0.36334
1470.0          0.36368
1471.0          0.36402
1472.0          0.36435
1473.0          0.36468
1474.0          0.36501
1475.0          0.36534
1476.0          0.36566
1477.0          0.36598
1478.0          0.36630
1479.0          0.36662
1480.0          0.36693
1481.0          0.36725
1482.0          0.36756
1483.0          0.36786
1484.0          0.36817
1485.0          0.36848
1486.0          0.36878
1487.0          0.36908
1488.0          0.36938
1489.0          0.36967
1490.0          0.36996
1491.0          0.37026
1492.0          0.37055
1493.0          0.37083
1494.0          0.37112
1495.0          0.37140
1496.0          0.37168
1497.0          0.37196
1498.0          0.37224
1499.0          0.37251
1500.0          0.37279
1501.0          0.37306
1502.0          0.37333
1503.0          0.37360
1504.0          0.37386
1505.0          0.37412
1506.0          0.37439
1507.0          0.37465
1508.0          0.37490
1509.0          0.37516
1510.0          0.37541
1511.0          0.37567
1512.0          0.37592
1513.0          0.37616
1514.0          0.37641
1515.0          0.37665
1516.0          0.37690
1517.0          0.37714
1518.0          0.37738
1519.0          0.37762
1520.0          0.37785
1521.0          0.37808
1522.0          0.37832
1523.0          0.37855
1524.0          0.37878
1525.0          0.37900
1526.0          0.37923
1527.0          0.37945
1528.0          0.37967
1529.0          0.37989
1530.0          0.38011
1531.0          0.38033
1532.0          0.38054
1533.0          0.38076
1534.0          0.38097
1535.0          0.38118
1536.0          0.38139
1537.0          0.38159
1538.0          0.38180
1539.0          0.38200
1540.0          0.38220
1541.0          0.38240
1542.0          0.38260
1543.0          0.38280
1544.0          0.38299
1545.0          0.38319
1546.0          0.38338
1547.0          0.38357
1548.0          0.38376
1549.0          0.38395
1550.0          0.38413
1551.0          0.38432
1552.0          0.38450
1553.0          0.38468
1554.0          0.38486
1555.0          0.38504
1556.0          0.38522
1557.0          0.38539
1558.0          0.38557
1559.0          0.38574
1560.0          0.38591
1561.0          0.38608
1562.0          0.38625
1563.0          0.38642
1564.0          0.38658
1565.0          0.38675
1566.0          0.38691
1567.0          0.38707
1568.0          0.38723
1569.0          0.38739
1570.0          0.38755
1571.0          0.38770
1572.0          0.38786
1573.0          0.38801
1574.0          0.38816
1575.0          0.38831
1576.0          0.38846
1577.0          0.38861
1578.0          0.38876
1579.0          0.38890
1580.0          0.38904
1581.0          0.38919
1582.0          0.38933
1583.0          0.38947
1584.0          0.38961
1585.0          0.38974
1586.0          0.38988
1587.0          0.39001
1588.0          0.39015
1589.0          0.39028
1590.0          0.39041
1591.0          0.39054
1592.0          0.39067
1593.0          0.39080
1594.0          0.39092
1595.0          0.39105
1596.0          0.39117
1597.0          0.39129
1598.0          0.39141
1599.0          0.39154
1600.0          0.39165
1601.0          0.39177
1602.0          0.39189
1603.0          0.39200
1604.0          0.39212
1605.0          0.39223
1606.0          0.39234
1607.0          0.39245
1608.0          0.39256
1609.0          0.39267
1610.0          0.39278
1611.0          0.39288
1612.0          0.39299
1613.0          0.39309
1614.0          0.39320
1615.0          0.39330
1616.0          0.39340
1617.0          0.39350
1618.0          0.39360
1619.0          0.39370
1620.0          0.39379
1621.0          0.39389
1622.0          0.39398
1623.0          0.39407
1624.0          0.39417
1625.0          0.39426
1626.0          0.39435
1627.0          0.39444
1628.0          0.39452
1629.0          0.39461
1630.0          0.39470
1631.0          0.39478
1632.0          0.39487
1633.0          0.39495
1634.0          0.39503
1635.0          0.39511
1636.0          0.39519
1637.0          0.39527
1638.0          0.39535
1639.0          0.39543
1640.0          0.39550
1641.0          0.39558
1642.0          0.39565
1643.0          0.39572
1644.0          0.39580
1645.0          0.39587
1646.0          0.39594
1647.0          0.39601
1648.0          0.39608
1649.0          0.39614
1650.0          0.39621
1400.0          0.66629
1401.0          0.66576
1402.0          0.66523
1403.0          0.66471
1404.0          0.66419
1405.0          0.66367
1406.0          0.66316
1407.0          0.66265
1408.0          0.66214
1409.0          0.66164
1410.0          0.66114
1411.0          0.66064
1412.0          0.66014
1413.0          0.65965
1414.0          0.65916
1415.0          0.65868
1416.0          0.65820
1417.0          0.65772
1418.0          0.65724
1419.0          0.65677
1420.0          0.65630
1421.0          0.65583
1422.0          0.65537
1423.0          0.65491
1424.0          0.65445
1425.0          0.65399
1426.0          0.65354
1427.0          0.65309
1428.0          0.65265
1429.0          0.65220
1430.0          0.65176
1431.0          0.65132
1432.0          0.65089
1433.0          0.65046
1434.0          0.65003
1435.0          0.64960
1436.0          0.64918
1437.0          0.64875
1438.0          0.64834
1439.0          0.64792
1440.0          0.64751
1441.0          0.64710
1442.0          0.64669
1443.0          0.64629
1444.0          0.64588
1445.0          0.64548
1446.0          0.64509
1447.0          0.64469
1448.0          0.64430
1449.0          0.64391
1450.0          0.64353
1451.0          0.64314
1452.0          0.64276
1453.0          0.64238
1454.0          0.64201
1455.0          0.64163
1456.0          0.64126
1457.0          0.64089
1458.0          0.64052
1459.0          0.64016
1460.0          0.63980
1461.0          0.63944
1462.0          0.63908
1463.0          0.63873
1464.0          0.63838
1465.0          0.63803
1466.0          0.63768
1467.0          0.63734
1468.0          0.63700
1469.0          0.63666
1470.0          0.63632
1471.0          0.63598
1472.0          0.63565
1473.0          0.63532
1474.0          0.63499
1475.0          0.63466
1476.0          0.63434
1477.0          0.63402
1478.0          0.63370
1479.0          0.63338
1480.0          0.63307
1481.0          0.63275
1482.0          0.63244
1483.0          0.63214
1484.0          0.63183
1485.0          0.63152
1486.0          0.63122
1487.0          0.63092
1488.0          0.63062
1489.0          0.63033
1490.0          0.63004
1491.0          0.62974
1492.0          0.62945
1493.0          0.62917
1494.0          0.62888
1495.0          0.62860
1496.0          0.62832
1497.0          0.62804
1498.0          0.62776
1499.0          0.62749
1500.0          0.62721
1501.0          0.62694
1502.0          0.62667
1503.0          0.62640
1504.0          0.62614
1505.0          0.62588
1506.0          0.62561
1507.0          0.62535
1508.0          0.62510
1509.0          0.62484
1510.0          0.62459
1511.0          0.62433
1512.0          0.62408
1513.0          0.62384
1514.0          0.62359
1515.0          0.62335
1516.0          0.62310
1517.0          0.62286
1518.0          0.62262
1519.0          0.62238
1520.0          0.62215
1521.0          0.62192
1522.0          0.62168
1523.0          0.62145
1524.0          0.62122
1525.0          0.62100
1526.0          0.62077
1527.0          0.62055
1528.0          0.62033
1529.0          0.62011
1530.0          0.61989
1531.0          0.61967
1532.0          0.61946
1533.0          0.61924
1534.0          0.61903
1535.0          0.61882
1536.0          0.61861
1537.0          0.61841
1538.0          0.61820
1539.0          0.61800
1540.0          0.61780
1541.0          0.61760
1542.0          0.61740
1543.0          0.61720
1544.0          0.61701
1545.0          0.61681
1546.0          0.61662
1547.0          0.61643
1548.0          0.61624
1549.0          0.61605
1550.0          0.61587
1551.0          0.61568
1552.0          0.61550
1553.0          0.61532
1554.0          0.61514
1555.0          0.61496
1556.0          0.61478
1557.0          0.61461
1558.0          0.61443
1559.0          0.61426
1560.0          0.61409
1561.0          0.61392
1562.0          0.61375
1563.0          0.61358
1564.0          0.61342
1565.0          0.61325
1566.0          0.61309
1567.0          0.61293
1568.0          0.61277
1569.0          0.61261
1570.0          0.61245
1571.0          0.61230
1572.0          0.61214
1573.0          0.61199
1574.0          0.61184
1575.0          0.61169
1576.0          0.61154
1577.0          0.61139
1578.0          0.61124
1579.0          0.61110
1580.0          0.61096
1581.0          0.61081
1582.0          0.61067
1583.0          0.61053
1584.0          0.61039
1585.0          0.61026
1586.0          0.61012
1587.0          0.60999
1588.0          0.60985
1589.0          0.60972
1590.0          0.60959
1591.0          0.60946
1592.0          0.60933
1593.0          0.60920
1594.0          0.60908
1595.0          0.60895
1596.0          0.60883
1597.0          0.60871
1598.0          0.60859
1599.0          0.60846
1600.0          0.60835
1601.0          0.60823
1602.0          0.60811
1603.0          0.60800
1604.0          0.60788
1605.0          0.60777
1606.0          0.60766
1607.0          0.60755
1608.0          0.60744
1609.0          0.60733
1610.0          0.60722
1611.0          0.60712
1612.0          0.60701
1613.0          0.60691
1614.0          0.60680
1615.0          0.60670
1616.0          0.60660
1617.0          0.60650
1618.0          0.60640
1619.0          0.60630
1620.0          0.60621
1621.0          0.60611
1622.0          0.60602
1623.0          0.60593
1624.0          0.60583
1625.0          0.60574
1626.0          0.60565
1627.0          0.60556
1628.0          0.60548
1629.0          0.60539
1630.0          0.60530
1631.0          0.60522
1632.0          0.60513
1633.0          0.60505
1634.0          0.60497
1635.0          0.60489
1636.0          0.60481
1637.0          0.60473
1638.0          0.60465
1639.0          0.60457
1640.0          0.60450
1641.0          0.60442
1642.0          0.60435
1643.0          0.60428
1644.0          0.60420
1645.0          0.60413
1646.0          0.60406
1647.0          0.60399
1648.0          0.60392
1649.0          0.60386
1650.0          0.60379
1400.0          1.0000
1401.0          1.0000
1402.0          1.0000
1403.0          1.0000
1404.0          1.0000
1405.0          1.0000
1406.0          1.0000
1407.0          1.0000
1408.0          1.0000
1409.0          1.0000
1410.0          1.0000
1411.0          1.0000
1412.0          1.0000
1413.0          1.0000
1414.0          1.0000
1415.0          1.0000
1416.0          1.0000
1417.0          1.0000
1418.0          1.0000
1419.0          1.0000
1420.0          1.0000
1421.0          1.0000
1422.0          1.0000
1423.0          1.0000
1424.0          1.0000
1425.0          1.0000
1426.0          1.0000
1427.0          1.0000
1428.0          1.0000
1429.0          1.0000
1430.0          1.0000
1431.0          1.0000
1432.0          1.0000
1433.0          1.0000
1434.0          1.0000
1435.0          1.0000
1436.0          1.0000
1437.0          1.0000
1438.0          1.0000
1439.0          1.0000
1440.0          1.0000
1441.0          1.0000
1442.0          1.0000
1443.0          1.0000
1444.0          1.0000
1445.0          1.0000
1446.0          1.0000
1447.0          1.0000
1448.0          1.0000
1449.0          1.0000
1450.0          1.0000
1451.0          1.0000
1452.0          1.0000
1453.0          1.0000
1454.0          1.0000
1455.0          1.0000
1456.0          1.0000
1457.0          1.0000
1458.0          1.0000
1459.0          1.0000
1460.0          1.0000
1461.0          1.0000
1462.0          1.0000
1463.0          1.0000
1464.0          1.0000
1465.0          1.0000
1466.0          1.0000
1467.0          1.0000
1468.0          1.0000
1469.0          1.0000
1470.0          1.0000
1471.0          1.0000
1472.0          1.0000
1473.0          1.0000
1474.0          1.0000
1475.0          1.0000
1476.0          1.0000
1477.0          1.0000
1478.0          1.0000
1479.0          1.0000
1480.0          1.0000
1481.0          1.0000
1482.0          1.0000
1483.0          1.0000
1484.0          1.0000
1485.0          1.0000
1486.0          1.0000
1487.0          1.0000
1488.0          1.0000
1489.0          1.0000
1490.0          1.0000
1491.0          1.0000
1492.0          1.0000
1493.0          1.0000
1494.0          1.0000
1495.0          1.0000
1496.0          1.0000
1497.0          1.0000
1498.0          1.0000
1499.0          1.0000
1500.0          1.0000
1501.0          1.0000
1502.0          1.0000
1503.0          1.0000
1504.0          1.0000
1505.0          1.0000
1506.0          1.0000
1507.0          1.0000
1508.0          1.0000
1509.0          1.0000
1510.0          1.0000
1511.0          1.0000
1512.0          1.0000
1513.0          1.0000
1514.0          1.0000
1515.0          1.0000
1516.0          1.0000
1517.0          1.0000
1518.0          1.0000
1519.0          1.0000
1520.0          1.0000
1521.0          1.0000
1522.0          1.0000
1523.0          1.0000
1524.0          1.0000
1525.0          1.0000
1526.0          1.0000
1527.0          1.0000
1528.0          1.0000
1529.0          1.0000
1530.0          1.0000
1531.0          1.0000
1532.0          1.0000
1533.0          1.0000
1534.0          1.0000
1535.0          1.0000
1536.0          1.0000
1537.0          1.0000
1538.0          1.0000
1539.0          1.0000
1540.0          1.0000
1541.0          1.0000
1542.0          1.0000
1543.0          1.0000
1544.0          1.0000
1545.0          1.0000
1546.0          1.0000
1547.0          1.0000
1548.0          1.0000
1549.0          1.0000
1550.0          1.0000
1551.0          1.0000
1552.0          1.0000
1553.0          1.0000
1554.0          1.0000
1555.0          1.0000
1556.0          1.0000
1557.0          1.0000
1558.0          1.0000
1559.0          1.0000
1560.0          1.0000
1561.0          1.0000
1562.0          1.0000
1563.0          1.0000
1564.0          1.0000
1565.0          1.0000
1566.0          1.0000
1567.0          1.0000
1568.0          1.0000
1569.0          1.0000
1570.0          1.0000
1571.0          1.0000
1572.0          1.0000
1573.0          1.0000
1574.0          1.0000
1575.0          1.0000
1576.0          1.0000
1577.0          1.0000
1578.0          1.0000
1579.0          1.0000
1580.0          1.0000
1581.0          1.0000
1582.0          1.0000
1583.0          1.0000
1584.0          1.0000
1585.0          1.0000
1586.0          1.0000
1587.0          1.0000
1588.0          1.0000
1589.0          1.0000
1590.0          1.0000
1591.0          1.0000
1592.0          1.0000
1593.0          1.0000
1594.0          1.0000
1595.0          1.0000
1596.0          1.0000
1597.0          1.0000
1598.0          1.0000
1599.0          1.0000
1600.0          1.0000
1601.0          1.0000
1602.0          1.0000
1603.0          1.0000
1604.0          1.0000
1605.0          1.0000
1606.0          1.0000
1607.0          1.0000
1608.0          1.0000
1609.0          1.0000
1610.0          1.0000
1611.0          1.0000
1612.0          1.0000
1613.0          1.0000
1614.0          1.0000
1615.0          1.0000
1616.0          1.0000
1617.0          1.0000
1618.0          1.0000
1619.0          1.0000
1620.0          1.0000
1621.0          1.0000
1622.0          1.0000
1623.0          1.0000
1624.0          1.0000
1625.0          1.0000
1626.0          1.0000
1627.0          1.0000
1628.0          1.0000
1629.0          1.0000
1630.0          1.0000
1631.0          1.0000
1632.0          1.0000
1633.0          1.0000
1634.0          1.0000
1635.0          1.0000
1636.0          1.0000
1637.0          1.0000
1638.0          1.0000
1639.0          1.0000
1640.0          1.0000
1641.0          1.0000
1642.0          1.0000
1643.0          1.0000
1644.0          1.0000
1645.0          1.0000
1646.0          1.0000
1647.0          1.0000
1648.0          1.0000
1649.0          1.0000
1650.0          1.0000
1400.0          0.0000
1401.0          -1.1102E-15
1402.0          1.1102E-15
1403.0          -2.2204E-16
1404.0          -4.2188E-15
1405.0          1.7764E-15
1406.0          4.4409E-16
1407.0          1.7764E-15
1408.0          -4.4409E-16
1409.0          -4.4409E-16
1410.0          4.3299E-15
1411.0          -1.3323E-15
1412.0          -8.8818E-16
1413.0          3.1086E-15
1414.0          8.8818E-16
1415.0          -4.4409E-16
1416.0          0.0000
1417.0          1.1102E-15
1418.0          1.7764E-15
1419.0          3.9968E-15
1420.0          -1.7764E-15
1421.0          2.8866E-15
1422.0          2.4425E-15
1423.0          -1.5543E-15
1424.0          1.5543E-15
1425.0          3.5527E-15
1426.0          -1.1102E-15
1427.0          -2.6645E-15
1428.0          9.9920E-16
1429.0          -4.4409E-16
1430.0          -1.5543E-15
1431.0          -2.2204E-16
1432.0          0.0000
1433.0          8.8818E-16
1434.0          -4.4409E-16
1435.0          2.3315E-15
1436.0          -4.4409E-16
1437.0          -4.4409E-16
1438.0          1.1102E-15
1439.0          2.4425E-15
1440.0          1.9984E-15
1441.0          2.8866E-15
1442.0          -6.6613E-16
1443.0          -2.4425E-15
1444.0          -1.7764E-15
1445.0          -2.2204E-15
1446.0          6.6613E-16
1447.0          0.0000
1448.0          -4.4409E-16
1449.0          1.2212E-15
1450.0          2.7756E-15
1451.0          -6.6613E-16
1452.0          -6.6613E-16
1453.0          1.8874E-15
1454.0          1.5543E-15
1455.0          -2.6645E-15
1456.0          0.0000
1457.0          -6.6613E-16
1458.0          1.3323E-15
1459.0          -2.6645E-15
1460.0          -6.6613E-16
1461.0          -1.3323E-15
1462.0          0.0000
1463.0          2.5535E-15
1464.0          -2.2204E-16
1465.0          3.3307E-16
1466.0          -3.9968E-15
1467.0          3.2196E-15
1468.0          4.6629E-15
1469.0          -1.1102E-15
1470.0          9.3259E-15
1471.0          -5.9952E-15
1472.0          -8.8818E-16
1473.0          8.8818E-16
1474.0          -8.8818E-16
1475.0          3.1086E-15
1476.0          -1.7764E-15
1477.0          -4.4409E-16
1478.0          -4.4409E-16
1479.0          4.5519E-15
1480.0          -2.4425E-15
1481.0          1.9984E-15
1482.0          1.5543E-15
1483.0          -4.4409E-16
1484.0          7.7716E-16
1485.0          2.2204E-16
1486.0          1.6653E-15
1487.0          -1.5543E-15
1488.0          -1.1102E-15
1489.0          1.5543E-15
1490.0          3.3307E-16
1491.0          2.2204E-16
1492.0          -3.5527E-15
1493.0          0.0000
1494.0          3.5527E-15
1495.0          -2.2204E-15
1496.0          9.9920E-16
1497.0          0.0000
1498.0          -2.4425E-15
1499.0          0.0000
1500.0          1.8874E-15
1501.0          -5.3291E-15
1502.0          2.2204E-16
1503.0          1.7764E-15
1504.0          0.0000
1505.0          -3.5527E-15
1506.0          6.6613E-16
1507.0          -2.2204E-15
1508.0          -8.8818E-16
1509.0          -1.7764E-15
1510.0          -2.6645E-15
1511.0          -8.8818E-16
1512.0          4.8850E-15
1513.0          1.3323E-15
1514.0          -2.2204E-16
1515.0          1.7764E-15
1516.0          5.5511E-16
1517.0          -8.8818E-16
1518.0          -4.4409E-15
1519.0          1.9984E-15
1520.0          -1.1102E-15
1521.0          1.5543E-15
1522.0          -4.4409E-15
1523.0          3.5527E-15
1524.0          1.1102E-15
1525.0          -1.3323E-15
1526.0          6.6613E-16
1527.0          -2.2204E-16
1528.0          -1.3323E-15
1529.0          2.4425E-15
1530.0          0.0000
1531.0          -2.2204E-15
1532.0          -3.1086E-15
1533.0          3.3307E-15
1534.0          4.4409E-16
1535.0          1.5543E-15
1536.0          -5.3291E-15
1537.0          3.6637E-15
1538.0          -2.2204E-15
1539.0          -1.1102E-15
1540.0          1.3323E-15
1541.0          -8.8818E-16
1542.0          -2.6645E-15
1543.0          -1.3323E-15
1544.0          -8.8818E-16
1545.0          1.3323E-15
1546.0          -6.6613E-16
1547.0          -8.8818E-16
1548.0          1.9984E-15
1549.0          1.1102E-15
1550.0          6.6613E-16
1551.0          1.6653E-15
1552.0          -3.7748E-15
1553.0          3.5527E-15
1554.0          2.2204E-16
1555.0          -2.2204E-16
1556.0          2.8866E-15
1557.0          1.1102E-16
1558.0          1.3323E-15
1559.0          -2.2204E-16
1560.0          4.4409E-16
1561.0          1.5543E-15
1562.0          2.2204E-16
1563.0          1.3323E-15
1564.0          1.2212E-15
1565.0          -1.5543E-15
1566.0          8.8818E-16
1567.0          2.2204E-16
1568.0          -3.7748E-15
1569.0          -2.2204E-15
1570.0          -6.6613E-16
1571.0          0.0000
1572.0          8.8818E-16
1573.0          2.6645E-15
1574.0          -3.1086E-15
1575.0          1.5543E-15
1576.0          2.6645E-15
1577.0          1.1102E-15
1578.0          2.2204E-16
1579.0          1.3323E-15
1580.0          -1.9984E-15
1581.0          4.4409E-16
1582.0          1.7764E-15
1583.0          1.5543E-15
1584.0          1.9984E-15
1585.0          2.8866E-15
1586.0          -3.1086E-15
1587.0          -3.5527E-15
1588.0          4.4409E-16
1589.0          -1.5543E-15
1590.0          1.8874E-15
1591.0          2.2204E-16
1592.0          -2.2204E-16
1593.0          -2.2204E-15
1594.0          2.6645E-15
1595.0          3.3307E-15
1596.0          -3.1086E-15
1597.0          5.5511E-16
1598.0          8.8818E-16
1599.0          2.4425E-15
1600.0          -8.8818E-16
1601.0          -1.1102E-15
1602.0          -4.6629E-15
1603.0          6.6613E-16
1604.0          1.3323E-15
1605.0          -4.4409E-16
1606.0          1.7764E-15
1607.0          1.7764E-15
1608.0          3.3307E-15
1609.0          2.9976E-15
1610.0          -1.5543E-15
1611.0          3.9968E-15
1612.0          9.9920E-16
1613.0          -1.1102E-15
1614.0          -2.6645E-15
1615.0          1.8874E-15
1616.0          -6.6613E-16
1617.0          1.9984E-15
1618.0          -2.6645E-15
1619.0          1.6653E-15
1620.0          -8.8818E-16
1621.0          3.3307E-16
1622.0          1.5543E-15
1623.0          -8.8818E-16
1624.0          -4.4409E-16
1625.0          -8.8818E-16
1626.0          8.8818E-16
1627.0          -8.8818E-16
1628.0          2.5535E-15
1629.0          1.4433E-15
1630.0          2.3315E-15
1631.0          1.1102E-16
1632.0          0.0000
1633.0          0.0000
1634.0          1.1102E-15
1635.0          -1.5543E-15
1636.0          -4.4409E-16
1637.0          6.6613E-16
1638.0          -8.8818E-16
1639.0          1.7764E-15
1640.0          -3.1086E-15
1641.0          1.5543E-15
1642.0          0.0000
1643.0          -4.4409E-16
1644.0          -3.1086E-15
1645.0          -8.8818E-16
1646.0          3.2196E-15
1647.0          1.1102E-15
1648.0          8.8818E-16
1649.0          -2.6645E-15
1650.0          -2.2204E-15
