1400.0          0.054297
1401.0          0.053172
1402.0          0.052149
1403.0          0.051213
1404.0          0.050355
1405.0          0.049565
1406.0          0.048836
1407.0          0.048161
1408.0          0.047534
1409.0          0.046950
1410.0          0.046405
1411.0          0.045893
1412.0          0.045412
1413.0          0.044956
1414.0          0.044522
1415.0          0.044103
1416.0          0.043696
1417.0          0.043293
1418.0          0.042885
1419.0          0.042463
1420.0          0.042011
1421.0          0.041509
1422.0          0.040922
1423.0          0.040200
1424.0          0.039251
1425.0          0.037910
1426.0          0.035873
1427.0          0.033090
1428.0          0.092370
1429.0          0.11873
1430.0          0.066653
1431.0          0.057229
1432.0          0.053508
1433.0          0.051580
1434.0          0.050440
1435.0          0.049720
1436.0          0.049252
1437.0          0.048947
1438.0          0.048758
1439.0          0.048654
1440.0          0.048615
1441.0          0.048627
1442.0          0.048682
1443.0          0.048773
1444.0          0.048893
1445.0          0.049041
1446.0          0.049212
1447.0          0.049403
1448.0          0.049614
1449.0          0.049841
1450.0          0.050085
1451.0          0.050343
1452.0          0.050614
1453.0          0.050898
1454.0          0.051194
1455.0          0.051501
1456.0          0.051819
1457.0          0.052146
1458.0          0.052482
1459.0          0.052827
1460.0          0.053180
1461.0          0.053542
1462.0          0.053910
1463.0          0.054286
1464.0          0.054668
1465.0          0.055056
1466.0          0.055451
1467.0          0.055851
1468.0          0.056256
1469.0          0.056666
1470.0          0.057081
1471.0          0.057500
1472.0          0.057924
1473.0          0.058351
1474.0          0.058782
1475.0          0.059216
1476.0          0.059653
1477.0          0.060093
1478.0          0.060536
1479.0          0.060981
1480.0          0.061428
1481.0          0.061877
1482.0          0.062328
1483.0          0.062779
1484.0          0.063233
1485.0          0.063687
1486.0          0.064142
1487.0          0.064597
1488.0          0.065053
1489.0          0.065509
1490.0          0.065965
1491.0          0.066420
1492.0          0.066875
1493.0          0.067330
1494.0          0.067783
1495.0          0.068236
1496.0          0.068687
1497.0          0.069136
1498.0          0.069584
1499.0          0.070031
1500.0          0.070475
1501.0          0.070917
1502.0          0.071356
1503.0          0.071793
1504.0          0.072227
1505.0          0.072658
1506.0          0.073086
1507.0          0.073510
1508.0          0.073931
1509.0          0.074348
1510.0          0.074762
1511.0          0.075171
1512.0          0.075576
1513.0          0.075976
1514.0          0.076372
1515.0          0.076763
1516.0          0.077149
1517.0          0.077530
1518.0          0.077906
1519.0          0.078276
1520.0          0.078640
1521.0          0.078998
1522.0          0.079351
1523.0          0.079697
1524.0          0.080036
1525.0          0.080369
1526.0          0.080696
1527.0          0.081015
1528.0          0.081327
1529.0          0.081631
1530.0          0.081929
1531.0          0.082218
1532.0          0.082500
1533.0          0.082773
1534.0          0.083038
1535.0          0.083295
1536.0          0.083543
1537.0          0.083782
1538.0          0.084012
1539.0          0.084233
1540.0          0.084445
1541.0          0.084647
1542.0          0.084839
1543.0          0.085021
1544.0          0.085193
1545.0          0.085354
1546.0          0.085505
1547.0          0.085646
1548.0          0.085775
1549.0          0.085893
1550.0          0.085999
1551.0          0.086094
1552.0          0.086177
1553.0          0.086248
1554.0          0.086307
1555.0          0.086353
1556.0          0.086387
1557.0          0.086408
1558.0          0.086416
1559.0          0.086410
1560.0          0.086391
1561.0          0.086358
1562.0          0.086311
1563.0          0.086249
1564.0          0.086174
1565.0          0.086083
1566.0          0.085978
1567.0          0.085857
1568.0          0.085721
1569.0          0.085569
1570.0          0.085402
1571.0          0.085218
1572.0          0.085018
1573.0          0.084801
1574.0          0.084567
1575.0          0.084316
1576.0          0.084048
1577.0          0.083762
1578.0          0.083458
1579.0          0.083135
1580.0          0.082795
1581.0          0.082436
1582.0          0.082057
1583.0          0.081660
1584.0          0.081243
1585.0          0.080806
1586.0          0.080349
1587.0          0.079872
1588.0          0.079374
1589.0          0.078856
1590.0          0.078316
1591.0          0.077755
1592.0          0.077173
1593.0          0.076568
1594.0          0.075942
1595.0          0.075293
1596.0          0.074622
1597.0          0.073928
1598.0          0.073211
1599.0          0.072471
1600.0          0.071707
1601.0          0.070920
1602.0          0.070109
1603.0          0.069274
1604.0          0.068415
1605.0          0.067532
1606.0          0.066625
1607.0          0.065693
1608.0          0.064736
1609.0          0.063755
1610.0          0.062750
1611.0          0.061720
1612.0          0.060666
1613.0          0.059587
1614.0          0.058484
1615.0          0.057357
1616.0          0.056207
1617.0          0.055033
1618.0          0.053836
1619.0          0.052616
1620.0          0.051374
1621.0          0.050111
1622.0          0.048827
1623.0          0.047523
1624.0          0.046200
1625.0          0.044858
1626.0          0.043501
1627.0          0.042127
1628.0          0.040740
1629.0          0.039340
1630.0          0.037929
1631.0          0.036511
1632.0          0.035086
1633.0          0.033658
1634.0          0.032229
1635.0          0.030802
1636.0          0.029381
1637.0          0.027971
1638.0          0.026574
1639.0          0.025196
1640.0          0.023842
1641.0          0.022517
1642.0          0.021229
1643.0          0.019983
1644.0          0.018787
1645.0          0.017651
1646.0          0.016581
1647.0          0.015590
1648.0          0.014687
1649.0          0.013884
1650.0          0.013196
1400.0          0.94570
1401.0          0.94683
1402.0          0.94785
1403.0          0.94879
1404.0          0.94964
1405.0          0.95043
1406.0          0.95116
1407.0          0.95184
1408.0          0.95247
1409.0          0.95305
1410.0          0.95360
1411.0          0.95411
1412.0          0.95459
1413.0          0.95504
1414.0          0.95548
1415.0          0.95590
1416.0          0.95630
1417.0          0.95671
1418.0          0.95711
1419.0          0.95754
1420.0          0.95799
1421.0          0.95849
1422.0          0.95908
1423.0          0.95980
1424.0          0.96075
1425.0          0.96209
1426.0          0.96413
1427.0          0.96691
1428.0          0.90763
1429.0          0.88127
1430.0          0.93335
1431.0          0.94277
1432.0          0.94649
1433.0          0.94842
1434.0          0.94956
1435.0          0.95028
1436.0          0.95075
1437.0          0.95105
1438.0          0.95124
1439.0          0.95135
1440.0          0.95139
1441.0          0.95137
1442.0          0.95132
1443.0          0.95123
1444.0          0.95111
1445.0          0.95096
1446.0          0.95079
1447.0          0.95060
1448.0          0.95039
1449.0          0.95016
1450.0          0.94992
1451.0          0.94966
1452.0          0.94939
1453.0          0.94910
1454.0          0.94881
1455.0          0.94850
1456.0          0.94818
1457.0          0.94785
1458.0          0.94752
1459.0          0.94717
1460.0          0.94682
1461.0          0.94646
1462.0          0.94609
1463.0          0.94571
1464.0          0.94533
1465.0          0.94494
1466.0          0.94455
1467.0          0.94415
1468.0          0.94374
1469.0          0.94333
1470.0          0.94292
1471.0          0.94250
1472.0          0.94208
1473.0          0.94165
1474.0          0.94122
1475.0          0.94078
1476.0          0.94035
1477.0          0.93991
1478.0          0.93946
1479.0          0.93902
1480.0          0.93857
1481.0          0.93812
1482.0          0.93767
1483.0          0.93722
1484.0          0.93677
1485.0          0.93631
1486.0          0.93586
1487.0          0.93540
1488.0          0.93495
1489.0          0.93449
1490.0          0.93404
1491.0          0.93358
1492.0          0.93312
1493.0          0.93267
1494.0          0.93222
1495.0          0.93176
1496.0          0.93131
1497.0          0.93086
1498.0          0.93042
1499.0          0.92997
1500.0          0.92953
1501.0          0.92908
1502.0          0.92864
1503.0          0.92821
1504.0          0.92777
1505.0          0.92734
1506.0          0.92691
1507.0          0.92649
1508.0          0.92607
1509.0          0.92565
1510.0          0.92524
1511.0          0.92483
1512.0          0.92442
1513.0          0.92402
1514.0          0.92363
1515.0          0.92324
1516.0          0.92285
1517.0          0.92247
1518.0          0.92209
1519.0          0.92172
1520.0          0.92136
1521.0          0.92100
1522.0          0.92065
1523.0          0.92030
1524.0          0.91996
1525.0          0.91963
1526.0          0.91930
1527.0          0.91899
1528.0          0.91867
1529.0          0.91837
1530.0          0.91807
1531.0          0.91778
1532.0          0.91750
1533.0          0.91723
1534.0          0.91696
1535.0          0.91671
1536.0          0.91646
1537.0          0.91622
1538.0          0.91599
1539.0          0.91577
1540.0          0.91556
1541.0          0.91535
1542.0          0.91516
1543.0          0.91498
1544.0          0.91481
1545.0          0.91465
1546.0          0.91449
1547.0          0.91435
1548.0          0.91423
1549.0          0.91411
1550.0          0.91400
1551.0          0.91391
1552.0          0.91382
1553.0          0.91375
1554.0          0.91369
1555.0          0.91365
1556.0          0.91361
1557.0          0.91359
1558.0          0.91358
1559.0          0.91359
1560.0          0.91361
1561.0          0.91364
1562.0          0.91369
1563.0          0.91375
1564.0          0.91383
1565.0          0.91392
1566.0          0.91402
1567.0          0.91414
1568.0          0.91428
1569.0          0.91443
1570.0          0.91460
1571.0          0.91478
1572.0          0.91498
1573.0          0.91520
1574.0          0.91543
1575.0          0.91568
1576.0          0.91595
1577.0          0.91624
1578.0          0.91654
1579.0          0.91686
1580.0          0.91721
1581.0          0.91756
1582.0          0.91794
1583.0          0.91834
1584.0          0.91876
1585.0          0.91919
1586.0          0.91965
1587.0          0.92013
1588.0          0.92063
1589.0          0.92114
1590.0          0.92168
1591.0          0.92224
1592.0          0.92283
1593.0          0.92343
1594.0          0.92406
1595.0          0.92471
1596.0          0.92538
1597.0          0.92607
1598.0          0.92679
1599.0          0.92753
1600.0          0.92829
1601.0          0.92908
1602.0          0.92989
1603.0          0.93073
1604.0          0.93158
1605.0          0.93247
1606.0          0.93338
1607.0          0.93431
1608.0          0.93526
1609.0          0.93624
1610.0          0.93725
1611.0          0.93828
1612.0          0.93933
1613.0          0.94041
1614.0          0.94152
1615.0          0.94264
1616.0          0.94379
1617.0          0.94497
1618.0          0.94616
1619.0          0.94738
1620.0          0.94863
1621.0          0.94989
1622.0          0.95117
1623.0          0.95248
1624.0          0.95380
1625.0          0.95514
1626.0          0.95650
1627.0          0.95787
1628.0          0.95926
1629.0          0.96066
1630.0          0.96207
1631.0          0.96349
1632.0          0.96491
1633.0          0.96634
1634.0          0.96777
1635.0          0.96920
1636.0          0.97062
1637.0          0.97203
1638.0          0.97343
1639.0          0.97480
1640.0          0.97616
1641.0          0.97748
1642.0          0.97877
1643.0          0.98002
1644.0          0.98121
1645.0          0.98235
1646.0          0.98342
1647.0          0.98441
1648.0          0.98531
1649.0          0.98612
1650.0          0.98680
1400.0          1.0000
1401.0          1.0000
1402.0          1.0000
1403.0          1.0000
1404.0          1.0000
1405.0          1.0000
1406.0          1.0000
1407.0          1.0000
1408.0          1.0000
1409.0          1.0000
1410.0          1.0000
1411.0          1.0000
1412.0          1.0000
1413.0          1.0000
1414.0          1.0000
1415.0          1.0000
1416.0          1.0000
1417.0          1.0000
1418.0          1.0000
1419.0          1.0000
1420.0          1.0000
1421.0          1.0000
1422.0          1.0000
1423.0          1.0000
1424.0          1.0000
1425.0          1.0000
1426.0          1.0000
1427.0          1.0000
1428.0          1.0000
1429.0          1.0000
1430.0          1.0000
1431.0          1.0000
1432.0          1.0000
1433.0          1.0000
1434.0          1.0000
1435.0          1.0000
1436.0          1.0000
1437.0          1.0000
1438.0          1.0000
1439.0          1.0000
1440.0          1.0000
1441.0          1.0000
1442.0          1.0000
1443.0          1.0000
1444.0          1.0000
1445.0          1.0000
1446.0          1.0000
1447.0          1.0000
1448.0          1.0000
1449.0          1.0000
1450.0          1.0000
1451.0          1.0000
1452.0          1.0000
1453.0          1.0000
1454.0          1.0000
1455.0          1.0000
1456.0          1.0000
1457.0          1.0000
1458.0          1.0000
1459.0          1.0000
1460.0          1.0000
1461.0          1.0000
1462.0          1.0000
1463.0          1.0000
1464.0          1.0000
1465.0          1.0000
1466.0          1.0000
1467.0          1.0000
1468.0          1.0000
1469.0          1.0000
1470.0          1.0000
1471.0          1.0000
1472.0          1.0000
1473.0          1.0000
1474.0          1.0000
1475.0          1.0000
1476.0          1.0000
1477.0          1.0000
1478.0          1.0000
1479.0          1.0000
1480.0          1.0000
1481.0          1.0000
1482.0          1.0000
1483.0          1.0000
1484.0          1.0000
1485.0          1.0000
1486.0          1.0000
1487.0          1.0000
1488.0          1.0000
1489.0          1.0000
1490.0          1.0000
1491.0          1.0000
1492.0          1.0000
1493.0          1.0000
1494.0          1.0000
1495.0          1.0000
1496.0          1.0000
1497.0          1.0000
1498.0          1.0000
1499.0          1.0000
1500.0          1.0000
1501.0          1.0000
1502.0          1.0000
1503.0          1.0000
1504.0          1.0000
1505.0          1.0000
1506.0          1.0000
1507.0          1.0000
1508.0          1.0000
1509.0          1.0000
1510.0          1.0000
1511.0          1.0000
1512.0          1.0000
1513.0          1.0000
1514.0          1.0000
1515.0          1.0000
1516.0          1.0000
1517.0          1.0000
1518.0          1.0000
1519.0          1.0000
1520.0          1.0000
1521.0          1.0000
1522.0          1.0000
1523.0          1.0000
1524.0          1.0000
1525.0          1.0000
1526.0          1.0000
1527.0          1.0000
1528.0          1.0000
1529.0          1.0000
1530.0          1.0000
1531.0          1.0000
1532.0          1.0000
1533.0          1.0000
1534.0          1.0000
1535.0          1.0000
1536.0          1.0000
1537.0          1.0000
1538.0          1.0000
1539.0          1.0000
1540.0          1.0000
1541.0          1.0000
1542.0          1.0000
1543.0          1.0000
1544.0          1.0000
1545.0          1.0000
1546.0          1.0000
1547.0          1.0000
1548.0          1.0000
1549.0          1.0000
1550.0          1.0000
1551.0          1.0000
1552.0          1.0000
1553.0          1.0000
1554.0          1.0000
1555.0          1.0000
1556.0          1.0000
1557.0          1.0000
1558.0          1.0000
1559.0          1.0000
1560.0          1.0000
1561.0          1.0000
1562.0          1.0000
1563.0          1.0000
1564.0          1.0000
1565.0          1.0000
1566.0          1.0000
1567.0          1.0000
1568.0          1.0000
1569.0          1.0000
1570.0          1.0000
1571.0          1.0000
1572.0          1.0000
1573.0          1.0000
1574.0          1.0000
1575.0          1.0000
1576.0          1.0000
1577.0          1.0000
1578.0          1.0000
1579.0          1.0000
1580.0          1.0000
1581.0          1.0000
1582.0          1.0000
1583.0          1.0000
1584.0          1.0000
1585.0          1.0000
1586.0          1.0000
1587.0          1.0000
1588.0          1.0000
1589.0          1.0000
1590.0          1.0000
1591.0          1.0000
1592.0          1.0000
1593.0          1.0000
1594.0          1.0000
1595.0          1.0000
1596.0          1.0000
1597.0          1.0000
1598.0          1.0000
1599.0          1.0000
1600.0          1.0000
1601.0          1.0000
1602.0          1.0000
1603.0          1.0000
1604.0          1.0000
1605.0          1.0000
1606.0          1.0000
1607.0          1.0000
1608.0          1.0000
1609.0          1.0000
1610.0          1.0000
1611.0          1.0000
1612.0          1.0000
1613.0          1.0000
1614.0          1.0000
1615.0          1.0000
1616.0          1.0000
1617.0          1.0000
1618.0          1.0000
1619.0          1.0000
1620.0          1.0000
1621.0          1.0000
1622.0          1.0000
1623.0          1.0000
1624.0          1.0000
1625.0          1.0000
1626.0          1.0000
1627.0          1.0000
1628.0          1.0000
1629.0          1.0000
1630.0          1.0000
1631.0          1.0000
1632.0          1.0000
1633.0          1.0000
1634.0          1.0000
1635.0          1.0000
1636.0          1.0000
1637.0          1.0000
1638.0          1.0000
1639.0          1.0000
1640.0          1.0000
1641.0          1.0000
1642.0          1.0000
1643.0          1.0000
1644.0          1.0000
1645.0          1.0000
1646.0          1.0000
1647.0          1.0000
1648.0          1.0000
1649.0          1.0000
1650.0          1.0000
1400.0          6.6613E-16
1401.0          -1.1102E-15
1402.0          0.0000
1403.0          -6.6613E-16
1404.0          4.4409E-16
1405.0          2.8866E-15
1406.0          5.5511E-16
1407.0          1.1102E-15
1408.0          1.8874E-15
1409.0          3.3307E-16
1410.0          -6.6613E-16
1411.0          -1.1102E-15
1412.0          -2.6645E-15
1413.0          3.3307E-16
1414.0          -1.9984E-15
1415.0          -1.5543E-15
1416.0          -8.8818E-16
1417.0          -1.7764E-15
1418.0          5.5511E-16
1419.0          -2.2204E-15
1420.0          3.8858E-15
1421.0          1.5543E-15
1422.0          2.7756E-15
1423.0          -6.6613E-16
1424.0          8.8818E-16
1425.0          -1.9984E-15
1426.0          4.4409E-16
1427.0          5.2180E-15
1428.0          -9.1704E-14
1429.0          -7.9936E-15
1430.0          -3.7748E-15
1431.0          -1.9984E-15
1432.0          -8.8818E-16
1433.0          1.1102E-16
1434.0          1.3323E-15
1435.0          -1.5543E-15
1436.0          6.6613E-16
1437.0          2.2204E-15
1438.0          -2.4425E-15
1439.0          -4.4409E-16
1440.0          -2.2204E-16
1441.0          5.5511E-16
1442.0          9.9920E-16
1443.0          -6.6613E-16
1444.0          4.4409E-16
1445.0          -6.6613E-16
1446.0          -1.9984E-15
1447.0          -2.2204E-16
1448.0          1.1102E-15
1449.0          1.1102E-15
1450.0          -4.2188E-15
1451.0          -4.4409E-16
1452.0          -4.4409E-16
1453.0          5.5511E-16
1454.0          -3.1086E-15
1455.0          9.9920E-16
1456.0          -2.6645E-15
1457.0          -4.4409E-16
1458.0          1.3323E-15
1459.0          -2.2204E-16
1460.0          -6.6613E-16
1461.0          1.7764E-15
1462.0          9.9920E-16
1463.0          1.5543E-15
1464.0          -4.4409E-16
1465.0          -1.5543E-15
1466.0          0.0000
1467.0          0.0000
1468.0          -3.3307E-15
1469.0          2.3315E-15
1470.0          1.4433E-15
1471.0          1.4433E-15
1472.0          0.0000
1473.0          -1.5543E-15
1474.0          -2.4425E-15
1475.0          9.9920E-16
1476.0          0.0000
1477.0          -4.4409E-16
1478.0          3.3307E-16
1479.0          9.9920E-16
1480.0          7.7716E-16
1481.0          -1.5543E-15
1482.0          -1.1102E-15
1483.0          -2.2204E-16
1484.0          7.7716E-16
1485.0          -8.8818E-16
1486.0          3.3307E-16
1487.0          -1.5543E-15
1488.0          -4.4409E-16
1489.0          1.1102E-16
1490.0          -4.4409E-16
1491.0          2.1094E-15
1492.0          -1.1102E-15
1493.0          4.4409E-16
1494.0          1.7764E-15
1495.0          1.1102E-15
1496.0          0.0000
1497.0          0.0000
1498.0          -4.4409E-16
1499.0          1.2212E-15
1500.0          -2.2204E-16
1501.0          -1.1102E-15
1502.0          -4.4409E-16
1503.0          -2.2204E-16
1504.0          -6.6613E-16
1505.0          -1.1102E-15
1506.0          1.9984E-15
1507.0          -6.6613E-16
1508.0          1.1102E-16
1509.0          -2.2204E-15
1510.0          -1.7764E-15
1511.0          2.8866E-15
1512.0          2.2204E-15
1513.0          -1.1102E-15
1514.0          1.2212E-15
1515.0          1.4433E-15
1516.0          -1.3323E-15
1517.0          3.5527E-15
1518.0          0.0000
1519.0          2.2204E-16
1520.0          -8.8818E-16
1521.0          -1.1102E-15
1522.0          -1.7764E-15
1523.0          -1.9984E-15
1524.0          -6.6613E-16
1525.0          1.8874E-15
1526.0          1.5543E-15
1527.0          -1.3323E-15
1528.0          6.6613E-16
1529.0          4.4409E-16
1530.0          9.9920E-16
1531.0          -1.1102E-15
1532.0          1.2212E-15
1533.0          2.2204E-16
1534.0          2.8866E-15
1535.0          -2.2204E-16
1536.0          1.3323E-15
1537.0          -6.6613E-16
1538.0          8.8818E-16
1539.0          3.4417E-15
1540.0          -2.2204E-15
1541.0          -1.9984E-15
1542.0          5.5511E-16
1543.0          2.2204E-16
1544.0          1.1102E-15
1545.0          -2.2204E-16
1546.0          -3.9968E-15
1547.0          -2.6645E-15
1548.0          -2.4425E-15
1549.0          9.9920E-16
1550.0          -2.2204E-16
1551.0          -6.6613E-16
1552.0          -1.3323E-15
1553.0          2.2204E-15
1554.0          -8.8818E-16
1555.0          -6.6613E-16
1556.0          6.6613E-16
1557.0          -3.5527E-15
1558.0          2.2204E-16
1559.0          1.3323E-15
1560.0          1.1102E-16
1561.0          -3.1086E-15
1562.0          4.4409E-16
1563.0          1.3323E-15
1564.0          -2.2204E-16
1565.0          -1.9984E-15
1566.0          -4.4409E-16
1567.0          1.3323E-15
1568.0          -1.5543E-15
1569.0          -8.8818E-16
1570.0          -6.6613E-16
1571.0          -3.7748E-15
1572.0          0.0000
1573.0          -2.4425E-15
1574.0          -1.5543E-15
1575.0          -4.4409E-16
1576.0          0.0000
1577.0          -2.8866E-15
1578.0          -4.4409E-16
1579.0          1.9984E-15
1580.0          3.3307E-16
1581.0          4.4409E-16
1582.0          9.9920E-16
1583.0          2.7756E-15
1584.0          2.2204E-16
1585.0          -6.6613E-16
1586.0          -8.8818E-16
1587.0          1.6653E-15
1588.0          -8.8818E-16
1589.0          -4.4409E-16
1590.0          6.6613E-16
1591.0          -3.7748E-15
1592.0          2.6645E-15
1593.0          8.8818E-16
1594.0          2.2204E-16
1595.0          7.7716E-16
1596.0          -6.6613E-16
1597.0          -2.8866E-15
1598.0          -1.7764E-15
1599.0          -2.2204E-15
1600.0          6.6613E-16
1601.0          -2.2204E-15
1602.0          -2.2204E-16
1603.0          0.0000
1604.0          0.0000
1605.0          -6.6613E-16
1606.0          -1.7764E-15
1607.0          2.8866E-15
1608.0          -1.3323E-15
1609.0          2.1094E-15
1610.0          -2.6645E-15
1611.0          -2.2204E-16
1612.0          1.4433E-15
1613.0          0.0000
1614.0          0.0000
1615.0          1.1102E-16
1616.0          -4.4409E-16
1617.0          -1.9984E-15
1618.0          4.4409E-16
1619.0          -2.4425E-15
1620.0          -2.2204E-15
1621.0          6.6613E-16
1622.0          -8.8818E-16
1623.0          1.5543E-15
1624.0          3.4417E-15
1625.0          1.9984E-15
1626.0          1.7764E-15
1627.0          1.6653E-15
1628.0          4.6629E-15
1629.0          1.4433E-15
1630.0          0.0000
1631.0          1.2212E-15
1632.0          6.6613E-16
1633.0          -8.8818E-16
1634.0          0.0000
1635.0          -2.6645E-15
1636.0          1.7764E-15
1637.0          -1.3323E-15
1638.0          -1.5543E-15
1639.0          -1.9984E-15
1640.0          2.2204E-16
1641.0          -1.9984E-15
1642.0          5.5511E-16
1643.0          -1.5543E-15
1644.0          2.2204E-16
1645.0          1.3323E-15
1646.0          1.9984E-15
1647.0          -2.2204E-16
1648.0          6.6613E-16
1649.0          2.5535E-15
1650.0          1.8874E-15
