1400.0          0.29646
1401.0          0.29409
1402.0          0.29182
1403.0          0.28965
1404.0          0.28758
1405.0          0.28560
1406.0          0.28372
1407.0          0.28192
1408.0          0.28022
1409.0          0.27860
1410.0          0.27706
1411.0          0.27561
1412.0          0.27424
1413.0          0.27295
1414.0          0.27174
1415.0          0.27061
1416.0          0.26955
1417.0          0.26856
1418.0          0.26764
1419.0          0.26679
1420.0          0.26601
1421.0          0.26530
1422.0          0.26465
1423.0          0.26406
1424.0          0.26353
1425.0          0.26307
1426.0          0.26266
1427.0          0.26231
1428.0          0.26202
1429.0          0.26178
1430.0          0.26159
1431.0          0.26146
1432.0          0.26137
1433.0          0.26133
1434.0          0.26135
1435.0          0.26140
1436.0          0.26150
1437.0          0.26165
1438.0          0.26184
1439.0          0.26207
1440.0          0.26233
1441.0          0.26264
1442.0          0.26299
1443.0          0.26337
1444.0          0.26379
1445.0          0.26424
1446.0          0.26473
1447.0          0.26524
1448.0          0.26579
1449.0          0.26637
1450.0          0.26698
1451.0          0.26762
1452.0          0.26829
1453.0          0.26898
1454.0          0.26970
1455.0          0.27045
1456.0          0.27121
1457.0          0.27200
1458.0          0.27282
1459.0          0.27365
1460.0          0.27451
1461.0          0.27539
1462.0          0.27629
1463.0          0.27720
1464.0          0.27813
1465.0          0.27909
1466.0          0.28005
1467.0          0.28104
1468.0          0.28204
1469.0          0.28305
1470.0          0.28408
1471.0          0.28512
1472.0          0.28618
1473.0          0.28724
1474.0          0.28832
1475.0          0.28941
1476.0          0.29052
1477.0          0.29163
1478.0          0.29275
1479.0          0.29388
1480.0          0.29502
1481.0          0.29617
1482.0          0.29733
1483.0          0.29849
1484.0          0.29966
1485.0          0.30084
1486.0          0.30203
1487.0          0.30322
1488.0          0.30441
1489.0          0.30561
1490.0          0.30682
1491.0          0.30803
1492.0          0.30924
1493.0          0.31046
1494.0          0.31168
1495.0          0.31291
1496.0          0.31414
1497.0          0.31537
1498.0          0.31660
1499.0          0.31783
1500.0          0.31907
1501.0          0.32030
1502.0          0.32154
1503.0          0.32278
1504.0          0.32402
1505.0          0.32526
1506.0          0.32650
1507.0          0.32774
1508.0          0.32898
1509.0          0.33022
1510.0          0.33146
1511.0          0.33270
1512.0          0.33393
1513.0          0.33517
1514.0          0.33640
1515.0          0.33763
1516.0          0.33886
1517.0          0.34009
1518.0          0.34132
1519.0          0.34254
1520.0          0.34376
1521.0          0.34498
1522.0          0.34620
1523.0          0.34741
1524.0          0.34862
1525.0          0.34982
1526.0          0.35103
1527.0          0.35223
1528.0          0.35342
1529.0          0.35462
1530.0          0.35580
1531.0          0.35699
1532.0          0.35817
1533.0          0.35935
1534.0          0.36052
1535.0          0.36169
1536.0          0.36285
1537.0          0.36401
1538.0          0.36516
1539.0          0.36631
1540.0          0.36746
1541.0          0.36860
1542.0          0.36973
1543.0          0.37087
1544.0          0.37199
1545.0          0.37311
1546.0          0.37423
1547.0          0.37534
1548.0          0.37644
1549.0          0.37754
1550.0          0.37864
1551.0          0.37973
1552.0          0.38081
1553.0          0.38189
1554.0          0.38296
1555.0          0.38403
1556.0          0.38509
1557.0          0.38614
1558.0          0.38719
1559.0          0.38824
1560.0          0.38927
1561.0          0.39031
1562.0          0.39133
1563.0          0.39235
1564.0          0.39337
1565.0          0.39438
1566.0          0.39538
1567.0          0.39637
1568.0          0.39737
1569.0          0.39835
1570.0          0.39933
1571.0          0.40030
1572.0          0.40127
1573.0          0.40223
1574.0          0.40318
1575.0          0.40413
1576.0          0.40507
1577.0          0.40600
1578.0          0.40693
1579.0          0.40785
1580.0          0.40877
1581.0          0.40968
1582.0          0.41058
1583.0          0.41148
1584.0          0.41237
1585.0          0.41326
1586.0          0.41414
1587.0          0.41501
1588.0          0.41587
1589.0          0.41673
1590.0          0.41759
1591.0          0.41843
1592.0          0.41927
1593.0          0.42011
1594.0          0.42093
1595.0          0.42176
1596.0          0.42257
1597.0          0.42338
1598.0          0.42418
1599.0          0.42497
1600.0          0.42576
1601.0          0.42655
1602.0          0.42732
1603.0          0.42809
1604.0          0.42885
1605.0          0.42961
1606.0          0.43036
1607.0          0.43110
1608.0          0.43184
1609.0          0.43257
1610.0          0.43330
1611.0          0.43401
1612.0          0.43472
1613.0          0.43543
1614.0          0.43613
1615.0          0.43682
1616.0          0.43750
1617.0          0.43818
1618.0          0.43885
1619.0          0.43952
1620.0          0.44018
1621.0          0.44083
1622.0          0.44148
1623.0          0.44211
1624.0          0.44275
1625.0          0.44337
1626.0          0.44399
1627.0          0.44461
1628.0          0.44521
1629.0          0.44581
1630.0          0.44641
1631.0          0.44699
1632.0          0.44757
1633.0          0.44814
1634.0          0.44871
1635.0          0.44927
1636.0          0.44982
1637.0          0.45037
1638.0          0.45091
1639.0          0.45144
1640.0          0.45197
1641.0          0.45249
1642.0          0.45300
1643.0          0.45351
1644.0          0.45401
1645.0          0.45450
1646.0          0.45498
1647.0          0.45546
1648.0          0.45593
1649.0          0.45640
1650.0          0.45686
1400.0          0.70354
1401.0          0.70591
1402.0          0.70818
1403.0          0.71035
1404.0          0.71242
1405.0          0.71440
1406.0          0.71628
1407.0          0.71808
1408.0          0.71978
1409.0          0.72140
1410.0          0.72294
1411.0          0.72439
1412.0          0.72576
1413.0          0.72705
1414.0          0.72826
1415.0          0.72939
1416.0          0.73045
1417.0          0.73144
1418.0          0.73236
1419.0          0.73321
1420.0          0.73399
1421.0          0.73470
1422.0          0.73535
1423.0          0.73594
1424.0          0.73647
1425.0          0.73693
1426.0          0.73734
1427.0          0.73769
1428.0          0.73798
1429.0          0.73822
1430.0          0.73841
1431.0          0.73854
1432.0          0.73863
1433.0          0.73867
1434.0          0.73865
1435.0          0.73860
1436.0          0.73850
1437.0          0.73835
1438.0          0.73816
1439.0          0.73793
1440.0          0.73767
1441.0          0.73736
1442.0          0.73701
1443.0          0.73663
1444.0          0.73621
1445.0          0.73576
1446.0          0.73527
1447.0          0.73476
1448.0          0.73421
1449.0          0.73363
1450.0          0.73302
1451.0          0.73238
1452.0          0.73171
1453.0          0.73102
1454.0          0.73030
1455.0          0.72955
1456.0          0.72879
1457.0          0.72800
1458.0          0.72718
1459.0          0.72635
1460.0          0.72549
1461.0          0.72461
1462.0          0.72371
1463.0          0.72280
1464.0          0.72187
1465.0          0.72091
1466.0          0.71995
1467.0          0.71896
1468.0          0.71796
1469.0          0.71695
1470.0          0.71592
1471.0          0.71488
1472.0          0.71382
1473.0          0.71276
1474.0          0.71168
1475.0          0.71059
1476.0          0.70948
1477.0          0.70837
1478.0          0.70725
1479.0          0.70612
1480.0          0.70498
1481.0          0.70383
1482.0          0.70267
1483.0          0.70151
1484.0          0.70034
1485.0          0.69916
1486.0          0.69797
1487.0          0.69678
1488.0          0.69559
1489.0          0.69439
1490.0          0.69318
1491.0          0.69197
1492.0          0.69076
1493.0          0.68954
1494.0          0.68832
1495.0          0.68709
1496.0          0.68586
1497.0          0.68463
1498.0          0.68340
1499.0          0.68217
1500.0          0.68093
1501.0          0.67970
1502.0          0.67846
1503.0          0.67722
1504.0          0.67598
1505.0          0.67474
1506.0          0.67350
1507.0          0.67226
1508.0          0.67102
1509.0          0.66978
1510.0          0.66854
1511.0          0.66730
1512.0          0.66607
1513.0          0.66483
1514.0          0.66360
1515.0          0.66237
1516.0          0.66114
1517.0          0.65991
1518.0          0.65868
1519.0          0.65746
1520.0          0.65624
1521.0          0.65502
1522.0          0.65380
1523.0          0.65259
1524.0          0.65138
1525.0          0.65018
1526.0          0.64897
1527.0          0.64777
1528.0          0.64658
1529.0          0.64538
1530.0          0.64420
1531.0          0.64301
1532.0          0.64183
1533.0          0.64065
1534.0          0.63948
1535.0          0.63831
1536.0          0.63715
1537.0          0.63599
1538.0          0.63484
1539.0          0.63369
1540.0          0.63254
1541.0          0.63140
1542.0          0.63027
1543.0          0.62913
1544.0          0.62801
1545.0          0.62689
1546.0          0.62577
1547.0          0.62466
1548.0          0.62356
1549.0          0.62246
1550.0          0.62136
1551.0          0.62027
1552.0          0.61919
1553.0          0.61811
1554.0          0.61704
1555.0          0.61597
1556.0          0.61491
1557.0          0.61386
1558.0          0.61281
1559.0          0.61176
1560.0          0.61073
1561.0          0.60969
1562.0          0.60867
1563.0          0.60765
1564.0          0.60663
1565.0          0.60562
1566.0          0.60462
1567.0          0.60363
1568.0          0.60263
1569.0          0.60165
1570.0          0.60067
1571.0          0.59970
1572.0          0.59873
1573.0          0.59777
1574.0          0.59682
1575.0          0.59587
1576.0          0.59493
1577.0          0.59400
1578.0          0.59307
1579.0          0.59215
1580.0          0.59123
1581.0          0.59032
1582.0          0.58942
1583.0          0.58852
1584.0          0.58763
1585.0          0.58674
1586.0          0.58586
1587.0          0.58499
1588.0          0.58413
1589.0          0.58327
1590.0          0.58241
1591.0          0.58157
1592.0          0.58073
1593.0          0.57989
1594.0          0.57907
1595.0          0.57824
1596.0          0.57743
1597.0          0.57662
1598.0          0.57582
1599.0          0.57503
1600.0          0.57424
1601.0          0.57345
1602.0          0.57268
1603.0          0.57191
1604.0          0.57115
1605.0          0.57039
1606.0          0.56964
1607.0          0.56890
1608.0          0.56816
1609.0          0.56743
1610.0          0.56670
1611.0          0.56599
1612.0          0.56528
1613.0          0.56457
1614.0          0.56387
1615.0          0.56318
1616.0          0.56250
1617.0          0.56182
1618.0          0.56115
1619.0          0.56048
1620.0          0.55982
1621.0          0.55917
1622.0          0.55852
1623.0          0.55789
1624.0          0.55725
1625.0          0.55663
1626.0          0.55601
1627.0          0.55539
1628.0          0.55479
1629.0          0.55419
1630.0          0.55359
1631.0          0.55301
1632.0          0.55243
1633.0          0.55186
1634.0          0.55129
1635.0          0.55073
1636.0          0.55018
1637.0          0.54963
1638.0          0.54909
1639.0          0.54856
1640.0          0.54803
1641.0          0.54751
1642.0          0.54700
1643.0          0.54649
1644.0          0.54599
1645.0          0.54550
1646.0          0.54502
1647.0          0.54454
1648.0          0.54407
1649.0          0.54360
1650.0          0.54314
1400.0          1.0000
1401.0          1.0000
1402.0          1.0000
1403.0          1.0000
1404.0          1.0000
1405.0          1.0000
1406.0          1.0000
1407.0          1.0000
1408.0          1.0000
1409.0          1.0000
1410.0          1.0000
1411.0          1.0000
1412.0          1.0000
1413.0          1.0000
1414.0          1.0000
1415.0          1.0000
1416.0          1.0000
1417.0          1.0000
1418.0          1.0000
1419.0          1.0000
1420.0          1.0000
1421.0          1.0000
1422.0          1.0000
1423.0          1.0000
1424.0          1.0000
1425.0          1.0000
1426.0          1.0000
1427.0          1.0000
1428.0          1.0000
1429.0          1.0000
1430.0          1.0000
1431.0          1.0000
1432.0          1.0000
1433.0          1.0000
1434.0          1.0000
1435.0          1.0000
1436.0          1.0000
1437.0          1.0000
1438.0          1.0000
1439.0          1.0000
1440.0          1.0000
1441.0          1.0000
1442.0          1.0000
1443.0          1.0000
1444.0          1.0000
1445.0          1.0000
1446.0          1.0000
1447.0          1.0000
1448.0          1.0000
1449.0          1.0000
1450.0          1.0000
1451.0          1.0000
1452.0          1.0000
1453.0          1.0000
1454.0          1.0000
1455.0          1.0000
1456.0          1.0000
1457.0          1.0000
1458.0          1.0000
1459.0          1.0000
1460.0          1.0000
1461.0          1.0000
1462.0          1.0000
1463.0          1.0000
1464.0          1.0000
1465.0          1.0000
1466.0          1.0000
1467.0          1.0000
1468.0          1.0000
1469.0          1.0000
1470.0          1.0000
1471.0          1.0000
1472.0          1.0000
1473.0          1.0000
1474.0          1.0000
1475.0          1.0000
1476.0          1.0000
1477.0          1.0000
1478.0          1.0000
1479.0          1.0000
1480.0          1.0000
1481.0          1.0000
1482.0          1.0000
1483.0          1.0000
1484.0          1.0000
1485.0          1.0000
1486.0          1.0000
1487.0          1.0000
1488.0          1.0000
1489.0          1.0000
1490.0          1.0000
1491.0          1.0000
1492.0          1.0000
1493.0          1.0000
1494.0          1.0000
1495.0          1.0000
1496.0          1.0000
1497.0          1.0000
1498.0          1.0000
1499.0          1.0000
1500.0          1.0000
1501.0          1.0000
1502.0          1.0000
1503.0          1.0000
1504.0          1.0000
1505.0          1.0000
1506.0          1.0000
1507.0          1.0000
1508.0          1.0000
1509.0          1.0000
1510.0          1.0000
1511.0          1.0000
1512.0          1.0000
1513.0          1.0000
1514.0          1.0000
1515.0          1.0000
1516.0          1.0000
1517.0          1.0000
1518.0          1.0000
1519.0          1.0000
1520.0          1.0000
1521.0          1.0000
1522.0          1.0000
1523.0          1.0000
1524.0          1.0000
1525.0          1.0000
1526.0          1.0000
1527.0          1.0000
1528.0          1.0000
1529.0          1.0000
1530.0          1.0000
1531.0          1.0000
1532.0          1.0000
1533.0          1.0000
1534.0          1.0000
1535.0          1.0000
1536.0          1.0000
1537.0          1.0000
1538.0          1.0000
1539.0          1.0000
1540.0          1.0000
1541.0          1.0000
1542.0          1.0000
1543.0          1.0000
1544.0          1.0000
1545.0          1.0000
1546.0          1.0000
1547.0          1.0000
1548.0          1.0000
1549.0          1.0000
1550.0          1.0000
1551.0          1.0000
1552.0          1.0000
1553.0          1.0000
1554.0          1.0000
1555.0          1.0000
1556.0          1.0000
1557.0          1.0000
1558.0          1.0000
1559.0          1.0000
1560.0          1.0000
1561.0          1.0000
1562.0          1.0000
1563.0          1.0000
1564.0          1.0000
1565.0          1.0000
1566.0          1.0000
1567.0          1.0000
1568.0          1.0000
1569.0          1.0000
1570.0          1.0000
1571.0          1.0000
1572.0          1.0000
1573.0          1.0000
1574.0          1.0000
1575.0          1.0000
1576.0          1.0000
1577.0          1.0000
1578.0          1.0000
1579.0          1.0000
1580.0          1.0000
1581.0          1.0000
1582.0          1.0000
1583.0          1.0000
1584.0          1.0000
1585.0          1.0000
1586.0          1.0000
1587.0          1.0000
1588.0          1.0000
1589.0          1.0000
1590.0          1.0000
1591.0          1.0000
1592.0          1.0000
1593.0          1.0000
1594.0          1.0000
1595.0          1.0000
1596.0          1.0000
1597.0          1.0000
1598.0          1.0000
1599.0          1.0000
1600.0          1.0000
1601.0          1.0000
1602.0          1.0000
1603.0          1.0000
1604.0          1.0000
1605.0          1.0000
1606.0          1.0000
1607.0          1.0000
1608.0          1.0000
1609.0          1.0000
1610.0          1.0000
1611.0          1.0000
1612.0          1.0000
1613.0          1.0000
1614.0          1.0000
1615.0          1.0000
1616.0          1.0000
1617.0          1.0000
1618.0          1.0000
1619.0          1.0000
1620.0          1.0000
1621.0          1.0000
1622.0          1.0000
1623.0          1.0000
1624.0          1.0000
1625.0          1.0000
1626.0          1.0000
1627.0          1.0000
1628.0          1.0000
1629.0          1.0000
1630.0          1.0000
1631.0          1.0000
1632.0          1.0000
1633.0          1.0000
1634.0          1.0000
1635.0          1.0000
1636.0          1.0000
1637.0          1.0000
1638.0          1.0000
1639.0          1.0000
1640.0          1.0000
1641.0          1.0000
1642.0          1.0000
1643.0          1.0000
1644.0          1.0000
1645.0          1.0000
1646.0          1.0000
1647.0          1.0000
1648.0          1.0000
1649.0          1.0000
1650.0          1.0000
1400.0          -3.9968E-15
1401.0          -4.4409E-16
1402.0          -3.5527E-15
1403.0          -2.6645E-15
1404.0          1.5543E-15
1405.0          -2.2204E-16
1406.0          4.4409E-16
1407.0          -4.2188E-15
1408.0          6.6613E-16
1409.0          6.6613E-16
1410.0          -2.4425E-15
1411.0          -3.9968E-15
1412.0          -2.8866E-15
1413.0          2.2204E-15
1414.0          1.5543E-15
1415.0          8.8818E-16
1416.0          6.9944E-15
1417.0          -1.7764E-15
1418.0          0.0000
1419.0          1.5543E-15
1420.0          1.4433E-14
1421.0          4.5519E-15
1422.0          1.0214E-14
1423.0          1.3323E-15
1424.0          3.2196E-15
1425.0          8.2157E-15
1426.0          3.5527E-15
1427.0          -4.6629E-15
1428.0          2.2204E-16
1429.0          -4.4409E-16
1430.0          -4.4409E-16
1431.0          -1.1102E-15
1432.0          -2.2204E-16
1433.0          6.6613E-16
1434.0          6.6613E-16
1435.0          2.8866E-15
1436.0          4.4409E-16
1437.0          -2.6645E-15
1438.0          -3.9968E-15
1439.0          -1.5543E-15
1440.0          1.3323E-15
1441.0          -9.1038E-15
1442.0          -1.3323E-15
1443.0          3.7748E-15
1444.0          -4.4409E-16
1445.0          3.3307E-15
1446.0          1.9984E-15
1447.0          -3.1086E-15
1448.0          -3.1086E-15
1449.0          -1.5543E-15
1450.0          -3.3307E-15
1451.0          3.1086E-15
1452.0          -1.7764E-15
1453.0          -1.3323E-15
1454.0          -6.6613E-16
1455.0          -1.7764E-15
1456.0          -4.4409E-16
1457.0          -2.2204E-15
1458.0          1.5543E-15
1459.0          1.5543E-15
1460.0          -2.8866E-15
1461.0          6.6613E-16
1462.0          -2.2204E-15
1463.0          -2.2204E-16
1464.0          -2.2204E-16
1465.0          2.8866E-15
1466.0          1.5543E-15
1467.0          2.2204E-16
1468.0          -8.8818E-16
1469.0          2.2204E-16
1470.0          1.5543E-15
1471.0          1.1102E-16
1472.0          8.8818E-16
1473.0          5.5511E-16
1474.0          6.6613E-16
1475.0          -1.7764E-15
1476.0          4.5519E-15
1477.0          -2.2204E-16
1478.0          2.8866E-15
1479.0          -4.4409E-16
1480.0          -8.8818E-16
1481.0          8.8818E-16
1482.0          1.3323E-15
1483.0          0.0000
1484.0          0.0000
1485.0          2.9976E-15
1486.0          1.7764E-15
1487.0          0.0000
1488.0          1.3323E-15
1489.0          -1.5543E-15
1490.0          0.0000
1491.0          -4.6629E-15
1492.0          1.3323E-15
1493.0          -6.6613E-16
1494.0          2.1094E-15
1495.0          1.6653E-15
1496.0          -2.2204E-15
1497.0          -1.1102E-15
1498.0          -3.1086E-15
1499.0          -1.5543E-15
1500.0          -3.7748E-15
1501.0          0.0000
1502.0          1.1102E-16
1503.0          0.0000
1504.0          0.0000
1505.0          1.9984E-15
1506.0          -1.3323E-15
1507.0          -1.7764E-15
1508.0          -4.4409E-16
1509.0          4.4409E-16
1510.0          -4.4409E-16
1511.0          -8.8818E-16
1512.0          -4.4409E-16
1513.0          1.5543E-15
1514.0          -2.4425E-15
1515.0          1.9984E-15
1516.0          2.2204E-16
1517.0          -1.3323E-15
1518.0          -1.1102E-15
1519.0          -2.2204E-16
1520.0          9.9920E-16
1521.0          6.6613E-16
1522.0          -4.4409E-16
1523.0          2.2204E-16
1524.0          2.2204E-16
1525.0          -1.9984E-15
1526.0          2.4425E-15
1527.0          8.8818E-16
1528.0          -6.6613E-16
1529.0          1.7764E-15
1530.0          7.7716E-16
1531.0          -1.3323E-15
1532.0          0.0000
1533.0          -1.3323E-15
1534.0          -1.9984E-15
1535.0          -1.3323E-15
1536.0          2.2204E-15
1537.0          4.4409E-16
1538.0          -2.2204E-16
1539.0          -3.1086E-15
1540.0          -2.2204E-16
1541.0          -2.6645E-15
1542.0          -6.6613E-16
1543.0          -2.6645E-15
1544.0          -6.6613E-16
1545.0          0.0000
1546.0          3.3307E-15
1547.0          -4.4409E-16
1548.0          4.4409E-16
1549.0          -4.4409E-16
1550.0          2.1094E-15
1551.0          -2.2204E-16
1552.0          2.8866E-15
1553.0          -1.1102E-15
1554.0          4.4409E-16
1555.0          8.8818E-16
1556.0          -6.6613E-16
1557.0          0.0000
1558.0          2.2204E-16
1559.0          -8.8818E-16
1560.0          -3.9968E-15
1561.0          6.6613E-16
1562.0          7.7716E-16
1563.0          3.6637E-15
1564.0          6.6613E-16
1565.0          -1.1102E-15
1566.0          1.3323E-15
1567.0          -6.6613E-16
1568.0          5.5511E-16
1569.0          -1.7764E-15
1570.0          -6.6613E-16
1571.0          -3.1086E-15
1572.0          -8.8818E-16
1573.0          -4.4409E-16
1574.0          2.2204E-16
1575.0          9.9920E-16
1576.0          0.0000
1577.0          -3.1086E-15
1578.0          -1.9984E-15
1579.0          1.1102E-15
1580.0          8.8818E-16
1581.0          3.5527E-15
1582.0          0.0000
1583.0          -1.1102E-15
1584.0          -2.2204E-15
1585.0          -6.6613E-16
1586.0          3.3307E-16
1587.0          1.4433E-15
1588.0          -3.5527E-15
1589.0          2.2204E-16
1590.0          -4.4409E-16
1591.0          2.2204E-16
1592.0          1.9984E-15
1593.0          -2.6645E-15
1594.0          -1.7764E-15
1595.0          -1.5543E-15
1596.0          2.3315E-15
1597.0          1.9984E-15
1598.0          4.4409E-16
1599.0          0.0000
1600.0          1.3323E-15
1601.0          -6.6613E-16
1602.0          4.4409E-16
1603.0          1.1102E-15
1604.0          8.8818E-16
1605.0          -8.8818E-16
1606.0          2.5535E-15
1607.0          -1.5543E-15
1608.0          -1.5543E-15
1609.0          -8.8818E-16
1610.0          0.0000
1611.0          -8.8818E-16
1612.0          -8.8818E-16
1613.0          1.1102E-16
1614.0          1.1102E-15
1615.0          -1.1102E-15
1616.0          -4.4409E-16
1617.0          5.5511E-16
1618.0          -3.5527E-15
1619.0          1.8874E-15
1620.0          -8.8818E-16
1621.0          -2.2204E-16
1622.0          4.4409E-16
1623.0          8.8818E-16
1624.0          3.3307E-16
1625.0          -2.6645E-15
1626.0          1.3323E-15
1627.0          0.0000
1628.0          -1.1102E-15
1629.0          -1.7764E-15
1630.0          1.5543E-15
1631.0          2.6645E-15
1632.0          -1.3323E-15
1633.0          -8.8818E-16
1634.0          -2.4425E-15
1635.0          3.1086E-15
1636.0          1.8874E-15
1637.0          -2.2204E-16
1638.0          2.4425E-15
1639.0          -1.3323E-15
1640.0          2.1094E-15
1641.0          -4.4409E-16
1642.0          1.9984E-15
1643.0          -1.3323E-15
1644.0          -2.4425E-15
1645.0          -1.7764E-15
1646.0          2.2204E-15
1647.0          -8.8818E-16
1648.0          -1.9984E-15
1649.0          3.3307E-16
1650.0          -8.8818E-16
