1400.0          0.14305
1401.0          0.14422
1402.0          0.14539
1403.0          0.14655
1404.0          0.14771
1405.0          0.14886
1406.0          0.15001
1407.0          0.15116
1408.0          0.15230
1409.0          0.15344
1410.0          0.15457
1411.0          0.15570
1412.0          0.15682
1413.0          0.15794
1414.0          0.15905
1415.0          0.16016
1416.0          0.16126
1417.0          0.16235
1418.0          0.16344
1419.0          0.16451
1420.0          0.16559
1421.0          0.16665
1422.0          0.16771
1423.0          0.16876
1424.0          0.16980
1425.0          0.17084
1426.0          0.17186
1427.0          0.17288
1428.0          0.17389
1429.0          0.17488
1430.0          0.17587
1431.0          0.17685
1432.0          0.17782
1433.0          0.17877
1434.0          0.17972
1435.0          0.18065
1436.0          0.18157
1437.0          0.18248
1438.0          0.18337
1439.0          0.18425
1440.0          0.18512
1441.0          0.18597
1442.0          0.18681
1443.0          0.18763
1444.0          0.18843
1445.0          0.18922
1446.0          0.18999
1447.0          0.19074
1448.0          0.19147
1449.0          0.19218
1450.0          0.19287
1451.0          0.19354
1452.0          0.19418
1453.0          0.19480
1454.0          0.19540
1455.0          0.19597
1456.0          0.19651
1457.0          0.19702
1458.0          0.19751
1459.0          0.19796
1460.0          0.19838
1461.0          0.19876
1462.0          0.19910
1463.0          0.19941
1464.0          0.19967
1465.0          0.19989
1466.0          0.20007
1467.0          0.20019
1468.0          0.20027
1469.0          0.20028
1470.0          0.20024
1471.0          0.20014
1472.0          0.19997
1473.0          0.19972
1474.0          0.19940
1475.0          0.19899
1476.0          0.19850
1477.0          0.19791
1478.0          0.19721
1479.0          0.19640
1480.0          0.19547
1481.0          0.19441
1482.0          0.19320
1483.0          0.19183
1484.0          0.19029
1485.0          0.18855
1486.0          0.18660
1487.0          0.18442
1488.0          0.18197
1489.0          0.17924
1490.0          0.17618
1491.0          0.17275
1492.0          0.16891
1493.0          0.16461
1494.0          0.15978
1495.0          0.15434
1496.0          0.14820
1497.0          0.14127
1498.0          0.13343
1499.0          0.12453
1500.0          0.11442
1501.0          0.10294
1502.0          0.089941
1503.0          0.075365
1504.0          0.059369
1505.0          0.042687
1506.0          0.027466
1507.0          0.019301
1508.0          0.032057
1509.0          0.097561
1510.0          0.27238
1511.0          0.58316
1512.0          0.88535
1513.0          0.99872
1514.0          0.96378
1515.0          0.88281
1516.0          0.80297
1517.0          0.73603
1518.0          0.68226
1519.0          0.63929
1520.0          0.60473
1521.0          0.57660
1522.0          0.55344
1523.0          0.53415
1524.0          0.51790
1525.0          0.50409
1526.0          0.49226
1527.0          0.48203
1528.0          0.47314
1529.0          0.46536
1530.0          0.45852
1531.0          0.45247
1532.0          0.44711
1533.0          0.44234
1534.0          0.43808
1535.0          0.43426
1536.0          0.43083
1537.0          0.42775
1538.0          0.42498
1539.0          0.42248
1540.0          0.42022
1541.0          0.41817
1542.0          0.41633
1543.0          0.41466
1544.0          0.41315
1545.0          0.41178
1546.0          0.41055
1547.0          0.40944
1548.0          0.40844
1549.0          0.40754
1550.0          0.40674
1551.0          0.40602
1552.0          0.40537
1553.0          0.40481
1554.0          0.40430
1555.0          0.40387
1556.0          0.40349
1557.0          0.40316
1558.0          0.40288
1559.0          0.40265
1560.0          0.40247
1561.0          0.40232
1562.0          0.40222
1563.0          0.40215
1564.0          0.40211
1565.0          0.40210
1566.0          0.40212
1567.0          0.40218
1568.0          0.40225
1569.0          0.40235
1570.0          0.40248
1571.0          0.40262
1572.0          0.40279
1573.0          0.40297
1574.0          0.40318
1575.0          0.40340
1576.0          0.40363
1577.0          0.40389
1578.0          0.40415
1579.0          0.40443
1580.0          0.40472
1581.0          0.40503
1582.0          0.40535
1583.0          0.40567
1584.0          0.40601
1585.0          0.40636
1586.0          0.40671
1587.0          0.40708
1588.0          0.40745
1589.0          0.40783
1590.0          0.40822
1591.0          0.40862
1592.0          0.40902
1593.0          0.40943
1594.0          0.40984
1595.0          0.41026
1596.0          0.41069
1597.0          0.41112
1598.0          0.41155
1599.0          0.41199
1600.0          0.41244
1601.0          0.41288
1602.0          0.41333
1603.0          0.41379
1604.0          0.41425
1605.0          0.41471
1606.0          0.41517
1607.0          0.41564
1608.0          0.41611
1609.0          0.41658
1610.0          0.41705
1611.0          0.41753
1612.0          0.41801
1613.0          0.41849
1614.0          0.41897
1615.0          0.41945
1616.0          0.41993
1617.0          0.42042
1618.0          0.42091
1619.0          0.42139
1620.0          0.42188
1621.0          0.42237
1622.0          0.42286
1623.0          0.42335
1624.0          0.42384
1625.0          0.42434
1626.0          0.42483
1627.0          0.42532
1628.0          0.42581
1629.0          0.42631
1630.0          0.42680
1631.0          0.42729
1632.0          0.42779
1633.0          0.42828
1634.0          0.42877
1635.0          0.42927
1636.0          0.42976
1637.0          0.43025
1638.0          0.43074
1639.0          0.43124
1640.0          0.43173
1641.0          0.43222
1642.0          0.43271
1643.0          0.43320
1644.0          0.43369
1645.0          0.43417
1646.0          0.43466
1647.0          0.43515
1648.0          0.43564
1649.0          0.43612
1650.0          0.43661
1400.0          0.85695
1401.0          0.85578
1402.0          0.85461
1403.0          0.85345
1404.0          0.85229
1405.0          0.85114
1406.0          0.84999
1407.0          0.84884
1408.0          0.84770
1409.0          0.84656
1410.0          0.84543
1411.0          0.84430
1412.0          0.84318
1413.0          0.84206
1414.0          0.84095
1415.0          0.83984
1416.0          0.83874
1417.0          0.83765
1418.0          0.83656
1419.0          0.83549
1420.0          0.83441
1421.0          0.83335
1422.0          0.83229
1423.0          0.83124
1424.0          0.83020
1425.0          0.82916
1426.0          0.82814
1427.0          0.82712
1428.0          0.82611
1429.0          0.82512
1430.0          0.82413
1431.0          0.82315
1432.0          0.82218
1433.0          0.82123
1434.0          0.82028
1435.0          0.81935
1436.0          0.81843
1437.0          0.81752
1438.0          0.81663
1439.0          0.81575
1440.0          0.81488
1441.0          0.81403
1442.0          0.81319
1443.0          0.81237
1444.0          0.81157
1445.0          0.81078
1446.0          0.81001
1447.0          0.80926
1448.0          0.80853
1449.0          0.80782
1450.0          0.80713
1451.0          0.80646
1452.0          0.80582
1453.0          0.80520
1454.0          0.80460
1455.0          0.80403
1456.0          0.80349
1457.0          0.80298
1458.0          0.80249
1459.0          0.80204
1460.0          0.80162
1461.0          0.80124
1462.0          0.80090
1463.0          0.80059
1464.0          0.80033
1465.0          0.80011
1466.0          0.79993
1467.0          0.79981
1468.0          0.79973
1469.0          0.79972
1470.0          0.79976
1471.0          0.79986
1472.0          0.80003
1473.0          0.80028
1474.0          0.80060
1475.0          0.80101
1476.0          0.80150
1477.0          0.80209
1478.0          0.80279
1479.0          0.80360
1480.0          0.80453
1481.0          0.80559
1482.0          0.80680
1483.0          0.80817
1484.0          0.80971
1485.0          0.81145
1486.0          0.81340
1487.0          0.81558
1488.0          0.81803
1489.0          0.82076
1490.0          0.82382
1491.0          0.82725
1492.0          0.83109
1493.0          0.83539
1494.0          0.84022
1495.0          0.84566
1496.0          0.85180
1497.0          0.85873
1498.0          0.86657
1499.0          0.87547
1500.0          0.88558
1501.0          0.89706
1502.0          0.91006
1503.0          0.92464
1504.0          0.94063
1505.0          0.95731
1506.0          0.97253
1507.0          0.98070
1508.0          0.96794
1509.0          0.90244
1510.0          0.72762
1511.0          0.41684
1512.0          0.11465
1513.0          0.0012843
1514.0          0.036220
1515.0          0.11719
1516.0          0.19703
1517.0          0.26397
1518.0          0.31774
1519.0          0.36071
1520.0          0.39527
1521.0          0.42340
1522.0          0.44656
1523.0          0.46585
1524.0          0.48210
1525.0          0.49591
1526.0          0.50774
1527.0          0.51797
1528.0          0.52686
1529.0          0.53464
1530.0          0.54148
1531.0          0.54753
1532.0          0.55289
1533.0          0.55766
1534.0          0.56192
1535.0          0.56574
1536.0          0.56917
1537.0          0.57225
1538.0          0.57502
1539.0          0.57752
1540.0          0.57978
1541.0          0.58183
1542.0          0.58367
1543.0          0.58534
1544.0          0.58685
1545.0          0.58822
1546.0          0.58945
1547.0          0.59056
1548.0          0.59156
1549.0          0.59246
1550.0          0.59326
1551.0          0.59398
1552.0          0.59463
1553.0          0.59519
1554.0          0.59570
1555.0          0.59613
1556.0          0.59651
1557.0          0.59684
1558.0          0.59712
1559.0          0.59735
1560.0          0.59753
1561.0          0.59768
1562.0          0.59778
1563.0          0.59785
1564.0          0.59789
1565.0          0.59790
1566.0          0.59788
1567.0          0.59782
1568.0          0.59775
1569.0          0.59765
1570.0          0.59752
1571.0          0.59738
1572.0          0.59721
1573.0          0.59703
1574.0          0.59682
1575.0          0.59660
1576.0          0.59637
1577.0          0.59611
1578.0          0.59585
1579.0          0.59557
1580.0          0.59528
1581.0          0.59497
1582.0          0.59465
1583.0          0.59433
1584.0          0.59399
1585.0          0.59364
1586.0          0.59329
1587.0          0.59292
1588.0          0.59255
1589.0          0.59217
1590.0          0.59178
1591.0          0.59138
1592.0          0.59098
1593.0          0.59057
1594.0          0.59016
1595.0          0.58974
1596.0          0.58931
1597.0          0.58888
1598.0          0.58845
1599.0          0.58801
1600.0          0.58756
1601.0          0.58712
1602.0          0.58667
1603.0          0.58621
1604.0          0.58575
1605.0          0.58529
1606.0          0.58483
1607.0          0.58436
1608.0          0.58389
1609.0          0.58342
1610.0          0.58295
1611.0          0.58247
1612.0          0.58199
1613.0          0.58151
1614.0          0.58103
1615.0          0.58055
1616.0          0.58007
1617.0          0.57958
1618.0          0.57909
1619.0          0.57861
1620.0          0.57812
1621.0          0.57763
1622.0          0.57714
1623.0          0.57665
1624.0          0.57616
1625.0          0.57566
1626.0          0.57517
1627.0          0.57468
1628.0          0.57419
1629.0          0.57369
1630.0          0.57320
1631.0          0.57271
1632.0          0.57221
1633.0          0.57172
1634.0          0.57123
1635.0          0.57073
1636.0          0.57024
1637.0          0.56975
1638.0          0.56926
1639.0          0.56876
1640.0          0.56827
1641.0          0.56778
1642.0          0.56729
1643.0          0.56680
1644.0          0.56631
1645.0          0.56583
1646.0          0.56534
1647.0          0.56485
1648.0          0.56436
1649.0          0.56388
1650.0          0.56339
1400.0          1.0000
1401.0          1.0000
1402.0          1.0000
1403.0          1.0000
1404.0          1.0000
1405.0          1.0000
1406.0          1.0000
1407.0          1.0000
1408.0          1.0000
1409.0          1.0000
1410.0          1.0000
1411.0          1.0000
1412.0          1.0000
1413.0          1.0000
1414.0          1.0000
1415.0          1.0000
1416.0          1.0000
1417.0          1.0000
1418.0          1.0000
1419.0          1.0000
1420.0          1.0000
1421.0          1.0000
1422.0          1.0000
1423.0          1.0000
1424.0          1.0000
1425.0          1.0000
1426.0          1.0000
1427.0          1.0000
1428.0          1.0000
1429.0          1.0000
1430.0          1.0000
1431.0          1.0000
1432.0          1.0000
1433.0          1.0000
1434.0          1.0000
1435.0          1.0000
1436.0          1.0000
1437.0          1.0000
1438.0          1.0000
1439.0          1.0000
1440.0          1.0000
1441.0          1.0000
1442.0          1.0000
1443.0          1.0000
1444.0          1.0000
1445.0          1.0000
1446.0          1.0000
1447.0          1.0000
1448.0          1.0000
1449.0          1.0000
1450.0          1.0000
1451.0          1.0000
1452.0          1.0000
1453.0          1.0000
1454.0          1.0000
1455.0          1.0000
1456.0          1.0000
1457.0          1.0000
1458.0          1.0000
1459.0          1.0000
1460.0          1.0000
1461.0          1.0000
1462.0          1.0000
1463.0          1.0000
1464.0          1.0000
1465.0          1.0000
1466.0          1.0000
1467.0          1.0000
1468.0          1.0000
1469.0          1.0000
1470.0          1.0000
1471.0          1.0000
1472.0          1.0000
1473.0          1.0000
1474.0          1.0000
1475.0          1.0000
1476.0          1.0000
1477.0          1.0000
1478.0          1.0000
1479.0          1.0000
1480.0          1.0000
1481.0          1.0000
1482.0          1.0000
1483.0          1.0000
1484.0          1.0000
1485.0          1.0000
1486.0          1.0000
1487.0          1.0000
1488.0          1.0000
1489.0          1.0000
1490.0          1.0000
1491.0          1.0000
1492.0          1.0000
1493.0          1.0000
1494.0          1.0000
1495.0          1.0000
1496.0          1.0000
1497.0          1.0000
1498.0          1.0000
1499.0          1.0000
1500.0          1.0000
1501.0          1.0000
1502.0          1.0000
1503.0          1.0000
1504.0          1.0000
1505.0          1.0000
1506.0          1.0000
1507.0          1.0000
1508.0          1.0000
1509.0          1.0000
1510.0          1.0000
1511.0          1.0000
1512.0          1.0000
1513.0          1.0000
1514.0          1.0000
1515.0          1.0000
1516.0          1.0000
1517.0          1.0000
1518.0          1.0000
1519.0          1.0000
1520.0          1.0000
1521.0          1.0000
1522.0          1.0000
1523.0          1.0000
1524.0          1.0000
1525.0          1.0000
1526.0          1.0000
1527.0          1.0000
1528.0          1.0000
1529.0          1.0000
1530.0          1.0000
1531.0          1.0000
1532.0          1.0000
1533.0          1.0000
1534.0          1.0000
1535.0          1.0000
1536.0          1.0000
1537.0          1.0000
1538.0          1.0000
1539.0          1.0000
1540.0          1.0000
1541.0          1.0000
1542.0          1.0000
1543.0          1.0000
1544.0          1.0000
1545.0          1.0000
1546.0          1.0000
1547.0          1.0000
1548.0          1.0000
1549.0          1.0000
1550.0          1.0000
1551.0          1.0000
1552.0          1.0000
1553.0          1.0000
1554.0          1.0000
1555.0          1.0000
1556.0          1.0000
1557.0          1.0000
1558.0          1.0000
1559.0          1.0000
1560.0          1.0000
1561.0          1.0000
1562.0          1.0000
1563.0          1.0000
1564.0          1.0000
1565.0          1.0000
1566.0          1.0000
1567.0          1.0000
1568.0          1.0000
1569.0          1.0000
1570.0          1.0000
1571.0          1.0000
1572.0          1.0000
1573.0          1.0000
1574.0          1.0000
1575.0          1.0000
1576.0          1.0000
1577.0          1.0000
1578.0          1.0000
1579.0          1.0000
1580.0          1.0000
1581.0          1.0000
1582.0          1.0000
1583.0          1.0000
1584.0          1.0000
1585.0          1.0000
1586.0          1.0000
1587.0          1.0000
1588.0          1.0000
1589.0          1.0000
1590.0          1.0000
1591.0          1.0000
1592.0          1.0000
1593.0          1.0000
1594.0          1.0000
1595.0          1.0000
1596.0          1.0000
1597.0          1.0000
1598.0          1.0000
1599.0          1.0000
1600.0          1.0000
1601.0          1.0000
1602.0          1.0000
1603.0          1.0000
1604.0          1.0000
1605.0          1.0000
1606.0          1.0000
1607.0          1.0000
1608.0          1.0000
1609.0          1.0000
1610.0          1.0000
1611.0          1.0000
1612.0          1.0000
1613.0          1.0000
1614.0          1.0000
1615.0          1.0000
1616.0          1.0000
1617.0          1.0000
1618.0          1.0000
1619.0          1.0000
1620.0          1.0000
1621.0          1.0000
1622.0          1.0000
1623.0          1.0000
1624.0          1.0000
1625.0          1.0000
1626.0          1.0000
1627.0          1.0000
1628.0          1.0000
1629.0          1.0000
1630.0          1.0000
1631.0          1.0000
1632.0          1.0000
1633.0          1.0000
1634.0          1.0000
1635.0          1.0000
1636.0          1.0000
1637.0          1.0000
1638.0          1.0000
1639.0          1.0000
1640.0          1.0000
1641.0          1.0000
1642.0          1.0000
1643.0          1.0000
1644.0          1.0000
1645.0          1.0000
1646.0          1.0000
1647.0          1.0000
1648.0          1.0000
1649.0          1.0000
1650.0          1.0000
1400.0          -1.7764E-15
1401.0          1.1102E-15
1402.0          -6.6613E-16
1403.0          -6.6613E-16
1404.0          -1.7764E-15
1405.0          1.1102E-16
1406.0          -6.6613E-16
1407.0          -1.9984E-15
1408.0          -2.2204E-16
1409.0          -1.9984E-15
1410.0          1.2212E-15
1411.0          0.0000
1412.0          -2.2204E-16
1413.0          -2.4425E-15
1414.0          -2.6645E-15
1415.0          -4.4409E-16
1416.0          -1.9984E-15
1417.0          5.5511E-16
1418.0          -1.7764E-15
1419.0          4.4409E-16
1420.0          -2.2204E-15
1421.0          -1.9984E-15
1422.0          1.7764E-15
1423.0          1.5543E-15
1424.0          -1.3323E-15
1425.0          1.9984E-15
1426.0          1.1102E-15
1427.0          -1.5543E-15
1428.0          0.0000
1429.0          1.2212E-15
1430.0          3.3307E-16
1431.0          2.8866E-15
1432.0          8.8818E-16
1433.0          -2.2204E-15
1434.0          -2.4425E-15
1435.0          1.7764E-15
1436.0          -1.7764E-15
1437.0          2.2204E-16
1438.0          3.1086E-15
1439.0          1.7764E-15
1440.0          0.0000
1441.0          0.0000
1442.0          5.5511E-16
1443.0          -1.1102E-15
1444.0          -1.7764E-15
1445.0          -1.9984E-15
1446.0          -1.3323E-15
1447.0          2.1094E-15
1448.0          -2.4425E-15
1449.0          1.5543E-15
1450.0          -4.4409E-16
1451.0          -2.2204E-16
1452.0          2.2204E-16
1453.0          1.8874E-15
1454.0          -1.7764E-15
1455.0          2.7756E-15
1456.0          -2.2204E-15
1457.0          2.2204E-16
1458.0          1.1102E-16
1459.0          1.1102E-16
1460.0          -1.7764E-15
1461.0          -2.2204E-15
1462.0          -4.4409E-16
1463.0          1.1102E-16
1464.0          -2.2204E-16
1465.0          -1.3323E-15
1466.0          -1.3323E-15
1467.0          6.6613E-16
1468.0          -1.1102E-15
1469.0          2.2204E-15
1470.0          1.8874E-15
1471.0          4.4409E-16
1472.0          -2.2204E-16
1473.0          -1.5543E-15
1474.0          -2.2204E-15
1475.0          -2.2204E-16
1476.0          1.3323E-15
1477.0          4.4409E-16
1478.0          -1.5543E-15
1479.0          -1.3323E-15
1480.0          1.1102E-16
1481.0          -1.5543E-15
1482.0          -6.6613E-16
1483.0          8.8818E-16
1484.0          -2.2204E-16
1485.0          2.5535E-15
1486.0          9.9920E-16
1487.0          -1.7764E-15
1488.0          -4.4409E-16
1489.0          -1.5543E-15
1490.0          -4.4409E-16
1491.0          6.6613E-16
1492.0          2.8866E-15
1493.0          3.3307E-16
1494.0          4.4409E-16
1495.0          2.3315E-15
1496.0          1.1102E-15
1497.0          -1.1102E-15
1498.0          -2.6645E-15
1499.0          3.3307E-16
1500.0          -2.2204E-16
1501.0          -1.9984E-15
1502.0          2.2204E-16
1503.0          9.9920E-16
1504.0          3.3307E-15
1505.0          -6.8834E-15
1506.0          -8.2157E-15
1507.0          1.6653E-15
1508.0          2.7756E-15
1509.0          1.4655E-14
1510.0          -3.1086E-15
1511.0          2.4203E-14
1512.0          3.9968E-15
1513.0          1.1102E-15
1514.0          -2.5979E-14
1515.0          1.7097E-14
1516.0          6.6613E-16
1517.0          3.5527E-15
1518.0          -8.2157E-15
1519.0          9.4369E-15
1520.0          8.8818E-16
1521.0          -2.8866E-15
1522.0          -4.8850E-15
1523.0          -6.2172E-15
1524.0          -4.4409E-16
1525.0          -4.4409E-16
1526.0          -1.3323E-15
1527.0          -1.7764E-15
1528.0          -1.1102E-15
1529.0          -5.3291E-15
1530.0          -1.9984E-15
1531.0          6.3283E-15
1532.0          -3.9968E-15
1533.0          -5.3291E-15
1534.0          -5.7732E-15
1535.0          1.5543E-15
1536.0          -1.1102E-15
1537.0          -1.7764E-15
1538.0          0.0000
1539.0          -5.3291E-15
1540.0          3.8858E-15
1541.0          4.4409E-15
1542.0          -3.1086E-15
1543.0          -2.2204E-16
1544.0          -1.0880E-14
1545.0          -1.3323E-15
1546.0          -1.5543E-15
1547.0          -3.3307E-15
1548.0          6.2172E-15
1549.0          5.5511E-15
1550.0          2.6645E-15
1551.0          -1.3323E-15
1552.0          -2.2204E-15
1553.0          -1.3323E-15
1554.0          -4.6629E-15
1555.0          -4.4409E-16
1556.0          -1.3323E-15
1557.0          2.8866E-15
1558.0          2.4425E-15
1559.0          -4.4409E-16
1560.0          1.3323E-15
1561.0          -2.6645E-15
1562.0          -3.1086E-15
1563.0          -1.3323E-15
1564.0          1.9984E-15
1565.0          3.3307E-15
1566.0          5.7732E-15
1567.0          6.6613E-16
1568.0          1.8874E-15
1569.0          3.1086E-15
1570.0          -6.2172E-15
1571.0          5.9952E-15
1572.0          2.4425E-15
1573.0          -8.8818E-16
1574.0          1.5543E-15
1575.0          1.3323E-15
1576.0          -4.8850E-15
1577.0          -2.2204E-15
1578.0          1.7764E-15
1579.0          0.0000
1580.0          1.7764E-15
1581.0          -1.1102E-15
1582.0          -3.5527E-15
1583.0          1.4433E-15
1584.0          -3.9968E-15
1585.0          -1.3323E-15
1586.0          2.3315E-15
1587.0          -2.6645E-15
1588.0          1.9984E-15
1589.0          -1.1102E-15
1590.0          6.6613E-16
1591.0          1.8874E-15
1592.0          -1.9984E-15
1593.0          -1.9984E-15
1594.0          4.7740E-15
1595.0          4.1078E-15
1596.0          -1.7764E-15
1597.0          -3.3307E-15
1598.0          -3.9968E-15
1599.0          2.2204E-15
1600.0          -1.3323E-15
1601.0          4.4409E-16
1602.0          4.6629E-15
1603.0          1.9984E-15
1604.0          2.4425E-15
1605.0          -1.3323E-15
1606.0          -3.9968E-15
1607.0          -2.2204E-16
1608.0          8.8818E-16
1609.0          -1.7764E-15
1610.0          3.3307E-16
1611.0          -2.2204E-15
1612.0          1.3323E-15
1613.0          1.1102E-15
1614.0          1.3323E-15
1615.0          6.6613E-16
1616.0          1.7764E-15
1617.0          -3.1086E-15
1618.0          -1.1102E-15
1619.0          -2.2204E-16
1620.0          -2.2204E-16
1621.0          1.1102E-15
1622.0          -2.2204E-16
1623.0          -2.2204E-15
1624.0          -8.8818E-16
1625.0          8.8818E-16
1626.0          2.4425E-15
1627.0          1.1102E-15
1628.0          -2.6645E-15
1629.0          -6.8834E-15
1630.0          -1.9984E-15
1631.0          2.2204E-16
1632.0          4.4409E-16
1633.0          2.2204E-16
1634.0          1.7764E-15
1635.0          -5.5511E-15
1636.0          1.3323E-15
1637.0          -4.4409E-16
1638.0          -1.1102E-15
1639.0          -1.7764E-15
1640.0          -1.5543E-15
1641.0          -1.9984E-15
1642.0          4.4409E-15
1643.0          -1.3323E-15
1644.0          2.2204E-16
1645.0          4.8850E-15
1646.0          2.5535E-15
1647.0          3.5527E-15
1648.0          -2.2204E-16
1649.0          1.5543E-15
1650.0          5.5511E-16
