1400.0          0.12806
1401.0          0.12472
1402.0          0.12141
1403.0          0.11812
1404.0          0.11485
1405.0          0.11158
1406.0          0.10831
1407.0          0.10501
1408.0          0.10169
1409.0          0.098321
1410.0          0.094887
1411.0          0.091368
1412.0          0.087736
1413.0          0.083960
1414.0          0.079998
1415.0          0.075800
1416.0          0.071301
1417.0          0.066415
1418.0          0.061034
1419.0          0.055024
1420.0          0.048235
1421.0          0.040569
1422.0          0.032310
1423.0          0.025679
1424.0          0.034062
1425.0          0.15850
1426.0          0.91668
1427.0          0.64839
1428.0          0.35951
1429.0          0.25225
1430.0          0.20082
1431.0          0.17112
1432.0          0.15176
1433.0          0.13804
1434.0          0.12772
1435.0          0.11958
1436.0          0.11294
1437.0          0.10738
1438.0          0.10260
1439.0          0.098419
1440.0          0.094712
1441.0          0.091382
1442.0          0.088357
1443.0          0.085584
1444.0          0.083025
1445.0          0.080645
1446.0          0.078421
1447.0          0.076332
1448.0          0.074361
1449.0          0.072494
1450.0          0.070719
1451.0          0.069028
1452.0          0.067411
1453.0          0.065861
1454.0          0.064372
1455.0          0.062938
1456.0          0.061552
1457.0          0.060211
1458.0          0.058909
1459.0          0.057641
1460.0          0.056402
1461.0          0.055186
1462.0          0.053987
1463.0          0.052797
1464.0          0.051608
1465.0          0.050408
1466.0          0.049182
1467.0          0.047909
1468.0          0.046558
1469.0          0.045082
1470.0          0.043407
1471.0          0.041404
1472.0          0.038830
1473.0          0.035198
1474.0          0.029614
1475.0          0.033759
1476.0          0.26424
1477.0          0.086776
1478.0          0.066709
1479.0          0.059218
1480.0          0.055200
1481.0          0.052619
1482.0          0.050774
1483.0          0.049361
1484.0          0.048225
1485.0          0.047282
1486.0          0.046479
1487.0          0.045783
1488.0          0.045173
1489.0          0.044633
1490.0          0.044152
1491.0          0.043722
1492.0          0.043336
1493.0          0.042990
1494.0          0.042680
1495.0          0.042403
1496.0          0.042156
1497.0          0.041937
1498.0          0.041745
1499.0          0.041578
1500.0          0.041435
1501.0          0.041314
1502.0          0.041215
1503.0          0.041138
1504.0          0.041080
1505.0          0.041041
1506.0          0.041022
1507.0          0.041020
1508.0          0.041037
1509.0          0.041070
1510.0          0.041120
1511.0          0.041187
1512.0          0.041270
1513.0          0.041368
1514.0          0.041481
1515.0          0.041609
1516.0          0.041752
1517.0          0.041909
1518.0          0.042080
1519.0          0.042265
1520.0          0.042463
1521.0          0.042674
1522.0          0.042898
1523.0          0.043134
1524.0          0.043383
1525.0          0.043644
1526.0          0.043917
1527.0          0.044202
1528.0          0.044498
1529.0          0.044805
1530.0          0.045123
1531.0          0.045452
1532.0          0.045792
1533.0          0.046142
1534.0          0.046502
1535.0          0.046872
1536.0          0.047252
1537.0          0.047642
1538.0          0.048041
1539.0          0.048449
1540.0          0.048866
1541.0          0.049293
1542.0          0.049727
1543.0          0.050171
1544.0          0.050622
1545.0          0.051082
1546.0          0.051550
1547.0          0.052025
1548.0          0.052509
1549.0          0.052999
1550.0          0.053497
1551.0          0.054002
1552.0          0.054514
1553.0          0.055033
1554.0          0.055559
1555.0          0.056091
1556.0          0.056630
1557.0          0.057174
1558.0          0.057725
1559.0          0.058282
1560.0          0.058844
1561.0          0.059412
1562.0          0.059985
1563.0          0.060564
1564.0          0.061147
1565.0          0.061736
1566.0          0.062330
1567.0          0.062928
1568.0          0.063531
1569.0          0.064139
1570.0          0.064750
1571.0          0.065366
1572.0          0.065986
1573.0          0.066610
1574.0          0.067237
1575.0          0.067868
1576.0          0.068503
1577.0          0.069140
1578.0          0.069781
1579.0          0.070426
1580.0          0.071073
1581.0          0.071723
1582.0          0.072375
1583.0          0.073030
1584.0          0.073688
1585.0          0.074348
1586.0          0.075010
1587.0          0.075674
1588.0          0.076340
1589.0          0.077008
1590.0          0.077678
1591.0          0.078349
1592.0          0.079022
1593.0          0.079696
1594.0          0.080371
1595.0          0.081047
1596.0          0.081725
1597.0          0.082403
1598.0          0.083082
1599.0          0.083761
1600.0          0.084442
1601.0          0.085122
1602.0          0.085803
1603.0          0.086484
1604.0          0.087165
1605.0          0.087846
1606.0          0.088527
1607.0          0.089207
1608.0          0.089888
1609.0          0.090567
1610.0          0.091246
1611.0          0.091925
1612.0          0.092602
1613.0          0.093279
1614.0          0.093955
1615.0          0.094629
1616.0          0.095303
1617.0          0.095975
1618.0          0.096645
1619.0          0.097314
1620.0          0.097981
1621.0          0.098647
1622.0          0.099310
1623.0          0.099972
1624.0          0.10063
1625.0          0.10129
1626.0          0.10194
1627.0          0.10260
1628.0          0.10325
1629.0          0.10389
1630.0          0.10454
1631.0          0.10518
1632.0          0.10582
1633.0          0.10646
1634.0          0.10709
1635.0          0.10772
1636.0          0.10835
1637.0          0.10897
1638.0          0.10959
1639.0          0.11020
1640.0          0.11082
1641.0          0.11142
1642.0          0.11203
1643.0          0.11263
1644.0          0.11322
1645.0          0.11382
1646.0          0.11440
1647.0          0.11499
1648.0          0.11557
1649.0          0.11614
1650.0          0.11671
1400.0          0.87194
1401.0          0.87528
1402.0          0.87859
1403.0          0.88188
1404.0          0.88515
1405.0          0.88842
1406.0          0.89169
1407.0          0.89499
1408.0          0.89831
1409.0          0.90168
1410.0          0.90511
1411.0          0.90863
1412.0          0.91226
1413.0          0.91604
1414.0          0.92000
1415.0          0.92420
1416.0          0.92870
1417.0          0.93359
1418.0          0.93897
1419.0          0.94498
1420.0          0.95177
1421.0          0.95943
1422.0          0.96769
1423.0          0.97432
1424.0          0.96594
1425.0          0.84150
1426.0          0.083317
1427.0          0.35161
1428.0          0.64049
1429.0          0.74775
1430.0          0.79918
1431.0          0.82888
1432.0          0.84824
1433.0          0.86196
1434.0          0.87228
1435.0          0.88042
1436.0          0.88706
1437.0          0.89262
1438.0          0.89740
1439.0          0.90158
1440.0          0.90529
1441.0          0.90862
1442.0          0.91164
1443.0          0.91442
1444.0          0.91698
1445.0          0.91935
1446.0          0.92158
1447.0          0.92367
1448.0          0.92564
1449.0          0.92751
1450.0          0.92928
1451.0          0.93097
1452.0          0.93259
1453.0          0.93414
1454.0          0.93563
1455.0          0.93706
1456.0          0.93845
1457.0          0.93979
1458.0          0.94109
1459.0          0.94236
1460.0          0.94360
1461.0          0.94481
1462.0          0.94601
1463.0          0.94720
1464.0          0.94839
1465.0          0.94959
1466.0          0.95082
1467.0          0.95209
1468.0          0.95344
1469.0          0.95492
1470.0          0.95659
1471.0          0.95860
1472.0          0.96117
1473.0          0.96480
1474.0          0.97039
1475.0          0.96624
1476.0          0.73576
1477.0          0.91322
1478.0          0.93329
1479.0          0.94078
1480.0          0.94480
1481.0          0.94738
1482.0          0.94923
1483.0          0.95064
1484.0          0.95177
1485.0          0.95272
1486.0          0.95352
1487.0          0.95422
1488.0          0.95483
1489.0          0.95537
1490.0          0.95585
1491.0          0.95628
1492.0          0.95666
1493.0          0.95701
1494.0          0.95732
1495.0          0.95760
1496.0          0.95784
1497.0          0.95806
1498.0          0.95825
1499.0          0.95842
1500.0          0.95857
1501.0          0.95869
1502.0          0.95878
1503.0          0.95886
1504.0          0.95892
1505.0          0.95896
1506.0          0.95898
1507.0          0.95898
1508.0          0.95896
1509.0          0.95893
1510.0          0.95888
1511.0          0.95881
1512.0          0.95873
1513.0          0.95863
1514.0          0.95852
1515.0          0.95839
1516.0          0.95825
1517.0          0.95809
1518.0          0.95792
1519.0          0.95774
1520.0          0.95754
1521.0          0.95733
1522.0          0.95710
1523.0          0.95687
1524.0          0.95662
1525.0          0.95636
1526.0          0.95608
1527.0          0.95580
1528.0          0.95550
1529.0          0.95519
1530.0          0.95488
1531.0          0.95455
1532.0          0.95421
1533.0          0.95386
1534.0          0.95350
1535.0          0.95313
1536.0          0.95275
1537.0          0.95236
1538.0          0.95196
1539.0          0.95155
1540.0          0.95113
1541.0          0.95071
1542.0          0.95027
1543.0          0.94983
1544.0          0.94938
1545.0          0.94892
1546.0          0.94845
1547.0          0.94797
1548.0          0.94749
1549.0          0.94700
1550.0          0.94650
1551.0          0.94600
1552.0          0.94549
1553.0          0.94497
1554.0          0.94444
1555.0          0.94391
1556.0          0.94337
1557.0          0.94283
1558.0          0.94228
1559.0          0.94172
1560.0          0.94116
1561.0          0.94059
1562.0          0.94001
1563.0          0.93944
1564.0          0.93885
1565.0          0.93826
1566.0          0.93767
1567.0          0.93707
1568.0          0.93647
1569.0          0.93586
1570.0          0.93525
1571.0          0.93463
1572.0          0.93401
1573.0          0.93339
1574.0          0.93276
1575.0          0.93213
1576.0          0.93150
1577.0          0.93086
1578.0          0.93022
1579.0          0.92957
1580.0          0.92893
1581.0          0.92828
1582.0          0.92762
1583.0          0.92697
1584.0          0.92631
1585.0          0.92565
1586.0          0.92499
1587.0          0.92433
1588.0          0.92366
1589.0          0.92299
1590.0          0.92232
1591.0          0.92165
1592.0          0.92098
1593.0          0.92030
1594.0          0.91963
1595.0          0.91895
1596.0          0.91828
1597.0          0.91760
1598.0          0.91692
1599.0          0.91624
1600.0          0.91556
1601.0          0.91488
1602.0          0.91420
1603.0          0.91352
1604.0          0.91284
1605.0          0.91215
1606.0          0.91147
1607.0          0.91079
1608.0          0.91011
1609.0          0.90943
1610.0          0.90875
1611.0          0.90808
1612.0          0.90740
1613.0          0.90672
1614.0          0.90605
1615.0          0.90537
1616.0          0.90470
1617.0          0.90403
1618.0          0.90335
1619.0          0.90269
1620.0          0.90202
1621.0          0.90135
1622.0          0.90069
1623.0          0.90003
1624.0          0.89937
1625.0          0.89871
1626.0          0.89806
1627.0          0.89740
1628.0          0.89675
1629.0          0.89611
1630.0          0.89546
1631.0          0.89482
1632.0          0.89418
1633.0          0.89354
1634.0          0.89291
1635.0          0.89228
1636.0          0.89165
1637.0          0.89103
1638.0          0.89041
1639.0          0.88980
1640.0          0.88918
1641.0          0.88858
1642.0          0.88797
1643.0          0.88737
1644.0          0.88678
1645.0          0.88618
1646.0          0.88560
1647.0          0.88501
1648.0          0.88443
1649.0          0.88386
1650.0          0.88329
1400.0          1.0000
1401.0          1.0000
1402.0          1.0000
1403.0          1.0000
1404.0          1.0000
1405.0          1.0000
1406.0          1.0000
1407.0          1.0000
1408.0          1.0000
1409.0          1.0000
1410.0          1.0000
1411.0          1.0000
1412.0          1.0000
1413.0          1.0000
1414.0          1.0000
1415.0          1.0000
1416.0          1.0000
1417.0          1.0000
1418.0          1.0000
1419.0          1.0000
1420.0          1.0000
1421.0          1.0000
1422.0          1.0000
1423.0          1.0000
1424.0          1.0000
1425.0          1.0000
1426.0          1.0000
1427.0          1.0000
1428.0          1.0000
1429.0          1.0000
1430.0          1.0000
1431.0          1.0000
1432.0          1.0000
1433.0          1.0000
1434.0          1.0000
1435.0          1.0000
1436.0          1.0000
1437.0          1.0000
1438.0          1.0000
1439.0          1.0000
1440.0          1.0000
1441.0          1.0000
1442.0          1.0000
1443.0          1.0000
1444.0          1.0000
1445.0          1.0000
1446.0          1.0000
1447.0          1.0000
1448.0          1.0000
1449.0          1.0000
1450.0          1.0000
1451.0          1.0000
1452.0          1.0000
1453.0          1.0000
1454.0          1.0000
1455.0          1.0000
1456.0          1.0000
1457.0          1.0000
1458.0          1.0000
1459.0          1.0000
1460.0          1.0000
1461.0          1.0000
1462.0          1.0000
1463.0          1.0000
1464.0          1.0000
1465.0          1.0000
1466.0          1.0000
1467.0          1.0000
1468.0          1.0000
1469.0          1.0000
1470.0          1.0000
1471.0          1.0000
1472.0          1.0000
1473.0          1.0000
1474.0          1.0000
1475.0          1.0000
1476.0          1.0000
1477.0          1.0000
1478.0          1.0000
1479.0          1.0000
1480.0          1.0000
1481.0          1.0000
1482.0          1.0000
1483.0          1.0000
1484.0          1.0000
1485.0          1.0000
1486.0          1.0000
1487.0          1.0000
1488.0          1.0000
1489.0          1.0000
1490.0          1.0000
1491.0          1.0000
1492.0          1.0000
1493.0          1.0000
1494.0          1.0000
1495.0          1.0000
1496.0          1.0000
1497.0          1.0000
1498.0          1.0000
1499.0          1.0000
1500.0          1.0000
1501.0          1.0000
1502.0          1.0000
1503.0          1.0000
1504.0          1.0000
1505.0          1.0000
1506.0          1.0000
1507.0          1.0000
1508.0          1.0000
1509.0          1.0000
1510.0          1.0000
1511.0          1.0000
1512.0          1.0000
1513.0          1.0000
1514.0          1.0000
1515.0          1.0000
1516.0          1.0000
1517.0          1.0000
1518.0          1.0000
1519.0          1.0000
1520.0          1.0000
1521.0          1.0000
1522.0          1.0000
1523.0          1.0000
1524.0          1.0000
1525.0          1.0000
1526.0          1.0000
1527.0          1.0000
1528.0          1.0000
1529.0          1.0000
1530.0          1.0000
1531.0          1.0000
1532.0          1.0000
1533.0          1.0000
1534.0          1.0000
1535.0          1.0000
1536.0          1.0000
1537.0          1.0000
1538.0          1.0000
1539.0          1.0000
1540.0          1.0000
1541.0          1.0000
1542.0          1.0000
1543.0          1.0000
1544.0          1.0000
1545.0          1.0000
1546.0          1.0000
1547.0          1.0000
1548.0          1.0000
1549.0          1.0000
1550.0          1.0000
1551.0          1.0000
1552.0          1.0000
1553.0          1.0000
1554.0          1.0000
1555.0          1.0000
1556.0          1.0000
1557.0          1.0000
1558.0          1.0000
1559.0          1.0000
1560.0          1.0000
1561.0          1.0000
1562.0          1.0000
1563.0          1.0000
1564.0          1.0000
1565.0          1.0000
1566.0          1.0000
1567.0          1.0000
1568.0          1.0000
1569.0          1.0000
1570.0          1.0000
1571.0          1.0000
1572.0          1.0000
1573.0          1.0000
1574.0          1.0000
1575.0          1.0000
1576.0          1.0000
1577.0          1.0000
1578.0          1.0000
1579.0          1.0000
1580.0          1.0000
1581.0          1.0000
1582.0          1.0000
1583.0          1.0000
1584.0          1.0000
1585.0          1.0000
1586.0          1.0000
1587.0          1.0000
1588.0          1.0000
1589.0          1.0000
1590.0          1.0000
1591.0          1.0000
1592.0          1.0000
1593.0          1.0000
1594.0          1.0000
1595.0          1.0000
1596.0          1.0000
1597.0          1.0000
1598.0          1.0000
1599.0          1.0000
1600.0          1.0000
1601.0          1.0000
1602.0          1.0000
1603.0          1.0000
1604.0          1.0000
1605.0          1.0000
1606.0          1.0000
1607.0          1.0000
1608.0          1.0000
1609.0          1.0000
1610.0          1.0000
1611.0          1.0000
1612.0          1.0000
1613.0          1.0000
1614.0          1.0000
1615.0          1.0000
1616.0          1.0000
1617.0          1.0000
1618.0          1.0000
1619.0          1.0000
1620.0          1.0000
1621.0          1.0000
1622.0          1.0000
1623.0          1.0000
1624.0          1.0000
1625.0          1.0000
1626.0          1.0000
1627.0          1.0000
1628.0          1.0000
1629.0          1.0000
1630.0          1.0000
1631.0          1.0000
1632.0          1.0000
1633.0          1.0000
1634.0          1.0000
1635.0          1.0000
1636.0          1.0000
1637.0          1.0000
1638.0          1.0000
1639.0          1.0000
1640.0          1.0000
1641.0          1.0000
1642.0          1.0000
1643.0          1.0000
1644.0          1.0000
1645.0          1.0000
1646.0          1.0000
1647.0          1.0000
1648.0          1.0000
1649.0          1.0000
1650.0          1.0000
1400.0          -4.4409E-16
1401.0          -6.4393E-15
1402.0          -7.1054E-15
1403.0          0.0000
1404.0          3.1086E-15
1405.0          -4.4409E-16
1406.0          -2.4425E-15
1407.0          -1.1102E-15
1408.0          -5.9952E-15
1409.0          -7.5495E-15
1410.0          -4.2188E-15
1411.0          3.2196E-15
1412.0          1.2212E-15
1413.0          3.8858E-15
1414.0          3.3307E-15
1415.0          1.5543E-15
1416.0          1.5543E-15
1417.0          -6.6613E-16
1418.0          6.2172E-15
1419.0          1.9984E-15
1420.0          3.3307E-16
1421.0          2.8866E-15
1422.0          -5.7732E-15
1423.0          -1.7764E-15
1424.0          -2.8866E-15
1425.0          5.1070E-15
1426.0          2.9532E-14
1427.0          3.4195E-14
1428.0          -1.3323E-15
1429.0          -3.5527E-15
1430.0          4.4409E-16
1431.0          4.5519E-15
1432.0          1.5543E-15
1433.0          -1.3323E-15
1434.0          3.9968E-15
1435.0          -2.6645E-15
1436.0          -2.4425E-15
1437.0          -3.5527E-15
1438.0          4.2188E-15
1439.0          -6.6613E-16
1440.0          2.2204E-15
1441.0          -5.3291E-15
1442.0          -3.5527E-15
1443.0          -3.7748E-15
1444.0          1.2212E-15
1445.0          1.1102E-16
1446.0          -2.2204E-16
1447.0          2.5535E-15
1448.0          0.0000
1449.0          1.1102E-16
1450.0          4.9960E-15
1451.0          -2.8866E-15
1452.0          1.5543E-15
1453.0          -1.7764E-15
1454.0          -2.2204E-16
1455.0          5.5511E-16
1456.0          -6.6613E-16
1457.0          4.4409E-15
1458.0          1.9984E-15
1459.0          5.5511E-16
1460.0          6.6613E-16
1461.0          3.3307E-15
1462.0          3.4417E-15
1463.0          1.1102E-16
1464.0          -8.8818E-16
1465.0          -1.1102E-15
1466.0          -1.7764E-15
1467.0          -4.4409E-16
1468.0          -2.2204E-15
1469.0          -8.8818E-16
1470.0          1.6653E-15
1471.0          3.3307E-15
1472.0          1.8874E-15
1473.0          8.8818E-16
1474.0          -2.2204E-16
1475.0          -1.3323E-14
1476.0          6.1284E-14
1477.0          4.8850E-15
1478.0          1.2212E-15
1479.0          1.2212E-15
1480.0          -1.5543E-15
1481.0          0.0000
1482.0          3.4417E-15
1483.0          8.8818E-16
1484.0          3.3307E-16
1485.0          0.0000
1486.0          1.1102E-15
1487.0          3.3307E-16
1488.0          -1.5543E-15
1489.0          1.1102E-16
1490.0          2.9976E-15
1491.0          -8.8818E-16
1492.0          -8.8818E-16
1493.0          6.6613E-16
1494.0          3.9968E-15
1495.0          8.8818E-16
1496.0          2.3315E-15
1497.0          2.5535E-15
1498.0          -1.3323E-15
1499.0          1.8874E-15
1500.0          2.3315E-15
1501.0          4.4409E-16
1502.0          -6.6613E-16
1503.0          -1.1102E-15
1504.0          2.9976E-15
1505.0          5.1070E-15
1506.0          2.5535E-15
1507.0          1.9984E-15
1508.0          2.9976E-15
1509.0          -4.4409E-16
1510.0          1.9984E-15
1511.0          9.9920E-16
1512.0          -1.3323E-15
1513.0          -6.6613E-16
1514.0          -1.5543E-15
1515.0          -6.6613E-16
1516.0          -1.9984E-15
1517.0          -1.9984E-15
1518.0          4.4409E-15
1519.0          2.2204E-16
1520.0          -8.8818E-16
1521.0          1.8874E-15
1522.0          3.3307E-15
1523.0          1.1102E-15
1524.0          -2.6645E-15
1525.0          -2.6645E-15
1526.0          6.6613E-16
1527.0          -1.5543E-15
1528.0          -8.8818E-16
1529.0          6.6613E-16
1530.0          3.3307E-16
1531.0          2.2204E-16
1532.0          2.3315E-15
1533.0          1.7764E-15
1534.0          1.7764E-15
1535.0          1.3323E-15
1536.0          2.4425E-15
1537.0          4.2188E-15
1538.0          2.7756E-15
1539.0          4.2188E-15
1540.0          3.1086E-15
1541.0          1.7764E-15
1542.0          9.9920E-16
1543.0          1.3323E-15
1544.0          -8.8818E-16
1545.0          -1.9984E-15
1546.0          3.3307E-15
1547.0          1.3323E-15
1548.0          -1.9984E-15
1549.0          -3.5527E-15
1550.0          3.1086E-15
1551.0          2.7756E-15
1552.0          2.6645E-15
1553.0          2.4425E-15
1554.0          -5.1070E-15
1555.0          1.5543E-15
1556.0          3.8858E-15
1557.0          5.5511E-16
1558.0          1.1102E-15
1559.0          -1.7764E-15
1560.0          7.7716E-16
1561.0          4.7740E-15
1562.0          1.8874E-15
1563.0          3.3307E-16
1564.0          1.2212E-15
1565.0          -8.8818E-16
1566.0          2.6645E-15
1567.0          3.3307E-16
1568.0          -6.6613E-16
1569.0          4.4409E-16
1570.0          -1.9984E-15
1571.0          0.0000
1572.0          -2.8866E-15
1573.0          -2.6645E-15
1574.0          1.3323E-15
1575.0          0.0000
1576.0          8.8818E-16
1577.0          2.1094E-15
1578.0          4.4409E-16
1579.0          2.2204E-16
1580.0          -8.8818E-16
1581.0          -2.2204E-16
1582.0          2.2204E-16
1583.0          -4.4409E-16
1584.0          -2.6645E-15
1585.0          1.2212E-15
1586.0          -4.4409E-16
1587.0          0.0000
1588.0          -4.2188E-15
1589.0          5.5511E-16
1590.0          -1.3323E-15
1591.0          -1.7764E-15
1592.0          2.9976E-15
1593.0          9.9920E-16
1594.0          -4.4409E-16
1595.0          8.8818E-16
1596.0          9.9920E-16
1597.0          2.6645E-15
1598.0          0.0000
1599.0          -1.1102E-15
1600.0          8.8818E-16
1601.0          -1.9984E-15
1602.0          2.2204E-16
1603.0          2.8866E-15
1604.0          -4.4409E-16
1605.0          5.3291E-15
1606.0          0.0000
1607.0          1.2212E-15
1608.0          3.2196E-15
1609.0          0.0000
1610.0          -1.3323E-15
1611.0          1.8874E-15
1612.0          -1.1102E-15
1613.0          -8.8818E-16
1614.0          -2.2204E-16
1615.0          -3.5527E-15
1616.0          1.8874E-15
1617.0          -6.6613E-16
1618.0          -2.2204E-15
1619.0          7.7716E-16
1620.0          2.3315E-15
1621.0          2.8866E-15
1622.0          2.2204E-15
1623.0          3.5527E-15
1624.0          -2.6645E-15
1625.0          -1.7764E-15
1626.0          1.5543E-15
1627.0          0.0000
1628.0          -2.2204E-16
1629.0          6.6613E-16
1630.0          -3.1086E-15
1631.0          -4.4409E-16
1632.0          2.2204E-15
1633.0          8.8818E-16
1634.0          5.5511E-16
1635.0          4.4409E-16
1636.0          -4.4409E-16
1637.0          4.2188E-15
1638.0          4.4409E-16
1639.0          4.2188E-15
1640.0          -1.7764E-15
1641.0          5.5511E-16
1642.0          -8.8818E-16
1643.0          -1.5543E-15
1644.0          5.5511E-16
1645.0          -2.2204E-16
1646.0          -1.5543E-15
1647.0          -6.6613E-16
1648.0          -2.2204E-15
1649.0          3.4417E-15
1650.0          6.6613E-16
