1400.0          0.45575
1401.0          0.45684
1402.0          0.45793
1403.0          0.45901
1404.0          0.46008
1405.0          0.46114
1406.0          0.46220
1407.0          0.46325
1408.0          0.46429
1409.0          0.46532
1410.0          0.46635
1411.0          0.46737
1412.0          0.46838
1413.0          0.46939
1414.0          0.47039
1415.0          0.47138
1416.0          0.47236
1417.0          0.47334
1418.0          0.47431
1419.0          0.47527
1420.0          0.47622
1421.0          0.47717
1422.0          0.47811
1423.0          0.47904
1424.0          0.47996
1425.0          0.48088
1426.0          0.48179
1427.0          0.48269
1428.0          0.48358
1429.0          0.48447
1430.0          0.48535
1431.0          0.48622
1432.0          0.48709
1433.0          0.48794
1434.0          0.48879
1435.0          0.48963
1436.0          0.49047
1437.0          0.49130
1438.0          0.49212
1439.0          0.49293
1440.0          0.49374
1441.0          0.49454
1442.0          0.49533
1443.0          0.49611
1444.0          0.49689
1445.0          0.49766
1446.0          0.49842
1447.0          0.49918
1448.0          0.49993
1449.0          0.50067
1450.0          0.50141
1451.0          0.50214
1452.0          0.50286
1453.0          0.50357
1454.0          0.50428
1455.0          0.50498
1456.0          0.50568
1457.0          0.50636
1458.0          0.50705
1459.0          0.50772
1460.0          0.50839
1461.0          0.50905
1462.0          0.50970
1463.0          0.51035
1464.0          0.51100
1465.0          0.51163
1466.0          0.51226
1467.0          0.51288
1468.0          0.51350
1469.0          0.51411
1470.0          0.51471
1471.0          0.51531
1472.0          0.51590
1473.0          0.51649
1474.0          0.51707
1475.0          0.51764
1476.0          0.51821
1477.0          0.51877
1478.0          0.51933
1479.0          0.51988
1480.0          0.52042
1481.0          0.52096
1482.0          0.52150
1483.0          0.52202
1484.0          0.52255
1485.0          0.52306
1486.0          0.52357
1487.0          0.52408
1488.0          0.52458
1489.0          0.52507
1490.0          0.52556
1491.0          0.52604
1492.0          0.52652
1493.0          0.52699
1494.0          0.52746
1495.0          0.52792
1496.0          0.52838
1497.0          0.52883
1498.0          0.52927
1499.0          0.52971
1500.0          0.53015
1501.0          0.53058
1502.0          0.53101
1503.0          0.53143
1504.0          0.53184
1505.0          0.53226
1506.0          0.53266
1507.0          0.53306
1508.0          0.53346
1509.0          0.53385
1510.0          0.53424
1511.0          0.53462
1512.0          0.53500
1513.0          0.53538
1514.0          0.53574
1515.0          0.53611
1516.0          0.53647
1517.0          0.53682
1518.0          0.53718
1519.0          0.53752
1520.0          0.53786
1521.0          0.53820
1522.0          0.53854
1523.0          0.53887
1524.0          0.53919
1525.0          0.53951
1526.0          0.53983
1527.0          0.54014
1528.0          0.54045
1529.0          0.54076
1530.0          0.54106
1531.0          0.54135
1532.0          0.54165
1533.0          0.54193
1534.0          0.54222
1535.0          0.54250
1536.0          0.54278
1537.0          0.54305
1538.0          0.54332
1539.0          0.54358
1540.0          0.54385
1541.0          0.54410
1542.0          0.54436
1543.0          0.54461
1544.0          0.54486
1545.0          0.54510
1546.0          0.54534
1547.0          0.54558
1548.0          0.54581
1549.0          0.54604
1550.0          0.54627
1551.0          0.54649
1552.0          0.54671
1553.0          0.54692
1554.0          0.54714
1555.0          0.54734
1556.0          0.54755
1557.0          0.54775
1558.0          0.54795
1559.0          0.54815
1560.0          0.54834
1561.0          0.54853
1562.0          0.54872
1563.0          0.54890
1564.0          0.54908
1565.0          0.54926
1566.0          0.54943
1567.0          0.54960
1568.0          0.54977
1569.0          0.54994
1570.0          0.55010
1571.0          0.55026
1572.0          0.55041
1573.0          0.55057
1574.0          0.55072
1575.0          0.55087
1576.0          0.55101
1577.0          0.55115
1578.0          0.55129
1579.0          0.55143
1580.0          0.55156
1581.0          0.55169
1582.0          0.55182
1583.0          0.55195
1584.0          0.55207
1585.0          0.55219
1586.0          0.55231
1587.0          0.55242
1588.0          0.55254
1589.0          0.55265
1590.0          0.55275
1591.0          0.55286
1592.0          0.55296
1593.0          0.55306
1594.0          0.55316
1595.0          0.55326
1596.0          0.55335
1597.0          0.55344
1598.0          0.55353
1599.0          0.55361
1600.0          0.55369
1601.0          0.55378
1602.0          0.55385
1603.0          0.55393
1604.0          0.55400
1605.0          0.55408
1606.0          0.55415
1607.0          0.55421
1608.0          0.55428
1609.0          0.55434
1610.0          0.55440
1611.0          0.55446
1612.0          0.55452
1613.0          0.55457
1614.0          0.55462
1615.0          0.55467
1616.0          0.55472
1617.0          0.55477
1618.0          0.55481
1619.0          0.55485
1620.0          0.55489
1621.0          0.55493
1622.0          0.55497
1623.0          0.55500
1624.0          0.55503
1625.0          0.55506
1626.0          0.55509
1627.0          0.55512
1628.0          0.55514
1629.0          0.55517
1630.0          0.55519
1631.0          0.55521
1632.0          0.55522
1633.0          0.55524
1634.0          0.55525
1635.0          0.55526
1636.0          0.55527
1637.0          0.55528
1638.0          0.55529
1639.0          0.55529
1640.0          0.55529
1641.0          0.55530
1642.0          0.55529
1643.0          0.55529
1644.0          0.55529
1645.0          0.55528
1646.0          0.55528
1647.0          0.55527
1648.0          0.55526
1649.0          0.55524
1650.0          0.55523
1400.0          0.54425
1401.0          0.54316
1402.0          0.54207
1403.0          0.54099
1404.0          0.53992
1405.0          0.53886
1406.0          0.53780
1407.0          0.53675
1408.0          0.53571
1409.0          0.53468
1410.0          0.53365
1411.0          0.53263
1412.0          0.53162
1413.0          0.53061
1414.0          0.52961
1415.0          0.52862
1416.0          0.52764
1417.0          0.52666
1418.0          0.52569
1419.0          0.52473
1420.0          0.52378
1421.0          0.52283
1422.0          0.52189
1423.0          0.52096
1424.0          0.52004
1425.0          0.51912
1426.0          0.51821
1427.0          0.51731
1428.0          0.51642
1429.0          0.51553
1430.0          0.51465
1431.0          0.51378
1432.0          0.51291
1433.0          0.51206
1434.0          0.51121
1435.0          0.51037
1436.0          0.50953
1437.0          0.50870
1438.0          0.50788
1439.0          0.50707
1440.0          0.50626
1441.0          0.50546
1442.0          0.50467
1443.0          0.50389
1444.0          0.50311
1445.0          0.50234
1446.0          0.50158
1447.0          0.50082
1448.0          0.50007
1449.0          0.49933
1450.0          0.49859
1451.0          0.49786
1452.0          0.49714
1453.0          0.49643
1454.0          0.49572
1455.0          0.49502
1456.0          0.49432
1457.0          0.49364
1458.0          0.49295
1459.0          0.49228
1460.0          0.49161
1461.0          0.49095
1462.0          0.49030
1463.0          0.48965
1464.0          0.48900
1465.0          0.48837
1466.0          0.48774
1467.0          0.48712
1468.0          0.48650
1469.0          0.48589
1470.0          0.48529
1471.0          0.48469
1472.0          0.48410
1473.0          0.48351
1474.0          0.48293
1475.0          0.48236
1476.0          0.48179
1477.0          0.48123
1478.0          0.48067
1479.0          0.48012
1480.0          0.47958
1481.0          0.47904
1482.0          0.47850
1483.0          0.47798
1484.0          0.47745
1485.0          0.47694
1486.0          0.47643
1487.0          0.47592
1488.0          0.47542
1489.0          0.47493
1490.0          0.47444
1491.0          0.47396
1492.0          0.47348
1493.0          0.47301
1494.0          0.47254
1495.0          0.47208
1496.0          0.47162
1497.0          0.47117
1498.0          0.47073
1499.0          0.47029
1500.0          0.46985
1501.0          0.46942
1502.0          0.46899
1503.0          0.46857
1504.0          0.46816
1505.0          0.46774
1506.0          0.46734
1507.0          0.46694
1508.0          0.46654
1509.0          0.46615
1510.0          0.46576
1511.0          0.46538
1512.0          0.46500
1513.0          0.46462
1514.0          0.46426
1515.0          0.46389
1516.0          0.46353
1517.0          0.46318
1518.0          0.46282
1519.0          0.46248
1520.0          0.46214
1521.0          0.46180
1522.0          0.46146
1523.0          0.46113
1524.0          0.46081
1525.0          0.46049
1526.0          0.46017
1527.0          0.45986
1528.0          0.45955
1529.0          0.45924
1530.0          0.45894
1531.0          0.45865
1532.0          0.45835
1533.0          0.45807
1534.0          0.45778
1535.0          0.45750
1536.0          0.45722
1537.0          0.45695
1538.0          0.45668
1539.0          0.45642
1540.0          0.45615
1541.0          0.45590
1542.0          0.45564
1543.0          0.45539
1544.0          0.45514
1545.0          0.45490
1546.0          0.45466
1547.0          0.45442
1548.0          0.45419
1549.0          0.45396
1550.0          0.45373
1551.0          0.45351
1552.0          0.45329
1553.0          0.45308
1554.0          0.45286
1555.0          0.45266
1556.0          0.45245
1557.0          0.45225
1558.0          0.45205
1559.0          0.45185
1560.0          0.45166
1561.0          0.45147
1562.0          0.45128
1563.0          0.45110
1564.0          0.45092
1565.0          0.45074
1566.0          0.45057
1567.0          0.45040
1568.0          0.45023
1569.0          0.45006
1570.0          0.44990
1571.0          0.44974
1572.0          0.44959
1573.0          0.44943
1574.0          0.44928
1575.0          0.44913
1576.0          0.44899
1577.0          0.44885
1578.0          0.44871
1579.0          0.44857
1580.0          0.44844
1581.0          0.44831
1582.0          0.44818
1583.0          0.44805
1584.0          0.44793
1585.0          0.44781
1586.0          0.44769
1587.0          0.44758
1588.0          0.44746
1589.0          0.44735
1590.0          0.44725
1591.0          0.44714
1592.0          0.44704
1593.0          0.44694
1594.0          0.44684
1595.0          0.44674
1596.0          0.44665
1597.0          0.44656
1598.0          0.44647
1599.0          0.44639
1600.0          0.44631
1601.0          0.44622
1602.0          0.44615
1603.0          0.44607
1604.0          0.44600
1605.0          0.44592
1606.0          0.44585
1607.0          0.44579
1608.0          0.44572
1609.0          0.44566
1610.0          0.44560
1611.0          0.44554
1612.0          0.44548
1613.0          0.44543
1614.0          0.44538
1615.0          0.44533
1616.0          0.44528
1617.0          0.44523
1618.0          0.44519
1619.0          0.44515
1620.0          0.44511
1621.0          0.44507
1622.0          0.44503
1623.0          0.44500
1624.0          0.44497
1625.0          0.44494
1626.0          0.44491
1627.0          0.44488
1628.0          0.44486
1629.0          0.44483
1630.0          0.44481
1631.0          0.44479
1632.0          0.44478
1633.0          0.44476
1634.0          0.44475
1635.0          0.44474
1636.0          0.44473
1637.0          0.44472
1638.0          0.44471
1639.0          0.44471
1640.0          0.44471
1641.0          0.44470
1642.0          0.44471
1643.0          0.44471
1644.0          0.44471
1645.0          0.44472
1646.0          0.44472
1647.0          0.44473
1648.0          0.44474
1649.0          0.44476
1650.0          0.44477
1400.0          1.0000
1401.0          1.0000
1402.0          1.0000
1403.0          1.0000
1404.0          1.0000
1405.0          1.0000
1406.0          1.0000
1407.0          1.0000
1408.0          1.0000
1409.0          1.0000
1410.0          1.0000
1411.0          1.0000
1412.0          1.0000
1413.0          1.0000
1414.0          1.0000
1415.0          1.0000
1416.0          1.0000
1417.0          1.0000
1418.0          1.0000
1419.0          1.0000
1420.0          1.0000
1421.0          1.0000
1422.0          1.0000
1423.0          1.0000
1424.0          1.0000
1425.0          1.0000
1426.0          1.0000
1427.0          1.0000
1428.0          1.0000
1429.0          1.0000
1430.0          1.0000
1431.0          1.0000
1432.0          1.0000
1433.0          1.0000
1434.0          1.0000
1435.0          1.0000
1436.0          1.0000
1437.0          1.0000
1438.0          1.0000
1439.0          1.0000
1440.0          1.0000
1441.0          1.0000
1442.0          1.0000
1443.0          1.0000
1444.0          1.0000
1445.0          1.0000
1446.0          1.0000
1447.0          1.0000
1448.0          1.0000
1449.0          1.0000
1450.0          1.0000
1451.0          1.0000
1452.0          1.0000
1453.0          1.0000
1454.0          1.0000
1455.0          1.0000
1456.0          1.0000
1457.0          1.0000
1458.0          1.0000
1459.0          1.0000
1460.0          1.0000
1461.0          1.0000
1462.0          1.0000
1463.0          1.0000
1464.0          1.0000
1465.0          1.0000
1466.0          1.0000
1467.0          1.0000
1468.0          1.0000
1469.0          1.0000
1470.0          1.0000
1471.0          1.0000
1472.0          1.0000
1473.0          1.0000
1474.0          1.0000
1475.0          1.0000
1476.0          1.0000
1477.0          1.0000
1478.0          1.0000
1479.0          1.0000
1480.0          1.0000
1481.0          1.0000
1482.0          1.0000
1483.0          1.0000
1484.0          1.0000
1485.0          1.0000
1486.0          1.0000
1487.0          1.0000
1488.0          1.0000
1489.0          1.0000
1490.0          1.0000
1491.0          1.0000
1492.0          1.0000
1493.0          1.0000
1494.0          1.0000
1495.0          1.0000
1496.0          1.0000
1497.0          1.0000
1498.0          1.0000
1499.0          1.0000
1500.0          1.0000
1501.0          1.0000
1502.0          1.0000
1503.0          1.0000
1504.0          1.0000
1505.0          1.0000
1506.0          1.0000
1507.0          1.0000
1508.0          1.0000
1509.0          1.0000
1510.0          1.0000
1511.0          1.0000
1512.0          1.0000
1513.0          1.0000
1514.0          1.0000
1515.0          1.0000
1516.0          1.0000
1517.0          1.0000
1518.0          1.0000
1519.0          1.0000
1520.0          1.0000
1521.0          1.0000
1522.0          1.0000
1523.0          1.0000
1524.0          1.0000
1525.0          1.0000
1526.0          1.0000
1527.0          1.0000
1528.0          1.0000
1529.0          1.0000
1530.0          1.0000
1531.0          1.0000
1532.0          1.0000
1533.0          1.0000
1534.0          1.0000
1535.0          1.0000
1536.0          1.0000
1537.0          1.0000
1538.0          1.0000
1539.0          1.0000
1540.0          1.0000
1541.0          1.0000
1542.0          1.0000
1543.0          1.0000
1544.0          1.0000
1545.0          1.0000
1546.0          1.0000
1547.0          1.0000
1548.0          1.0000
1549.0          1.0000
1550.0          1.0000
1551.0          1.0000
1552.0          1.0000
1553.0          1.0000
1554.0          1.0000
1555.0          1.0000
1556.0          1.0000
1557.0          1.0000
1558.0          1.0000
1559.0          1.0000
1560.0          1.0000
1561.0          1.0000
1562.0          1.0000
1563.0          1.0000
1564.0          1.0000
1565.0          1.0000
1566.0          1.0000
1567.0          1.0000
1568.0          1.0000
1569.0          1.0000
1570.0          1.0000
1571.0          1.0000
1572.0          1.0000
1573.0          1.0000
1574.0          1.0000
1575.0          1.0000
1576.0          1.0000
1577.0          1.0000
1578.0          1.0000
1579.0          1.0000
1580.0          1.0000
1581.0          1.0000
1582.0          1.0000
1583.0          1.0000
1584.0          1.0000
1585.0          1.0000
1586.0          1.0000
1587.0          1.0000
1588.0          1.0000
1589.0          1.0000
1590.0          1.0000
1591.0          1.0000
1592.0          1.0000
1593.0          1.0000
1594.0          1.0000
1595.0          1.0000
1596.0          1.0000
1597.0          1.0000
1598.0          1.0000
1599.0          1.0000
1600.0          1.0000
1601.0          1.0000
1602.0          1.0000
1603.0          1.0000
1604.0          1.0000
1605.0          1.0000
1606.0          1.0000
1607.0          1.0000
1608.0          1.0000
1609.0          1.0000
1610.0          1.0000
1611.0          1.0000
1612.0          1.0000
1613.0          1.0000
1614.0          1.0000
1615.0          1.0000
1616.0          1.0000
1617.0          1.0000
1618.0          1.0000
1619.0          1.0000
1620.0          1.0000
1621.0          1.0000
1622.0          1.0000
1623.0          1.0000
1624.0          1.0000
1625.0          1.0000
1626.0          1.0000
1627.0          1.0000
1628.0          1.0000
1629.0          1.0000
1630.0          1.0000
1631.0          1.0000
1632.0          1.0000
1633.0          1.0000
1634.0          1.0000
1635.0          1.0000
1636.0          1.0000
1637.0          1.0000
1638.0          1.0000
1639.0          1.0000
1640.0          1.0000
1641.0          1.0000
1642.0          1.0000
1643.0          1.0000
1644.0          1.0000
1645.0          1.0000
1646.0          1.0000
1647.0          1.0000
1648.0          1.0000
1649.0          1.0000
1650.0          1.0000
1400.0          7.7716E-16
1401.0          8.8818E-16
1402.0          -3.5527E-15
1403.0          -6.6613E-16
1404.0          1.1102E-15
1405.0          3.3307E-16
1406.0          1.1102E-15
1407.0          -1.7764E-15
1408.0          4.4409E-16
1409.0          3.7748E-15
1410.0          2.4425E-15
1411.0          -8.8818E-16
1412.0          1.9984E-15
1413.0          -1.3323E-15
1414.0          4.4409E-16
1415.0          3.7748E-15
1416.0          -1.7764E-15
1417.0          -2.2204E-16
1418.0          -1.3323E-15
1419.0          -8.8818E-16
1420.0          -1.1102E-15
1421.0          -2.4425E-15
1422.0          -1.3323E-15
1423.0          -1.3323E-15
1424.0          1.2212E-15
1425.0          2.1094E-15
1426.0          1.5543E-15
1427.0          2.3315E-15
1428.0          4.4409E-16
1429.0          6.6613E-16
1430.0          -8.8818E-16
1431.0          -2.2204E-15
1432.0          -1.1102E-15
1433.0          -1.7764E-15
1434.0          1.1102E-15
1435.0          -8.8818E-16
1436.0          8.8818E-16
1437.0          3.3307E-16
1438.0          2.8866E-15
1439.0          2.2204E-15
1440.0          -3.1086E-15
1441.0          1.3323E-15
1442.0          -1.1102E-15
1443.0          -1.7764E-15
1444.0          3.3307E-16
1445.0          1.1102E-15
1446.0          -4.4409E-16
1447.0          4.4409E-16
1448.0          0.0000
1449.0          -4.4409E-16
1450.0          -4.4409E-16
1451.0          1.5543E-15
1452.0          2.8866E-15
1453.0          1.6653E-15
1454.0          2.2204E-15
1455.0          -4.4409E-16
1456.0          2.1094E-15
1457.0          1.7764E-15
1458.0          1.7764E-15
1459.0          -2.2204E-15
1460.0          8.8818E-16
1461.0          -3.3307E-15
1462.0          8.8818E-16
1463.0          -1.1102E-15
1464.0          -6.6613E-16
1465.0          8.8818E-16
1466.0          2.2204E-16
1467.0          2.6645E-15
1468.0          -8.8818E-16
1469.0          3.9968E-15
1470.0          6.6613E-16
1471.0          -4.4409E-16
1472.0          3.3307E-16
1473.0          -8.8818E-16
1474.0          1.1102E-15
1475.0          3.7748E-15
1476.0          -1.1102E-15
1477.0          8.8818E-16
1478.0          2.1094E-15
1479.0          -2.8866E-15
1480.0          -8.8818E-16
1481.0          1.5543E-15
1482.0          -1.7764E-15
1483.0          2.4425E-15
1484.0          1.1102E-16
1485.0          -1.1102E-15
1486.0          8.8818E-16
1487.0          2.2204E-16
1488.0          1.2212E-15
1489.0          -1.7764E-15
1490.0          7.7716E-16
1491.0          8.8818E-16
1492.0          1.9984E-15
1493.0          5.5511E-16
1494.0          -4.4409E-16
1495.0          0.0000
1496.0          6.6613E-16
1497.0          8.8818E-16
1498.0          1.4433E-15
1499.0          3.5527E-15
1500.0          -1.7764E-15
1501.0          -4.4409E-16
1502.0          -1.7764E-15
1503.0          -4.4409E-16
1504.0          1.2212E-15
1505.0          -6.6613E-16
1506.0          -4.4409E-16
1507.0          1.5543E-15
1508.0          -2.4425E-15
1509.0          4.4409E-16
1510.0          1.5543E-15
1511.0          1.1102E-16
1512.0          -5.1070E-15
1513.0          -2.4425E-15
1514.0          0.0000
1515.0          9.9920E-16
1516.0          -8.8818E-16
1517.0          -1.7764E-15
1518.0          -2.6645E-15
1519.0          4.4409E-16
1520.0          -8.8818E-16
1521.0          8.8818E-16
1522.0          6.6613E-16
1523.0          -1.1102E-15
1524.0          1.5543E-15
1525.0          -1.3323E-15
1526.0          -1.5543E-15
1527.0          -2.2204E-16
1528.0          3.2196E-15
1529.0          -3.1086E-15
1530.0          -1.1102E-15
1531.0          -1.7764E-15
1532.0          1.3323E-15
1533.0          -1.5543E-15
1534.0          6.6613E-16
1535.0          -2.4425E-15
1536.0          6.6613E-16
1537.0          -1.7764E-15
1538.0          -2.2204E-16
1539.0          -4.4409E-16
1540.0          1.3323E-15
1541.0          -2.6645E-15
1542.0          -1.3323E-15
1543.0          2.6645E-15
1544.0          -3.3307E-15
1545.0          2.6645E-15
1546.0          -2.2204E-16
1547.0          3.3307E-16
1548.0          2.6645E-15
1549.0          1.2212E-15
1550.0          2.2204E-16
1551.0          -4.4409E-16
1552.0          0.0000
1553.0          1.1102E-16
1554.0          2.6645E-15
1555.0          -4.4409E-15
1556.0          2.2204E-16
1557.0          1.8874E-15
1558.0          5.1070E-15
1559.0          2.4425E-15
1560.0          2.2204E-16
1561.0          -4.4409E-16
1562.0          -1.5543E-15
1563.0          -1.3323E-15
1564.0          -1.3323E-15
1565.0          1.3323E-15
1566.0          2.2204E-16
1567.0          1.1102E-15
1568.0          -2.8866E-15
1569.0          0.0000
1570.0          -2.2204E-16
1571.0          8.8818E-16
1572.0          1.8874E-15
1573.0          -8.8818E-16
1574.0          -1.5543E-15
1575.0          0.0000
1576.0          -2.8866E-15
1577.0          1.5543E-15
1578.0          -3.3307E-15
1579.0          0.0000
1580.0          0.0000
1581.0          -6.6613E-16
1582.0          -1.7764E-15
1583.0          1.8874E-15
1584.0          -2.6645E-15
1585.0          -1.1102E-15
1586.0          6.6613E-15
1587.0          -1.9984E-15
1588.0          2.2204E-16
1589.0          -6.6613E-15
1590.0          6.6613E-15
1591.0          1.3323E-15
1592.0          -2.8866E-15
1593.0          7.2164E-15
1594.0          -4.8850E-15
1595.0          2.2204E-16
1596.0          7.7716E-16
1597.0          6.6613E-16
1598.0          2.7756E-15
1599.0          1.9984E-15
1600.0          9.9920E-15
1601.0          -3.9968E-15
1602.0          1.9984E-15
1603.0          0.0000
1604.0          3.8858E-15
1605.0          4.4409E-15
1606.0          1.1768E-14
1607.0          4.2188E-15
1608.0          -3.3307E-15
1609.0          5.5511E-16
1610.0          -1.3767E-14
1611.0          -1.0658E-14
1612.0          -6.6613E-16
1613.0          9.7700E-15
1614.0          1.5543E-15
1615.0          8.9928E-15
1616.0          -5.7732E-15
1617.0          -3.7748E-15
1618.0          3.1086E-15
1619.0          -3.5527E-15
1620.0          1.4433E-15
1621.0          -2.8866E-15
1622.0          -2.2204E-16
1623.0          -2.6645E-15
1624.0          3.9968E-15
1625.0          -3.9968E-15
1626.0          -4.4409E-15
1627.0          2.3315E-15
1628.0          2.4425E-15
1629.0          -1.9984E-15
1630.0          -1.3323E-15
1631.0          -2.8866E-15
1632.0          -2.4425E-15
1633.0          2.6645E-15
1634.0          5.1070E-15
1635.0          4.1078E-15
1636.0          4.4409E-16
1637.0          -3.5527E-15
1638.0          -3.3307E-15
1639.0          4.8850E-15
1640.0          -2.6645E-15
1641.0          5.9952E-15
1642.0          -2.6645E-15
1643.0          1.6653E-15
1644.0          3.3307E-16
1645.0          -1.7764E-15
1646.0          -3.1086E-15
1647.0          -6.6613E-16
1648.0          -3.1086E-15
1649.0          -1.9984E-15
1650.0          -3.9968E-15
