1400.0          0.13472
1401.0          0.13311
1402.0          0.13151
1403.0          0.12993
1404.0          0.12836
1405.0          0.12680
1406.0          0.12525
1407.0          0.12371
1408.0          0.12219
1409.0          0.12068
1410.0          0.11918
1411.0          0.11770
1412.0          0.11623
1413.0          0.11477
1414.0          0.11332
1415.0          0.11189
1416.0          0.11047
1417.0          0.10906
1418.0          0.10767
1419.0          0.10629
1420.0          0.10492
1421.0          0.10356
1422.0          0.10222
1423.0          0.10089
1424.0          0.099579
1425.0          0.098278
1426.0          0.096991
1427.0          0.095717
1428.0          0.094457
1429.0          0.093210
1430.0          0.091978
1431.0          0.090759
1432.0          0.089553
1433.0          0.088362
1434.0          0.087184
1435.0          0.086020
1436.0          0.084871
1437.0          0.083735
1438.0          0.082613
1439.0          0.081505
1440.0          0.080411
1441.0          0.079331
1442.0          0.078265
1443.0          0.077214
1444.0          0.076176
1445.0          0.075153
1446.0          0.074143
1447.0          0.073148
1448.0          0.072167
1449.0          0.071200
1450.0          0.070247
1451.0          0.069309
1452.0          0.068384
1453.0          0.067474
1454.0          0.066578
1455.0          0.065696
1456.0          0.064828
1457.0          0.063975
1458.0          0.063135
1459.0          0.062310
1460.0          0.061499
1461.0          0.060702
1462.0          0.059919
1463.0          0.059150
1464.0          0.058395
1465.0          0.057655
1466.0          0.056928
1467.0          0.056215
1468.0          0.055517
1469.0          0.054832
1470.0          0.054161
1471.0          0.053504
1472.0          0.052861
1473.0          0.052232
1474.0          0.051617
1475.0          0.051015
1476.0          0.050427
1477.0          0.049853
1478.0          0.049292
1479.0          0.048745
1480.0          0.048212
1481.0          0.047692
1482.0          0.047185
1483.0          0.046692
1484.0          0.046213
1485.0          0.045746
1486.0          0.045293
1487.0          0.044853
1488.0          0.044426
1489.0          0.044012
1490.0          0.043612
1491.0          0.043224
1492.0          0.042849
1493.0          0.042487
1494.0          0.042138
1495.0          0.041801
1496.0          0.041477
1497.0          0.041166
1498.0          0.040867
1499.0          0.040580
1500.0          0.040306
1501.0          0.040044
1502.0          0.039794
1503.0          0.039556
1504.0          0.039330
1505.0          0.039117
1506.0          0.038915
1507.0          0.038724
1508.0          0.038546
1509.0          0.038379
1510.0          0.038223
1511.0          0.038079
1512.0          0.037946
1513.0          0.037825
1514.0          0.037714
1515.0          0.037614
1516.0          0.037526
1517.0          0.037448
1518.0          0.037381
1519.0          0.037324
1520.0          0.037278
1521.0          0.037243
1522.0          0.037217
1523.0          0.037202
1524.0          0.037197
1525.0          0.037202
1526.0          0.037217
1527.0          0.037241
1528.0          0.037275
1529.0          0.037319
1530.0          0.037372
1531.0          0.037434
1532.0          0.037505
1533.0          0.037586
1534.0          0.037675
1535.0          0.037773
1536.0          0.037879
1537.0          0.037994
1538.0          0.038118
1539.0          0.038249
1540.0          0.038389
1541.0          0.038537
1542.0          0.038692
1543.0          0.038856
1544.0          0.039027
1545.0          0.039205
1546.0          0.039390
1547.0          0.039583
1548.0          0.039782
1549.0          0.039989
1550.0          0.040202
1551.0          0.040421
1552.0          0.040647
1553.0          0.040879
1554.0          0.041117
1555.0          0.041361
1556.0          0.041611
1557.0          0.041866
1558.0          0.042127
1559.0          0.042393
1560.0          0.042663
1561.0          0.042939
1562.0          0.043219
1563.0          0.043504
1564.0          0.043793
1565.0          0.044087
1566.0          0.044384
1567.0          0.044685
1568.0          0.044989
1569.0          0.045297
1570.0          0.045608
1571.0          0.045921
1572.0          0.046238
1573.0          0.046557
1574.0          0.046878
1575.0          0.047201
1576.0          0.047526
1577.0          0.047853
1578.0          0.048181
1579.0          0.048510
1580.0          0.048839
1581.0          0.049170
1582.0          0.049501
1583.0          0.049831
1584.0          0.050162
1585.0          0.050492
1586.0          0.050821
1587.0          0.051149
1588.0          0.051476
1589.0          0.051801
1590.0          0.052124
1591.0          0.052445
1592.0          0.052763
1593.0          0.053078
1594.0          0.053389
1595.0          0.053697
1596.0          0.054001
1597.0          0.054300
1598.0          0.054594
1599.0          0.054883
1600.0          0.055166
1601.0          0.055443
1602.0          0.055713
1603.0          0.055976
1604.0          0.056232
1605.0          0.056479
1606.0          0.056718
1607.0          0.056948
1608.0          0.057167
1609.0          0.057377
1610.0          0.057575
1611.0          0.057762
1612.0          0.057937
1613.0          0.058098
1614.0          0.058246
1615.0          0.058380
1616.0          0.058498
1617.0          0.058601
1618.0          0.058687
1619.0          0.058755
1620.0          0.058804
1621.0          0.058834
1622.0          0.058843
1623.0          0.058831
1624.0          0.058796
1625.0          0.058737
1626.0          0.058654
1627.0          0.058543
1628.0          0.058406
1629.0          0.058239
1630.0          0.058043
1631.0          0.057814
1632.0          0.057552
1633.0          0.057255
1634.0          0.056921
1635.0          0.056549
1636.0          0.056137
1637.0          0.055682
1638.0          0.055184
1639.0          0.054639
1640.0          0.054046
1641.0          0.053403
1642.0          0.052708
1643.0          0.051957
1644.0          0.051150
1645.0          0.050285
1646.0          0.049358
1647.0          0.048369
1648.0          0.047316
1649.0          0.046198
1650.0          0.045013
1400.0          0.86528
1401.0          0.86689
1402.0          0.86849
1403.0          0.87007
1404.0          0.87164
1405.0          0.87320
1406.0          0.87475
1407.0          0.87629
1408.0          0.87781
1409.0          0.87932
1410.0          0.88082
1411.0          0.88230
1412.0          0.88377
1413.0          0.88523
1414.0          0.88668
1415.0          0.88811
1416.0          0.88953
1417.0          0.89094
1418.0          0.89233
1419.0          0.89371
1420.0          0.89508
1421.0          0.89644
1422.0          0.89778
1423.0          0.89911
1424.0          0.90042
1425.0          0.90172
1426.0          0.90301
1427.0          0.90428
1428.0          0.90554
1429.0          0.90679
1430.0          0.90802
1431.0          0.90924
1432.0          0.91045
1433.0          0.91164
1434.0          0.91282
1435.0          0.91398
1436.0          0.91513
1437.0          0.91627
1438.0          0.91739
1439.0          0.91850
1440.0          0.91959
1441.0          0.92067
1442.0          0.92173
1443.0          0.92279
1444.0          0.92382
1445.0          0.92485
1446.0          0.92586
1447.0          0.92685
1448.0          0.92783
1449.0          0.92880
1450.0          0.92975
1451.0          0.93069
1452.0          0.93162
1453.0          0.93253
1454.0          0.93342
1455.0          0.93430
1456.0          0.93517
1457.0          0.93603
1458.0          0.93686
1459.0          0.93769
1460.0          0.93850
1461.0          0.93930
1462.0          0.94008
1463.0          0.94085
1464.0          0.94160
1465.0          0.94235
1466.0          0.94307
1467.0          0.94378
1468.0          0.94448
1469.0          0.94517
1470.0          0.94584
1471.0          0.94650
1472.0          0.94714
1473.0          0.94777
1474.0          0.94838
1475.0          0.94899
1476.0          0.94957
1477.0          0.95015
1478.0          0.95071
1479.0          0.95125
1480.0          0.95179
1481.0          0.95231
1482.0          0.95281
1483.0          0.95331
1484.0          0.95379
1485.0          0.95425
1486.0          0.95471
1487.0          0.95515
1488.0          0.95557
1489.0          0.95599
1490.0          0.95639
1491.0          0.95678
1492.0          0.95715
1493.0          0.95751
1494.0          0.95786
1495.0          0.95820
1496.0          0.95852
1497.0          0.95883
1498.0          0.95913
1499.0          0.95942
1500.0          0.95969
1501.0          0.95996
1502.0          0.96021
1503.0          0.96044
1504.0          0.96067
1505.0          0.96088
1506.0          0.96109
1507.0          0.96128
1508.0          0.96145
1509.0          0.96162
1510.0          0.96178
1511.0          0.96192
1512.0          0.96205
1513.0          0.96218
1514.0          0.96229
1515.0          0.96239
1516.0          0.96247
1517.0          0.96255
1518.0          0.96262
1519.0          0.96268
1520.0          0.96272
1521.0          0.96276
1522.0          0.96278
1523.0          0.96280
1524.0          0.96280
1525.0          0.96280
1526.0          0.96278
1527.0          0.96276
1528.0          0.96272
1529.0          0.96268
1530.0          0.96263
1531.0          0.96257
1532.0          0.96249
1533.0          0.96241
1534.0          0.96233
1535.0          0.96223
1536.0          0.96212
1537.0          0.96201
1538.0          0.96188
1539.0          0.96175
1540.0          0.96161
1541.0          0.96146
1542.0          0.96131
1543.0          0.96114
1544.0          0.96097
1545.0          0.96080
1546.0          0.96061
1547.0          0.96042
1548.0          0.96022
1549.0          0.96001
1550.0          0.95980
1551.0          0.95958
1552.0          0.95935
1553.0          0.95912
1554.0          0.95888
1555.0          0.95864
1556.0          0.95839
1557.0          0.95813
1558.0          0.95787
1559.0          0.95761
1560.0          0.95734
1561.0          0.95706
1562.0          0.95678
1563.0          0.95650
1564.0          0.95621
1565.0          0.95591
1566.0          0.95562
1567.0          0.95532
1568.0          0.95501
1569.0          0.95470
1570.0          0.95439
1571.0          0.95408
1572.0          0.95376
1573.0          0.95344
1574.0          0.95312
1575.0          0.95280
1576.0          0.95247
1577.0          0.95215
1578.0          0.95182
1579.0          0.95149
1580.0          0.95116
1581.0          0.95083
1582.0          0.95050
1583.0          0.95017
1584.0          0.94984
1585.0          0.94951
1586.0          0.94918
1587.0          0.94885
1588.0          0.94852
1589.0          0.94820
1590.0          0.94788
1591.0          0.94756
1592.0          0.94724
1593.0          0.94692
1594.0          0.94661
1595.0          0.94630
1596.0          0.94600
1597.0          0.94570
1598.0          0.94541
1599.0          0.94512
1600.0          0.94483
1601.0          0.94456
1602.0          0.94429
1603.0          0.94402
1604.0          0.94377
1605.0          0.94352
1606.0          0.94328
1607.0          0.94305
1608.0          0.94283
1609.0          0.94262
1610.0          0.94242
1611.0          0.94224
1612.0          0.94206
1613.0          0.94190
1614.0          0.94175
1615.0          0.94162
1616.0          0.94150
1617.0          0.94140
1618.0          0.94131
1619.0          0.94125
1620.0          0.94120
1621.0          0.94117
1622.0          0.94116
1623.0          0.94117
1624.0          0.94120
1625.0          0.94126
1626.0          0.94135
1627.0          0.94146
1628.0          0.94159
1629.0          0.94176
1630.0          0.94196
1631.0          0.94219
1632.0          0.94245
1633.0          0.94274
1634.0          0.94308
1635.0          0.94345
1636.0          0.94386
1637.0          0.94432
1638.0          0.94482
1639.0          0.94536
1640.0          0.94595
1641.0          0.94660
1642.0          0.94729
1643.0          0.94804
1644.0          0.94885
1645.0          0.94972
1646.0          0.95064
1647.0          0.95163
1648.0          0.95268
1649.0          0.95380
1650.0          0.95499
1400.0          1.0000
1401.0          1.0000
1402.0          1.0000
1403.0          1.0000
1404.0          1.0000
1405.0          1.0000
1406.0          1.0000
1407.0          1.0000
1408.0          1.0000
1409.0          1.0000
1410.0          1.0000
1411.0          1.0000
1412.0          1.0000
1413.0          1.0000
1414.0          1.0000
1415.0          1.0000
1416.0          1.0000
1417.0          1.0000
1418.0          1.0000
1419.0          1.0000
1420.0          1.0000
1421.0          1.0000
1422.0          1.0000
1423.0          1.0000
1424.0          1.0000
1425.0          1.0000
1426.0          1.0000
1427.0          1.0000
1428.0          1.0000
1429.0          1.0000
1430.0          1.0000
1431.0          1.0000
1432.0          1.0000
1433.0          1.0000
1434.0          1.0000
1435.0          1.0000
1436.0          1.0000
1437.0          1.0000
1438.0          1.0000
1439.0          1.0000
1440.0          1.0000
1441.0          1.0000
1442.0          1.0000
1443.0          1.0000
1444.0          1.0000
1445.0          1.0000
1446.0          1.0000
1447.0          1.0000
1448.0          1.0000
1449.0          1.0000
1450.0          1.0000
1451.0          1.0000
1452.0          1.0000
1453.0          1.0000
1454.0          1.0000
1455.0          1.0000
1456.0          1.0000
1457.0          1.0000
1458.0          1.0000
1459.0          1.0000
1460.0          1.0000
1461.0          1.0000
1462.0          1.0000
1463.0          1.0000
1464.0          1.0000
1465.0          1.0000
1466.0          1.0000
1467.0          1.0000
1468.0          1.0000
1469.0          1.0000
1470.0          1.0000
1471.0          1.0000
1472.0          1.0000
1473.0          1.0000
1474.0          1.0000
1475.0          1.0000
1476.0          1.0000
1477.0          1.0000
1478.0          1.0000
1479.0          1.0000
1480.0          1.0000
1481.0          1.0000
1482.0          1.0000
1483.0          1.0000
1484.0          1.0000
1485.0          1.0000
1486.0          1.0000
1487.0          1.0000
1488.0          1.0000
1489.0          1.0000
1490.0          1.0000
1491.0          1.0000
1492.0          1.0000
1493.0          1.0000
1494.0          1.0000
1495.0          1.0000
1496.0          1.0000
1497.0          1.0000
1498.0          1.0000
1499.0          1.0000
1500.0          1.0000
1501.0          1.0000
1502.0          1.0000
1503.0          1.0000
1504.0          1.0000
1505.0          1.0000
1506.0          1.0000
1507.0          1.0000
1508.0          1.0000
1509.0          1.0000
1510.0          1.0000
1511.0          1.0000
1512.0          1.0000
1513.0          1.0000
1514.0          1.0000
1515.0          1.0000
1516.0          1.0000
1517.0          1.0000
1518.0          1.0000
1519.0          1.0000
1520.0          1.0000
1521.0          1.0000
1522.0          1.0000
1523.0          1.0000
1524.0          1.0000
1525.0          1.0000
1526.0          1.0000
1527.0          1.0000
1528.0          1.0000
1529.0          1.0000
1530.0          1.0000
1531.0          1.0000
1532.0          1.0000
1533.0          1.0000
1534.0          1.0000
1535.0          1.0000
1536.0          1.0000
1537.0          1.0000
1538.0          1.0000
1539.0          1.0000
1540.0          1.0000
1541.0          1.0000
1542.0          1.0000
1543.0          1.0000
1544.0          1.0000
1545.0          1.0000
1546.0          1.0000
1547.0          1.0000
1548.0          1.0000
1549.0          1.0000
1550.0          1.0000
1551.0          1.0000
1552.0          1.0000
1553.0          1.0000
1554.0          1.0000
1555.0          1.0000
1556.0          1.0000
1557.0          1.0000
1558.0          1.0000
1559.0          1.0000
1560.0          1.0000
1561.0          1.0000
1562.0          1.0000
1563.0          1.0000
1564.0          1.0000
1565.0          1.0000
1566.0          1.0000
1567.0          1.0000
1568.0          1.0000
1569.0          1.0000
1570.0          1.0000
1571.0          1.0000
1572.0          1.0000
1573.0          1.0000
1574.0          1.0000
1575.0          1.0000
1576.0          1.0000
1577.0          1.0000
1578.0          1.0000
1579.0          1.0000
1580.0          1.0000
1581.0          1.0000
1582.0          1.0000
1583.0          1.0000
1584.0          1.0000
1585.0          1.0000
1586.0          1.0000
1587.0          1.0000
1588.0          1.0000
1589.0          1.0000
1590.0          1.0000
1591.0          1.0000
1592.0          1.0000
1593.0          1.0000
1594.0          1.0000
1595.0          1.0000
1596.0          1.0000
1597.0          1.0000
1598.0          1.0000
1599.0          1.0000
1600.0          1.0000
1601.0          1.0000
1602.0          1.0000
1603.0          1.0000
1604.0          1.0000
1605.0          1.0000
1606.0          1.0000
1607.0          1.0000
1608.0          1.0000
1609.0          1.0000
1610.0          1.0000
1611.0          1.0000
1612.0          1.0000
1613.0          1.0000
1614.0          1.0000
1615.0          1.0000
1616.0          1.0000
1617.0          1.0000
1618.0          1.0000
1619.0          1.0000
1620.0          1.0000
1621.0          1.0000
1622.0          1.0000
1623.0          1.0000
1624.0          1.0000
1625.0          1.0000
1626.0          1.0000
1627.0          1.0000
1628.0          1.0000
1629.0          1.0000
1630.0          1.0000
1631.0          1.0000
1632.0          1.0000
1633.0          1.0000
1634.0          1.0000
1635.0          1.0000
1636.0          1.0000
1637.0          1.0000
1638.0          1.0000
1639.0          1.0000
1640.0          1.0000
1641.0          1.0000
1642.0          1.0000
1643.0          1.0000
1644.0          1.0000
1645.0          1.0000
1646.0          1.0000
1647.0          1.0000
1648.0          1.0000
1649.0          1.0000
1650.0          1.0000
1400.0          1.8874E-15
1401.0          3.2196E-15
1402.0          -3.9968E-15
1403.0          -6.6613E-16
1404.0          -4.4409E-16
1405.0          -1.7764E-15
1406.0          8.8818E-16
1407.0          1.2212E-15
1408.0          1.8874E-15
1409.0          3.7748E-15
1410.0          -1.3323E-15
1411.0          1.1102E-16
1412.0          2.2204E-15
1413.0          -4.4409E-16
1414.0          -3.7748E-15
1415.0          8.8818E-16
1416.0          3.1086E-15
1417.0          -3.7748E-15
1418.0          -2.2204E-16
1419.0          -6.6613E-16
1420.0          2.1094E-15
1421.0          -4.4409E-16
1422.0          9.9920E-16
1423.0          -1.3323E-15
1424.0          -4.2188E-15
1425.0          2.2204E-15
1426.0          6.6613E-16
1427.0          2.3315E-15
1428.0          -2.6645E-15
1429.0          3.3307E-15
1430.0          0.0000
1431.0          5.5511E-16
1432.0          6.6613E-16
1433.0          -1.5543E-15
1434.0          -1.3323E-15
1435.0          1.5543E-15
1436.0          1.7764E-15
1437.0          3.5527E-15
1438.0          3.7748E-15
1439.0          -6.6613E-16
1440.0          1.2212E-15
1441.0          1.9984E-15
1442.0          -8.8818E-16
1443.0          2.3315E-15
1444.0          1.2212E-15
1445.0          0.0000
1446.0          -1.1102E-15
1447.0          5.5511E-16
1448.0          -4.4409E-16
1449.0          -4.6629E-15
1450.0          -1.3323E-15
1451.0          -1.3323E-15
1452.0          1.8874E-15
1453.0          1.9984E-15
1454.0          3.4417E-15
1455.0          3.3307E-15
1456.0          -2.6645E-15
1457.0          1.8874E-15
1458.0          1.8874E-15
1459.0          -1.1102E-15
1460.0          2.2204E-15
1461.0          -1.7764E-15
1462.0          5.5511E-16
1463.0          0.0000
1464.0          -2.2204E-16
1465.0          -4.4409E-16
1466.0          2.3315E-15
1467.0          -4.4409E-16
1468.0          3.4417E-15
1469.0          1.7764E-15
1470.0          0.0000
1471.0          -1.1102E-15
1472.0          -1.7764E-15
1473.0          3.3307E-15
1474.0          2.6645E-15
1475.0          1.7764E-15
1476.0          8.8818E-16
1477.0          6.6613E-16
1478.0          1.7764E-15
1479.0          0.0000
1480.0          1.8874E-15
1481.0          1.8874E-15
1482.0          3.3307E-16
1483.0          -3.9968E-15
1484.0          1.8874E-15
1485.0          -1.1102E-15
1486.0          9.9920E-16
1487.0          -3.1086E-15
1488.0          6.6613E-16
1489.0          -6.6613E-16
1490.0          1.3323E-15
1491.0          1.1102E-15
1492.0          1.5543E-15
1493.0          2.2204E-16
1494.0          2.3315E-15
1495.0          2.8866E-15
1496.0          1.2212E-15
1497.0          5.5511E-16
1498.0          3.4417E-15
1499.0          -4.4409E-16
1500.0          1.7764E-15
1501.0          4.4409E-16
1502.0          -1.1102E-15
1503.0          0.0000
1504.0          -1.3323E-15
1505.0          2.7756E-15
1506.0          -2.6645E-15
1507.0          -1.5543E-15
1508.0          1.8874E-15
1509.0          7.7716E-16
1510.0          -2.2204E-16
1511.0          -1.1102E-15
1512.0          1.2212E-15
1513.0          1.6653E-15
1514.0          -1.9984E-15
1515.0          1.1102E-16
1516.0          -8.8818E-16
1517.0          3.4417E-15
1518.0          -6.6613E-16
1519.0          3.3307E-15
1520.0          -1.3323E-15
1521.0          -3.9968E-15
1522.0          -2.2204E-15
1523.0          -2.2204E-15
1524.0          2.4425E-15
1525.0          -1.1102E-15
1526.0          -1.9984E-15
1527.0          -3.3307E-15
1528.0          4.1078E-15
1529.0          6.3283E-15
1530.0          1.3323E-15
1531.0          2.2204E-16
1532.0          -2.2204E-16
1533.0          2.8866E-15
1534.0          3.1086E-15
1535.0          1.9984E-15
1536.0          -1.7764E-15
1537.0          2.2204E-16
1538.0          1.9984E-15
1539.0          4.4409E-15
1540.0          0.0000
1541.0          -2.2204E-16
1542.0          2.6645E-15
1543.0          1.8874E-15
1544.0          1.4433E-15
1545.0          9.9920E-16
1546.0          -2.8866E-15
1547.0          -2.6645E-15
1548.0          7.7716E-16
1549.0          -2.4425E-15
1550.0          -4.4409E-16
1551.0          -2.2204E-16
1552.0          -1.7764E-15
1553.0          -2.2204E-15
1554.0          -6.6613E-16
1555.0          3.3307E-16
1556.0          -2.2204E-16
1557.0          3.3307E-15
1558.0          0.0000
1559.0          3.4417E-15
1560.0          7.7716E-16
1561.0          7.7716E-16
1562.0          -1.3323E-15
1563.0          1.8874E-15
1564.0          3.2196E-15
1565.0          -1.5543E-15
1566.0          1.2212E-15
1567.0          1.1102E-15
1568.0          1.8874E-15
1569.0          2.2204E-16
1570.0          -4.4409E-16
1571.0          -3.5527E-15
1572.0          -1.5543E-15
1573.0          3.8858E-15
1574.0          9.9920E-16
1575.0          0.0000
1576.0          3.2196E-15
1577.0          2.9976E-15
1578.0          1.5543E-15
1579.0          -1.3323E-15
1580.0          -1.5543E-15
1581.0          1.6653E-15
1582.0          9.9920E-16
1583.0          3.2196E-15
1584.0          -3.1086E-15
1585.0          3.3307E-16
1586.0          1.1102E-15
1587.0          3.3307E-16
1588.0          1.6653E-15
1589.0          -1.5543E-15
1590.0          3.3307E-16
1591.0          5.5511E-16
1592.0          0.0000
1593.0          -1.1102E-15
1594.0          2.2204E-16
1595.0          1.1102E-15
1596.0          -4.4409E-16
1597.0          1.9984E-15
1598.0          9.9920E-16
1599.0          1.1102E-15
1600.0          -1.3323E-15
1601.0          7.7716E-16
1602.0          -2.2204E-16
1603.0          -1.3323E-15
1604.0          2.1094E-15
1605.0          -2.6645E-15
1606.0          2.9976E-15
1607.0          6.6613E-16
1608.0          -8.8818E-16
1609.0          1.4433E-15
1610.0          -1.9984E-15
1611.0          9.9920E-16
1612.0          -2.2204E-15
1613.0          5.5511E-16
1614.0          1.9984E-15
1615.0          1.8874E-15
1616.0          -1.7764E-15
1617.0          7.7716E-16
1618.0          1.4433E-15
1619.0          -2.2204E-16
1620.0          3.2196E-15
1621.0          -2.2204E-15
1622.0          -2.6645E-15
1623.0          -1.9984E-15
1624.0          -6.6613E-16
1625.0          1.9984E-15
1626.0          2.5535E-15
1627.0          1.6653E-15
1628.0          -6.6613E-16
1629.0          2.5535E-15
1630.0          2.3315E-15
1631.0          -1.7764E-15
1632.0          2.3315E-15
1633.0          3.8858E-15
1634.0          3.6637E-15
1635.0          -1.5543E-15
1636.0          1.1102E-16
1637.0          3.1086E-15
1638.0          4.8850E-15
1639.0          -6.6613E-16
1640.0          4.2188E-15
1641.0          0.0000
1642.0          -8.8818E-16
1643.0          2.7756E-15
1644.0          -1.9984E-15
1645.0          -8.8818E-16
1646.0          -2.4425E-15
1647.0          -2.6645E-15
1648.0          1.1102E-16
1649.0          -2.6645E-15
1650.0          1.5543E-15
