1400.0          0.60906
1401.0          0.60332
1402.0          0.59776
1403.0          0.59236
1404.0          0.58712
1405.0          0.58204
1406.0          0.57712
1407.0          0.57235
1408.0          0.56773
1409.0          0.56326
1410.0          0.55893
1411.0          0.55474
1412.0          0.55068
1413.0          0.54675
1414.0          0.54295
1415.0          0.53927
1416.0          0.53572
1417.0          0.53228
1418.0          0.52896
1419.0          0.52575
1420.0          0.52264
1421.0          0.51964
1422.0          0.51674
1423.0          0.51394
1424.0          0.51123
1425.0          0.50862
1426.0          0.50609
1427.0          0.50366
1428.0          0.50130
1429.0          0.49903
1430.0          0.49684
1431.0          0.49473
1432.0          0.49269
1433.0          0.49072
1434.0          0.48882
1435.0          0.48700
1436.0          0.48523
1437.0          0.48353
1438.0          0.48190
1439.0          0.48032
1440.0          0.47880
1441.0          0.47734
1442.0          0.47594
1443.0          0.47458
1444.0          0.47328
1445.0          0.47203
1446.0          0.47083
1447.0          0.46967
1448.0          0.46856
1449.0          0.46750
1450.0          0.46647
1451.0          0.46549
1452.0          0.46455
1453.0          0.46365
1454.0          0.46279
1455.0          0.46196
1456.0          0.46117
1457.0          0.46041
1458.0          0.45969
1459.0          0.45900
1460.0          0.45834
1461.0          0.45772
1462.0          0.45712
1463.0          0.45655
1464.0          0.45601
1465.0          0.45550
1466.0          0.45501
1467.0          0.45455
1468.0          0.45412
1469.0          0.45370
1470.0          0.45332
1471.0          0.45295
1472.0          0.45261
1473.0          0.45229
1474.0          0.45199
1475.0          0.45171
1476.0          0.45145
1477.0          0.45121
1478.0          0.45098
1479.0          0.45078
1480.0          0.45059
1481.0          0.45042
1482.0          0.45027
1483.0          0.45013
1484.0          0.45001
1485.0          0.44990
1486.0          0.44981
1487.0          0.44973
1488.0          0.44967
1489.0          0.44962
1490.0          0.44958
1491.0          0.44956
1492.0          0.44954
1493.0          0.44954
1494.0          0.44955
1495.0          0.44958
1496.0          0.44961
1497.0          0.44965
1498.0          0.44971
1499.0          0.44977
1500.0          0.44984
1501.0          0.44992
1502.0          0.45002
1503.0          0.45012
1504.0          0.45022
1505.0          0.45034
1506.0          0.45047
1507.0          0.45060
1508.0          0.45074
1509.0          0.45089
1510.0          0.45104
1511.0          0.45120
1512.0          0.45137
1513.0          0.45154
1514.0          0.45173
1515.0          0.45191
1516.0          0.45210
1517.0          0.45230
1518.0          0.45250
1519.0          0.45271
1520.0          0.45293
1521.0          0.45315
1522.0          0.45337
1523.0          0.45360
1524.0          0.45383
1525.0          0.45406
1526.0          0.45430
1527.0          0.45455
1528.0          0.45480
1529.0          0.45505
1530.0          0.45530
1531.0          0.45556
1532.0          0.45582
1533.0          0.45609
1534.0          0.45636
1535.0          0.45663
1536.0          0.45690
1537.0          0.45718
1538.0          0.45746
1539.0          0.45774
1540.0          0.45802
1541.0          0.45831
1542.0          0.45859
1543.0          0.45888
1544.0          0.45917
1545.0          0.45947
1546.0          0.45976
1547.0          0.46006
1548.0          0.46036
1549.0          0.46066
1550.0          0.46096
1551.0          0.46126
1552.0          0.46156
1553.0          0.46187
1554.0          0.46217
1555.0          0.46248
1556.0          0.46278
1557.0          0.46309
1558.0          0.46340
1559.0          0.46371
1560.0          0.46402
1561.0          0.46433
1562.0          0.46464
1563.0          0.46495
1564.0          0.46526
1565.0          0.46557
1566.0          0.46588
1567.0          0.46619
1568.0          0.46651
1569.0          0.46682
1570.0          0.46713
1571.0          0.46744
1572.0          0.46775
1573.0          0.46806
1574.0          0.46837
1575.0          0.46868
1576.0          0.46899
1577.0          0.46930
1578.0          0.46961
1579.0          0.46991
1580.0          0.47022
1581.0          0.47053
1582.0          0.47083
1583.0          0.47114
1584.0          0.47144
1585.0          0.47175
1586.0          0.47205
1587.0          0.47235
1588.0          0.47265
1589.0          0.47295
1590.0          0.47325
1591.0          0.47354
1592.0          0.47384
1593.0          0.47413
1594.0          0.47443
1595.0          0.47472
1596.0          0.47501
1597.0          0.47530
1598.0          0.47559
1599.0          0.47587
1600.0          0.47616
1601.0          0.47644
1602.0          0.47672
1603.0          0.47700
1604.0          0.47728
1605.0          0.47756
1606.0          0.47783
1607.0          0.47810
1608.0          0.47837
1609.0          0.47864
1610.0          0.47891
1611.0          0.47918
1612.0          0.47944
1613.0          0.47970
1614.0          0.47996
1615.0          0.48022
1616.0          0.48047
1617.0          0.48073
1618.0          0.48098
1619.0          0.48122
1620.0          0.48147
1621.0          0.48171
1622.0          0.48196
1623.0          0.48219
1624.0          0.48243
1625.0          0.48267
1626.0          0.48290
1627.0          0.48313
1628.0          0.48335
1629.0          0.48358
1630.0          0.48380
1631.0          0.48402
1632.0          0.48423
1633.0          0.48444
1634.0          0.48465
1635.0          0.48486
1636.0          0.48506
1637.0          0.48527
1638.0          0.48546
1639.0          0.48566
1640.0          0.48585
1641.0          0.48604
1642.0          0.48622
1643.0          0.48641
1644.0          0.48658
1645.0          0.48676
1646.0          0.48693
1647.0          0.48710
1648.0          0.48726
1649.0          0.48743
1650.0          0.48758
1400.0          0.39094
1401.0          0.39668
1402.0          0.40224
1403.0          0.40764
1404.0          0.41288
1405.0          0.41796
1406.0          0.42288
1407.0          0.42765
1408.0          0.43227
1409.0          0.43674
1410.0          0.44107
1411.0          0.44526
1412.0          0.44932
1413.0          0.45325
1414.0          0.45705
1415.0          0.46073
1416.0          0.46428
1417.0          0.46772
1418.0          0.47104
1419.0          0.47425
1420.0          0.47736
1421.0          0.48036
1422.0          0.48326
1423.0          0.48606
1424.0          0.48877
1425.0          0.49138
1426.0          0.49391
1427.0          0.49634
1428.0          0.49870
1429.0          0.50097
1430.0          0.50316
1431.0          0.50527
1432.0          0.50731
1433.0          0.50928
1434.0          0.51118
1435.0          0.51300
1436.0          0.51477
1437.0          0.51647
1438.0          0.51810
1439.0          0.51968
1440.0          0.52120
1441.0          0.52266
1442.0          0.52406
1443.0          0.52542
1444.0          0.52672
1445.0          0.52797
1446.0          0.52917
1447.0          0.53033
1448.0          0.53144
1449.0          0.53250
1450.0          0.53353
1451.0          0.53451
1452.0          0.53545
1453.0          0.53635
1454.0          0.53721
1455.0          0.53804
1456.0          0.53883
1457.0          0.53959
1458.0          0.54031
1459.0          0.54100
1460.0          0.54166
1461.0          0.54228
1462.0          0.54288
1463.0          0.54345
1464.0          0.54399
1465.0          0.54450
1466.0          0.54499
1467.0          0.54545
1468.0          0.54588
1469.0          0.54630
1470.0          0.54668
1471.0          0.54705
1472.0          0.54739
1473.0          0.54771
1474.0          0.54801
1475.0          0.54829
1476.0          0.54855
1477.0          0.54879
1478.0          0.54902
1479.0          0.54922
1480.0          0.54941
1481.0          0.54958
1482.0          0.54973
1483.0          0.54987
1484.0          0.54999
1485.0          0.55010
1486.0          0.55019
1487.0          0.55027
1488.0          0.55033
1489.0          0.55038
1490.0          0.55042
1491.0          0.55044
1492.0          0.55046
1493.0          0.55046
1494.0          0.55045
1495.0          0.55042
1496.0          0.55039
1497.0          0.55035
1498.0          0.55029
1499.0          0.55023
1500.0          0.55016
1501.0          0.55008
1502.0          0.54998
1503.0          0.54988
1504.0          0.54978
1505.0          0.54966
1506.0          0.54953
1507.0          0.54940
1508.0          0.54926
1509.0          0.54911
1510.0          0.54896
1511.0          0.54880
1512.0          0.54863
1513.0          0.54846
1514.0          0.54827
1515.0          0.54809
1516.0          0.54790
1517.0          0.54770
1518.0          0.54750
1519.0          0.54729
1520.0          0.54707
1521.0          0.54685
1522.0          0.54663
1523.0          0.54640
1524.0          0.54617
1525.0          0.54594
1526.0          0.54570
1527.0          0.54545
1528.0          0.54520
1529.0          0.54495
1530.0          0.54470
1531.0          0.54444
1532.0          0.54418
1533.0          0.54391
1534.0          0.54364
1535.0          0.54337
1536.0          0.54310
1537.0          0.54282
1538.0          0.54254
1539.0          0.54226
1540.0          0.54198
1541.0          0.54169
1542.0          0.54141
1543.0          0.54112
1544.0          0.54083
1545.0          0.54053
1546.0          0.54024
1547.0          0.53994
1548.0          0.53964
1549.0          0.53934
1550.0          0.53904
1551.0          0.53874
1552.0          0.53844
1553.0          0.53813
1554.0          0.53783
1555.0          0.53752
1556.0          0.53722
1557.0          0.53691
1558.0          0.53660
1559.0          0.53629
1560.0          0.53598
1561.0          0.53567
1562.0          0.53536
1563.0          0.53505
1564.0          0.53474
1565.0          0.53443
1566.0          0.53412
1567.0          0.53381
1568.0          0.53349
1569.0          0.53318
1570.0          0.53287
1571.0          0.53256
1572.0          0.53225
1573.0          0.53194
1574.0          0.53163
1575.0          0.53132
1576.0          0.53101
1577.0          0.53070
1578.0          0.53039
1579.0          0.53009
1580.0          0.52978
1581.0          0.52947
1582.0          0.52917
1583.0          0.52886
1584.0          0.52856
1585.0          0.52825
1586.0          0.52795
1587.0          0.52765
1588.0          0.52735
1589.0          0.52705
1590.0          0.52675
1591.0          0.52646
1592.0          0.52616
1593.0          0.52587
1594.0          0.52557
1595.0          0.52528
1596.0          0.52499
1597.0          0.52470
1598.0          0.52441
1599.0          0.52413
1600.0          0.52384
1601.0          0.52356
1602.0          0.52328
1603.0          0.52300
1604.0          0.52272
1605.0          0.52244
1606.0          0.52217
1607.0          0.52190
1608.0          0.52163
1609.0          0.52136
1610.0          0.52109
1611.0          0.52082
1612.0          0.52056
1613.0          0.52030
1614.0          0.52004
1615.0          0.51978
1616.0          0.51953
1617.0          0.51927
1618.0          0.51902
1619.0          0.51878
1620.0          0.51853
1621.0          0.51829
1622.0          0.51804
1623.0          0.51781
1624.0          0.51757
1625.0          0.51733
1626.0          0.51710
1627.0          0.51687
1628.0          0.51665
1629.0          0.51642
1630.0          0.51620
1631.0          0.51598
1632.0          0.51577
1633.0          0.51556
1634.0          0.51535
1635.0          0.51514
1636.0          0.51494
1637.0          0.51473
1638.0          0.51454
1639.0          0.51434
1640.0          0.51415
1641.0          0.51396
1642.0          0.51378
1643.0          0.51359
1644.0          0.51342
1645.0          0.51324
1646.0          0.51307
1647.0          0.51290
1648.0          0.51274
1649.0          0.51257
1650.0          0.51242
1400.0          1.0000
1401.0          1.0000
1402.0          1.0000
1403.0          1.0000
1404.0          1.0000
1405.0          1.0000
1406.0          1.0000
1407.0          1.0000
1408.0          1.0000
1409.0          1.0000
1410.0          1.0000
1411.0          1.0000
1412.0          1.0000
1413.0          1.0000
1414.0          1.0000
1415.0          1.0000
1416.0          1.0000
1417.0          1.0000
1418.0          1.0000
1419.0          1.0000
1420.0          1.0000
1421.0          1.0000
1422.0          1.0000
1423.0          1.0000
1424.0          1.0000
1425.0          1.0000
1426.0          1.0000
1427.0          1.0000
1428.0          1.0000
1429.0          1.0000
1430.0          1.0000
1431.0          1.0000
1432.0          1.0000
1433.0          1.0000
1434.0          1.0000
1435.0          1.0000
1436.0          1.0000
1437.0          1.0000
1438.0          1.0000
1439.0          1.0000
1440.0          1.0000
1441.0          1.0000
1442.0          1.0000
1443.0          1.0000
1444.0          1.0000
1445.0          1.0000
1446.0          1.0000
1447.0          1.0000
1448.0          1.0000
1449.0          1.0000
1450.0          1.0000
1451.0          1.0000
1452.0          1.0000
1453.0          1.0000
1454.0          1.0000
1455.0          1.0000
1456.0          1.0000
1457.0          1.0000
1458.0          1.0000
1459.0          1.0000
1460.0          1.0000
1461.0          1.0000
1462.0          1.0000
1463.0          1.0000
1464.0          1.0000
1465.0          1.0000
1466.0          1.0000
1467.0          1.0000
1468.0          1.0000
1469.0          1.0000
1470.0          1.0000
1471.0          1.0000
1472.0          1.0000
1473.0          1.0000
1474.0          1.0000
1475.0          1.0000
1476.0          1.0000
1477.0          1.0000
1478.0          1.0000
1479.0          1.0000
1480.0          1.0000
1481.0          1.0000
1482.0          1.0000
1483.0          1.0000
1484.0          1.0000
1485.0          1.0000
1486.0          1.0000
1487.0          1.0000
1488.0          1.0000
1489.0          1.0000
1490.0          1.0000
1491.0          1.0000
1492.0          1.0000
1493.0          1.0000
1494.0          1.0000
1495.0          1.0000
1496.0          1.0000
1497.0          1.0000
1498.0          1.0000
1499.0          1.0000
1500.0          1.0000
1501.0          1.0000
1502.0          1.0000
1503.0          1.0000
1504.0          1.0000
1505.0          1.0000
1506.0          1.0000
1507.0          1.0000
1508.0          1.0000
1509.0          1.0000
1510.0          1.0000
1511.0          1.0000
1512.0          1.0000
1513.0          1.0000
1514.0          1.0000
1515.0          1.0000
1516.0          1.0000
1517.0          1.0000
1518.0          1.0000
1519.0          1.0000
1520.0          1.0000
1521.0          1.0000
1522.0          1.0000
1523.0          1.0000
1524.0          1.0000
1525.0          1.0000
1526.0          1.0000
1527.0          1.0000
1528.0          1.0000
1529.0          1.0000
1530.0          1.0000
1531.0          1.0000
1532.0          1.0000
1533.0          1.0000
1534.0          1.0000
1535.0          1.0000
1536.0          1.0000
1537.0          1.0000
1538.0          1.0000
1539.0          1.0000
1540.0          1.0000
1541.0          1.0000
1542.0          1.0000
1543.0          1.0000
1544.0          1.0000
1545.0          1.0000
1546.0          1.0000
1547.0          1.0000
1548.0          1.0000
1549.0          1.0000
1550.0          1.0000
1551.0          1.0000
1552.0          1.0000
1553.0          1.0000
1554.0          1.0000
1555.0          1.0000
1556.0          1.0000
1557.0          1.0000
1558.0          1.0000
1559.0          1.0000
1560.0          1.0000
1561.0          1.0000
1562.0          1.0000
1563.0          1.0000
1564.0          1.0000
1565.0          1.0000
1566.0          1.0000
1567.0          1.0000
1568.0          1.0000
1569.0          1.0000
1570.0          1.0000
1571.0          1.0000
1572.0          1.0000
1573.0          1.0000
1574.0          1.0000
1575.0          1.0000
1576.0          1.0000
1577.0          1.0000
1578.0          1.0000
1579.0          1.0000
1580.0          1.0000
1581.0          1.0000
1582.0          1.0000
1583.0          1.0000
1584.0          1.0000
1585.0          1.0000
1586.0          1.0000
1587.0          1.0000
1588.0          1.0000
1589.0          1.0000
1590.0          1.0000
1591.0          1.0000
1592.0          1.0000
1593.0          1.0000
1594.0          1.0000
1595.0          1.0000
1596.0          1.0000
1597.0          1.0000
1598.0          1.0000
1599.0          1.0000
1600.0          1.0000
1601.0          1.0000
1602.0          1.0000
1603.0          1.0000
1604.0          1.0000
1605.0          1.0000
1606.0          1.0000
1607.0          1.0000
1608.0          1.0000
1609.0          1.0000
1610.0          1.0000
1611.0          1.0000
1612.0          1.0000
1613.0          1.0000
1614.0          1.0000
1615.0          1.0000
1616.0          1.0000
1617.0          1.0000
1618.0          1.0000
1619.0          1.0000
1620.0          1.0000
1621.0          1.0000
1622.0          1.0000
1623.0          1.0000
1624.0          1.0000
1625.0          1.0000
1626.0          1.0000
1627.0          1.0000
1628.0          1.0000
1629.0          1.0000
1630.0          1.0000
1631.0          1.0000
1632.0          1.0000
1633.0          1.0000
1634.0          1.0000
1635.0          1.0000
1636.0          1.0000
1637.0          1.0000
1638.0          1.0000
1639.0          1.0000
1640.0          1.0000
1641.0          1.0000
1642.0          1.0000
1643.0          1.0000
1644.0          1.0000
1645.0          1.0000
1646.0          1.0000
1647.0          1.0000
1648.0          1.0000
1649.0          1.0000
1650.0          1.0000
1400.0          5.3291E-15
1401.0          1.3323E-15
1402.0          4.1078E-15
1403.0          -1.7764E-15
1404.0          1.1102E-15
1405.0          4.9960E-15
1406.0          -1.3323E-15
1407.0          -8.8818E-16
1408.0          -7.9936E-15
1409.0          5.3291E-15
1410.0          4.4409E-15
1411.0          -2.2204E-15
1412.0          2.8866E-15
1413.0          5.3291E-15
1414.0          -2.2204E-15
1415.0          1.7764E-15
1416.0          -1.3323E-15
1417.0          2.5535E-15
1418.0          7.5495E-15
1419.0          -3.1086E-15
1420.0          -1.5543E-15
1421.0          3.6637E-15
1422.0          2.2204E-16
1423.0          2.2204E-15
1424.0          6.6613E-16
1425.0          -8.8818E-16
1426.0          2.8866E-15
1427.0          -2.2204E-15
1428.0          1.8874E-15
1429.0          2.7756E-15
1430.0          2.5535E-15
1431.0          2.8866E-15
1432.0          -1.7764E-15
1433.0          1.5543E-15
1434.0          -2.2204E-16
1435.0          -3.7748E-15
1436.0          -4.4409E-16
1437.0          3.5527E-15
1438.0          5.2180E-15
1439.0          8.8818E-16
1440.0          2.5535E-15
1441.0          -1.7764E-15
1442.0          -1.3323E-15
1443.0          0.0000
1444.0          -2.8866E-15
1445.0          6.8834E-15
1446.0          2.2204E-15
1447.0          -2.4425E-15
1448.0          8.8818E-16
1449.0          2.5535E-15
1450.0          -3.9968E-15
1451.0          2.7756E-15
1452.0          9.9920E-16
1453.0          -8.8818E-16
1454.0          -2.4425E-15
1455.0          -4.4409E-16
1456.0          0.0000
1457.0          -1.5543E-15
1458.0          -1.5543E-15
1459.0          2.2204E-16
1460.0          -4.4409E-16
1461.0          -2.2204E-16
1462.0          0.0000
1463.0          2.3315E-15
1464.0          4.2188E-15
1465.0          6.6613E-16
1466.0          -2.2204E-15
1467.0          5.1070E-15
1468.0          -8.8818E-16
1469.0          1.1102E-15
1470.0          3.3307E-16
1471.0          -8.8818E-16
1472.0          1.4433E-15
1473.0          1.3323E-15
1474.0          -3.5527E-15
1475.0          3.3307E-16
1476.0          8.8818E-16
1477.0          -3.9968E-15
1478.0          -1.3323E-15
1479.0          -6.6613E-16
1480.0          3.3307E-15
1481.0          -1.1102E-15
1482.0          6.6613E-16
1483.0          -4.4409E-16
1484.0          -2.2204E-16
1485.0          -2.6645E-15
1486.0          2.2204E-16
1487.0          -6.6613E-16
1488.0          0.0000
1489.0          -4.4409E-16
1490.0          4.4409E-16
1491.0          8.8818E-16
1492.0          1.1102E-15
1493.0          1.4433E-15
1494.0          -2.2204E-15
1495.0          -2.6645E-15
1496.0          -1.1102E-15
1497.0          -6.6613E-16
1498.0          7.7716E-16
1499.0          -8.8818E-16
1500.0          -6.6613E-16
1501.0          -1.1102E-15
1502.0          2.5535E-15
1503.0          1.5543E-15
1504.0          -2.2204E-15
1505.0          2.9976E-15
1506.0          1.9984E-15
1507.0          2.2204E-16
1508.0          4.4409E-16
1509.0          1.1102E-15
1510.0          8.8818E-16
1511.0          6.6613E-16
1512.0          1.6653E-15
1513.0          -8.8818E-16
1514.0          2.9976E-15
1515.0          3.9968E-15
1516.0          -1.7764E-15
1517.0          6.6613E-16
1518.0          6.6613E-16
1519.0          1.9984E-15
1520.0          3.6637E-15
1521.0          1.7764E-15
1522.0          2.4425E-15
1523.0          -1.3323E-15
1524.0          1.1102E-15
1525.0          -1.5543E-15
1526.0          -2.2204E-15
1527.0          2.2204E-15
1528.0          2.2204E-15
1529.0          -3.1086E-15
1530.0          -4.4409E-16
1531.0          1.1102E-15
1532.0          0.0000
1533.0          0.0000
1534.0          -2.4425E-15
1535.0          1.3323E-15
1536.0          2.2204E-16
1537.0          3.2196E-15
1538.0          -5.3291E-15
1539.0          -2.4425E-15
1540.0          -8.8818E-16
1541.0          4.4409E-16
1542.0          2.3315E-15
1543.0          -1.5543E-15
1544.0          2.6645E-15
1545.0          -4.4409E-16
1546.0          -8.8818E-16
1547.0          -1.1102E-15
1548.0          1.7764E-15
1549.0          -8.8818E-16
1550.0          -4.4409E-16
1551.0          -1.3323E-15
1552.0          1.1102E-16
1553.0          2.2204E-16
1554.0          2.8866E-15
1555.0          2.6645E-15
1556.0          -2.6645E-15
1557.0          -1.1102E-15
1558.0          1.1102E-16
1559.0          1.1102E-15
1560.0          2.8866E-15
1561.0          4.2188E-15
1562.0          -2.6645E-15
1563.0          3.5527E-15
1564.0          -3.7748E-15
1565.0          3.2196E-15
1566.0          -8.8818E-16
1567.0          -6.2172E-15
1568.0          -4.4409E-16
1569.0          -4.4409E-16
1570.0          4.8850E-15
1571.0          -6.6613E-16
1572.0          3.1086E-15
1573.0          -8.8818E-16
1574.0          -2.2204E-15
1575.0          3.9968E-15
1576.0          -6.6613E-16
1577.0          3.5527E-15
1578.0          6.6613E-16
1579.0          1.9984E-15
1580.0          -1.9984E-15
1581.0          -3.5527E-15
1582.0          1.7764E-15
1583.0          1.9984E-15
1584.0          6.6613E-16
1585.0          0.0000
1586.0          1.7764E-15
1587.0          2.8866E-15
1588.0          8.8818E-16
1589.0          -4.4409E-16
1590.0          4.4409E-16
1591.0          2.4425E-15
1592.0          -1.5543E-15
1593.0          -8.8818E-16
1594.0          6.6613E-16
1595.0          -1.5543E-15
1596.0          1.3323E-15
1597.0          -2.2204E-15
1598.0          1.3323E-15
1599.0          1.8874E-15
1600.0          3.3307E-16
1601.0          -8.8818E-16
1602.0          -1.7764E-15
1603.0          2.6645E-15
1604.0          -1.1102E-15
1605.0          0.0000
1606.0          2.2204E-16
1607.0          1.5543E-15
1608.0          4.1078E-15
1609.0          1.3323E-15
1610.0          2.4425E-15
1611.0          2.3315E-15
1612.0          3.9968E-15
1613.0          8.8818E-16
1614.0          1.1102E-16
1615.0          -1.5543E-15
1616.0          2.2204E-16
1617.0          2.6645E-15
1618.0          1.9984E-15
1619.0          3.7748E-15
1620.0          1.5543E-15
1621.0          8.8818E-16
1622.0          3.3307E-15
1623.0          -1.3323E-15
1624.0          -1.7764E-15
1625.0          1.7764E-15
1626.0          1.7764E-15
1627.0          5.5511E-16
1628.0          -2.2204E-16
1629.0          -8.8818E-16
1630.0          -1.7764E-15
1631.0          -1.3323E-15
1632.0          8.8818E-16
1633.0          1.4433E-15
1634.0          -8.8818E-16
1635.0          1.1102E-15
1636.0          1.5543E-15
1637.0          9.9920E-16
1638.0          1.9984E-15
1639.0          1.1102E-15
1640.0          1.3323E-15
1641.0          -2.6645E-15
1642.0          4.2188E-15
1643.0          4.8850E-15
1644.0          -1.7764E-15
1645.0          3.7748E-15
1646.0          6.5503E-15
1647.0          1.9984E-15
1648.0          -1.5543E-15
1649.0          4.1078E-15
1650.0          1.1102E-15
