1400.0          0.029739
1401.0          0.031752
1402.0          0.033371
1403.0          0.034601
1404.0          0.035518
1405.0          0.036192
1406.0          0.036682
1407.0          0.037029
1408.0          0.037265
1409.0          0.037414
1410.0          0.037495
1411.0          0.037523
1412.0          0.037508
1413.0          0.037459
1414.0          0.037384
1415.0          0.037288
1416.0          0.037176
1417.0          0.037052
1418.0          0.036919
1419.0          0.036780
1420.0          0.036638
1421.0          0.036494
1422.0          0.036349
1423.0          0.036207
1424.0          0.036066
1425.0          0.035930
1426.0          0.035798
1427.0          0.035671
1428.0          0.035551
1429.0          0.035437
1430.0          0.035331
1431.0          0.035233
1432.0          0.035143
1433.0          0.035061
1434.0          0.034989
1435.0          0.034926
1436.0          0.034872
1437.0          0.034829
1438.0          0.034795
1439.0          0.034772
1440.0          0.034759
1441.0          0.034756
1442.0          0.034764
1443.0          0.034783
1444.0          0.034813
1445.0          0.034853
1446.0          0.034905
1447.0          0.034968
1448.0          0.035042
1449.0          0.035127
1450.0          0.035223
1451.0          0.035331
1452.0          0.035450
1453.0          0.035580
1454.0          0.035721
1455.0          0.035874
1456.0          0.036038
1457.0          0.036213
1458.0          0.036400
1459.0          0.036598
1460.0          0.036807
1461.0          0.037027
1462.0          0.037259
1463.0          0.037502
1464.0          0.037756
1465.0          0.038021
1466.0          0.038297
1467.0          0.038584
1468.0          0.038882
1469.0          0.039191
1470.0          0.039511
1471.0          0.039842
1472.0          0.040183
1473.0          0.040536
1474.0          0.040899
1475.0          0.041272
1476.0          0.041656
1477.0          0.042051
1478.0          0.042456
1479.0          0.042872
1480.0          0.043297
1481.0          0.043733
1482.0          0.044180
1483.0          0.044636
1484.0          0.045102
1485.0          0.045579
1486.0          0.046065
1487.0          0.046561
1488.0          0.047067
1489.0          0.047582
1490.0          0.048108
1491.0          0.048642
1492.0          0.049186
1493.0          0.049740
1494.0          0.050303
1495.0          0.050875
1496.0          0.051456
1497.0          0.052046
1498.0          0.052645
1499.0          0.053254
1500.0          0.053870
1501.0          0.054496
1502.0          0.055131
1503.0          0.055774
1504.0          0.056425
1505.0          0.057085
1506.0          0.057753
1507.0          0.058430
1508.0          0.059114
1509.0          0.059807
1510.0          0.060508
1511.0          0.061216
1512.0          0.061933
1513.0          0.062657
1514.0          0.063389
1515.0          0.064129
1516.0          0.064876
1517.0          0.065630
1518.0          0.066392
1519.0          0.067161
1520.0          0.067937
1521.0          0.068720
1522.0          0.069510
1523.0          0.070308
1524.0          0.071112
1525.0          0.071922
1526.0          0.072740
1527.0          0.073564
1528.0          0.074394
1529.0          0.075231
1530.0          0.076074
1531.0          0.076924
1532.0          0.077779
1533.0          0.078641
1534.0          0.079508
1535.0          0.080382
1536.0          0.081261
1537.0          0.082146
1538.0          0.083037
1539.0          0.083934
1540.0          0.084836
1541.0          0.085743
1542.0          0.086656
1543.0          0.087573
1544.0          0.088497
1545.0          0.089425
1546.0          0.090358
1547.0          0.091296
1548.0          0.092239
1549.0          0.093187
1550.0          0.094139
1551.0          0.095097
1552.0          0.096058
1553.0          0.097025
1554.0          0.097995
1555.0          0.098970
1556.0          0.099949
1557.0          0.10093
1558.0          0.10192
1559.0          0.10291
1560.0          0.10391
1561.0          0.10491
1562.0          0.10591
1563.0          0.10692
1564.0          0.10793
1565.0          0.10894
1566.0          0.10996
1567.0          0.11098
1568.0          0.11200
1569.0          0.11303
1570.0          0.11406
1571.0          0.11510
1572.0          0.11613
1573.0          0.11717
1574.0          0.11822
1575.0          0.11926
1576.0          0.12031
1577.0          0.12136
1578.0          0.12242
1579.0          0.12347
1580.0          0.12453
1581.0          0.12560
1582.0          0.12666
1583.0          0.12773
1584.0          0.12880
1585.0          0.12987
1586.0          0.13094
1587.0          0.13202
1588.0          0.13310
1589.0          0.13417
1590.0          0.13526
1591.0          0.13634
1592.0          0.13743
1593.0          0.13851
1594.0          0.13960
1595.0          0.14069
1596.0          0.14178
1597.0          0.14288
1598.0          0.14397
1599.0          0.14507
1600.0          0.14617
1601.0          0.14727
1602.0          0.14837
1603.0          0.14947
1604.0          0.15057
1605.0          0.15168
1606.0          0.15278
1607.0          0.15389
1608.0          0.15500
1609.0          0.15610
1610.0          0.15721
1611.0          0.15832
1612.0          0.15943
1613.0          0.16054
1614.0          0.16166
1615.0          0.16277
1616.0          0.16388
1617.0          0.16500
1618.0          0.16611
1619.0          0.16722
1620.0          0.16834
1621.0          0.16945
1622.0          0.17057
1623.0          0.17169
1624.0          0.17280
1625.0          0.17392
1626.0          0.17503
1627.0          0.17615
1628.0          0.17727
1629.0          0.17838
1630.0          0.17950
1631.0          0.18062
1632.0          0.18173
1633.0          0.18285
1634.0          0.18397
1635.0          0.18508
1636.0          0.18620
1637.0          0.18731
1638.0          0.18843
1639.0          0.18954
1640.0          0.19066
1641.0          0.19177
1642.0          0.19288
1643.0          0.19400
1644.0          0.19511
1645.0          0.19622
1646.0          0.19733
1647.0          0.19844
1648.0          0.19955
1649.0          0.20066
1650.0          0.20177
1400.0          0.97026
1401.0          0.96825
1402.0          0.96663
1403.0          0.96540
1404.0          0.96448
1405.0          0.96381
1406.0          0.96332
1407.0          0.96297
1408.0          0.96274
1409.0          0.96259
1410.0          0.96250
1411.0          0.96248
1412.0          0.96249
1413.0          0.96254
1414.0          0.96262
1415.0          0.96271
1416.0          0.96282
1417.0          0.96295
1418.0          0.96308
1419.0          0.96322
1420.0          0.96336
1421.0          0.96351
1422.0          0.96365
1423.0          0.96379
1424.0          0.96393
1425.0          0.96407
1426.0          0.96420
1427.0          0.96433
1428.0          0.96445
1429.0          0.96456
1430.0          0.96467
1431.0          0.96477
1432.0          0.96486
1433.0          0.96494
1434.0          0.96501
1435.0          0.96507
1436.0          0.96513
1437.0          0.96517
1438.0          0.96520
1439.0          0.96523
1440.0          0.96524
1441.0          0.96524
1442.0          0.96524
1443.0          0.96522
1444.0          0.96519
1445.0          0.96515
1446.0          0.96510
1447.0          0.96503
1448.0          0.96496
1449.0          0.96487
1450.0          0.96478
1451.0          0.96467
1452.0          0.96455
1453.0          0.96442
1454.0          0.96428
1455.0          0.96413
1456.0          0.96396
1457.0          0.96379
1458.0          0.96360
1459.0          0.96340
1460.0          0.96319
1461.0          0.96297
1462.0          0.96274
1463.0          0.96250
1464.0          0.96224
1465.0          0.96198
1466.0          0.96170
1467.0          0.96142
1468.0          0.96112
1469.0          0.96081
1470.0          0.96049
1471.0          0.96016
1472.0          0.95982
1473.0          0.95946
1474.0          0.95910
1475.0          0.95873
1476.0          0.95834
1477.0          0.95795
1478.0          0.95754
1479.0          0.95713
1480.0          0.95670
1481.0          0.95627
1482.0          0.95582
1483.0          0.95536
1484.0          0.95490
1485.0          0.95442
1486.0          0.95393
1487.0          0.95344
1488.0          0.95293
1489.0          0.95242
1490.0          0.95189
1491.0          0.95136
1492.0          0.95081
1493.0          0.95026
1494.0          0.94970
1495.0          0.94913
1496.0          0.94854
1497.0          0.94795
1498.0          0.94735
1499.0          0.94675
1500.0          0.94613
1501.0          0.94550
1502.0          0.94487
1503.0          0.94423
1504.0          0.94357
1505.0          0.94292
1506.0          0.94225
1507.0          0.94157
1508.0          0.94089
1509.0          0.94019
1510.0          0.93949
1511.0          0.93878
1512.0          0.93807
1513.0          0.93734
1514.0          0.93661
1515.0          0.93587
1516.0          0.93512
1517.0          0.93437
1518.0          0.93361
1519.0          0.93284
1520.0          0.93206
1521.0          0.93128
1522.0          0.93049
1523.0          0.92969
1524.0          0.92889
1525.0          0.92808
1526.0          0.92726
1527.0          0.92644
1528.0          0.92561
1529.0          0.92477
1530.0          0.92393
1531.0          0.92308
1532.0          0.92222
1533.0          0.92136
1534.0          0.92049
1535.0          0.91962
1536.0          0.91874
1537.0          0.91785
1538.0          0.91696
1539.0          0.91607
1540.0          0.91516
1541.0          0.91426
1542.0          0.91334
1543.0          0.91243
1544.0          0.91150
1545.0          0.91058
1546.0          0.90964
1547.0          0.90870
1548.0          0.90776
1549.0          0.90681
1550.0          0.90586
1551.0          0.90490
1552.0          0.90394
1553.0          0.90298
1554.0          0.90200
1555.0          0.90103
1556.0          0.90005
1557.0          0.89907
1558.0          0.89808
1559.0          0.89709
1560.0          0.89609
1561.0          0.89509
1562.0          0.89409
1563.0          0.89308
1564.0          0.89207
1565.0          0.89106
1566.0          0.89004
1567.0          0.88902
1568.0          0.88800
1569.0          0.88697
1570.0          0.88594
1571.0          0.88490
1572.0          0.88387
1573.0          0.88283
1574.0          0.88178
1575.0          0.88074
1576.0          0.87969
1577.0          0.87864
1578.0          0.87758
1579.0          0.87653
1580.0          0.87547
1581.0          0.87440
1582.0          0.87334
1583.0          0.87227
1584.0          0.87120
1585.0          0.87013
1586.0          0.86906
1587.0          0.86798
1588.0          0.86690
1589.0          0.86583
1590.0          0.86474
1591.0          0.86366
1592.0          0.86257
1593.0          0.86149
1594.0          0.86040
1595.0          0.85931
1596.0          0.85822
1597.0          0.85712
1598.0          0.85603
1599.0          0.85493
1600.0          0.85383
1601.0          0.85273
1602.0          0.85163
1603.0          0.85053
1604.0          0.84943
1605.0          0.84832
1606.0          0.84722
1607.0          0.84611
1608.0          0.84500
1609.0          0.84390
1610.0          0.84279
1611.0          0.84168
1612.0          0.84057
1613.0          0.83946
1614.0          0.83834
1615.0          0.83723
1616.0          0.83612
1617.0          0.83500
1618.0          0.83389
1619.0          0.83278
1620.0          0.83166
1621.0          0.83055
1622.0          0.82943
1623.0          0.82831
1624.0          0.82720
1625.0          0.82608
1626.0          0.82497
1627.0          0.82385
1628.0          0.82273
1629.0          0.82162
1630.0          0.82050
1631.0          0.81938
1632.0          0.81827
1633.0          0.81715
1634.0          0.81603
1635.0          0.81492
1636.0          0.81380
1637.0          0.81269
1638.0          0.81157
1639.0          0.81046
1640.0          0.80934
1641.0          0.80823
1642.0          0.80712
1643.0          0.80600
1644.0          0.80489
1645.0          0.80378
1646.0          0.80267
1647.0          0.80156
1648.0          0.80045
1649.0          0.79934
1650.0          0.79823
1400.0          1.0000
1401.0          1.0000
1402.0          1.0000
1403.0          1.0000
1404.0          1.0000
1405.0          1.0000
1406.0          1.0000
1407.0          1.0000
1408.0          1.0000
1409.0          1.0000
1410.0          1.0000
1411.0          1.0000
1412.0          1.0000
1413.0          1.0000
1414.0          1.0000
1415.0          1.0000
1416.0          1.0000
1417.0          1.0000
1418.0          1.0000
1419.0          1.0000
1420.0          1.0000
1421.0          1.0000
1422.0          1.0000
1423.0          1.0000
1424.0          1.0000
1425.0          1.0000
1426.0          1.0000
1427.0          1.0000
1428.0          1.0000
1429.0          1.0000
1430.0          1.0000
1431.0          1.0000
1432.0          1.0000
1433.0          1.0000
1434.0          1.0000
1435.0          1.0000
1436.0          1.0000
1437.0          1.0000
1438.0          1.0000
1439.0          1.0000
1440.0          1.0000
1441.0          1.0000
1442.0          1.0000
1443.0          1.0000
1444.0          1.0000
1445.0          1.0000
1446.0          1.0000
1447.0          1.0000
1448.0          1.0000
1449.0          1.0000
1450.0          1.0000
1451.0          1.0000
1452.0          1.0000
1453.0          1.0000
1454.0          1.0000
1455.0          1.0000
1456.0          1.0000
1457.0          1.0000
1458.0          1.0000
1459.0          1.0000
1460.0          1.0000
1461.0          1.0000
1462.0          1.0000
1463.0          1.0000
1464.0          1.0000
1465.0          1.0000
1466.0          1.0000
1467.0          1.0000
1468.0          1.0000
1469.0          1.0000
1470.0          1.0000
1471.0          1.0000
1472.0          1.0000
1473.0          1.0000
1474.0          1.0000
1475.0          1.0000
1476.0          1.0000
1477.0          1.0000
1478.0          1.0000
1479.0          1.0000
1480.0          1.0000
1481.0          1.0000
1482.0          1.0000
1483.0          1.0000
1484.0          1.0000
1485.0          1.0000
1486.0          1.0000
1487.0          1.0000
1488.0          1.0000
1489.0          1.0000
1490.0          1.0000
1491.0          1.0000
1492.0          1.0000
1493.0          1.0000
1494.0          1.0000
1495.0          1.0000
1496.0          1.0000
1497.0          1.0000
1498.0          1.0000
1499.0          1.0000
1500.0          1.0000
1501.0          1.0000
1502.0          1.0000
1503.0          1.0000
1504.0          1.0000
1505.0          1.0000
1506.0          1.0000
1507.0          1.0000
1508.0          1.0000
1509.0          1.0000
1510.0          1.0000
1511.0          1.0000
1512.0          1.0000
1513.0          1.0000
1514.0          1.0000
1515.0          1.0000
1516.0          1.0000
1517.0          1.0000
1518.0          1.0000
1519.0          1.0000
1520.0          1.0000
1521.0          1.0000
1522.0          1.0000
1523.0          1.0000
1524.0          1.0000
1525.0          1.0000
1526.0          1.0000
1527.0          1.0000
1528.0          1.0000
1529.0          1.0000
1530.0          1.0000
1531.0          1.0000
1532.0          1.0000
1533.0          1.0000
1534.0          1.0000
1535.0          1.0000
1536.0          1.0000
1537.0          1.0000
1538.0          1.0000
1539.0          1.0000
1540.0          1.0000
1541.0          1.0000
1542.0          1.0000
1543.0          1.0000
1544.0          1.0000
1545.0          1.0000
1546.0          1.0000
1547.0          1.0000
1548.0          1.0000
1549.0          1.0000
1550.0          1.0000
1551.0          1.0000
1552.0          1.0000
1553.0          1.0000
1554.0          1.0000
1555.0          1.0000
1556.0          1.0000
1557.0          1.0000
1558.0          1.0000
1559.0          1.0000
1560.0          1.0000
1561.0          1.0000
1562.0          1.0000
1563.0          1.0000
1564.0          1.0000
1565.0          1.0000
1566.0          1.0000
1567.0          1.0000
1568.0          1.0000
1569.0          1.0000
1570.0          1.0000
1571.0          1.0000
1572.0          1.0000
1573.0          1.0000
1574.0          1.0000
1575.0          1.0000
1576.0          1.0000
1577.0          1.0000
1578.0          1.0000
1579.0          1.0000
1580.0          1.0000
1581.0          1.0000
1582.0          1.0000
1583.0          1.0000
1584.0          1.0000
1585.0          1.0000
1586.0          1.0000
1587.0          1.0000
1588.0          1.0000
1589.0          1.0000
1590.0          1.0000
1591.0          1.0000
1592.0          1.0000
1593.0          1.0000
1594.0          1.0000
1595.0          1.0000
1596.0          1.0000
1597.0          1.0000
1598.0          1.0000
1599.0          1.0000
1600.0          1.0000
1601.0          1.0000
1602.0          1.0000
1603.0          1.0000
1604.0          1.0000
1605.0          1.0000
1606.0          1.0000
1607.0          1.0000
1608.0          1.0000
1609.0          1.0000
1610.0          1.0000
1611.0          1.0000
1612.0          1.0000
1613.0          1.0000
1614.0          1.0000
1615.0          1.0000
1616.0          1.0000
1617.0          1.0000
1618.0          1.0000
1619.0          1.0000
1620.0          1.0000
1621.0          1.0000
1622.0          1.0000
1623.0          1.0000
1624.0          1.0000
1625.0          1.0000
1626.0          1.0000
1627.0          1.0000
1628.0          1.0000
1629.0          1.0000
1630.0          1.0000
1631.0          1.0000
1632.0          1.0000
1633.0          1.0000
1634.0          1.0000
1635.0          1.0000
1636.0          1.0000
1637.0          1.0000
1638.0          1.0000
1639.0          1.0000
1640.0          1.0000
1641.0          1.0000
1642.0          1.0000
1643.0          1.0000
1644.0          1.0000
1645.0          1.0000
1646.0          1.0000
1647.0          1.0000
1648.0          1.0000
1649.0          1.0000
1650.0          1.0000
1400.0          1.7764E-15
1401.0          6.4393E-15
1402.0          4.6629E-15
1403.0          2.4425E-15
1404.0          -8.4377E-15
1405.0          3.6637E-15
1406.0          3.6637E-15
1407.0          1.2212E-15
1408.0          6.3283E-15
1409.0          1.6653E-15
1410.0          1.1102E-15
1411.0          -2.4425E-15
1412.0          4.1078E-15
1413.0          -2.2204E-15
1414.0          3.3307E-16
1415.0          2.1094E-15
1416.0          5.5511E-15
1417.0          0.0000
1418.0          1.4433E-15
1419.0          -8.8818E-16
1420.0          2.2204E-15
1421.0          1.1102E-15
1422.0          -1.3323E-15
1423.0          2.3315E-15
1424.0          3.5527E-15
1425.0          1.9984E-15
1426.0          8.8818E-16
1427.0          -1.7764E-15
1428.0          -6.6613E-16
1429.0          -5.1070E-15
1430.0          -4.4409E-16
1431.0          1.3323E-15
1432.0          1.6653E-15
1433.0          6.6613E-16
1434.0          2.3315E-15
1435.0          -8.8818E-16
1436.0          -1.1102E-15
1437.0          -8.8818E-16
1438.0          -6.6613E-16
1439.0          -2.6645E-15
1440.0          -3.7748E-15
1441.0          -4.8850E-15
1442.0          -1.9984E-15
1443.0          2.4425E-15
1444.0          -8.8818E-16
1445.0          -1.9984E-15
1446.0          2.1094E-15
1447.0          9.9920E-16
1448.0          6.6613E-16
1449.0          -1.7764E-15
1450.0          4.4409E-16
1451.0          -1.1102E-15
1452.0          2.9976E-15
1453.0          -2.2204E-15
1454.0          5.5511E-16
1455.0          -4.4409E-16
1456.0          -1.3323E-15
1457.0          3.7748E-15
1458.0          2.4425E-15
1459.0          3.3307E-16
1460.0          0.0000
1461.0          6.6613E-16
1462.0          -6.6613E-16
1463.0          -4.4409E-16
1464.0          -2.6645E-15
1465.0          -4.4409E-16
1466.0          3.7748E-15
1467.0          2.4425E-15
1468.0          2.6645E-15
1469.0          3.3307E-16
1470.0          3.7748E-15
1471.0          -6.6613E-16
1472.0          -2.6645E-15
1473.0          1.5543E-15
1474.0          -2.2204E-15
1475.0          -4.4409E-16
1476.0          -2.2204E-16
1477.0          -2.2204E-16
1478.0          2.4425E-15
1479.0          4.4409E-16
1480.0          -4.8850E-15
1481.0          3.4417E-15
1482.0          1.9984E-15
1483.0          2.2204E-16
1484.0          -2.8866E-15
1485.0          -1.7764E-15
1486.0          6.6613E-16
1487.0          -4.4409E-16
1488.0          -8.8818E-16
1489.0          4.2188E-15
1490.0          8.8818E-16
1491.0          -4.4409E-16
1492.0          2.2204E-16
1493.0          9.9920E-16
1494.0          2.8866E-15
1495.0          -1.3323E-15
1496.0          -1.1102E-15
1497.0          1.6653E-15
1498.0          -8.8818E-16
1499.0          -8.8818E-16
1500.0          -4.4409E-16
1501.0          -4.4409E-16
1502.0          2.6645E-15
1503.0          0.0000
1504.0          -4.4409E-16
1505.0          6.2172E-15
1506.0          -6.6613E-16
1507.0          6.4393E-15
1508.0          2.9976E-15
1509.0          -1.7764E-15
1510.0          1.1102E-15
1511.0          4.6629E-15
1512.0          4.6629E-15
1513.0          -3.9968E-15
1514.0          -1.7764E-15
1515.0          -2.2204E-16
1516.0          8.8818E-16
1517.0          -1.3323E-15
1518.0          -2.6645E-15
1519.0          6.6613E-16
1520.0          -2.6645E-15
1521.0          0.0000
1522.0          -1.3323E-15
1523.0          1.8874E-15
1524.0          -8.8818E-16
1525.0          2.6645E-15
1526.0          2.2204E-15
1527.0          0.0000
1528.0          2.7756E-15
1529.0          -3.3307E-15
1530.0          -2.4425E-15
1531.0          1.9984E-15
1532.0          7.7716E-16
1533.0          -2.4425E-15
1534.0          0.0000
1535.0          0.0000
1536.0          0.0000
1537.0          8.8818E-16
1538.0          2.8866E-15
1539.0          2.3315E-15
1540.0          3.8858E-15
1541.0          2.9976E-15
1542.0          4.1078E-15
1543.0          -3.9968E-15
1544.0          0.0000
1545.0          4.4409E-16
1546.0          3.5527E-15
1547.0          7.7716E-16
1548.0          -1.7764E-15
1549.0          2.2204E-16
1550.0          -1.3323E-15
1551.0          -6.6613E-16
1552.0          1.1102E-15
1553.0          -1.5543E-15
1554.0          2.1094E-15
1555.0          -1.3323E-15
1556.0          -4.4409E-16
1557.0          2.7756E-15
1558.0          -8.8818E-16
1559.0          -4.4409E-16
1560.0          -2.4425E-15
1561.0          -2.8866E-15
1562.0          3.4417E-15
1563.0          7.7716E-16
1564.0          -2.8866E-15
1565.0          7.7716E-16
1566.0          3.3307E-16
1567.0          2.2204E-16
1568.0          -1.1102E-15
1569.0          -3.5527E-15
1570.0          3.3307E-16
1571.0          1.7764E-15
1572.0          2.7756E-15
1573.0          -1.9984E-15
1574.0          -2.6645E-15
1575.0          2.4425E-15
1576.0          -3.3307E-15
1577.0          -2.2204E-16
1578.0          -4.4409E-16
1579.0          6.6613E-16
1580.0          -1.5543E-15
1581.0          -1.3323E-15
1582.0          -8.8818E-16
1583.0          2.2204E-16
1584.0          -1.5543E-15
1585.0          -2.6645E-15
1586.0          2.2204E-16
1587.0          -6.6613E-16
1588.0          1.1102E-16
1589.0          1.3323E-15
1590.0          8.8818E-16
1591.0          -2.4425E-15
1592.0          7.7716E-16
1593.0          1.6653E-15
1594.0          1.9984E-15
1595.0          -2.4425E-15
1596.0          1.1102E-15
1597.0          -4.4409E-16
1598.0          -2.4425E-15
1599.0          0.0000
1600.0          -1.1102E-15
1601.0          5.3291E-15
1602.0          7.7716E-16
1603.0          1.8874E-15
1604.0          4.1078E-15
1605.0          -8.8818E-16
1606.0          2.9976E-15
1607.0          3.8858E-15
1608.0          3.5527E-15
1609.0          3.1086E-15
1610.0          0.0000
1611.0          3.4417E-15
1612.0          6.6613E-16
1613.0          -8.8818E-16
1614.0          7.7716E-16
1615.0          2.2204E-15
1616.0          1.7764E-15
1617.0          5.5511E-15
1618.0          2.4425E-15
1619.0          3.3307E-15
1620.0          1.1102E-16
1621.0          -8.8818E-16
1622.0          -6.6613E-16
1623.0          2.8866E-15
1624.0          4.4409E-16
1625.0          2.3315E-15
1626.0          9.9920E-16
1627.0          8.8818E-16
1628.0          -1.7764E-15
1629.0          3.2196E-15
1630.0          7.7716E-16
1631.0          -4.4409E-16
1632.0          0.0000
1633.0          3.3307E-16
1634.0          5.6621E-15
1635.0          2.3315E-15
1636.0          1.7764E-15
1637.0          4.4409E-16
1638.0          -3.1086E-15
1639.0          -2.4425E-15
1640.0          2.6645E-15
1641.0          -1.3323E-15
1642.0          -4.2188E-15
1643.0          -2.2204E-16
1644.0          3.7748E-15
1645.0          -1.1102E-15
1646.0          3.9968E-15
1647.0          -3.1086E-15
1648.0          1.9984E-15
1649.0          -1.3323E-15
1650.0          -1.1102E-15
