1400.0          0.018816
1401.0          0.016567
1402.0          0.016149
1403.0          0.016787
1404.0          0.018016
1405.0          0.019552
1406.0          0.021223
1407.0          0.022923
1408.0          0.024589
1409.0          0.026182
1410.0          0.027681
1411.0          0.029075
1412.0          0.030362
1413.0          0.031540
1414.0          0.032614
1415.0          0.033587
1416.0          0.034465
1417.0          0.035253
1418.0          0.035958
1419.0          0.036586
1420.0          0.037141
1421.0          0.037629
1422.0          0.038056
1423.0          0.038426
1424.0          0.038744
1425.0          0.039013
1426.0          0.039238
1427.0          0.039422
1428.0          0.039569
1429.0          0.039682
1430.0          0.039763
1431.0          0.039816
1432.0          0.039842
1433.0          0.039844
1434.0          0.039825
1435.0          0.039786
1436.0          0.039729
1437.0          0.039655
1438.0          0.039568
1439.0          0.039467
1440.0          0.039354
1441.0          0.039231
1442.0          0.039099
1443.0          0.038959
1444.0          0.038812
1445.0          0.038659
1446.0          0.038501
1447.0          0.038339
1448.0          0.038174
1449.0          0.038006
1450.0          0.037837
1451.0          0.037666
1452.0          0.037495
1453.0          0.037324
1454.0          0.037153
1455.0          0.036984
1456.0          0.036817
1457.0          0.036652
1458.0          0.036490
1459.0          0.036331
1460.0          0.036175
1461.0          0.036023
1462.0          0.035875
1463.0          0.035732
1464.0          0.035594
1465.0          0.035461
1466.0          0.035334
1467.0          0.035212
1468.0          0.035096
1469.0          0.034987
1470.0          0.034884
1471.0          0.034787
1472.0          0.034697
1473.0          0.034615
1474.0          0.034539
1475.0          0.034471
1476.0          0.034411
1477.0          0.034358
1478.0          0.034313
1479.0          0.034276
1480.0          0.034246
1481.0          0.034225
1482.0          0.034213
1483.0          0.034208
1484.0          0.034212
1485.0          0.034225
1486.0          0.034246
1487.0          0.034275
1488.0          0.034314
1489.0          0.034361
1490.0          0.034417
1491.0          0.034482
1492.0          0.034556
1493.0          0.034638
1494.0          0.034730
1495.0          0.034831
1496.0          0.034940
1497.0          0.035059
1498.0          0.035187
1499.0          0.035324
1500.0          0.035469
1501.0          0.035624
1502.0          0.035788
1503.0          0.035961
1504.0          0.036143
1505.0          0.036334
1506.0          0.036534
1507.0          0.036743
1508.0          0.036961
1509.0          0.037188
1510.0          0.037424
1511.0          0.037669
1512.0          0.037922
1513.0          0.038184
1514.0          0.038455
1515.0          0.038735
1516.0          0.039023
1517.0          0.039320
1518.0          0.039626
1519.0          0.039940
1520.0          0.040262
1521.0          0.040593
1522.0          0.040932
1523.0          0.041279
1524.0          0.041635
1525.0          0.041998
1526.0          0.042370
1527.0          0.042749
1528.0          0.043136
1529.0          0.043531
1530.0          0.043934
1531.0          0.044344
1532.0          0.044762
1533.0          0.045187
1534.0          0.045619
1535.0          0.046059
1536.0          0.046505
1537.0          0.046959
1538.0          0.047419
1539.0          0.047886
1540.0          0.048359
1541.0          0.048839
1542.0          0.049325
1543.0          0.049818
1544.0          0.050316
1545.0          0.050820
1546.0          0.051330
1547.0          0.051845
1548.0          0.052365
1549.0          0.052891
1550.0          0.053422
1551.0          0.053957
1552.0          0.054497
1553.0          0.055041
1554.0          0.055589
1555.0          0.056142
1556.0          0.056697
1557.0          0.057256
1558.0          0.057818
1559.0          0.058383
1560.0          0.058950
1561.0          0.059519
1562.0          0.060089
1563.0          0.060661
1564.0          0.061234
1565.0          0.061807
1566.0          0.062380
1567.0          0.062953
1568.0          0.063524
1569.0          0.064093
1570.0          0.064660
1571.0          0.065224
1572.0          0.065784
1573.0          0.066339
1574.0          0.066888
1575.0          0.067430
1576.0          0.067965
1577.0          0.068490
1578.0          0.069004
1579.0          0.069507
1580.0          0.069995
1581.0          0.070467
1582.0          0.070921
1583.0          0.071354
1584.0          0.071763
1585.0          0.072146
1586.0          0.072497
1587.0          0.072813
1588.0          0.073088
1589.0          0.073317
1590.0          0.073491
1591.0          0.073603
1592.0          0.073643
1593.0          0.073597
1594.0          0.073450
1595.0          0.073184
1596.0          0.072776
1597.0          0.072195
1598.0          0.071404
1599.0          0.070353
1600.0          0.068978
1601.0          0.067192
1602.0          0.064874
1603.0          0.061860
1604.0          0.057921
1605.0          0.052747
1606.0          0.045982
1607.0          0.037595
1608.0          0.030623
1609.0          0.056423
1610.0          0.50618
1611.0          0.78612
1612.0          0.39902
1613.0          0.27782
1614.0          0.22649
1615.0          0.19937
1616.0          0.18303
1617.0          0.17234
1618.0          0.16494
1619.0          0.15964
1620.0          0.15574
1621.0          0.15282
1622.0          0.15062
1623.0          0.14896
1624.0          0.14771
1625.0          0.14679
1626.0          0.14613
1627.0          0.14568
1628.0          0.14541
1629.0          0.14528
1630.0          0.14528
1631.0          0.14538
1632.0          0.14558
1633.0          0.14585
1634.0          0.14618
1635.0          0.14658
1636.0          0.14703
1637.0          0.14753
1638.0          0.14807
1639.0          0.14864
1640.0          0.14925
1641.0          0.14989
1642.0          0.15056
1643.0          0.15125
1644.0          0.15197
1645.0          0.15270
1646.0          0.15346
1647.0          0.15423
1648.0          0.15502
1649.0          0.15582
1650.0          0.15664
1400.0          0.98118
1401.0          0.98343
1402.0          0.98385
1403.0          0.98321
1404.0          0.98198
1405.0          0.98045
1406.0          0.97878
1407.0          0.97708
1408.0          0.97541
1409.0          0.97382
1410.0          0.97232
1411.0          0.97092
1412.0          0.96964
1413.0          0.96846
1414.0          0.96739
1415.0          0.96641
1416.0          0.96554
1417.0          0.96475
1418.0          0.96404
1419.0          0.96341
1420.0          0.96286
1421.0          0.96237
1422.0          0.96194
1423.0          0.96157
1424.0          0.96126
1425.0          0.96099
1426.0          0.96076
1427.0          0.96058
1428.0          0.96043
1429.0          0.96032
1430.0          0.96024
1431.0          0.96018
1432.0          0.96016
1433.0          0.96016
1434.0          0.96018
1435.0          0.96021
1436.0          0.96027
1437.0          0.96034
1438.0          0.96043
1439.0          0.96053
1440.0          0.96065
1441.0          0.96077
1442.0          0.96090
1443.0          0.96104
1444.0          0.96119
1445.0          0.96134
1446.0          0.96150
1447.0          0.96166
1448.0          0.96183
1449.0          0.96199
1450.0          0.96216
1451.0          0.96233
1452.0          0.96251
1453.0          0.96268
1454.0          0.96285
1455.0          0.96302
1456.0          0.96318
1457.0          0.96335
1458.0          0.96351
1459.0          0.96367
1460.0          0.96383
1461.0          0.96398
1462.0          0.96412
1463.0          0.96427
1464.0          0.96441
1465.0          0.96454
1466.0          0.96467
1467.0          0.96479
1468.0          0.96490
1469.0          0.96501
1470.0          0.96512
1471.0          0.96521
1472.0          0.96530
1473.0          0.96539
1474.0          0.96546
1475.0          0.96553
1476.0          0.96559
1477.0          0.96564
1478.0          0.96569
1479.0          0.96572
1480.0          0.96575
1481.0          0.96577
1482.0          0.96579
1483.0          0.96579
1484.0          0.96579
1485.0          0.96578
1486.0          0.96575
1487.0          0.96572
1488.0          0.96569
1489.0          0.96564
1490.0          0.96558
1491.0          0.96552
1492.0          0.96544
1493.0          0.96536
1494.0          0.96527
1495.0          0.96517
1496.0          0.96506
1497.0          0.96494
1498.0          0.96481
1499.0          0.96468
1500.0          0.96453
1501.0          0.96438
1502.0          0.96421
1503.0          0.96404
1504.0          0.96386
1505.0          0.96367
1506.0          0.96347
1507.0          0.96326
1508.0          0.96304
1509.0          0.96281
1510.0          0.96258
1511.0          0.96233
1512.0          0.96208
1513.0          0.96182
1514.0          0.96154
1515.0          0.96126
1516.0          0.96098
1517.0          0.96068
1518.0          0.96037
1519.0          0.96006
1520.0          0.95974
1521.0          0.95941
1522.0          0.95907
1523.0          0.95872
1524.0          0.95837
1525.0          0.95800
1526.0          0.95763
1527.0          0.95725
1528.0          0.95686
1529.0          0.95647
1530.0          0.95607
1531.0          0.95566
1532.0          0.95524
1533.0          0.95481
1534.0          0.95438
1535.0          0.95394
1536.0          0.95349
1537.0          0.95304
1538.0          0.95258
1539.0          0.95211
1540.0          0.95164
1541.0          0.95116
1542.0          0.95067
1543.0          0.95018
1544.0          0.94968
1545.0          0.94918
1546.0          0.94867
1547.0          0.94816
1548.0          0.94763
1549.0          0.94711
1550.0          0.94658
1551.0          0.94604
1552.0          0.94550
1553.0          0.94496
1554.0          0.94441
1555.0          0.94386
1556.0          0.94330
1557.0          0.94274
1558.0          0.94218
1559.0          0.94162
1560.0          0.94105
1561.0          0.94048
1562.0          0.93991
1563.0          0.93934
1564.0          0.93877
1565.0          0.93819
1566.0          0.93762
1567.0          0.93705
1568.0          0.93648
1569.0          0.93591
1570.0          0.93534
1571.0          0.93478
1572.0          0.93422
1573.0          0.93366
1574.0          0.93311
1575.0          0.93257
1576.0          0.93204
1577.0          0.93151
1578.0          0.93100
1579.0          0.93049
1580.0          0.93001
1581.0          0.92953
1582.0          0.92908
1583.0          0.92865
1584.0          0.92824
1585.0          0.92785
1586.0          0.92750
1587.0          0.92719
1588.0          0.92691
1589.0          0.92668
1590.0          0.92651
1591.0          0.92640
1592.0          0.92636
1593.0          0.92640
1594.0          0.92655
1595.0          0.92682
1596.0          0.92722
1597.0          0.92781
1598.0          0.92860
1599.0          0.92965
1600.0          0.93102
1601.0          0.93281
1602.0          0.93513
1603.0          0.93814
1604.0          0.94208
1605.0          0.94725
1606.0          0.95402
1607.0          0.96240
1608.0          0.96938
1609.0          0.94358
1610.0          0.49382
1611.0          0.21388
1612.0          0.60098
1613.0          0.72218
1614.0          0.77351
1615.0          0.80063
1616.0          0.81697
1617.0          0.82766
1618.0          0.83506
1619.0          0.84036
1620.0          0.84426
1621.0          0.84718
1622.0          0.84938
1623.0          0.85104
1624.0          0.85229
1625.0          0.85321
1626.0          0.85387
1627.0          0.85432
1628.0          0.85459
1629.0          0.85472
1630.0          0.85472
1631.0          0.85462
1632.0          0.85442
1633.0          0.85415
1634.0          0.85382
1635.0          0.85342
1636.0          0.85297
1637.0          0.85247
1638.0          0.85193
1639.0          0.85136
1640.0          0.85075
1641.0          0.85011
1642.0          0.84944
1643.0          0.84875
1644.0          0.84803
1645.0          0.84730
1646.0          0.84654
1647.0          0.84577
1648.0          0.84498
1649.0          0.84418
1650.0          0.84336
1400.0          1.0000
1401.0          1.0000
1402.0          1.0000
1403.0          1.0000
1404.0          1.0000
1405.0          1.0000
1406.0          1.0000
1407.0          1.0000
1408.0          1.0000
1409.0          1.0000
1410.0          1.0000
1411.0          1.0000
1412.0          1.0000
1413.0          1.0000
1414.0          1.0000
1415.0          1.0000
1416.0          1.0000
1417.0          1.0000
1418.0          1.0000
1419.0          1.0000
1420.0          1.0000
1421.0          1.0000
1422.0          1.0000
1423.0          1.0000
1424.0          1.0000
1425.0          1.0000
1426.0          1.0000
1427.0          1.0000
1428.0          1.0000
1429.0          1.0000
1430.0          1.0000
1431.0          1.0000
1432.0          1.0000
1433.0          1.0000
1434.0          1.0000
1435.0          1.0000
1436.0          1.0000
1437.0          1.0000
1438.0          1.0000
1439.0          1.0000
1440.0          1.0000
1441.0          1.0000
1442.0          1.0000
1443.0          1.0000
1444.0          1.0000
1445.0          1.0000
1446.0          1.0000
1447.0          1.0000
1448.0          1.0000
1449.0          1.0000
1450.0          1.0000
1451.0          1.0000
1452.0          1.0000
1453.0          1.0000
1454.0          1.0000
1455.0          1.0000
1456.0          1.0000
1457.0          1.0000
1458.0          1.0000
1459.0          1.0000
1460.0          1.0000
1461.0          1.0000
1462.0          1.0000
1463.0          1.0000
1464.0          1.0000
1465.0          1.0000
1466.0          1.0000
1467.0          1.0000
1468.0          1.0000
1469.0          1.0000
1470.0          1.0000
1471.0          1.0000
1472.0          1.0000
1473.0          1.0000
1474.0          1.0000
1475.0          1.0000
1476.0          1.0000
1477.0          1.0000
1478.0          1.0000
1479.0          1.0000
1480.0          1.0000
1481.0          1.0000
1482.0          1.0000
1483.0          1.0000
1484.0          1.0000
1485.0          1.0000
1486.0          1.0000
1487.0          1.0000
1488.0          1.0000
1489.0          1.0000
1490.0          1.0000
1491.0          1.0000
1492.0          1.0000
1493.0          1.0000
1494.0          1.0000
1495.0          1.0000
1496.0          1.0000
1497.0          1.0000
1498.0          1.0000
1499.0          1.0000
1500.0          1.0000
1501.0          1.0000
1502.0          1.0000
1503.0          1.0000
1504.0          1.0000
1505.0          1.0000
1506.0          1.0000
1507.0          1.0000
1508.0          1.0000
1509.0          1.0000
1510.0          1.0000
1511.0          1.0000
1512.0          1.0000
1513.0          1.0000
1514.0          1.0000
1515.0          1.0000
1516.0          1.0000
1517.0          1.0000
1518.0          1.0000
1519.0          1.0000
1520.0          1.0000
1521.0          1.0000
1522.0          1.0000
1523.0          1.0000
1524.0          1.0000
1525.0          1.0000
1526.0          1.0000
1527.0          1.0000
1528.0          1.0000
1529.0          1.0000
1530.0          1.0000
1531.0          1.0000
1532.0          1.0000
1533.0          1.0000
1534.0          1.0000
1535.0          1.0000
1536.0          1.0000
1537.0          1.0000
1538.0          1.0000
1539.0          1.0000
1540.0          1.0000
1541.0          1.0000
1542.0          1.0000
1543.0          1.0000
1544.0          1.0000
1545.0          1.0000
1546.0          1.0000
1547.0          1.0000
1548.0          1.0000
1549.0          1.0000
1550.0          1.0000
1551.0          1.0000
1552.0          1.0000
1553.0          1.0000
1554.0          1.0000
1555.0          1.0000
1556.0          1.0000
1557.0          1.0000
1558.0          1.0000
1559.0          1.0000
1560.0          1.0000
1561.0          1.0000
1562.0          1.0000
1563.0          1.0000
1564.0          1.0000
1565.0          1.0000
1566.0          1.0000
1567.0          1.0000
1568.0          1.0000
1569.0          1.0000
1570.0          1.0000
1571.0          1.0000
1572.0          1.0000
1573.0          1.0000
1574.0          1.0000
1575.0          1.0000
1576.0          1.0000
1577.0          1.0000
1578.0          1.0000
1579.0          1.0000
1580.0          1.0000
1581.0          1.0000
1582.0          1.0000
1583.0          1.0000
1584.0          1.0000
1585.0          1.0000
1586.0          1.0000
1587.0          1.0000
1588.0          1.0000
1589.0          1.0000
1590.0          1.0000
1591.0          1.0000
1592.0          1.0000
1593.0          1.0000
1594.0          1.0000
1595.0          1.0000
1596.0          1.0000
1597.0          1.0000
1598.0          1.0000
1599.0          1.0000
1600.0          1.0000
1601.0          1.0000
1602.0          1.0000
1603.0          1.0000
1604.0          1.0000
1605.0          1.0000
1606.0          1.0000
1607.0          1.0000
1608.0          1.0000
1609.0          1.0000
1610.0          1.0000
1611.0          1.0000
1612.0          1.0000
1613.0          1.0000
1614.0          1.0000
1615.0          1.0000
1616.0          1.0000
1617.0          1.0000
1618.0          1.0000
1619.0          1.0000
1620.0          1.0000
1621.0          1.0000
1622.0          1.0000
1623.0          1.0000
1624.0          1.0000
1625.0          1.0000
1626.0          1.0000
1627.0          1.0000
1628.0          1.0000
1629.0          1.0000
1630.0          1.0000
1631.0          1.0000
1632.0          1.0000
1633.0          1.0000
1634.0          1.0000
1635.0          1.0000
1636.0          1.0000
1637.0          1.0000
1638.0          1.0000
1639.0          1.0000
1640.0          1.0000
1641.0          1.0000
1642.0          1.0000
1643.0          1.0000
1644.0          1.0000
1645.0          1.0000
1646.0          1.0000
1647.0          1.0000
1648.0          1.0000
1649.0          1.0000
1650.0          1.0000
1400.0          -4.2188E-15
1401.0          2.6645E-15
1402.0          1.6653E-15
1403.0          1.6653E-15
1404.0          -1.7764E-15
1405.0          -1.7764E-15
1406.0          3.5527E-15
1407.0          3.1086E-15
1408.0          -2.6645E-15
1409.0          1.3323E-15
1410.0          -5.7732E-15
1411.0          6.6613E-16
1412.0          -8.8818E-15
1413.0          1.7764E-15
1414.0          9.9920E-16
1415.0          -1.3323E-15
1416.0          -1.3323E-15
1417.0          1.1102E-16
1418.0          -3.9968E-15
1419.0          1.1102E-15
1420.0          -4.4409E-16
1421.0          -1.9984E-15
1422.0          8.8818E-16
1423.0          -3.7748E-15
1424.0          0.0000
1425.0          -1.3323E-15
1426.0          2.5535E-15
1427.0          -3.7748E-15
1428.0          1.8874E-15
1429.0          -2.2204E-16
1430.0          -4.4409E-16
1431.0          3.2196E-15
1432.0          2.2204E-16
1433.0          -1.9984E-15
1434.0          4.4409E-16
1435.0          -1.1102E-15
1436.0          -8.8818E-16
1437.0          -1.7764E-15
1438.0          9.9920E-16
1439.0          5.5511E-16
1440.0          5.3291E-15
1441.0          -6.6613E-16
1442.0          -3.7748E-15
1443.0          -2.4425E-15
1444.0          -4.4409E-16
1445.0          3.3307E-16
1446.0          1.3323E-15
1447.0          -1.3323E-15
1448.0          1.1102E-16
1449.0          -3.1086E-15
1450.0          0.0000
1451.0          6.6613E-16
1452.0          -5.9952E-15
1453.0          -1.5543E-15
1454.0          -3.3307E-15
1455.0          -6.6613E-16
1456.0          -5.1070E-15
1457.0          1.5543E-15
1458.0          1.1102E-15
1459.0          1.1102E-16
1460.0          1.9984E-15
1461.0          2.3315E-15
1462.0          -2.8866E-15
1463.0          -1.7764E-15
1464.0          2.8866E-15
1465.0          4.4409E-16
1466.0          1.6653E-15
1467.0          -1.9984E-15
1468.0          1.2212E-15
1469.0          -8.8818E-16
1470.0          -1.1102E-15
1471.0          -6.6613E-16
1472.0          -4.4409E-16
1473.0          7.7716E-16
1474.0          3.1086E-15
1475.0          -2.4425E-15
1476.0          -6.6613E-16
1477.0          -4.4409E-16
1478.0          -3.9968E-15
1479.0          2.2204E-15
1480.0          5.5511E-16
1481.0          2.3315E-15
1482.0          2.2204E-15
1483.0          -2.8866E-15
1484.0          -4.4409E-16
1485.0          -1.9984E-15
1486.0          1.8874E-15
1487.0          -1.5543E-15
1488.0          -2.2204E-16
1489.0          -8.8818E-16
1490.0          -2.2204E-15
1491.0          4.4409E-16
1492.0          -1.3323E-15
1493.0          -1.9984E-15
1494.0          -1.5543E-15
1495.0          1.5543E-15
1496.0          -4.4409E-15
1497.0          -2.4425E-15
1498.0          -2.2204E-15
1499.0          -1.5543E-15
1500.0          -2.8866E-15
1501.0          2.8866E-15
1502.0          3.6637E-15
1503.0          1.6653E-15
1504.0          -8.8818E-16
1505.0          9.9920E-16
1506.0          -1.7764E-15
1507.0          -6.6613E-16
1508.0          1.8874E-15
1509.0          -4.2188E-15
1510.0          -3.5527E-15
1511.0          -1.1102E-15
1512.0          2.2204E-16
1513.0          -1.9984E-15
1514.0          -2.2204E-16
1515.0          1.6653E-15
1516.0          1.6653E-15
1517.0          2.9976E-15
1518.0          1.6653E-15
1519.0          2.4425E-15
1520.0          -1.3323E-15
1521.0          1.9984E-15
1522.0          -2.2204E-15
1523.0          -8.8818E-16
1524.0          -6.6613E-16
1525.0          2.2204E-16
1526.0          4.4409E-16
1527.0          -3.3307E-15
1528.0          2.2204E-16
1529.0          -1.7764E-15
1530.0          -3.9968E-15
1531.0          1.1102E-15
1532.0          -2.2204E-16
1533.0          -1.1102E-15
1534.0          1.2212E-15
1535.0          2.2204E-16
1536.0          -1.5543E-15
1537.0          -4.4409E-16
1538.0          0.0000
1539.0          -8.8818E-16
1540.0          2.3315E-15
1541.0          1.5543E-15
1542.0          -3.7748E-15
1543.0          -1.3323E-15
1544.0          -4.4409E-16
1545.0          -2.4425E-15
1546.0          9.9920E-16
1547.0          -6.6613E-16
1548.0          -2.2204E-16
1549.0          0.0000
1550.0          -6.6613E-16
1551.0          -2.8866E-15
1552.0          -1.1102E-15
1553.0          1.4433E-15
1554.0          2.1094E-15
1555.0          2.2204E-16
1556.0          1.3323E-15
1557.0          1.7764E-15
1558.0          2.2204E-16
1559.0          5.5511E-16
1560.0          0.0000
1561.0          -6.6613E-16
1562.0          -4.4409E-16
1563.0          -4.4409E-16
1564.0          -2.2204E-15
1565.0          1.8874E-15
1566.0          -1.1102E-15
1567.0          -3.1086E-15
1568.0          0.0000
1569.0          6.6613E-16
1570.0          2.6645E-15
1571.0          -8.8818E-16
1572.0          1.9984E-15
1573.0          1.1102E-16
1574.0          -2.2204E-16
1575.0          -4.4409E-16
1576.0          1.3323E-15
1577.0          8.8818E-16
1578.0          4.4409E-16
1579.0          8.8818E-16
1580.0          -2.2204E-15
1581.0          7.7716E-16
1582.0          1.5543E-15
1583.0          5.5511E-16
1584.0          1.9984E-15
1585.0          1.7764E-15
1586.0          -1.3323E-15
1587.0          -2.2204E-15
1588.0          -7.5495E-15
1589.0          5.5511E-16
1590.0          -4.4409E-16
1591.0          9.9920E-16
1592.0          -1.7764E-15
1593.0          -8.8818E-16
1594.0          -1.9984E-15
1595.0          8.8818E-16
1596.0          -1.9984E-15
1597.0          0.0000
1598.0          -2.2204E-16
1599.0          8.8818E-16
1600.0          3.3307E-16
1601.0          1.6653E-15
1602.0          -2.2204E-16
1603.0          -1.7764E-15
1604.0          4.4409E-16
1605.0          -3.7748E-15
1606.0          -1.9984E-15
1607.0          -5.9952E-15
1608.0          2.2204E-16
1609.0          -3.9968E-15
1610.0          -1.0214E-14
1611.0          1.1324E-14
1612.0          -2.8866E-15
1613.0          -5.3291E-15
1614.0          -5.1070E-15
1615.0          3.5527E-15
1616.0          -3.5527E-15
1617.0          -3.1086E-15
1618.0          7.7716E-16
1619.0          -3.1086E-15
1620.0          1.1102E-15
1621.0          3.3307E-16
1622.0          -1.7764E-15
1623.0          -2.2204E-15
1624.0          -1.7764E-15
1625.0          -1.1102E-15
1626.0          0.0000
1627.0          -6.6613E-16
1628.0          -2.2204E-15
1629.0          2.1094E-15
1630.0          -1.1102E-15
1631.0          1.1102E-15
1632.0          2.4425E-15
1633.0          -1.5543E-15
1634.0          1.5543E-15
1635.0          -2.6645E-15
1636.0          1.3323E-15
1637.0          5.5511E-16
1638.0          1.1102E-15
1639.0          8.8818E-16
1640.0          -1.9984E-15
1641.0          -1.5543E-15
1642.0          0.0000
1643.0          -2.2204E-15
1644.0          -2.6645E-15
1645.0          1.5543E-15
1646.0          0.0000
1647.0          9.9920E-16
1648.0          2.2204E-16
1649.0          -1.5543E-15
1650.0          2.2204E-16
