1400.0          0.068266
1401.0          0.069336
1402.0          0.070410
1403.0          0.071489
1404.0          0.072573
1405.0          0.073661
1406.0          0.074753
1407.0          0.075848
1408.0          0.076948
1409.0          0.078051
1410.0          0.079158
1411.0          0.080267
1412.0          0.081380
1413.0          0.082495
1414.0          0.083613
1415.0          0.084734
1416.0          0.085857
1417.0          0.086981
1418.0          0.088108
1419.0          0.089236
1420.0          0.090365
1421.0          0.091496
1422.0          0.092628
1423.0          0.093761
1424.0          0.094894
1425.0          0.096028
1426.0          0.097162
1427.0          0.098296
1428.0          0.099430
1429.0          0.10056
1430.0          0.10170
1431.0          0.10283
1432.0          0.10396
1433.0          0.10509
1434.0          0.10622
1435.0          0.10734
1436.0          0.10847
1437.0          0.10959
1438.0          0.11071
1439.0          0.11183
1440.0          0.11294
1441.0          0.11406
1442.0          0.11516
1443.0          0.11627
1444.0          0.11737
1445.0          0.11847
1446.0          0.11956
1447.0          0.12065
1448.0          0.12173
1449.0          0.12281
1450.0          0.12388
1451.0          0.12495
1452.0          0.12601
1453.0          0.12707
1454.0          0.12812
1455.0          0.12916
1456.0          0.13019
1457.0          0.13122
1458.0          0.13224
1459.0          0.13325
1460.0          0.13425
1461.0          0.13524
1462.0          0.13623
1463.0          0.13720
1464.0          0.13817
1465.0          0.13912
1466.0          0.14006
1467.0          0.14099
1468.0          0.14191
1469.0          0.14282
1470.0          0.14371
1471.0          0.14460
1472.0          0.14546
1473.0          0.14631
1474.0          0.14715
1475.0          0.14797
1476.0          0.14878
1477.0          0.14957
1478.0          0.15034
1479.0          0.15109
1480.0          0.15182
1481.0          0.15253
1482.0          0.15322
1483.0          0.15389
1484.0          0.15454
1485.0          0.15516
1486.0          0.15576
1487.0          0.15633
1488.0          0.15687
1489.0          0.15739
1490.0          0.15787
1491.0          0.15832
1492.0          0.15874
1493.0          0.15913
1494.0          0.15948
1495.0          0.15979
1496.0          0.16006
1497.0          0.16029
1498.0          0.16047
1499.0          0.16060
1500.0          0.16069
1501.0          0.16072
1502.0          0.16070
1503.0          0.16061
1504.0          0.16047
1505.0          0.16025
1506.0          0.15997
1507.0          0.15960
1508.0          0.15916
1509.0          0.15863
1510.0          0.15800
1511.0          0.15728
1512.0          0.15645
1513.0          0.15550
1514.0          0.15443
1515.0          0.15323
1516.0          0.15188
1517.0          0.15037
1518.0          0.14869
1519.0          0.14683
1520.0          0.14476
1521.0          0.14247
1522.0          0.13994
1523.0          0.13715
1524.0          0.13406
1525.0          0.13065
1526.0          0.12689
1527.0          0.12274
1528.0          0.11816
1529.0          0.11311
1530.0          0.10754
1531.0          0.10140
1532.0          0.094645
1533.0          0.087238
1534.0          0.079155
1535.0          0.070414
1536.0          0.061105
1537.0          0.051459
1538.0          0.041975
1539.0          0.033657
1540.0          0.028463
1541.0          0.030157
1542.0          0.045863
1543.0          0.088497
1544.0          0.17890
1545.0          0.34082
1546.0          0.57350
1547.0          0.81240
1548.0          0.96312
1549.0          0.99947
1550.0          0.96321
1551.0          0.89960
1552.0          0.83310
1553.0          0.77295
1554.0          0.72139
1555.0          0.67800
1556.0          0.64164
1557.0          0.61108
1558.0          0.58525
1559.0          0.56328
1560.0          0.54445
1561.0          0.52820
1562.0          0.51410
1563.0          0.50178
1564.0          0.49096
1565.0          0.48141
1566.0          0.47294
1567.0          0.46540
1568.0          0.45867
1569.0          0.45263
1570.0          0.44720
1571.0          0.44230
1572.0          0.43788
1573.0          0.43387
1574.0          0.43024
1575.0          0.42694
1576.0          0.42394
1577.0          0.42120
1578.0          0.41871
1579.0          0.41644
1580.0          0.41436
1581.0          0.41247
1582.0          0.41074
1583.0          0.40916
1584.0          0.40772
1585.0          0.40640
1586.0          0.40521
1587.0          0.40412
1588.0          0.40313
1589.0          0.40223
1590.0          0.40142
1591.0          0.40069
1592.0          0.40003
1593.0          0.39944
1594.0          0.39891
1595.0          0.39845
1596.0          0.39804
1597.0          0.39768
1598.0          0.39737
1599.0          0.39710
1600.0          0.39688
1601.0          0.39670
1602.0          0.39656
1603.0          0.39645
1604.0          0.39638
1605.0          0.39633
1606.0          0.39632
1607.0          0.39634
1608.0          0.39638
1609.0          0.39644
1610.0          0.39653
1611.0          0.39665
1612.0          0.39678
1613.0          0.39694
1614.0          0.39711
1615.0          0.39730
1616.0          0.39751
1617.0          0.39773
1618.0          0.39797
1619.0          0.39822
1620.0          0.39849
1621.0          0.39877
1622.0          0.39906
1623.0          0.39937
1624.0          0.39968
1625.0          0.40001
1626.0          0.40034
1627.0          0.40069
1628.0          0.40104
1629.0          0.40141
1630.0          0.40178
1631.0          0.40215
1632.0          0.40254
1633.0          0.40293
1634.0          0.40333
1635.0          0.40374
1636.0          0.40415
1637.0          0.40457
1638.0          0.40499
1639.0          0.40542
1640.0          0.40585
1641.0          0.40629
1642.0          0.40673
1643.0          0.40717
1644.0          0.40762
1645.0          0.40808
1646.0          0.40853
1647.0          0.40899
1648.0          0.40945
1649.0          0.40992
1650.0          0.41039
1400.0          0.93173
1401.0          0.93066
1402.0          0.92959
1403.0          0.92851
1404.0          0.92743
1405.0          0.92634
1406.0          0.92525
1407.0          0.92415
1408.0          0.92305
1409.0          0.92195
1410.0          0.92084
1411.0          0.91973
1412.0          0.91862
1413.0          0.91750
1414.0          0.91639
1415.0          0.91527
1416.0          0.91414
1417.0          0.91302
1418.0          0.91189
1419.0          0.91076
1420.0          0.90963
1421.0          0.90850
1422.0          0.90737
1423.0          0.90624
1424.0          0.90511
1425.0          0.90397
1426.0          0.90284
1427.0          0.90170
1428.0          0.90057
1429.0          0.89944
1430.0          0.89830
1431.0          0.89717
1432.0          0.89604
1433.0          0.89491
1434.0          0.89378
1435.0          0.89266
1436.0          0.89153
1437.0          0.89041
1438.0          0.88929
1439.0          0.88817
1440.0          0.88706
1441.0          0.88594
1442.0          0.88484
1443.0          0.88373
1444.0          0.88263
1445.0          0.88153
1446.0          0.88044
1447.0          0.87935
1448.0          0.87827
1449.0          0.87719
1450.0          0.87612
1451.0          0.87505
1452.0          0.87399
1453.0          0.87293
1454.0          0.87188
1455.0          0.87084
1456.0          0.86981
1457.0          0.86878
1458.0          0.86776
1459.0          0.86675
1460.0          0.86575
1461.0          0.86476
1462.0          0.86377
1463.0          0.86280
1464.0          0.86183
1465.0          0.86088
1466.0          0.85994
1467.0          0.85901
1468.0          0.85809
1469.0          0.85718
1470.0          0.85629
1471.0          0.85540
1472.0          0.85454
1473.0          0.85369
1474.0          0.85285
1475.0          0.85203
1476.0          0.85122
1477.0          0.85043
1478.0          0.84966
1479.0          0.84891
1480.0          0.84818
1481.0          0.84747
1482.0          0.84678
1483.0          0.84611
1484.0          0.84546
1485.0          0.84484
1486.0          0.84424
1487.0          0.84367
1488.0          0.84313
1489.0          0.84261
1490.0          0.84213
1491.0          0.84168
1492.0          0.84126
1493.0          0.84087
1494.0          0.84052
1495.0          0.84021
1496.0          0.83994
1497.0          0.83971
1498.0          0.83953
1499.0          0.83940
1500.0          0.83931
1501.0          0.83928
1502.0          0.83930
1503.0          0.83939
1504.0          0.83953
1505.0          0.83975
1506.0          0.84003
1507.0          0.84040
1508.0          0.84084
1509.0          0.84137
1510.0          0.84200
1511.0          0.84272
1512.0          0.84355
1513.0          0.84450
1514.0          0.84557
1515.0          0.84677
1516.0          0.84812
1517.0          0.84963
1518.0          0.85131
1519.0          0.85317
1520.0          0.85524
1521.0          0.85753
1522.0          0.86006
1523.0          0.86285
1524.0          0.86594
1525.0          0.86935
1526.0          0.87311
1527.0          0.87726
1528.0          0.88184
1529.0          0.88689
1530.0          0.89246
1531.0          0.89860
1532.0          0.90536
1533.0          0.91276
1534.0          0.92084
1535.0          0.92959
1536.0          0.93890
1537.0          0.94854
1538.0          0.95802
1539.0          0.96634
1540.0          0.97154
1541.0          0.96984
1542.0          0.95414
1543.0          0.91150
1544.0          0.82110
1545.0          0.65918
1546.0          0.42650
1547.0          0.18760
1548.0          0.036879
1549.0          5.3421E-4
1550.0          0.036793
1551.0          0.10040
1552.0          0.16690
1553.0          0.22705
1554.0          0.27861
1555.0          0.32200
1556.0          0.35836
1557.0          0.38892
1558.0          0.41475
1559.0          0.43672
1560.0          0.45555
1561.0          0.47180
1562.0          0.48590
1563.0          0.49822
1564.0          0.50904
1565.0          0.51859
1566.0          0.52706
1567.0          0.53460
1568.0          0.54133
1569.0          0.54737
1570.0          0.55280
1571.0          0.55770
1572.0          0.56212
1573.0          0.56613
1574.0          0.56976
1575.0          0.57306
1576.0          0.57606
1577.0          0.57880
1578.0          0.58129
1579.0          0.58356
1580.0          0.58564
1581.0          0.58753
1582.0          0.58926
1583.0          0.59084
1584.0          0.59228
1585.0          0.59360
1586.0          0.59479
1587.0          0.59588
1588.0          0.59687
1589.0          0.59777
1590.0          0.59858
1591.0          0.59931
1592.0          0.59997
1593.0          0.60056
1594.0          0.60109
1595.0          0.60155
1596.0          0.60196
1597.0          0.60232
1598.0          0.60263
1599.0          0.60290
1600.0          0.60312
1601.0          0.60330
1602.0          0.60344
1603.0          0.60355
1604.0          0.60362
1605.0          0.60367
1606.0          0.60368
1607.0          0.60366
1608.0          0.60362
1609.0          0.60356
1610.0          0.60347
1611.0          0.60335
1612.0          0.60322
1613.0          0.60306
1614.0          0.60289
1615.0          0.60270
1616.0          0.60249
1617.0          0.60227
1618.0          0.60203
1619.0          0.60178
1620.0          0.60151
1621.0          0.60123
1622.0          0.60094
1623.0          0.60063
1624.0          0.60032
1625.0          0.59999
1626.0          0.59966
1627.0          0.59931
1628.0          0.59896
1629.0          0.59859
1630.0          0.59822
1631.0          0.59785
1632.0          0.59746
1633.0          0.59707
1634.0          0.59667
1635.0          0.59626
1636.0          0.59585
1637.0          0.59543
1638.0          0.59501
1639.0          0.59458
1640.0          0.59415
1641.0          0.59371
1642.0          0.59327
1643.0          0.59283
1644.0          0.59238
1645.0          0.59192
1646.0          0.59147
1647.0          0.59101
1648.0          0.59055
1649.0          0.59008
1650.0          0.58961
1400.0          1.0000
1401.0          1.0000
1402.0          1.0000
1403.0          1.0000
1404.0          1.0000
1405.0          1.0000
1406.0          1.0000
1407.0          1.0000
1408.0          1.0000
1409.0          1.0000
1410.0          1.0000
1411.0          1.0000
1412.0          1.0000
1413.0          1.0000
1414.0          1.0000
1415.0          1.0000
1416.0          1.0000
1417.0          1.0000
1418.0          1.0000
1419.0          1.0000
1420.0          1.0000
1421.0          1.0000
1422.0          1.0000
1423.0          1.0000
1424.0          1.0000
1425.0          1.0000
1426.0          1.0000
1427.0          1.0000
1428.0          1.0000
1429.0          1.0000
1430.0          1.0000
1431.0          1.0000
1432.0          1.0000
1433.0          1.0000
1434.0          1.0000
1435.0          1.0000
1436.0          1.0000
1437.0          1.0000
1438.0          1.0000
1439.0          1.0000
1440.0          1.0000
1441.0          1.0000
1442.0          1.0000
1443.0          1.0000
1444.0          1.0000
1445.0          1.0000
1446.0          1.0000
1447.0          1.0000
1448.0          1.0000
1449.0          1.0000
1450.0          1.0000
1451.0          1.0000
1452.0          1.0000
1453.0          1.0000
1454.0          1.0000
1455.0          1.0000
1456.0          1.0000
1457.0          1.0000
1458.0          1.0000
1459.0          1.0000
1460.0          1.0000
1461.0          1.0000
1462.0          1.0000
1463.0          1.0000
1464.0          1.0000
1465.0          1.0000
1466.0          1.0000
1467.0          1.0000
1468.0          1.0000
1469.0          1.0000
1470.0          1.0000
1471.0          1.0000
1472.0          1.0000
1473.0          1.0000
1474.0          1.0000
1475.0          1.0000
1476.0          1.0000
1477.0          1.0000
1478.0          1.0000
1479.0          1.0000
1480.0          1.0000
1481.0          1.0000
1482.0          1.0000
1483.0          1.0000
1484.0          1.0000
1485.0          1.0000
1486.0          1.0000
1487.0          1.0000
1488.0          1.0000
1489.0          1.0000
1490.0          1.0000
1491.0          1.0000
1492.0          1.0000
1493.0          1.0000
1494.0          1.0000
1495.0          1.0000
1496.0          1.0000
1497.0          1.0000
1498.0          1.0000
1499.0          1.0000
1500.0          1.0000
1501.0          1.0000
1502.0          1.0000
1503.0          1.0000
1504.0          1.0000
1505.0          1.0000
1506.0          1.0000
1507.0          1.0000
1508.0          1.0000
1509.0          1.0000
1510.0          1.0000
1511.0          1.0000
1512.0          1.0000
1513.0          1.0000
1514.0          1.0000
1515.0          1.0000
1516.0          1.0000
1517.0          1.0000
1518.0          1.0000
1519.0          1.0000
1520.0          1.0000
1521.0          1.0000
1522.0          1.0000
1523.0          1.0000
1524.0          1.0000
1525.0          1.0000
1526.0          1.0000
1527.0          1.0000
1528.0          1.0000
1529.0          1.0000
1530.0          1.0000
1531.0          1.0000
1532.0          1.0000
1533.0          1.0000
1534.0          1.0000
1535.0          1.0000
1536.0          1.0000
1537.0          1.0000
1538.0          1.0000
1539.0          1.0000
1540.0          1.0000
1541.0          1.0000
1542.0          1.0000
1543.0          1.0000
1544.0          1.0000
1545.0          1.0000
1546.0          1.0000
1547.0          1.0000
1548.0          1.0000
1549.0          1.0000
1550.0          1.0000
1551.0          1.0000
1552.0          1.0000
1553.0          1.0000
1554.0          1.0000
1555.0          1.0000
1556.0          1.0000
1557.0          1.0000
1558.0          1.0000
1559.0          1.0000
1560.0          1.0000
1561.0          1.0000
1562.0          1.0000
1563.0          1.0000
1564.0          1.0000
1565.0          1.0000
1566.0          1.0000
1567.0          1.0000
1568.0          1.0000
1569.0          1.0000
1570.0          1.0000
1571.0          1.0000
1572.0          1.0000
1573.0          1.0000
1574.0          1.0000
1575.0          1.0000
1576.0          1.0000
1577.0          1.0000
1578.0          1.0000
1579.0          1.0000
1580.0          1.0000
1581.0          1.0000
1582.0          1.0000
1583.0          1.0000
1584.0          1.0000
1585.0          1.0000
1586.0          1.0000
1587.0          1.0000
1588.0          1.0000
1589.0          1.0000
1590.0          1.0000
1591.0          1.0000
1592.0          1.0000
1593.0          1.0000
1594.0          1.0000
1595.0          1.0000
1596.0          1.0000
1597.0          1.0000
1598.0          1.0000
1599.0          1.0000
1600.0          1.0000
1601.0          1.0000
1602.0          1.0000
1603.0          1.0000
1604.0          1.0000
1605.0          1.0000
1606.0          1.0000
1607.0          1.0000
1608.0          1.0000
1609.0          1.0000
1610.0          1.0000
1611.0          1.0000
1612.0          1.0000
1613.0          1.0000
1614.0          1.0000
1615.0          1.0000
1616.0          1.0000
1617.0          1.0000
1618.0          1.0000
1619.0          1.0000
1620.0          1.0000
1621.0          1.0000
1622.0          1.0000
1623.0          1.0000
1624.0          1.0000
1625.0          1.0000
1626.0          1.0000
1627.0          1.0000
1628.0          1.0000
1629.0          1.0000
1630.0          1.0000
1631.0          1.0000
1632.0          1.0000
1633.0          1.0000
1634.0          1.0000
1635.0          1.0000
1636.0          1.0000
1637.0          1.0000
1638.0          1.0000
1639.0          1.0000
1640.0          1.0000
1641.0          1.0000
1642.0          1.0000
1643.0          1.0000
1644.0          1.0000
1645.0          1.0000
1646.0          1.0000
1647.0          1.0000
1648.0          1.0000
1649.0          1.0000
1650.0          1.0000
1400.0          8.8818E-16
1401.0          1.5543E-15
1402.0          -3.1086E-15
1403.0          3.1086E-15
1404.0          0.0000
1405.0          -1.3323E-15
1406.0          2.6645E-15
1407.0          6.6613E-16
1408.0          1.7764E-15
1409.0          4.4409E-16
1410.0          -8.8818E-16
1411.0          -4.4409E-16
1412.0          1.1102E-16
1413.0          1.7764E-15
1414.0          2.2204E-16
1415.0          1.5543E-15
1416.0          -1.5543E-15
1417.0          8.8818E-16
1418.0          -4.4409E-16
1419.0          -3.5527E-15
1420.0          -1.7764E-15
1421.0          4.4409E-15
1422.0          1.7764E-15
1423.0          -1.3323E-15
1424.0          8.8818E-16
1425.0          1.8874E-15
1426.0          -2.2204E-16
1427.0          -2.4425E-15
1428.0          -4.4409E-16
1429.0          2.6645E-15
1430.0          -2.2204E-16
1431.0          3.3307E-16
1432.0          5.5511E-16
1433.0          8.8818E-16
1434.0          3.3307E-16
1435.0          -1.7764E-15
1436.0          -1.3323E-15
1437.0          1.9984E-15
1438.0          -2.8866E-15
1439.0          1.7764E-15
1440.0          -3.3307E-15
1441.0          2.2204E-16
1442.0          4.4409E-16
1443.0          -8.8818E-16
1444.0          4.4409E-16
1445.0          -1.9984E-15
1446.0          4.4409E-16
1447.0          2.1094E-15
1448.0          1.1102E-15
1449.0          2.6645E-15
1450.0          -2.2204E-16
1451.0          2.1094E-15
1452.0          3.3307E-16
1453.0          -8.8818E-16
1454.0          1.6653E-15
1455.0          9.9920E-16
1456.0          2.9976E-15
1457.0          -1.3323E-15
1458.0          -3.5527E-15
1459.0          -2.6645E-15
1460.0          0.0000
1461.0          -2.2204E-16
1462.0          1.9984E-15
1463.0          1.1102E-16
1464.0          -2.4425E-15
1465.0          -2.4425E-15
1466.0          2.4425E-15
1467.0          2.5535E-15
1468.0          -2.6645E-15
1469.0          -1.7764E-15
1470.0          1.3323E-15
1471.0          2.5535E-15
1472.0          0.0000
1473.0          1.1102E-15
1474.0          1.9984E-15
1475.0          -2.2204E-16
1476.0          -8.8818E-16
1477.0          1.7764E-15
1478.0          -1.3323E-15
1479.0          1.8874E-15
1480.0          -1.9984E-15
1481.0          1.6653E-15
1482.0          -2.6645E-15
1483.0          2.1094E-15
1484.0          -1.7764E-15
1485.0          -1.3323E-15
1486.0          -1.3323E-15
1487.0          4.4409E-16
1488.0          3.3307E-16
1489.0          1.1102E-16
1490.0          5.2180E-15
1491.0          -1.3323E-15
1492.0          -2.2204E-16
1493.0          1.2212E-15
1494.0          -2.2204E-16
1495.0          3.1086E-15
1496.0          4.2188E-15
1497.0          -1.7764E-15
1498.0          1.1102E-16
1499.0          4.4409E-16
1500.0          8.8818E-16
1501.0          1.5543E-15
1502.0          1.2212E-15
1503.0          5.5511E-16
1504.0          -1.5543E-15
1505.0          -8.8818E-16
1506.0          -5.7732E-15
1507.0          7.5495E-15
1508.0          -3.9968E-15
1509.0          5.5511E-16
1510.0          -3.5527E-15
1511.0          -1.1102E-15
1512.0          4.4409E-16
1513.0          6.1062E-15
1514.0          1.9984E-15
1515.0          0.0000
1516.0          4.4409E-16
1517.0          3.7748E-15
1518.0          2.2204E-16
1519.0          2.2204E-16
1520.0          1.1102E-15
1521.0          3.3307E-16
1522.0          -1.7764E-15
1523.0          -4.4409E-16
1524.0          -2.6645E-15
1525.0          2.2204E-15
1526.0          -4.2188E-15
1527.0          -1.3323E-15
1528.0          2.6645E-15
1529.0          1.3323E-15
1530.0          -6.6613E-16
1531.0          1.8874E-15
1532.0          2.6645E-15
1533.0          1.2212E-15
1534.0          1.3323E-15
1535.0          -2.6645E-15
1536.0          8.8818E-16
1537.0          -2.2204E-15
1538.0          1.8874E-15
1539.0          3.0864E-14
1540.0          -9.3925E-14
1541.0          -4.5519E-14
1542.0          4.1078E-14
1543.0          1.7097E-14
1544.0          -2.4869E-14
1545.0          -4.2188E-15
1546.0          -3.1308E-14
1547.0          4.2744E-14
1548.0          -8.4377E-15
1549.0          -3.9302E-14
1550.0          -4.1744E-14
1551.0          6.5503E-15
1552.0          5.3291E-15
1553.0          1.9984E-15
1554.0          3.3307E-15
1555.0          -3.3307E-15
1556.0          -3.1086E-15
1557.0          -3.9968E-15
1558.0          1.2212E-15
1559.0          -2.6645E-15
1560.0          -4.6629E-15
1561.0          2.4425E-15
1562.0          8.8818E-16
1563.0          -2.2204E-15
1564.0          -3.3307E-15
1565.0          1.6653E-15
1566.0          -1.3323E-15
1567.0          -1.3323E-15
1568.0          3.1086E-15
1569.0          -4.4409E-16
1570.0          6.8834E-15
1571.0          2.6645E-15
1572.0          -3.3307E-15
1573.0          1.1102E-15
1574.0          5.3291E-15
1575.0          3.9968E-15
1576.0          8.8818E-16
1577.0          0.0000
1578.0          4.2188E-15
1579.0          -3.3307E-15
1580.0          1.3323E-15
1581.0          1.5543E-15
1582.0          1.9984E-15
1583.0          7.7716E-16
1584.0          -2.2204E-16
1585.0          3.1086E-15
1586.0          3.9968E-15
1587.0          6.6613E-16
1588.0          -2.6645E-15
1589.0          0.0000
1590.0          -2.6645E-15
1591.0          -3.1086E-15
1592.0          1.9984E-15
1593.0          5.6621E-15
1594.0          1.1102E-16
1595.0          -6.6613E-16
1596.0          7.9936E-15
1597.0          -2.6645E-15
1598.0          2.2204E-16
1599.0          2.4425E-15
1600.0          1.1102E-15
1601.0          4.4409E-15
1602.0          1.1102E-15
1603.0          1.3323E-15
1604.0          5.3291E-15
1605.0          4.5519E-15
1606.0          2.9976E-15
1607.0          6.6613E-16
1608.0          -4.4409E-15
1609.0          -2.6645E-15
1610.0          -1.9984E-15
1611.0          -1.7764E-15
1612.0          1.2212E-15
1613.0          -2.4425E-15
1614.0          -8.8818E-16
1615.0          0.0000
1616.0          -3.1086E-15
1617.0          -3.7748E-15
1618.0          -3.9968E-15
1619.0          -2.4425E-15
1620.0          1.9984E-15
1621.0          -1.1102E-15
1622.0          -2.2204E-16
1623.0          6.6613E-16
1624.0          3.3307E-16
1625.0          4.4409E-16
1626.0          -1.1102E-15
1627.0          -1.1102E-15
1628.0          -6.6613E-16
1629.0          -1.5543E-15
1630.0          1.9984E-15
1631.0          -1.3323E-15
1632.0          5.5511E-15
1633.0          -2.4425E-15
1634.0          1.4433E-15
1635.0          6.6613E-16
1636.0          -6.6613E-16
1637.0          0.0000
1638.0          2.9976E-15
1639.0          -1.5543E-15
1640.0          2.1094E-15
1641.0          -2.2204E-15
1642.0          1.5543E-15
1643.0          -4.4409E-16
1644.0          -1.3323E-15
1645.0          1.1102E-15
1646.0          -1.1102E-15
1647.0          -1.3323E-15
1648.0          4.4409E-16
1649.0          9.9920E-16
1650.0          2.6645E-15
