1400.0          0.43300
1401.0          0.43338
1402.0          0.43375
1403.0          0.43411
1404.0          0.43447
1405.0          0.43483
1406.0          0.43519
1407.0          0.43554
1408.0          0.43589
1409.0          0.43624
1410.0          0.43658
1411.0          0.43692
1412.0          0.43726
1413.0          0.43760
1414.0          0.43793
1415.0          0.43826
1416.0          0.43859
1417.0          0.43891
1418.0          0.43923
1419.0          0.43955
1420.0          0.43986
1421.0          0.44018
1422.0          0.44048
1423.0          0.44079
1424.0          0.44110
1425.0          0.44140
1426.0          0.44169
1427.0          0.44199
1428.0          0.44228
1429.0          0.44257
1430.0          0.44286
1431.0          0.44315
1432.0          0.44343
1433.0          0.44371
1434.0          0.44399
1435.0          0.44426
1436.0          0.44453
1437.0          0.44480
1438.0          0.44507
1439.0          0.44533
1440.0          0.44560
1441.0          0.44586
1442.0          0.44611
1443.0          0.44637
1444.0          0.44662
1445.0          0.44687
1446.0          0.44712
1447.0          0.44736
1448.0          0.44761
1449.0          0.44785
1450.0          0.44809
1451.0          0.44832
1452.0          0.44855
1453.0          0.44879
1454.0          0.44902
1455.0          0.44924
1456.0          0.44947
1457.0          0.44969
1458.0          0.44991
1459.0          0.45013
1460.0          0.45034
1461.0          0.45056
1462.0          0.45077
1463.0          0.45098
1464.0          0.45118
1465.0          0.45139
1466.0          0.45159
1467.0          0.45179
1468.0          0.45199
1469.0          0.45219
1470.0          0.45238
1471.0          0.45257
1472.0          0.45276
1473.0          0.45295
1474.0          0.45314
1475.0          0.45332
1476.0          0.45351
1477.0          0.45369
1478.0          0.45387
1479.0          0.45404
1480.0          0.45422
1481.0          0.45439
1482.0          0.45456
1483.0          0.45473
1484.0          0.45490
1485.0          0.45506
1486.0          0.45523
1487.0          0.45539
1488.0          0.45555
1489.0          0.45571
1490.0          0.45586
1491.0          0.45602
1492.0          0.45617
1493.0          0.45632
1494.0          0.45647
1495.0          0.45661
1496.0          0.45676
1497.0          0.45690
1498.0          0.45705
1499.0          0.45719
1500.0          0.45732
1501.0          0.45746
1502.0          0.45760
1503.0          0.45773
1504.0          0.45786
1505.0          0.45799
1506.0          0.45812
1507.0          0.45825
1508.0          0.45837
1509.0          0.45850
1510.0          0.45862
1511.0          0.45874
1512.0          0.45886
1513.0          0.45898
1514.0          0.45909
1515.0          0.45921
1516.0          0.45932
1517.0          0.45943
1518.0          0.45954
1519.0          0.45965
1520.0          0.45975
1521.0          0.45986
1522.0          0.45996
1523.0          0.46007
1524.0          0.46017
1525.0          0.46027
1526.0          0.46036
1527.0          0.46046
1528.0          0.46055
1529.0          0.46065
1530.0          0.46074
1531.0          0.46083
1532.0          0.46092
1533.0          0.46101
1534.0          0.46109
1535.0          0.46118
1536.0          0.46126
1537.0          0.46135
1538.0          0.46143
1539.0          0.46151
1540.0          0.46158
1541.0          0.46166
1542.0          0.46174
1543.0          0.46181
1544.0          0.46188
1545.0          0.46196
1546.0          0.46203
1547.0          0.46210
1548.0          0.46216
1549.0          0.46223
1550.0          0.46230
1551.0          0.46236
1552.0          0.46242
1553.0          0.46249
1554.0          0.46255
1555.0          0.46260
1556.0          0.46266
1557.0          0.46272
1558.0          0.46278
1559.0          0.46283
1560.0          0.46288
1561.0          0.46293
1562.0          0.46299
1563.0          0.46304
1564.0          0.46308
1565.0          0.46313
1566.0          0.46318
1567.0          0.46322
1568.0          0.46327
1569.0          0.46331
1570.0          0.46335
1571.0          0.46339
1572.0          0.46343
1573.0          0.46347
1574.0          0.46351
1575.0          0.46354
1576.0          0.46358
1577.0          0.46361
1578.0          0.46365
1579.0          0.46368
1580.0          0.46371
1581.0          0.46374
1582.0          0.46377
1583.0          0.46380
1584.0          0.46382
1585.0          0.46385
1586.0          0.46387
1587.0          0.46390
1588.0          0.46392
1589.0          0.46394
1590.0          0.46396
1591.0          0.46398
1592.0          0.46400
1593.0          0.46402
1594.0          0.46403
1595.0          0.46405
1596.0          0.46406
1597.0          0.46408
1598.0          0.46409
1599.0          0.46410
1600.0          0.46411
1601.0          0.46412
1602.0          0.46413
1603.0          0.46414
1604.0          0.46415
1605.0          0.46416
1606.0          0.46416
1607.0          0.46417
1608.0          0.46417
1609.0          0.46417
1610.0          0.46417
1611.0          0.46418
1612.0          0.46418
1613.0          0.46417
1614.0          0.46417
1615.0          0.46417
1616.0          0.46417
1617.0          0.46416
1618.0          0.46416
1619.0          0.46415
1620.0          0.46415
1621.0          0.46414
1622.0          0.46413
1623.0          0.46412
1624.0          0.46411
1625.0          0.46410
1626.0          0.46409
1627.0          0.46408
1628.0          0.46406
1629.0          0.46405
1630.0          0.46403
1631.0          0.46402
1632.0          0.46400
1633.0          0.46398
1634.0          0.46397
1635.0          0.46395
1636.0          0.46393
1637.0          0.46391
1638.0          0.46389
1639.0          0.46387
1640.0          0.46384
1641.0          0.46382
1642.0          0.46380
1643.0          0.46377
1644.0          0.46375
1645.0          0.46372
1646.0          0.46369
1647.0          0.46367
1648.0          0.46364
1649.0          0.46361
1650.0          0.46358
1400.0          0.56700
1401.0          0.56662
1402.0          0.56625
1403.0          0.56589
1404.0          0.56553
1405.0          0.56517
1406.0          0.56481
1407.0          0.56446
1408.0          0.56411
1409.0          0.56376
1410.0          0.56342
1411.0          0.56308
1412.0          0.56274
1413.0          0.56240
1414.0          0.56207
1415.0          0.56174
1416.0          0.56141
1417.0          0.56109
1418.0          0.56077
1419.0          0.56045
1420.0          0.56014
1421.0          0.55982
1422.0          0.55952
1423.0          0.55921
1424.0          0.55890
1425.0          0.55860
1426.0          0.55831
1427.0          0.55801
1428.0          0.55772
1429.0          0.55743
1430.0          0.55714
1431.0          0.55685
1432.0          0.55657
1433.0          0.55629
1434.0          0.55601
1435.0          0.55574
1436.0          0.55547
1437.0          0.55520
1438.0          0.55493
1439.0          0.55467
1440.0          0.55440
1441.0          0.55414
1442.0          0.55389
1443.0          0.55363
1444.0          0.55338
1445.0          0.55313
1446.0          0.55288
1447.0          0.55264
1448.0          0.55239
1449.0          0.55215
1450.0          0.55191
1451.0          0.55168
1452.0          0.55145
1453.0          0.55121
1454.0          0.55098
1455.0          0.55076
1456.0          0.55053
1457.0          0.55031
1458.0          0.55009
1459.0          0.54987
1460.0          0.54966
1461.0          0.54944
1462.0          0.54923
1463.0          0.54902
1464.0          0.54882
1465.0          0.54861
1466.0          0.54841
1467.0          0.54821
1468.0          0.54801
1469.0          0.54781
1470.0          0.54762
1471.0          0.54743
1472.0          0.54724
1473.0          0.54705
1474.0          0.54686
1475.0          0.54668
1476.0          0.54649
1477.0          0.54631
1478.0          0.54613
1479.0          0.54596
1480.0          0.54578
1481.0          0.54561
1482.0          0.54544
1483.0          0.54527
1484.0          0.54510
1485.0          0.54494
1486.0          0.54477
1487.0          0.54461
1488.0          0.54445
1489.0          0.54429
1490.0          0.54414
1491.0          0.54398
1492.0          0.54383
1493.0          0.54368
1494.0          0.54353
1495.0          0.54339
1496.0          0.54324
1497.0          0.54310
1498.0          0.54295
1499.0          0.54281
1500.0          0.54268
1501.0          0.54254
1502.0          0.54240
1503.0          0.54227
1504.0          0.54214
1505.0          0.54201
1506.0          0.54188
1507.0          0.54175
1508.0          0.54163
1509.0          0.54150
1510.0          0.54138
1511.0          0.54126
1512.0          0.54114
1513.0          0.54102
1514.0          0.54091
1515.0          0.54079
1516.0          0.54068
1517.0          0.54057
1518.0          0.54046
1519.0          0.54035
1520.0          0.54025
1521.0          0.54014
1522.0          0.54004
1523.0          0.53993
1524.0          0.53983
1525.0          0.53973
1526.0          0.53964
1527.0          0.53954
1528.0          0.53945
1529.0          0.53935
1530.0          0.53926
1531.0          0.53917
1532.0          0.53908
1533.0          0.53899
1534.0          0.53891
1535.0          0.53882
1536.0          0.53874
1537.0          0.53865
1538.0          0.53857
1539.0          0.53849
1540.0          0.53842
1541.0          0.53834
1542.0          0.53826
1543.0          0.53819
1544.0          0.53812
1545.0          0.53804
1546.0          0.53797
1547.0          0.53790
1548.0          0.53784
1549.0          0.53777
1550.0          0.53770
1551.0          0.53764
1552.0          0.53758
1553.0          0.53751
1554.0          0.53745
1555.0          0.53740
1556.0          0.53734
1557.0          0.53728
1558.0          0.53722
1559.0          0.53717
1560.0          0.53712
1561.0          0.53707
1562.0          0.53701
1563.0          0.53696
1564.0          0.53692
1565.0          0.53687
1566.0          0.53682
1567.0          0.53678
1568.0          0.53673
1569.0          0.53669
1570.0          0.53665
1571.0          0.53661
1572.0          0.53657
1573.0          0.53653
1574.0          0.53649
1575.0          0.53646
1576.0          0.53642
1577.0          0.53639
1578.0          0.53635
1579.0          0.53632
1580.0          0.53629
1581.0          0.53626
1582.0          0.53623
1583.0          0.53620
1584.0          0.53618
1585.0          0.53615
1586.0          0.53613
1587.0          0.53610
1588.0          0.53608
1589.0          0.53606
1590.0          0.53604
1591.0          0.53602
1592.0          0.53600
1593.0          0.53598
1594.0          0.53597
1595.0          0.53595
1596.0          0.53594
1597.0          0.53592
1598.0          0.53591
1599.0          0.53590
1600.0          0.53589
1601.0          0.53588
1602.0          0.53587
1603.0          0.53586
1604.0          0.53585
1605.0          0.53584
1606.0          0.53584
1607.0          0.53583
1608.0          0.53583
1609.0          0.53583
1610.0          0.53583
1611.0          0.53582
1612.0          0.53582
1613.0          0.53583
1614.0          0.53583
1615.0          0.53583
1616.0          0.53583
1617.0          0.53584
1618.0          0.53584
1619.0          0.53585
1620.0          0.53585
1621.0          0.53586
1622.0          0.53587
1623.0          0.53588
1624.0          0.53589
1625.0          0.53590
1626.0          0.53591
1627.0          0.53592
1628.0          0.53594
1629.0          0.53595
1630.0          0.53597
1631.0          0.53598
1632.0          0.53600
1633.0          0.53602
1634.0          0.53603
1635.0          0.53605
1636.0          0.53607
1637.0          0.53609
1638.0          0.53611
1639.0          0.53613
1640.0          0.53616
1641.0          0.53618
1642.0          0.53620
1643.0          0.53623
1644.0          0.53625
1645.0          0.53628
1646.0          0.53631
1647.0          0.53633
1648.0          0.53636
1649.0          0.53639
1650.0          0.53642
1400.0          1.0000
1401.0          1.0000
1402.0          1.0000
1403.0          1.0000
1404.0          1.0000
1405.0          1.0000
1406.0          1.0000
1407.0          1.0000
1408.0          1.0000
1409.0          1.0000
1410.0          1.0000
1411.0          1.0000
1412.0          1.0000
1413.0          1.0000
1414.0          1.0000
1415.0          1.0000
1416.0          1.0000
1417.0          1.0000
1418.0          1.0000
1419.0          1.0000
1420.0          1.0000
1421.0          1.0000
1422.0          1.0000
1423.0          1.0000
1424.0          1.0000
1425.0          1.0000
1426.0          1.0000
1427.0          1.0000
1428.0          1.0000
1429.0          1.0000
1430.0          1.0000
1431.0          1.0000
1432.0          1.0000
1433.0          1.0000
1434.0          1.0000
1435.0          1.0000
1436.0          1.0000
1437.0          1.0000
1438.0          1.0000
1439.0          1.0000
1440.0          1.0000
1441.0          1.0000
1442.0          1.0000
1443.0          1.0000
1444.0          1.0000
1445.0          1.0000
1446.0          1.0000
1447.0          1.0000
1448.0          1.0000
1449.0          1.0000
1450.0          1.0000
1451.0          1.0000
1452.0          1.0000
1453.0          1.0000
1454.0          1.0000
1455.0          1.0000
1456.0          1.0000
1457.0          1.0000
1458.0          1.0000
1459.0          1.0000
1460.0          1.0000
1461.0          1.0000
1462.0          1.0000
1463.0          1.0000
1464.0          1.0000
1465.0          1.0000
1466.0          1.0000
1467.0          1.0000
1468.0          1.0000
1469.0          1.0000
1470.0          1.0000
1471.0          1.0000
1472.0          1.0000
1473.0          1.0000
1474.0          1.0000
1475.0          1.0000
1476.0          1.0000
1477.0          1.0000
1478.0          1.0000
1479.0          1.0000
1480.0          1.0000
1481.0          1.0000
1482.0          1.0000
1483.0          1.0000
1484.0          1.0000
1485.0          1.0000
1486.0          1.0000
1487.0          1.0000
1488.0          1.0000
1489.0          1.0000
1490.0          1.0000
1491.0          1.0000
1492.0          1.0000
1493.0          1.0000
1494.0          1.0000
1495.0          1.0000
1496.0          1.0000
1497.0          1.0000
1498.0          1.0000
1499.0          1.0000
1500.0          1.0000
1501.0          1.0000
1502.0          1.0000
1503.0          1.0000
1504.0          1.0000
1505.0          1.0000
1506.0          1.0000
1507.0          1.0000
1508.0          1.0000
1509.0          1.0000
1510.0          1.0000
1511.0          1.0000
1512.0          1.0000
1513.0          1.0000
1514.0          1.0000
1515.0          1.0000
1516.0          1.0000
1517.0          1.0000
1518.0          1.0000
1519.0          1.0000
1520.0          1.0000
1521.0          1.0000
1522.0          1.0000
1523.0          1.0000
1524.0          1.0000
1525.0          1.0000
1526.0          1.0000
1527.0          1.0000
1528.0          1.0000
1529.0          1.0000
1530.0          1.0000
1531.0          1.0000
1532.0          1.0000
1533.0          1.0000
1534.0          1.0000
1535.0          1.0000
1536.0          1.0000
1537.0          1.0000
1538.0          1.0000
1539.0          1.0000
1540.0          1.0000
1541.0          1.0000
1542.0          1.0000
1543.0          1.0000
1544.0          1.0000
1545.0          1.0000
1546.0          1.0000
1547.0          1.0000
1548.0          1.0000
1549.0          1.0000
1550.0          1.0000
1551.0          1.0000
1552.0          1.0000
1553.0          1.0000
1554.0          1.0000
1555.0          1.0000
1556.0          1.0000
1557.0          1.0000
1558.0          1.0000
1559.0          1.0000
1560.0          1.0000
1561.0          1.0000
1562.0          1.0000
1563.0          1.0000
1564.0          1.0000
1565.0          1.0000
1566.0          1.0000
1567.0          1.0000
1568.0          1.0000
1569.0          1.0000
1570.0          1.0000
1571.0          1.0000
1572.0          1.0000
1573.0          1.0000
1574.0          1.0000
1575.0          1.0000
1576.0          1.0000
1577.0          1.0000
1578.0          1.0000
1579.0          1.0000
1580.0          1.0000
1581.0          1.0000
1582.0          1.0000
1583.0          1.0000
1584.0          1.0000
1585.0          1.0000
1586.0          1.0000
1587.0          1.0000
1588.0          1.0000
1589.0          1.0000
1590.0          1.0000
1591.0          1.0000
1592.0          1.0000
1593.0          1.0000
1594.0          1.0000
1595.0          1.0000
1596.0          1.0000
1597.0          1.0000
1598.0          1.0000
1599.0          1.0000
1600.0          1.0000
1601.0          1.0000
1602.0          1.0000
1603.0          1.0000
1604.0          1.0000
1605.0          1.0000
1606.0          1.0000
1607.0          1.0000
1608.0          1.0000
1609.0          1.0000
1610.0          1.0000
1611.0          1.0000
1612.0          1.0000
1613.0          1.0000
1614.0          1.0000
1615.0          1.0000
1616.0          1.0000
1617.0          1.0000
1618.0          1.0000
1619.0          1.0000
1620.0          1.0000
1621.0          1.0000
1622.0          1.0000
1623.0          1.0000
1624.0          1.0000
1625.0          1.0000
1626.0          1.0000
1627.0          1.0000
1628.0          1.0000
1629.0          1.0000
1630.0          1.0000
1631.0          1.0000
1632.0          1.0000
1633.0          1.0000
1634.0          1.0000
1635.0          1.0000
1636.0          1.0000
1637.0          1.0000
1638.0          1.0000
1639.0          1.0000
1640.0          1.0000
1641.0          1.0000
1642.0          1.0000
1643.0          1.0000
1644.0          1.0000
1645.0          1.0000
1646.0          1.0000
1647.0          1.0000
1648.0          1.0000
1649.0          1.0000
1650.0          1.0000
1400.0          1.5543E-15
1401.0          3.1086E-15
1402.0          2.8866E-15
1403.0          1.9984E-15
1404.0          -1.3323E-15
1405.0          2.2204E-16
1406.0          0.0000
1407.0          3.6637E-15
1408.0          0.0000
1409.0          2.8866E-15
1410.0          3.1086E-15
1411.0          2.1094E-15
1412.0          1.7764E-15
1413.0          -4.4409E-16
1414.0          2.1094E-15
1415.0          -4.4409E-15
1416.0          6.6613E-16
1417.0          -1.1102E-15
1418.0          2.4425E-15
1419.0          -3.1086E-15
1420.0          -5.1070E-15
1421.0          4.4409E-16
1422.0          6.6613E-16
1423.0          1.1102E-16
1424.0          -1.1102E-15
1425.0          1.7764E-15
1426.0          -6.6613E-16
1427.0          3.9968E-15
1428.0          3.7748E-15
1429.0          9.9920E-16
1430.0          0.0000
1431.0          -1.1102E-15
1432.0          4.4409E-15
1433.0          1.7764E-15
1434.0          3.3307E-16
1435.0          2.1094E-15
1436.0          -8.8818E-16
1437.0          1.5543E-15
1438.0          -1.3323E-15
1439.0          0.0000
1440.0          1.7764E-15
1441.0          1.5543E-15
1442.0          1.7764E-15
1443.0          0.0000
1444.0          3.1086E-15
1445.0          4.4409E-16
1446.0          3.1086E-15
1447.0          8.8818E-16
1448.0          1.3323E-15
1449.0          9.9920E-16
1450.0          1.9984E-15
1451.0          4.4409E-16
1452.0          -8.8818E-16
1453.0          -2.2204E-16
1454.0          2.2204E-15
1455.0          1.7764E-15
1456.0          -8.8818E-16
1457.0          -8.8818E-16
1458.0          -2.4425E-15
1459.0          2.8866E-15
1460.0          -1.3323E-15
1461.0          1.4433E-15
1462.0          5.7732E-15
1463.0          1.7764E-15
1464.0          2.5535E-15
1465.0          1.3323E-15
1466.0          -4.4409E-16
1467.0          1.3323E-15
1468.0          1.1102E-16
1469.0          3.1086E-15
1470.0          -1.7764E-15
1471.0          -8.8818E-16
1472.0          1.1102E-16
1473.0          2.2204E-16
1474.0          4.4409E-16
1475.0          -1.9984E-15
1476.0          6.6613E-16
1477.0          -8.8818E-16
1478.0          6.6613E-16
1479.0          5.5511E-16
1480.0          1.2212E-15
1481.0          -3.9968E-15
1482.0          8.8818E-16
1483.0          2.2204E-16
1484.0          0.0000
1485.0          1.9984E-15
1486.0          1.1102E-15
1487.0          2.2204E-16
1488.0          0.0000
1489.0          7.7716E-16
1490.0          2.2204E-15
1491.0          1.5543E-15
1492.0          -4.4409E-16
1493.0          2.2204E-15
1494.0          2.2204E-16
1495.0          5.5511E-16
1496.0          -2.2204E-16
1497.0          -6.6613E-16
1498.0          0.0000
1499.0          -2.4425E-15
1500.0          1.6653E-15
1501.0          3.4417E-15
1502.0          -8.8818E-16
1503.0          2.2204E-15
1504.0          1.3323E-15
1505.0          -8.8818E-16
1506.0          4.4409E-16
1507.0          8.8818E-16
1508.0          -3.3307E-15
1509.0          -8.8818E-16
1510.0          1.1102E-16
1511.0          -2.2204E-16
1512.0          -2.2204E-15
1513.0          -6.6613E-16
1514.0          4.4409E-16
1515.0          -3.1086E-15
1516.0          -3.3307E-15
1517.0          2.8866E-15
1518.0          -4.4409E-16
1519.0          6.6613E-16
1520.0          -8.8818E-16
1521.0          -4.4409E-16
1522.0          -1.9984E-15
1523.0          3.2196E-15
1524.0          -8.8818E-16
1525.0          1.3323E-15
1526.0          1.9984E-15
1527.0          2.6645E-15
1528.0          -1.1102E-15
1529.0          -1.3323E-15
1530.0          1.7764E-15
1531.0          2.6645E-15
1532.0          -1.1102E-15
1533.0          -4.4409E-16
1534.0          1.1102E-15
1535.0          2.2204E-16
1536.0          1.5543E-15
1537.0          -2.2204E-16
1538.0          -1.7764E-15
1539.0          -1.7764E-15
1540.0          1.8874E-15
1541.0          -2.2204E-16
1542.0          -2.2204E-15
1543.0          2.8866E-15
1544.0          0.0000
1545.0          3.3307E-15
1546.0          2.2204E-15
1547.0          -2.2204E-16
1548.0          6.6613E-16
1549.0          2.2204E-16
1550.0          6.6613E-16
1551.0          3.2196E-15
1552.0          2.2204E-15
1553.0          4.4409E-16
1554.0          -2.2204E-15
1555.0          6.6613E-16
1556.0          -1.1102E-15
1557.0          -4.4409E-16
1558.0          1.1102E-16
1559.0          1.5543E-15
1560.0          1.9984E-15
1561.0          2.8866E-15
1562.0          -2.2204E-15
1563.0          -4.4409E-16
1564.0          1.5543E-15
1565.0          -2.4425E-15
1566.0          0.0000
1567.0          -6.6613E-16
1568.0          0.0000
1569.0          -8.8818E-16
1570.0          0.0000
1571.0          -1.9984E-15
1572.0          -2.2204E-16
1573.0          1.7764E-15
1574.0          -1.7764E-15
1575.0          -8.8818E-16
1576.0          2.2204E-15
1577.0          2.6645E-15
1578.0          3.3307E-15
1579.0          -8.8818E-16
1580.0          -6.6613E-16
1581.0          5.5511E-16
1582.0          -3.5527E-15
1583.0          -1.9984E-15
1584.0          1.7764E-15
1585.0          2.8866E-15
1586.0          3.2196E-15
1587.0          1.1102E-15
1588.0          0.0000
1589.0          1.3323E-15
1590.0          2.3315E-15
1591.0          6.6613E-16
1592.0          2.6645E-15
1593.0          1.9984E-15
1594.0          3.4417E-15
1595.0          0.0000
1596.0          2.2204E-15
1597.0          2.7756E-15
1598.0          2.5535E-15
1599.0          -4.2188E-15
1600.0          -1.7764E-15
1601.0          -2.2204E-15
1602.0          1.3323E-15
1603.0          1.6653E-15
1604.0          1.7764E-15
1605.0          -6.6613E-16
1606.0          1.1102E-15
1607.0          -6.6613E-16
1608.0          7.7716E-16
1609.0          2.2204E-16
1610.0          -1.7764E-15
1611.0          2.3315E-15
1612.0          -1.1102E-15
1613.0          1.2212E-15
1614.0          1.4433E-15
1615.0          -6.6613E-16
1616.0          -1.5543E-15
1617.0          -2.6645E-15
1618.0          4.2188E-15
1619.0          3.2196E-15
1620.0          -4.4409E-16
1621.0          1.5543E-15
1622.0          -2.2204E-16
1623.0          -6.6613E-16
1624.0          -1.5543E-15
1625.0          5.5511E-16
1626.0          9.9920E-16
1627.0          3.2196E-15
1628.0          3.3307E-15
1629.0          -1.7764E-15
1630.0          -1.9984E-15
1631.0          2.8866E-15
1632.0          3.3307E-15
1633.0          1.1102E-15
1634.0          -4.4409E-16
1635.0          -1.3323E-15
1636.0          3.6637E-15
1637.0          2.4425E-15
1638.0          6.6613E-16
1639.0          -1.1102E-15
1640.0          -2.2204E-16
1641.0          2.3315E-15
1642.0          2.4425E-15
1643.0          2.3315E-15
1644.0          -8.8818E-16
1645.0          -2.6645E-15
1646.0          -1.9984E-15
1647.0          1.1102E-15
1648.0          -4.4409E-16
1649.0          -8.8818E-16
1650.0          4.4409E-16
