1400.0          0.35214
1401.0          0.33138
1402.0          0.31465
1403.0          0.30080
1404.0          0.28909
1405.0          0.27898
1406.0          0.27011
1407.0          0.26222
1408.0          0.25511
1409.0          0.24864
1410.0          0.24269
1411.0          0.23718
1412.0          0.23202
1413.0          0.22718
1414.0          0.22259
1415.0          0.21824
1416.0          0.21408
1417.0          0.21008
1418.0          0.20624
1419.0          0.20252
1420.0          0.19892
1421.0          0.19542
1422.0          0.19200
1423.0          0.18866
1424.0          0.18539
1425.0          0.18218
1426.0          0.17902
1427.0          0.17590
1428.0          0.17282
1429.0          0.16976
1430.0          0.16673
1431.0          0.16372
1432.0          0.16071
1433.0          0.15771
1434.0          0.15470
1435.0          0.15167
1436.0          0.14862
1437.0          0.14554
1438.0          0.14241
1439.0          0.13921
1440.0          0.13594
1441.0          0.13257
1442.0          0.12907
1443.0          0.12541
1444.0          0.12155
1445.0          0.11744
1446.0          0.11300
1447.0          0.10813
1448.0          0.10270
1449.0          0.096514
1450.0          0.089282
1451.0          0.080576
1452.0          0.069750
1453.0          0.055928
1454.0          0.038836
1455.0          0.029512
1456.0          0.23834
1457.0          0.90868
1458.0          0.44092
1459.0          0.29714
1460.0          0.23792
1461.0          0.20613
1462.0          0.18616
1463.0          0.17226
1464.0          0.16188
1465.0          0.15371
1466.0          0.14703
1467.0          0.14139
1468.0          0.13651
1469.0          0.13220
1470.0          0.12833
1471.0          0.12482
1472.0          0.12159
1473.0          0.11860
1474.0          0.11579
1475.0          0.11316
1476.0          0.11066
1477.0          0.10828
1478.0          0.10601
1479.0          0.10383
1480.0          0.10173
1481.0          0.099703
1482.0          0.097742
1483.0          0.095839
1484.0          0.093988
1485.0          0.092185
1486.0          0.090424
1487.0          0.088700
1488.0          0.087011
1489.0          0.085351
1490.0          0.083717
1491.0          0.082104
1492.0          0.080507
1493.0          0.078921
1494.0          0.077340
1495.0          0.075756
1496.0          0.074158
1497.0          0.072535
1498.0          0.070867
1499.0          0.069129
1500.0          0.067282
1501.0          0.065265
1502.0          0.062971
1503.0          0.060205
1504.0          0.056561
1505.0          0.051034
1506.0          0.040428
1507.0          0.034450
1508.0          0.14883
1509.0          0.092188
1510.0          0.079509
1511.0          0.073562
1512.0          0.069872
1513.0          0.067215
1514.0          0.065121
1515.0          0.063371
1516.0          0.061851
1517.0          0.060493
1518.0          0.059256
1519.0          0.058113
1520.0          0.057046
1521.0          0.056042
1522.0          0.055091
1523.0          0.054187
1524.0          0.053325
1525.0          0.052499
1526.0          0.051708
1527.0          0.050947
1528.0          0.050216
1529.0          0.049511
1530.0          0.048833
1531.0          0.048179
1532.0          0.047549
1533.0          0.046942
1534.0          0.046356
1535.0          0.045792
1536.0          0.045248
1537.0          0.044725
1538.0          0.044220
1539.0          0.043736
1540.0          0.043269
1541.0          0.042822
1542.0          0.042392
1543.0          0.041981
1544.0          0.041586
1545.0          0.041209
1546.0          0.040850
1547.0          0.040507
1548.0          0.040180
1549.0          0.039870
1550.0          0.039576
1551.0          0.039299
1552.0          0.039037
1553.0          0.038791
1554.0          0.038560
1555.0          0.038345
1556.0          0.038145
1557.0          0.037960
1558.0          0.037791
1559.0          0.037636
1560.0          0.037495
1561.0          0.037370
1562.0          0.037258
1563.0          0.037161
1564.0          0.037079
1565.0          0.037010
1566.0          0.036955
1567.0          0.036914
1568.0          0.036887
1569.0          0.036873
1570.0          0.036873
1571.0          0.036886
1572.0          0.036913
1573.0          0.036952
1574.0          0.037005
1575.0          0.037071
1576.0          0.037149
1577.0          0.037240
1578.0          0.037344
1579.0          0.037460
1580.0          0.037588
1581.0          0.037729
1582.0          0.037882
1583.0          0.038047
1584.0          0.038224
1585.0          0.038413
1586.0          0.038614
1587.0          0.038826
1588.0          0.039050
1589.0          0.039285
1590.0          0.039532
1591.0          0.039790
1592.0          0.040059
1593.0          0.040339
1594.0          0.040630
1595.0          0.040932
1596.0          0.041244
1597.0          0.041567
1598.0          0.041901
1599.0          0.042245
1600.0          0.042599
1601.0          0.042964
1602.0          0.043338
1603.0          0.043723
1604.0          0.044117
1605.0          0.044522
1606.0          0.044936
1607.0          0.045360
1608.0          0.045793
1609.0          0.046235
1610.0          0.046687
1611.0          0.047148
1612.0          0.047619
1613.0          0.048098
1614.0          0.048586
1615.0          0.049083
1616.0          0.049589
1617.0          0.050103
1618.0          0.050626
1619.0          0.051157
1620.0          0.051696
1621.0          0.052244
1622.0          0.052800
1623.0          0.053364
1624.0          0.053936
1625.0          0.054515
1626.0          0.055103
1627.0          0.055698
1628.0          0.056301
1629.0          0.056911
1630.0          0.057528
1631.0          0.058153
1632.0          0.058785
1633.0          0.059424
1634.0          0.060070
1635.0          0.060723
1636.0          0.061382
1637.0          0.062049
1638.0          0.062722
1639.0          0.063401
1640.0          0.064087
1641.0          0.064780
1642.0          0.065478
1643.0          0.066183
1644.0          0.066894
1645.0          0.067611
1646.0          0.068333
1647.0          0.069062
1648.0          0.069796
1649.0          0.070536
1650.0          0.071282
1400.0          0.64786
1401.0          0.66862
1402.0          0.68535
1403.0          0.69920
1404.0          0.71091
1405.0          0.72102
1406.0          0.72989
1407.0          0.73778
1408.0          0.74489
1409.0          0.75136
1410.0          0.75731
1411.0          0.76282
1412.0          0.76798
1413.0          0.77282
1414.0          0.77741
1415.0          0.78176
1416.0          0.78592
1417.0          0.78992
1418.0          0.79376
1419.0          0.79748
1420.0          0.80108
1421.0          0.80458
1422.0          0.80800
1423.0          0.81134
1424.0          0.81461
1425.0          0.81782
1426.0          0.82098
1427.0          0.82410
1428.0          0.82718
1429.0          0.83024
1430.0          0.83327
1431.0          0.83628
1432.0          0.83929
1433.0          0.84229
1434.0          0.84530
1435.0          0.84833
1436.0          0.85138
1437.0          0.85446
1438.0          0.85759
1439.0          0.86079
1440.0          0.86406
1441.0          0.86743
1442.0          0.87093
1443.0          0.87459
1444.0          0.87845
1445.0          0.88256
1446.0          0.88700
1447.0          0.89187
1448.0          0.89730
1449.0          0.90349
1450.0          0.91072
1451.0          0.91942
1452.0          0.93025
1453.0          0.94407
1454.0          0.96116
1455.0          0.97049
1456.0          0.76166
1457.0          0.091323
1458.0          0.55908
1459.0          0.70286
1460.0          0.76208
1461.0          0.79387
1462.0          0.81384
1463.0          0.82774
1464.0          0.83812
1465.0          0.84629
1466.0          0.85297
1467.0          0.85861
1468.0          0.86349
1469.0          0.86780
1470.0          0.87167
1471.0          0.87518
1472.0          0.87841
1473.0          0.88140
1474.0          0.88421
1475.0          0.88684
1476.0          0.88934
1477.0          0.89172
1478.0          0.89399
1479.0          0.89617
1480.0          0.89827
1481.0          0.90030
1482.0          0.90226
1483.0          0.90416
1484.0          0.90601
1485.0          0.90782
1486.0          0.90958
1487.0          0.91130
1488.0          0.91299
1489.0          0.91465
1490.0          0.91628
1491.0          0.91790
1492.0          0.91949
1493.0          0.92108
1494.0          0.92266
1495.0          0.92424
1496.0          0.92584
1497.0          0.92747
1498.0          0.92913
1499.0          0.93087
1500.0          0.93272
1501.0          0.93474
1502.0          0.93703
1503.0          0.93979
1504.0          0.94344
1505.0          0.94897
1506.0          0.95957
1507.0          0.96555
1508.0          0.85117
1509.0          0.90781
1510.0          0.92049
1511.0          0.92644
1512.0          0.93013
1513.0          0.93278
1514.0          0.93488
1515.0          0.93663
1516.0          0.93815
1517.0          0.93951
1518.0          0.94074
1519.0          0.94189
1520.0          0.94295
1521.0          0.94396
1522.0          0.94491
1523.0          0.94581
1524.0          0.94668
1525.0          0.94750
1526.0          0.94829
1527.0          0.94905
1528.0          0.94978
1529.0          0.95049
1530.0          0.95117
1531.0          0.95182
1532.0          0.95245
1533.0          0.95306
1534.0          0.95364
1535.0          0.95421
1536.0          0.95475
1537.0          0.95528
1538.0          0.95578
1539.0          0.95626
1540.0          0.95673
1541.0          0.95718
1542.0          0.95761
1543.0          0.95802
1544.0          0.95841
1545.0          0.95879
1546.0          0.95915
1547.0          0.95949
1548.0          0.95982
1549.0          0.96013
1550.0          0.96042
1551.0          0.96070
1552.0          0.96096
1553.0          0.96121
1554.0          0.96144
1555.0          0.96165
1556.0          0.96185
1557.0          0.96204
1558.0          0.96221
1559.0          0.96236
1560.0          0.96250
1561.0          0.96263
1562.0          0.96274
1563.0          0.96284
1564.0          0.96292
1565.0          0.96299
1566.0          0.96304
1567.0          0.96309
1568.0          0.96311
1569.0          0.96313
1570.0          0.96313
1571.0          0.96311
1572.0          0.96309
1573.0          0.96305
1574.0          0.96300
1575.0          0.96293
1576.0          0.96285
1577.0          0.96276
1578.0          0.96266
1579.0          0.96254
1580.0          0.96241
1581.0          0.96227
1582.0          0.96212
1583.0          0.96195
1584.0          0.96178
1585.0          0.96159
1586.0          0.96139
1587.0          0.96117
1588.0          0.96095
1589.0          0.96071
1590.0          0.96047
1591.0          0.96021
1592.0          0.95994
1593.0          0.95966
1594.0          0.95937
1595.0          0.95907
1596.0          0.95876
1597.0          0.95843
1598.0          0.95810
1599.0          0.95776
1600.0          0.95740
1601.0          0.95704
1602.0          0.95666
1603.0          0.95628
1604.0          0.95588
1605.0          0.95548
1606.0          0.95506
1607.0          0.95464
1608.0          0.95421
1609.0          0.95376
1610.0          0.95331
1611.0          0.95285
1612.0          0.95238
1613.0          0.95190
1614.0          0.95141
1615.0          0.95092
1616.0          0.95041
1617.0          0.94990
1618.0          0.94937
1619.0          0.94884
1620.0          0.94830
1621.0          0.94776
1622.0          0.94720
1623.0          0.94664
1624.0          0.94606
1625.0          0.94548
1626.0          0.94490
1627.0          0.94430
1628.0          0.94370
1629.0          0.94309
1630.0          0.94247
1631.0          0.94185
1632.0          0.94122
1633.0          0.94058
1634.0          0.93993
1635.0          0.93928
1636.0          0.93862
1637.0          0.93795
1638.0          0.93728
1639.0          0.93660
1640.0          0.93591
1641.0          0.93522
1642.0          0.93452
1643.0          0.93382
1644.0          0.93311
1645.0          0.93239
1646.0          0.93167
1647.0          0.93094
1648.0          0.93020
1649.0          0.92946
1650.0          0.92872
1400.0          1.0000
1401.0          1.0000
1402.0          1.0000
1403.0          1.0000
1404.0          1.0000
1405.0          1.0000
1406.0          1.0000
1407.0          1.0000
1408.0          1.0000
1409.0          1.0000
1410.0          1.0000
1411.0          1.0000
1412.0          1.0000
1413.0          1.0000
1414.0          1.0000
1415.0          1.0000
1416.0          1.0000
1417.0          1.0000
1418.0          1.0000
1419.0          1.0000
1420.0          1.0000
1421.0          1.0000
1422.0          1.0000
1423.0          1.0000
1424.0          1.0000
1425.0          1.0000
1426.0          1.0000
1427.0          1.0000
1428.0          1.0000
1429.0          1.0000
1430.0          1.0000
1431.0          1.0000
1432.0          1.0000
1433.0          1.0000
1434.0          1.0000
1435.0          1.0000
1436.0          1.0000
1437.0          1.0000
1438.0          1.0000
1439.0          1.0000
1440.0          1.0000
1441.0          1.0000
1442.0          1.0000
1443.0          1.0000
1444.0          1.0000
1445.0          1.0000
1446.0          1.0000
1447.0          1.0000
1448.0          1.0000
1449.0          1.0000
1450.0          1.0000
1451.0          1.0000
1452.0          1.0000
1453.0          1.0000
1454.0          1.0000
1455.0          1.0000
1456.0          1.0000
1457.0          1.0000
1458.0          1.0000
1459.0          1.0000
1460.0          1.0000
1461.0          1.0000
1462.0          1.0000
1463.0          1.0000
1464.0          1.0000
1465.0          1.0000
1466.0          1.0000
1467.0          1.0000
1468.0          1.0000
1469.0          1.0000
1470.0          1.0000
1471.0          1.0000
1472.0          1.0000
1473.0          1.0000
1474.0          1.0000
1475.0          1.0000
1476.0          1.0000
1477.0          1.0000
1478.0          1.0000
1479.0          1.0000
1480.0          1.0000
1481.0          1.0000
1482.0          1.0000
1483.0          1.0000
1484.0          1.0000
1485.0          1.0000
1486.0          1.0000
1487.0          1.0000
1488.0          1.0000
1489.0          1.0000
1490.0          1.0000
1491.0          1.0000
1492.0          1.0000
1493.0          1.0000
1494.0          1.0000
1495.0          1.0000
1496.0          1.0000
1497.0          1.0000
1498.0          1.0000
1499.0          1.0000
1500.0          1.0000
1501.0          1.0000
1502.0          1.0000
1503.0          1.0000
1504.0          1.0000
1505.0          1.0000
1506.0          1.0000
1507.0          1.0000
1508.0          1.0000
1509.0          1.0000
1510.0          1.0000
1511.0          1.0000
1512.0          1.0000
1513.0          1.0000
1514.0          1.0000
1515.0          1.0000
1516.0          1.0000
1517.0          1.0000
1518.0          1.0000
1519.0          1.0000
1520.0          1.0000
1521.0          1.0000
1522.0          1.0000
1523.0          1.0000
1524.0          1.0000
1525.0          1.0000
1526.0          1.0000
1527.0          1.0000
1528.0          1.0000
1529.0          1.0000
1530.0          1.0000
1531.0          1.0000
1532.0          1.0000
1533.0          1.0000
1534.0          1.0000
1535.0          1.0000
1536.0          1.0000
1537.0          1.0000
1538.0          1.0000
1539.0          1.0000
1540.0          1.0000
1541.0          1.0000
1542.0          1.0000
1543.0          1.0000
1544.0          1.0000
1545.0          1.0000
1546.0          1.0000
1547.0          1.0000
1548.0          1.0000
1549.0          1.0000
1550.0          1.0000
1551.0          1.0000
1552.0          1.0000
1553.0          1.0000
1554.0          1.0000
1555.0          1.0000
1556.0          1.0000
1557.0          1.0000
1558.0          1.0000
1559.0          1.0000
1560.0          1.0000
1561.0          1.0000
1562.0          1.0000
1563.0          1.0000
1564.0          1.0000
1565.0          1.0000
1566.0          1.0000
1567.0          1.0000
1568.0          1.0000
1569.0          1.0000
1570.0          1.0000
1571.0          1.0000
1572.0          1.0000
1573.0          1.0000
1574.0          1.0000
1575.0          1.0000
1576.0          1.0000
1577.0          1.0000
1578.0          1.0000
1579.0          1.0000
1580.0          1.0000
1581.0          1.0000
1582.0          1.0000
1583.0          1.0000
1584.0          1.0000
1585.0          1.0000
1586.0          1.0000
1587.0          1.0000
1588.0          1.0000
1589.0          1.0000
1590.0          1.0000
1591.0          1.0000
1592.0          1.0000
1593.0          1.0000
1594.0          1.0000
1595.0          1.0000
1596.0          1.0000
1597.0          1.0000
1598.0          1.0000
1599.0          1.0000
1600.0          1.0000
1601.0          1.0000
1602.0          1.0000
1603.0          1.0000
1604.0          1.0000
1605.0          1.0000
1606.0          1.0000
1607.0          1.0000
1608.0          1.0000
1609.0          1.0000
1610.0          1.0000
1611.0          1.0000
1612.0          1.0000
1613.0          1.0000
1614.0          1.0000
1615.0          1.0000
1616.0          1.0000
1617.0          1.0000
1618.0          1.0000
1619.0          1.0000
1620.0          1.0000
1621.0          1.0000
1622.0          1.0000
1623.0          1.0000
1624.0          1.0000
1625.0          1.0000
1626.0          1.0000
1627.0          1.0000
1628.0          1.0000
1629.0          1.0000
1630.0          1.0000
1631.0          1.0000
1632.0          1.0000
1633.0          1.0000
1634.0          1.0000
1635.0          1.0000
1636.0          1.0000
1637.0          1.0000
1638.0          1.0000
1639.0          1.0000
1640.0          1.0000
1641.0          1.0000
1642.0          1.0000
1643.0          1.0000
1644.0          1.0000
1645.0          1.0000
1646.0          1.0000
1647.0          1.0000
1648.0          1.0000
1649.0          1.0000
1650.0          1.0000
1400.0          0.0000
1401.0          -2.2204E-15
1402.0          -1.5543E-15
1403.0          -1.3323E-15
1404.0          -2.2204E-15
1405.0          3.2196E-15
1406.0          -2.4425E-15
1407.0          0.0000
1408.0          1.4433E-15
1409.0          1.6653E-15
1410.0          -1.3323E-15
1411.0          7.1054E-15
1412.0          -1.7764E-15
1413.0          1.6653E-15
1414.0          -2.2204E-15
1415.0          8.8818E-16
1416.0          6.9944E-15
1417.0          3.7748E-15
1418.0          2.2204E-16
1419.0          3.3307E-16
1420.0          1.3323E-15
1421.0          -2.8866E-15
1422.0          -3.1086E-15
1423.0          7.7716E-16
1424.0          1.1102E-15
1425.0          -3.7748E-15
1426.0          1.5543E-15
1427.0          -4.4409E-16
1428.0          -2.2204E-16
1429.0          -1.3323E-15
1430.0          9.9920E-16
1431.0          -1.1102E-15
1432.0          -3.7748E-15
1433.0          3.4417E-15
1434.0          -3.9968E-15
1435.0          -2.2204E-15
1436.0          2.4425E-15
1437.0          4.1078E-15
1438.0          -6.6613E-16
1439.0          8.8818E-16
1440.0          -8.8818E-16
1441.0          -4.4409E-15
1442.0          -2.4425E-15
1443.0          -4.4409E-16
1444.0          7.7716E-15
1445.0          5.3291E-15
1446.0          2.8866E-15
1447.0          1.8874E-15
1448.0          -2.6645E-15
1449.0          0.0000
1450.0          6.6613E-16
1451.0          4.4409E-16
1452.0          4.2188E-15
1453.0          6.2172E-15
1454.0          1.1768E-14
1455.0          -1.6209E-14
1456.0          -4.7518E-14
1457.0          -9.9254E-14
1458.0          -1.5099E-14
1459.0          -1.6209E-14
1460.0          -6.8834E-15
1461.0          1.1990E-14
1462.0          8.8818E-16
1463.0          1.1102E-15
1464.0          3.4417E-15
1465.0          -1.5543E-15
1466.0          0.0000
1467.0          3.4417E-15
1468.0          2.4425E-15
1469.0          -1.7764E-15
1470.0          -2.2204E-15
1471.0          2.8866E-15
1472.0          -1.9984E-15
1473.0          1.1102E-15
1474.0          -4.8850E-15
1475.0          1.1102E-15
1476.0          1.2212E-15
1477.0          -1.5543E-15
1478.0          1.1102E-16
1479.0          -2.2204E-16
1480.0          0.0000
1481.0          7.7716E-16
1482.0          -3.3307E-15
1483.0          -2.2204E-15
1484.0          1.1102E-15
1485.0          -2.2204E-15
1486.0          2.2204E-15
1487.0          9.9920E-16
1488.0          -4.4409E-16
1489.0          1.9984E-15
1490.0          -2.2204E-16
1491.0          -2.8866E-15
1492.0          6.6613E-16
1493.0          7.7716E-16
1494.0          9.9920E-16
1495.0          -3.5527E-15
1496.0          -6.6613E-16
1497.0          2.6645E-15
1498.0          -2.8866E-15
1499.0          1.2212E-15
1500.0          1.6653E-15
1501.0          9.9920E-16
1502.0          2.2204E-16
1503.0          3.7748E-15
1504.0          -8.8818E-16
1505.0          -4.2188E-15
1506.0          -1.9984E-15
1507.0          -4.9738E-14
1508.0          1.1102E-15
1509.0          8.8818E-16
1510.0          -8.8818E-16
1511.0          -8.8818E-16
1512.0          9.9920E-16
1513.0          2.5535E-15
1514.0          2.2204E-15
1515.0          1.9984E-15
1516.0          -2.4425E-15
1517.0          1.3323E-15
1518.0          1.7764E-15
1519.0          -1.7764E-15
1520.0          -2.6645E-15
1521.0          -1.3323E-15
1522.0          -4.4409E-16
1523.0          1.8874E-15
1524.0          -2.6645E-15
1525.0          -2.8866E-15
1526.0          1.4433E-15
1527.0          -2.8866E-15
1528.0          -4.4409E-16
1529.0          8.8818E-16
1530.0          1.2212E-15
1531.0          7.7716E-16
1532.0          9.9920E-16
1533.0          2.2204E-16
1534.0          4.4409E-16
1535.0          -4.4409E-16
1536.0          -1.1102E-15
1537.0          2.6645E-15
1538.0          2.5535E-15
1539.0          -1.7764E-15
1540.0          2.8866E-15
1541.0          1.8874E-15
1542.0          -3.3307E-15
1543.0          3.3307E-16
1544.0          1.6653E-15
1545.0          -8.8818E-16
1546.0          1.5543E-15
1547.0          1.1102E-15
1548.0          -3.1086E-15
1549.0          -6.6613E-16
1550.0          3.3307E-15
1551.0          4.8850E-15
1552.0          -3.5527E-15
1553.0          3.3307E-16
1554.0          0.0000
1555.0          -3.3307E-15
1556.0          1.5543E-15
1557.0          -2.2204E-16
1558.0          8.8818E-16
1559.0          2.2204E-16
1560.0          1.3323E-15
1561.0          2.7756E-15
1562.0          -1.3323E-15
1563.0          1.9984E-15
1564.0          -2.2204E-16
1565.0          -6.6613E-16
1566.0          1.1102E-15
1567.0          7.7716E-16
1568.0          5.5511E-16
1569.0          3.3307E-15
1570.0          2.2204E-15
1571.0          -6.6613E-16
1572.0          2.2204E-16
1573.0          1.7764E-15
1574.0          4.4409E-16
1575.0          -6.6613E-16
1576.0          -1.3323E-15
1577.0          0.0000
1578.0          -1.7764E-15
1579.0          -6.6613E-16
1580.0          4.4409E-16
1581.0          -4.4409E-16
1582.0          -1.9984E-15
1583.0          -8.8818E-16
1584.0          -4.8850E-15
1585.0          -4.2188E-15
1586.0          3.3307E-16
1587.0          2.8866E-15
1588.0          1.5543E-15
1589.0          6.6613E-16
1590.0          1.6653E-15
1591.0          0.0000
1592.0          1.3323E-15
1593.0          1.1102E-16
1594.0          -1.3323E-15
1595.0          3.9968E-15
1596.0          4.4409E-16
1597.0          -1.7764E-15
1598.0          -2.4425E-15
1599.0          3.5527E-15
1600.0          1.2212E-15
1601.0          1.3323E-15
1602.0          -1.9984E-15
1603.0          -2.2204E-16
1604.0          -2.2204E-16
1605.0          -4.4409E-16
1606.0          1.1102E-16
1607.0          1.3323E-15
1608.0          1.7764E-15
1609.0          1.9984E-15
1610.0          3.7748E-15
1611.0          8.8818E-16
1612.0          3.3307E-16
1613.0          -1.5543E-15
1614.0          1.8874E-15
1615.0          8.8818E-16
1616.0          2.8866E-15
1617.0          -1.5543E-15
1618.0          1.4433E-15
1619.0          -2.4425E-15
1620.0          1.8874E-15
1621.0          -1.7764E-15
1622.0          -1.5543E-15
1623.0          -8.8818E-16
1624.0          -2.6645E-15
1625.0          2.2204E-15
1626.0          -6.6613E-16
1627.0          7.7716E-16
1628.0          -6.6613E-16
1629.0          0.0000
1630.0          1.4433E-15
1631.0          0.0000
1632.0          -1.3323E-15
1633.0          4.4409E-16
1634.0          2.1094E-15
1635.0          -8.8818E-16
1636.0          2.5535E-15
1637.0          6.6613E-16
1638.0          0.0000
1639.0          0.0000
1640.0          -1.1102E-15
1641.0          -1.5543E-15
1642.0          1.9984E-15
1643.0          1.9984E-15
1644.0          -3.1086E-15
1645.0          -8.8818E-16
1646.0          3.5527E-15
1647.0          3.5527E-15
1648.0          -1.5543E-15
1649.0          -8.8818E-16
1650.0          -3.1086E-15
