1400.0          0.29687
1401.0          0.28482
1402.0          0.27166
1403.0          0.25710
1404.0          0.24073
1405.0          0.22201
1406.0          0.20022
1407.0          0.17435
1408.0          0.14307
1409.0          0.10494
1410.0          0.059980
1411.0          0.018281
1412.0          0.045059
1413.0          0.38888
1414.0          0.93406
1415.0          0.96496
1416.0          0.82876
1417.0          0.71686
1418.0          0.63808
1419.0          0.58171
1420.0          0.53974
1421.0          0.50723
1422.0          0.48120
1423.0          0.45974
1424.0          0.44164
1425.0          0.42604
1426.0          0.41238
1427.0          0.40023
1428.0          0.38929
1429.0          0.37932
1430.0          0.37016
1431.0          0.36167
1432.0          0.35373
1433.0          0.34627
1434.0          0.33920
1435.0          0.33247
1436.0          0.32604
1437.0          0.31985
1438.0          0.31387
1439.0          0.30807
1440.0          0.30243
1441.0          0.29690
1442.0          0.29147
1443.0          0.28610
1444.0          0.28078
1445.0          0.27546
1446.0          0.27012
1447.0          0.26471
1448.0          0.25919
1449.0          0.25349
1450.0          0.24754
1451.0          0.24120
1452.0          0.23432
1453.0          0.22665
1454.0          0.21777
1455.0          0.20701
1456.0          0.19306
1457.0          0.17320
1458.0          0.14069
1459.0          0.074921
1460.0          0.14237
1461.0          0.60803
1462.0          0.39244
1463.0          0.32941
1464.0          0.29894
1465.0          0.28034
1466.0          0.26734
1467.0          0.25745
1468.0          0.24946
1469.0          0.24271
1470.0          0.23684
1471.0          0.23160
1472.0          0.22684
1473.0          0.22245
1474.0          0.21836
1475.0          0.21452
1476.0          0.21087
1477.0          0.20739
1478.0          0.20406
1479.0          0.20086
1480.0          0.19777
1481.0          0.19478
1482.0          0.19188
1483.0          0.18906
1484.0          0.18631
1485.0          0.18363
1486.0          0.18101
1487.0          0.17845
1488.0          0.17595
1489.0          0.17350
1490.0          0.17109
1491.0          0.16873
1492.0          0.16642
1493.0          0.16415
1494.0          0.16192
1495.0          0.15972
1496.0          0.15757
1497.0          0.15545
1498.0          0.15336
1499.0          0.15131
1500.0          0.14929
1501.0          0.14730
1502.0          0.14535
1503.0          0.14342
1504.0          0.14153
1505.0          0.13966
1506.0          0.13782
1507.0          0.13601
1508.0          0.13423
1509.0          0.13247
1510.0          0.13074
1511.0          0.12904
1512.0          0.12736
1513.0          0.12571
1514.0          0.12408
1515.0          0.12247
1516.0          0.12089
1517.0          0.11934
1518.0          0.11780
1519.0          0.11630
1520.0          0.11481
1521.0          0.11334
1522.0          0.11190
1523.0          0.11048
1524.0          0.10909
1525.0          0.10771
1526.0          0.10636
1527.0          0.10502
1528.0          0.10371
1529.0          0.10242
1530.0          0.10115
1531.0          0.099895
1532.0          0.098664
1533.0          0.097453
1534.0          0.096261
1535.0          0.095089
1536.0          0.093936
1537.0          0.092803
1538.0          0.091688
1539.0          0.090592
1540.0          0.089514
1541.0          0.088455
1542.0          0.087414
1543.0          0.086391
1544.0          0.085385
1545.0          0.084398
1546.0          0.083427
1547.0          0.082474
1548.0          0.081538
1549.0          0.080619
1550.0          0.079717
1551.0          0.078831
1552.0          0.077962
1553.0          0.077109
1554.0          0.076272
1555.0          0.075450
1556.0          0.074645
1557.0          0.073855
1558.0          0.073080
1559.0          0.072320
1560.0          0.071576
1561.0          0.070846
1562.0          0.070131
1563.0          0.069430
1564.0          0.068744
1565.0          0.068072
1566.0          0.067414
1567.0          0.066769
1568.0          0.066139
1569.0          0.065521
1570.0          0.064917
1571.0          0.064326
1572.0          0.063748
1573.0          0.063183
1574.0          0.062631
1575.0          0.062090
1576.0          0.061562
1577.0          0.061046
1578.0          0.060542
1579.0          0.060050
1580.0          0.059569
1581.0          0.059100
1582.0          0.058642
1583.0          0.058195
1584.0          0.057758
1585.0          0.057333
1586.0          0.056917
1587.0          0.056513
1588.0          0.056118
1589.0          0.055733
1590.0          0.055358
1591.0          0.054993
1592.0          0.054637
1593.0          0.054290
1594.0          0.053953
1595.0          0.053624
1596.0          0.053304
1597.0          0.052993
1598.0          0.052690
1599.0          0.052395
1600.0          0.052109
1601.0          0.051830
1602.0          0.051559
1603.0          0.051295
1604.0          0.051038
1605.0          0.050789
1606.0          0.050547
1607.0          0.050312
1608.0          0.050083
1609.0          0.049860
1610.0          0.049644
1611.0          0.049434
1612.0          0.049230
1613.0          0.049032
1614.0          0.048839
1615.0          0.048652
1616.0          0.048470
1617.0          0.048293
1618.0          0.048121
1619.0          0.047953
1620.0          0.047790
1621.0          0.047632
1622.0          0.047477
1623.0          0.047327
1624.0          0.047180
1625.0          0.047038
1626.0          0.046899
1627.0          0.046763
1628.0          0.046630
1629.0          0.046500
1630.0          0.046374
1631.0          0.046250
1632.0          0.046128
1633.0          0.046009
1634.0          0.045892
1635.0          0.045777
1636.0          0.045665
1637.0          0.045553
1638.0          0.045444
1639.0          0.045336
1640.0          0.045230
1641.0          0.045124
1642.0          0.045020
1643.0          0.044916
1644.0          0.044814
1645.0          0.044712
1646.0          0.044610
1647.0          0.044509
1648.0          0.044408
1649.0          0.044308
1650.0          0.044207
1400.0          0.70313
1401.0          0.71518
1402.0          0.72834
1403.0          0.74290
1404.0          0.75927
1405.0          0.77799
1406.0          0.79978
1407.0          0.82565
1408.0          0.85693
1409.0          0.89506
1410.0          0.94002
1411.0          0.98172
1412.0          0.95494
1413.0          0.61112
1414.0          0.065937
1415.0          0.035039
1416.0          0.17124
1417.0          0.28314
1418.0          0.36192
1419.0          0.41829
1420.0          0.46026
1421.0          0.49277
1422.0          0.51880
1423.0          0.54026
1424.0          0.55836
1425.0          0.57396
1426.0          0.58762
1427.0          0.59977
1428.0          0.61071
1429.0          0.62068
1430.0          0.62984
1431.0          0.63833
1432.0          0.64627
1433.0          0.65373
1434.0          0.66080
1435.0          0.66753
1436.0          0.67396
1437.0          0.68015
1438.0          0.68613
1439.0          0.69193
1440.0          0.69757
1441.0          0.70310
1442.0          0.70853
1443.0          0.71390
1444.0          0.71922
1445.0          0.72454
1446.0          0.72988
1447.0          0.73529
1448.0          0.74081
1449.0          0.74651
1450.0          0.75246
1451.0          0.75880
1452.0          0.76568
1453.0          0.77335
1454.0          0.78223
1455.0          0.79299
1456.0          0.80694
1457.0          0.82680
1458.0          0.85931
1459.0          0.92508
1460.0          0.85763
1461.0          0.39197
1462.0          0.60756
1463.0          0.67059
1464.0          0.70106
1465.0          0.71966
1466.0          0.73266
1467.0          0.74255
1468.0          0.75054
1469.0          0.75729
1470.0          0.76316
1471.0          0.76840
1472.0          0.77316
1473.0          0.77755
1474.0          0.78164
1475.0          0.78548
1476.0          0.78913
1477.0          0.79261
1478.0          0.79594
1479.0          0.79914
1480.0          0.80223
1481.0          0.80522
1482.0          0.80812
1483.0          0.81094
1484.0          0.81369
1485.0          0.81637
1486.0          0.81899
1487.0          0.82155
1488.0          0.82405
1489.0          0.82650
1490.0          0.82891
1491.0          0.83127
1492.0          0.83358
1493.0          0.83585
1494.0          0.83808
1495.0          0.84028
1496.0          0.84243
1497.0          0.84455
1498.0          0.84664
1499.0          0.84869
1500.0          0.85071
1501.0          0.85270
1502.0          0.85465
1503.0          0.85658
1504.0          0.85847
1505.0          0.86034
1506.0          0.86218
1507.0          0.86399
1508.0          0.86577
1509.0          0.86753
1510.0          0.86926
1511.0          0.87096
1512.0          0.87264
1513.0          0.87429
1514.0          0.87592
1515.0          0.87753
1516.0          0.87911
1517.0          0.88066
1518.0          0.88220
1519.0          0.88370
1520.0          0.88519
1521.0          0.88666
1522.0          0.88810
1523.0          0.88952
1524.0          0.89091
1525.0          0.89229
1526.0          0.89364
1527.0          0.89498
1528.0          0.89629
1529.0          0.89758
1530.0          0.89885
1531.0          0.90011
1532.0          0.90134
1533.0          0.90255
1534.0          0.90374
1535.0          0.90491
1536.0          0.90606
1537.0          0.90720
1538.0          0.90831
1539.0          0.90941
1540.0          0.91049
1541.0          0.91155
1542.0          0.91259
1543.0          0.91361
1544.0          0.91461
1545.0          0.91560
1546.0          0.91657
1547.0          0.91753
1548.0          0.91846
1549.0          0.91938
1550.0          0.92028
1551.0          0.92117
1552.0          0.92204
1553.0          0.92289
1554.0          0.92373
1555.0          0.92455
1556.0          0.92536
1557.0          0.92615
1558.0          0.92692
1559.0          0.92768
1560.0          0.92842
1561.0          0.92915
1562.0          0.92987
1563.0          0.93057
1564.0          0.93126
1565.0          0.93193
1566.0          0.93259
1567.0          0.93323
1568.0          0.93386
1569.0          0.93448
1570.0          0.93508
1571.0          0.93567
1572.0          0.93625
1573.0          0.93682
1574.0          0.93737
1575.0          0.93791
1576.0          0.93844
1577.0          0.93895
1578.0          0.93946
1579.0          0.93995
1580.0          0.94043
1581.0          0.94090
1582.0          0.94136
1583.0          0.94181
1584.0          0.94224
1585.0          0.94267
1586.0          0.94308
1587.0          0.94349
1588.0          0.94388
1589.0          0.94427
1590.0          0.94464
1591.0          0.94501
1592.0          0.94536
1593.0          0.94571
1594.0          0.94605
1595.0          0.94638
1596.0          0.94670
1597.0          0.94701
1598.0          0.94731
1599.0          0.94760
1600.0          0.94789
1601.0          0.94817
1602.0          0.94844
1603.0          0.94871
1604.0          0.94896
1605.0          0.94921
1606.0          0.94945
1607.0          0.94969
1608.0          0.94992
1609.0          0.95014
1610.0          0.95036
1611.0          0.95057
1612.0          0.95077
1613.0          0.95097
1614.0          0.95116
1615.0          0.95135
1616.0          0.95153
1617.0          0.95171
1618.0          0.95188
1619.0          0.95205
1620.0          0.95221
1621.0          0.95237
1622.0          0.95252
1623.0          0.95267
1624.0          0.95282
1625.0          0.95296
1626.0          0.95310
1627.0          0.95324
1628.0          0.95337
1629.0          0.95350
1630.0          0.95363
1631.0          0.95375
1632.0          0.95387
1633.0          0.95399
1634.0          0.95411
1635.0          0.95422
1636.0          0.95434
1637.0          0.95445
1638.0          0.95456
1639.0          0.95466
1640.0          0.95477
1641.0          0.95488
1642.0          0.95498
1643.0          0.95508
1644.0          0.95519
1645.0          0.95529
1646.0          0.95539
1647.0          0.95549
1648.0          0.95559
1649.0          0.95569
1650.0          0.95579
1400.0          1.0000
1401.0          1.0000
1402.0          1.0000
1403.0          1.0000
1404.0          1.0000
1405.0          1.0000
1406.0          1.0000
1407.0          1.0000
1408.0          1.0000
1409.0          1.0000
1410.0          1.0000
1411.0          1.0000
1412.0          1.0000
1413.0          1.0000
1414.0          1.0000
1415.0          1.0000
1416.0          1.0000
1417.0          1.0000
1418.0          1.0000
1419.0          1.0000
1420.0          1.0000
1421.0          1.0000
1422.0          1.0000
1423.0          1.0000
1424.0          1.0000
1425.0          1.0000
1426.0          1.0000
1427.0          1.0000
1428.0          1.0000
1429.0          1.0000
1430.0          1.0000
1431.0          1.0000
1432.0          1.0000
1433.0          1.0000
1434.0          1.0000
1435.0          1.0000
1436.0          1.0000
1437.0          1.0000
1438.0          1.0000
1439.0          1.0000
1440.0          1.0000
1441.0          1.0000
1442.0          1.0000
1443.0          1.0000
1444.0          1.0000
1445.0          1.0000
1446.0          1.0000
1447.0          1.0000
1448.0          1.0000
1449.0          1.0000
1450.0          1.0000
1451.0          1.0000
1452.0          1.0000
1453.0          1.0000
1454.0          1.0000
1455.0          1.0000
1456.0          1.0000
1457.0          1.0000
1458.0          1.0000
1459.0          1.0000
1460.0          1.0000
1461.0          1.0000
1462.0          1.0000
1463.0          1.0000
1464.0          1.0000
1465.0          1.0000
1466.0          1.0000
1467.0          1.0000
1468.0          1.0000
1469.0          1.0000
1470.0          1.0000
1471.0          1.0000
1472.0          1.0000
1473.0          1.0000
1474.0          1.0000
1475.0          1.0000
1476.0          1.0000
1477.0          1.0000
1478.0          1.0000
1479.0          1.0000
1480.0          1.0000
1481.0          1.0000
1482.0          1.0000
1483.0          1.0000
1484.0          1.0000
1485.0          1.0000
1486.0          1.0000
1487.0          1.0000
1488.0          1.0000
1489.0          1.0000
1490.0          1.0000
1491.0          1.0000
1492.0          1.0000
1493.0          1.0000
1494.0          1.0000
1495.0          1.0000
1496.0          1.0000
1497.0          1.0000
1498.0          1.0000
1499.0          1.0000
1500.0          1.0000
1501.0          1.0000
1502.0          1.0000
1503.0          1.0000
1504.0          1.0000
1505.0          1.0000
1506.0          1.0000
1507.0          1.0000
1508.0          1.0000
1509.0          1.0000
1510.0          1.0000
1511.0          1.0000
1512.0          1.0000
1513.0          1.0000
1514.0          1.0000
1515.0          1.0000
1516.0          1.0000
1517.0          1.0000
1518.0          1.0000
1519.0          1.0000
1520.0          1.0000
1521.0          1.0000
1522.0          1.0000
1523.0          1.0000
1524.0          1.0000
1525.0          1.0000
1526.0          1.0000
1527.0          1.0000
1528.0          1.0000
1529.0          1.0000
1530.0          1.0000
1531.0          1.0000
1532.0          1.0000
1533.0          1.0000
1534.0          1.0000
1535.0          1.0000
1536.0          1.0000
1537.0          1.0000
1538.0          1.0000
1539.0          1.0000
1540.0          1.0000
1541.0          1.0000
1542.0          1.0000
1543.0          1.0000
1544.0          1.0000
1545.0          1.0000
1546.0          1.0000
1547.0          1.0000
1548.0          1.0000
1549.0          1.0000
1550.0          1.0000
1551.0          1.0000
1552.0          1.0000
1553.0          1.0000
1554.0          1.0000
1555.0          1.0000
1556.0          1.0000
1557.0          1.0000
1558.0          1.0000
1559.0          1.0000
1560.0          1.0000
1561.0          1.0000
1562.0          1.0000
1563.0          1.0000
1564.0          1.0000
1565.0          1.0000
1566.0          1.0000
1567.0          1.0000
1568.0          1.0000
1569.0          1.0000
1570.0          1.0000
1571.0          1.0000
1572.0          1.0000
1573.0          1.0000
1574.0          1.0000
1575.0          1.0000
1576.0          1.0000
1577.0          1.0000
1578.0          1.0000
1579.0          1.0000
1580.0          1.0000
1581.0          1.0000
1582.0          1.0000
1583.0          1.0000
1584.0          1.0000
1585.0          1.0000
1586.0          1.0000
1587.0          1.0000
1588.0          1.0000
1589.0          1.0000
1590.0          1.0000
1591.0          1.0000
1592.0          1.0000
1593.0          1.0000
1594.0          1.0000
1595.0          1.0000
1596.0          1.0000
1597.0          1.0000
1598.0          1.0000
1599.0          1.0000
1600.0          1.0000
1601.0          1.0000
1602.0          1.0000
1603.0          1.0000
1604.0          1.0000
1605.0          1.0000
1606.0          1.0000
1607.0          1.0000
1608.0          1.0000
1609.0          1.0000
1610.0          1.0000
1611.0          1.0000
1612.0          1.0000
1613.0          1.0000
1614.0          1.0000
1615.0          1.0000
1616.0          1.0000
1617.0          1.0000
1618.0          1.0000
1619.0          1.0000
1620.0          1.0000
1621.0          1.0000
1622.0          1.0000
1623.0          1.0000
1624.0          1.0000
1625.0          1.0000
1626.0          1.0000
1627.0          1.0000
1628.0          1.0000
1629.0          1.0000
1630.0          1.0000
1631.0          1.0000
1632.0          1.0000
1633.0          1.0000
1634.0          1.0000
1635.0          1.0000
1636.0          1.0000
1637.0          1.0000
1638.0          1.0000
1639.0          1.0000
1640.0          1.0000
1641.0          1.0000
1642.0          1.0000
1643.0          1.0000
1644.0          1.0000
1645.0          1.0000
1646.0          1.0000
1647.0          1.0000
1648.0          1.0000
1649.0          1.0000
1650.0          1.0000
1400.0          -3.3307E-15
1401.0          -3.9968E-15
1402.0          1.1102E-16
1403.0          -8.8818E-16
1404.0          -2.2204E-16
1405.0          5.5511E-16
1406.0          1.1102E-15
1407.0          -5.7732E-15
1408.0          -4.6629E-15
1409.0          -5.3291E-15
1410.0          1.1102E-15
1411.0          2.1094E-15
1412.0          1.7764E-15
1413.0          1.6653E-14
1414.0          -2.1760E-14
1415.0          -8.6597E-15
1416.0          4.8850E-15
1417.0          -9.1038E-15
1418.0          -1.3323E-15
1419.0          -2.6645E-15
1420.0          -1.1102E-15
1421.0          -2.6645E-15
1422.0          -2.4425E-15
1423.0          -8.8818E-16
1424.0          -2.2204E-16
1425.0          3.9968E-15
1426.0          -2.6645E-15
1427.0          2.8866E-15
1428.0          -4.4409E-16
1429.0          1.3323E-15
1430.0          2.4425E-15
1431.0          1.2212E-15
1432.0          2.2204E-16
1433.0          1.6653E-15
1434.0          -1.7764E-15
1435.0          -4.4409E-16
1436.0          -8.8818E-16
1437.0          2.2204E-15
1438.0          4.4409E-16
1439.0          -4.4409E-16
1440.0          -4.4409E-16
1441.0          -4.4409E-16
1442.0          2.6645E-15
1443.0          -1.7764E-15
1444.0          3.3307E-15
1445.0          2.6645E-15
1446.0          -8.8818E-16
1447.0          -1.1102E-15
1448.0          2.6645E-15
1449.0          3.2196E-15
1450.0          4.4409E-16
1451.0          1.1102E-16
1452.0          2.6645E-15
1453.0          8.8818E-16
1454.0          9.9920E-16
1455.0          -3.1086E-15
1456.0          7.7716E-16
1457.0          4.4409E-15
1458.0          -4.4409E-15
1459.0          -7.7716E-15
1460.0          -7.4607E-14
1461.0          -1.6875E-14
1462.0          2.8866E-15
1463.0          0.0000
1464.0          -2.2204E-16
1465.0          -6.6613E-16
1466.0          3.3307E-16
1467.0          -1.1102E-15
1468.0          1.2212E-15
1469.0          -1.5543E-15
1470.0          1.1102E-15
1471.0          1.9984E-15
1472.0          -8.8818E-16
1473.0          0.0000
1474.0          -1.7764E-15
1475.0          -1.1102E-15
1476.0          -4.4409E-16
1477.0          2.7756E-15
1478.0          6.6613E-16
1479.0          3.8858E-15
1480.0          -3.5527E-15
1481.0          2.5535E-15
1482.0          2.8866E-15
1483.0          -1.7764E-15
1484.0          -4.4409E-16
1485.0          9.9920E-16
1486.0          -4.4409E-16
1487.0          -6.6613E-16
1488.0          5.5511E-16
1489.0          5.5511E-16
1490.0          -4.4409E-16
1491.0          3.3307E-16
1492.0          1.9984E-15
1493.0          -2.8866E-15
1494.0          2.1094E-15
1495.0          2.2204E-15
1496.0          1.2212E-15
1497.0          0.0000
1498.0          2.6645E-15
1499.0          1.3323E-15
1500.0          -1.5543E-15
1501.0          4.4409E-16
1502.0          8.8818E-16
1503.0          1.1102E-15
1504.0          -4.4409E-16
1505.0          -8.8818E-16
1506.0          7.7716E-16
1507.0          0.0000
1508.0          -1.3323E-15
1509.0          -6.6613E-16
1510.0          0.0000
1511.0          -2.2204E-16
1512.0          1.5543E-15
1513.0          1.8874E-15
1514.0          -1.3323E-15
1515.0          5.5511E-16
1516.0          2.4425E-15
1517.0          -1.3323E-15
1518.0          -2.2204E-15
1519.0          4.4409E-16
1520.0          4.1078E-15
1521.0          -2.2204E-15
1522.0          -3.3307E-15
1523.0          3.3307E-16
1524.0          2.2204E-16
1525.0          -4.4409E-16
1526.0          -1.9984E-15
1527.0          -4.4409E-15
1528.0          -2.2204E-16
1529.0          5.7732E-15
1530.0          1.3323E-15
1531.0          -5.1070E-15
1532.0          7.7716E-16
1533.0          -7.5495E-15
1534.0          6.2172E-15
1535.0          1.3323E-15
1536.0          -1.9984E-15
1537.0          1.7764E-15
1538.0          -5.7732E-15
1539.0          0.0000
1540.0          -1.7764E-15
1541.0          5.6621E-15
1542.0          -3.1086E-15
1543.0          -1.3323E-15
1544.0          2.2204E-16
1545.0          -3.1086E-15
1546.0          3.5527E-15
1547.0          6.6613E-16
1548.0          2.2204E-15
1549.0          -1.5543E-15
1550.0          1.1102E-15
1551.0          0.0000
1552.0          1.8874E-15
1553.0          -6.6613E-16
1554.0          -8.8818E-16
1555.0          -2.8866E-15
1556.0          -2.6645E-15
1557.0          4.4409E-16
1558.0          -2.2204E-16
1559.0          -1.9984E-15
1560.0          3.7748E-15
1561.0          -4.8850E-15
1562.0          -2.4425E-15
1563.0          1.7764E-15
1564.0          8.8818E-16
1565.0          -3.7748E-15
1566.0          2.2204E-15
1567.0          2.3315E-15
1568.0          -1.7764E-15
1569.0          5.5511E-16
1570.0          1.1102E-15
1571.0          2.6645E-15
1572.0          4.4409E-16
1573.0          -1.9984E-15
1574.0          1.4433E-15
1575.0          -4.4409E-16
1576.0          8.8818E-16
1577.0          -2.2204E-16
1578.0          2.2204E-15
1579.0          -1.9984E-15
1580.0          -1.9984E-15
1581.0          -1.3323E-15
1582.0          -8.8818E-16
1583.0          -8.8818E-16
1584.0          4.4409E-16
1585.0          -4.4409E-16
1586.0          1.4433E-15
1587.0          0.0000
1588.0          -2.8866E-15
1589.0          2.6645E-15
1590.0          1.6653E-15
1591.0          1.4433E-15
1592.0          -1.7764E-15
1593.0          1.3323E-15
1594.0          -2.2204E-16
1595.0          2.1094E-15
1596.0          2.2204E-16
1597.0          -3.5527E-15
1598.0          3.3307E-16
1599.0          2.5535E-15
1600.0          2.1094E-15
1601.0          1.1102E-16
1602.0          1.5543E-15
1603.0          -1.1102E-15
1604.0          2.8866E-15
1605.0          -2.2204E-15
1606.0          -1.5543E-15
1607.0          -2.4425E-15
1608.0          -4.4409E-16
1609.0          3.2196E-15
1610.0          1.1102E-16
1611.0          -1.1102E-15
1612.0          -3.1086E-15
1613.0          4.4409E-16
1614.0          -1.7764E-15
1615.0          -6.6613E-16
1616.0          -4.4409E-16
1617.0          -2.2204E-16
1618.0          4.6629E-15
1619.0          -2.2204E-16
1620.0          -1.3323E-15
1621.0          -2.2204E-16
1622.0          0.0000
1623.0          -1.1102E-15
1624.0          2.2204E-16
1625.0          -8.8818E-16
1626.0          -1.3323E-15
1627.0          -2.4425E-15
1628.0          2.2204E-16
1629.0          2.6645E-15
1630.0          2.2204E-16
1631.0          -1.9984E-15
1632.0          -1.7764E-15
1633.0          2.1094E-15
1634.0          3.6637E-15
1635.0          2.4425E-15
1636.0          7.7716E-16
1637.0          -2.2204E-16
1638.0          -1.3323E-15
1639.0          5.5511E-16
1640.0          3.2196E-15
1641.0          2.5535E-15
1642.0          3.3307E-16
1643.0          3.3307E-15
1644.0          -3.1086E-15
1645.0          4.4409E-16
1646.0          -1.3323E-15
1647.0          1.1102E-15
1648.0          1.6653E-15
1649.0          4.4409E-16
1650.0          2.7756E-15
