1400.0          0.29768
1401.0          0.29507
1402.0          0.29249
1403.0          0.28996
1404.0          0.28747
1405.0          0.28501
1406.0          0.28260
1407.0          0.28021
1408.0          0.27787
1409.0          0.27556
1410.0          0.27328
1411.0          0.27104
1412.0          0.26883
1413.0          0.26665
1414.0          0.26451
1415.0          0.26240
1416.0          0.26032
1417.0          0.25827
1418.0          0.25625
1419.0          0.25426
1420.0          0.25230
1421.0          0.25037
1422.0          0.24848
1423.0          0.24661
1424.0          0.24477
1425.0          0.24296
1426.0          0.24118
1427.0          0.23943
1428.0          0.23770
1429.0          0.23601
1430.0          0.23434
1431.0          0.23270
1432.0          0.23109
1433.0          0.22951
1434.0          0.22796
1435.0          0.22643
1436.0          0.22493
1437.0          0.22346
1438.0          0.22202
1439.0          0.22061
1440.0          0.21922
1441.0          0.21786
1442.0          0.21653
1443.0          0.21523
1444.0          0.21396
1445.0          0.21271
1446.0          0.21149
1447.0          0.21030
1448.0          0.20913
1449.0          0.20800
1450.0          0.20689
1451.0          0.20581
1452.0          0.20476
1453.0          0.20374
1454.0          0.20274
1455.0          0.20178
1456.0          0.20084
1457.0          0.19993
1458.0          0.19905
1459.0          0.19820
1460.0          0.19738
1461.0          0.19659
1462.0          0.19583
1463.0          0.19510
1464.0          0.19440
1465.0          0.19373
1466.0          0.19309
1467.0          0.19248
1468.0          0.19190
1469.0          0.19135
1470.0          0.19084
1471.0          0.19035
1472.0          0.18990
1473.0          0.18949
1474.0          0.18911
1475.0          0.18876
1476.0          0.18844
1477.0          0.18816
1478.0          0.18792
1479.0          0.18771
1480.0          0.18754
1481.0          0.18741
1482.0          0.18732
1483.0          0.18726
1484.0          0.18724
1485.0          0.18727
1486.0          0.18733
1487.0          0.18744
1488.0          0.18759
1489.0          0.18779
1490.0          0.18803
1491.0          0.18832
1492.0          0.18865
1493.0          0.18904
1494.0          0.18947
1495.0          0.18996
1496.0          0.19050
1497.0          0.19109
1498.0          0.19174
1499.0          0.19245
1500.0          0.19322
1501.0          0.19405
1502.0          0.19494
1503.0          0.19590
1504.0          0.19693
1505.0          0.19803
1506.0          0.19920
1507.0          0.20044
1508.0          0.20177
1509.0          0.20318
1510.0          0.20467
1511.0          0.20624
1512.0          0.20791
1513.0          0.20968
1514.0          0.21154
1515.0          0.21350
1516.0          0.21557
1517.0          0.21775
1518.0          0.22005
1519.0          0.22246
1520.0          0.22500
1521.0          0.22767
1522.0          0.23048
1523.0          0.23343
1524.0          0.23652
1525.0          0.23977
1526.0          0.24319
1527.0          0.24677
1528.0          0.25052
1529.0          0.25446
1530.0          0.25859
1531.0          0.26292
1532.0          0.26746
1533.0          0.27221
1534.0          0.27719
1535.0          0.28241
1536.0          0.28788
1537.0          0.29360
1538.0          0.29960
1539.0          0.30587
1540.0          0.31243
1541.0          0.31930
1542.0          0.32648
1543.0          0.33399
1544.0          0.34184
1545.0          0.35004
1546.0          0.35860
1547.0          0.36755
1548.0          0.37688
1549.0          0.38661
1550.0          0.39675
1551.0          0.40732
1552.0          0.41832
1553.0          0.42976
1554.0          0.44165
1555.0          0.45399
1556.0          0.46680
1557.0          0.48007
1558.0          0.49380
1559.0          0.50800
1560.0          0.52265
1561.0          0.53775
1562.0          0.55328
1563.0          0.56924
1564.0          0.58559
1565.0          0.60232
1566.0          0.61939
1567.0          0.63678
1568.0          0.65443
1569.0          0.67230
1570.0          0.69035
1571.0          0.70852
1572.0          0.72674
1573.0          0.74495
1574.0          0.76308
1575.0          0.78105
1576.0          0.79878
1577.0          0.81621
1578.0          0.83323
1579.0          0.84978
1580.0          0.86577
1581.0          0.88113
1582.0          0.89577
1583.0          0.90964
1584.0          0.92265
1585.0          0.93476
1586.0          0.94591
1587.0          0.95607
1588.0          0.96519
1589.0          0.97326
1590.0          0.98025
1591.0          0.98616
1592.0          0.99100
1593.0          0.99478
1594.0          0.99751
1595.0          0.99923
1596.0          0.99996
1597.0          0.99976
1598.0          0.99866
1599.0          0.99672
1600.0          0.99399
1601.0          0.99051
1602.0          0.98635
1603.0          0.98157
1604.0          0.97622
1605.0          0.97035
1606.0          0.96403
1607.0          0.95730
1608.0          0.95021
1609.0          0.94281
1610.0          0.93515
1611.0          0.92728
1612.0          0.91922
1613.0          0.91102
1614.0          0.90272
1615.0          0.89433
1616.0          0.88591
1617.0          0.87746
1618.0          0.86901
1619.0          0.86059
1620.0          0.85222
1621.0          0.84390
1622.0          0.83566
1623.0          0.82751
1624.0          0.81946
1625.0          0.81152
1626.0          0.80370
1627.0          0.79601
1628.0          0.78845
1629.0          0.78102
1630.0          0.77373
1631.0          0.76659
1632.0          0.75959
1633.0          0.75274
1634.0          0.74604
1635.0          0.73949
1636.0          0.73309
1637.0          0.72683
1638.0          0.72072
1639.0          0.71476
1640.0          0.70894
1641.0          0.70327
1642.0          0.69773
1643.0          0.69234
1644.0          0.68708
1645.0          0.68195
1646.0          0.67696
1647.0          0.67209
1648.0          0.66735
1649.0          0.66274
1650.0          0.65824
1400.0          0.70232
1401.0          0.70493
1402.0          0.70751
1403.0          0.71004
1404.0          0.71253
1405.0          0.71499
1406.0          0.71740
1407.0          0.71979
1408.0          0.72213
1409.0          0.72444
1410.0          0.72672
1411.0          0.72896
1412.0          0.73117
1413.0          0.73335
1414.0          0.73549
1415.0          0.73760
1416.0          0.73968
1417.0          0.74173
1418.0          0.74375
1419.0          0.74574
1420.0          0.74770
1421.0          0.74963
1422.0          0.75152
1423.0          0.75339
1424.0          0.75523
1425.0          0.75704
1426.0          0.75882
1427.0          0.76057
1428.0          0.76230
1429.0          0.76399
1430.0          0.76566
1431.0          0.76730
1432.0          0.76891
1433.0          0.77049
1434.0          0.77204
1435.0          0.77357
1436.0          0.77507
1437.0          0.77654
1438.0          0.77798
1439.0          0.77939
1440.0          0.78078
1441.0          0.78214
1442.0          0.78347
1443.0          0.78477
1444.0          0.78604
1445.0          0.78729
1446.0          0.78851
1447.0          0.78970
1448.0          0.79087
1449.0          0.79200
1450.0          0.79311
1451.0          0.79419
1452.0          0.79524
1453.0          0.79626
1454.0          0.79726
1455.0          0.79822
1456.0          0.79916
1457.0          0.80007
1458.0          0.80095
1459.0          0.80180
1460.0          0.80262
1461.0          0.80341
1462.0          0.80417
1463.0          0.80490
1464.0          0.80560
1465.0          0.80627
1466.0          0.80691
1467.0          0.80752
1468.0          0.80810
1469.0          0.80865
1470.0          0.80916
1471.0          0.80965
1472.0          0.81010
1473.0          0.81051
1474.0          0.81089
1475.0          0.81124
1476.0          0.81156
1477.0          0.81184
1478.0          0.81208
1479.0          0.81229
1480.0          0.81246
1481.0          0.81259
1482.0          0.81268
1483.0          0.81274
1484.0          0.81276
1485.0          0.81273
1486.0          0.81267
1487.0          0.81256
1488.0          0.81241
1489.0          0.81221
1490.0          0.81197
1491.0          0.81168
1492.0          0.81135
1493.0          0.81096
1494.0          0.81053
1495.0          0.81004
1496.0          0.80950
1497.0          0.80891
1498.0          0.80826
1499.0          0.80755
1500.0          0.80678
1501.0          0.80595
1502.0          0.80506
1503.0          0.80410
1504.0          0.80307
1505.0          0.80197
1506.0          0.80080
1507.0          0.79956
1508.0          0.79823
1509.0          0.79682
1510.0          0.79533
1511.0          0.79376
1512.0          0.79209
1513.0          0.79032
1514.0          0.78846
1515.0          0.78650
1516.0          0.78443
1517.0          0.78225
1518.0          0.77995
1519.0          0.77754
1520.0          0.77500
1521.0          0.77233
1522.0          0.76952
1523.0          0.76657
1524.0          0.76348
1525.0          0.76023
1526.0          0.75681
1527.0          0.75323
1528.0          0.74948
1529.0          0.74554
1530.0          0.74141
1531.0          0.73708
1532.0          0.73254
1533.0          0.72779
1534.0          0.72281
1535.0          0.71759
1536.0          0.71212
1537.0          0.70640
1538.0          0.70040
1539.0          0.69413
1540.0          0.68757
1541.0          0.68070
1542.0          0.67352
1543.0          0.66601
1544.0          0.65816
1545.0          0.64996
1546.0          0.64140
1547.0          0.63245
1548.0          0.62312
1549.0          0.61339
1550.0          0.60325
1551.0          0.59268
1552.0          0.58168
1553.0          0.57024
1554.0          0.55835
1555.0          0.54601
1556.0          0.53320
1557.0          0.51993
1558.0          0.50620
1559.0          0.49200
1560.0          0.47735
1561.0          0.46225
1562.0          0.44672
1563.0          0.43076
1564.0          0.41441
1565.0          0.39768
1566.0          0.38061
1567.0          0.36322
1568.0          0.34557
1569.0          0.32770
1570.0          0.30965
1571.0          0.29148
1572.0          0.27326
1573.0          0.25505
1574.0          0.23692
1575.0          0.21895
1576.0          0.20122
1577.0          0.18379
1578.0          0.16677
1579.0          0.15022
1580.0          0.13423
1581.0          0.11887
1582.0          0.10423
1583.0          0.090365
1584.0          0.077349
1585.0          0.065239
1586.0          0.054086
1587.0          0.043931
1588.0          0.034809
1589.0          0.026744
1590.0          0.019752
1591.0          0.013839
1592.0          0.0090000
1593.0          0.0052245
1594.0          0.0024916
1595.0          7.7371E-4
1596.0          3.6188E-5
1597.0          2.3871E-4
1598.0          0.0013360
1599.0          0.0032787
1600.0          0.0060144
1601.0          0.0094886
1602.0          0.013645
1603.0          0.018428
1604.0          0.023780
1605.0          0.029647
1606.0          0.035972
1607.0          0.042704
1608.0          0.049793
1609.0          0.057189
1610.0          0.064847
1611.0          0.072725
1612.0          0.080781
1613.0          0.088980
1614.0          0.097285
1615.0          0.10567
1616.0          0.11409
1617.0          0.12254
1618.0          0.13099
1619.0          0.13941
1620.0          0.14778
1621.0          0.15610
1622.0          0.16434
1623.0          0.17249
1624.0          0.18054
1625.0          0.18848
1626.0          0.19630
1627.0          0.20399
1628.0          0.21155
1629.0          0.21898
1630.0          0.22627
1631.0          0.23341
1632.0          0.24041
1633.0          0.24726
1634.0          0.25396
1635.0          0.26051
1636.0          0.26691
1637.0          0.27317
1638.0          0.27928
1639.0          0.28524
1640.0          0.29106
1641.0          0.29673
1642.0          0.30227
1643.0          0.30766
1644.0          0.31292
1645.0          0.31805
1646.0          0.32304
1647.0          0.32791
1648.0          0.33265
1649.0          0.33726
1650.0          0.34176
1400.0          1.0000
1401.0          1.0000
1402.0          1.0000
1403.0          1.0000
1404.0          1.0000
1405.0          1.0000
1406.0          1.0000
1407.0          1.0000
1408.0          1.0000
1409.0          1.0000
1410.0          1.0000
1411.0          1.0000
1412.0          1.0000
1413.0          1.0000
1414.0          1.0000
1415.0          1.0000
1416.0          1.0000
1417.0          1.0000
1418.0          1.0000
1419.0          1.0000
1420.0          1.0000
1421.0          1.0000
1422.0          1.0000
1423.0          1.0000
1424.0          1.0000
1425.0          1.0000
1426.0          1.0000
1427.0          1.0000
1428.0          1.0000
1429.0          1.0000
1430.0          1.0000
1431.0          1.0000
1432.0          1.0000
1433.0          1.0000
1434.0          1.0000
1435.0          1.0000
1436.0          1.0000
1437.0          1.0000
1438.0          1.0000
1439.0          1.0000
1440.0          1.0000
1441.0          1.0000
1442.0          1.0000
1443.0          1.0000
1444.0          1.0000
1445.0          1.0000
1446.0          1.0000
1447.0          1.0000
1448.0          1.0000
1449.0          1.0000
1450.0          1.0000
1451.0          1.0000
1452.0          1.0000
1453.0          1.0000
1454.0          1.0000
1455.0          1.0000
1456.0          1.0000
1457.0          1.0000
1458.0          1.0000
1459.0          1.0000
1460.0          1.0000
1461.0          1.0000
1462.0          1.0000
1463.0          1.0000
1464.0          1.0000
1465.0          1.0000
1466.0          1.0000
1467.0          1.0000
1468.0          1.0000
1469.0          1.0000
1470.0          1.0000
1471.0          1.0000
1472.0          1.0000
1473.0          1.0000
1474.0          1.0000
1475.0          1.0000
1476.0          1.0000
1477.0          1.0000
1478.0          1.0000
1479.0          1.0000
1480.0          1.0000
1481.0          1.0000
1482.0          1.0000
1483.0          1.0000
1484.0          1.0000
1485.0          1.0000
1486.0          1.0000
1487.0          1.0000
1488.0          1.0000
1489.0          1.0000
1490.0          1.0000
1491.0          1.0000
1492.0          1.0000
1493.0          1.0000
1494.0          1.0000
1495.0          1.0000
1496.0          1.0000
1497.0          1.0000
1498.0          1.0000
1499.0          1.0000
1500.0          1.0000
1501.0          1.0000
1502.0          1.0000
1503.0          1.0000
1504.0          1.0000
1505.0          1.0000
1506.0          1.0000
1507.0          1.0000
1508.0          1.0000
1509.0          1.0000
1510.0          1.0000
1511.0          1.0000
1512.0          1.0000
1513.0          1.0000
1514.0          1.0000
1515.0          1.0000
1516.0          1.0000
1517.0          1.0000
1518.0          1.0000
1519.0          1.0000
1520.0          1.0000
1521.0          1.0000
1522.0          1.0000
1523.0          1.0000
1524.0          1.0000
1525.0          1.0000
1526.0          1.0000
1527.0          1.0000
1528.0          1.0000
1529.0          1.0000
1530.0          1.0000
1531.0          1.0000
1532.0          1.0000
1533.0          1.0000
1534.0          1.0000
1535.0          1.0000
1536.0          1.0000
1537.0          1.0000
1538.0          1.0000
1539.0          1.0000
1540.0          1.0000
1541.0          1.0000
1542.0          1.0000
1543.0          1.0000
1544.0          1.0000
1545.0          1.0000
1546.0          1.0000
1547.0          1.0000
1548.0          1.0000
1549.0          1.0000
1550.0          1.0000
1551.0          1.0000
1552.0          1.0000
1553.0          1.0000
1554.0          1.0000
1555.0          1.0000
1556.0          1.0000
1557.0          1.0000
1558.0          1.0000
1559.0          1.0000
1560.0          1.0000
1561.0          1.0000
1562.0          1.0000
1563.0          1.0000
1564.0          1.0000
1565.0          1.0000
1566.0          1.0000
1567.0          1.0000
1568.0          1.0000
1569.0          1.0000
1570.0          1.0000
1571.0          1.0000
1572.0          1.0000
1573.0          1.0000
1574.0          1.0000
1575.0          1.0000
1576.0          1.0000
1577.0          1.0000
1578.0          1.0000
1579.0          1.0000
1580.0          1.0000
1581.0          1.0000
1582.0          1.0000
1583.0          1.0000
1584.0          1.0000
1585.0          1.0000
1586.0          1.0000
1587.0          1.0000
1588.0          1.0000
1589.0          1.0000
1590.0          1.0000
1591.0          1.0000
1592.0          1.0000
1593.0          1.0000
1594.0          1.0000
1595.0          1.0000
1596.0          1.0000
1597.0          1.0000
1598.0          1.0000
1599.0          1.0000
1600.0          1.0000
1601.0          1.0000
1602.0          1.0000
1603.0          1.0000
1604.0          1.0000
1605.0          1.0000
1606.0          1.0000
1607.0          1.0000
1608.0          1.0000
1609.0          1.0000
1610.0          1.0000
1611.0          1.0000
1612.0          1.0000
1613.0          1.0000
1614.0          1.0000
1615.0          1.0000
1616.0          1.0000
1617.0          1.0000
1618.0          1.0000
1619.0          1.0000
1620.0          1.0000
1621.0          1.0000
1622.0          1.0000
1623.0          1.0000
1624.0          1.0000
1625.0          1.0000
1626.0          1.0000
1627.0          1.0000
1628.0          1.0000
1629.0          1.0000
1630.0          1.0000
1631.0          1.0000
1632.0          1.0000
1633.0          1.0000
1634.0          1.0000
1635.0          1.0000
1636.0          1.0000
1637.0          1.0000
1638.0          1.0000
1639.0          1.0000
1640.0          1.0000
1641.0          1.0000
1642.0          1.0000
1643.0          1.0000
1644.0          1.0000
1645.0          1.0000
1646.0          1.0000
1647.0          1.0000
1648.0          1.0000
1649.0          1.0000
1650.0          1.0000
1400.0          8.8818E-16
1401.0          1.1102E-15
1402.0          -1.3323E-15
1403.0          -2.6645E-15
1404.0          -6.6613E-16
1405.0          -2.2204E-15
1406.0          8.8818E-16
1407.0          2.1094E-15
1408.0          -2.2204E-16
1409.0          1.7764E-15
1410.0          -1.3323E-15
1411.0          4.4409E-16
1412.0          -1.7764E-15
1413.0          -2.4425E-15
1414.0          -4.4409E-15
1415.0          1.5543E-15
1416.0          2.6645E-15
1417.0          1.5543E-15
1418.0          1.1102E-15
1419.0          -5.3291E-15
1420.0          0.0000
1421.0          -3.3307E-15
1422.0          -6.6613E-16
1423.0          -1.5543E-15
1424.0          1.7764E-15
1425.0          1.6653E-15
1426.0          -1.1102E-15
1427.0          1.4433E-15
1428.0          2.2204E-16
1429.0          -8.8818E-16
1430.0          0.0000
1431.0          -1.5543E-15
1432.0          -6.6613E-16
1433.0          -8.8818E-16
1434.0          1.4433E-15
1435.0          7.7716E-16
1436.0          -1.9984E-15
1437.0          -1.1102E-15
1438.0          1.6653E-15
1439.0          4.4409E-16
1440.0          -2.6645E-15
1441.0          3.1086E-15
1442.0          -4.4409E-16
1443.0          8.8818E-16
1444.0          -2.2204E-15
1445.0          -2.6645E-15
1446.0          -4.4409E-16
1447.0          1.7764E-15
1448.0          5.9952E-15
1449.0          2.2204E-16
1450.0          -2.2204E-15
1451.0          -4.4409E-16
1452.0          -1.7764E-15
1453.0          1.1102E-15
1454.0          2.2204E-15
1455.0          -4.4409E-16
1456.0          5.5511E-16
1457.0          1.8874E-15
1458.0          0.0000
1459.0          -6.6613E-16
1460.0          -1.5543E-15
1461.0          -2.2204E-15
1462.0          1.7764E-15
1463.0          -1.1102E-15
1464.0          1.6653E-15
1465.0          -2.2204E-16
1466.0          1.4433E-15
1467.0          3.8858E-15
1468.0          8.8818E-16
1469.0          -1.1102E-15
1470.0          3.7748E-15
1471.0          -4.4409E-16
1472.0          0.0000
1473.0          2.9976E-15
1474.0          1.4433E-15
1475.0          -1.5543E-15
1476.0          8.8818E-16
1477.0          -2.2204E-15
1478.0          -1.9984E-15
1479.0          -4.4409E-16
1480.0          1.9984E-15
1481.0          -1.1102E-15
1482.0          4.4409E-16
1483.0          2.3315E-15
1484.0          4.4409E-16
1485.0          1.9984E-15
1486.0          3.7748E-15
1487.0          9.9920E-16
1488.0          -3.5527E-15
1489.0          -2.2204E-15
1490.0          3.2196E-15
1491.0          4.4409E-16
1492.0          -1.7764E-15
1493.0          1.3323E-15
1494.0          1.8874E-15
1495.0          1.4433E-15
1496.0          6.6613E-16
1497.0          -1.5543E-15
1498.0          3.3307E-16
1499.0          -8.8818E-16
1500.0          -8.8818E-16
1501.0          -3.9968E-15
1502.0          8.2157E-15
1503.0          3.7748E-15
1504.0          -1.3323E-15
1505.0          -2.2204E-15
1506.0          -6.4393E-15
1507.0          1.6653E-15
1508.0          2.8866E-15
1509.0          -2.2204E-15
1510.0          0.0000
1511.0          -2.2204E-15
1512.0          5.5511E-16
1513.0          1.1102E-16
1514.0          -1.7764E-15
1515.0          1.3323E-15
1516.0          -1.5543E-15
1517.0          2.3315E-15
1518.0          3.6637E-15
1519.0          5.5511E-16
1520.0          -1.5543E-15
1521.0          -4.4409E-16
1522.0          8.8818E-16
1523.0          2.2204E-16
1524.0          1.1102E-16
1525.0          1.3323E-15
1526.0          8.8818E-16
1527.0          -2.6645E-15
1528.0          -3.1086E-15
1529.0          2.2204E-15
1530.0          -1.9984E-15
1531.0          1.4433E-15
1532.0          -2.6645E-15
1533.0          4.4409E-16
1534.0          1.5543E-15
1535.0          -1.3323E-15
1536.0          -2.6645E-15
1537.0          2.6645E-15
1538.0          1.1102E-16
1539.0          4.4409E-16
1540.0          1.7764E-15
1541.0          2.4425E-15
1542.0          1.1102E-15
1543.0          2.2204E-16
1544.0          -2.8866E-15
1545.0          -4.4409E-16
1546.0          -2.8866E-15
1547.0          1.9984E-15
1548.0          1.1102E-15
1549.0          -3.1086E-15
1550.0          -8.8818E-16
1551.0          -4.4409E-16
1552.0          -2.2204E-16
1553.0          5.4401E-15
1554.0          3.3307E-15
1555.0          2.2204E-16
1556.0          -1.3323E-15
1557.0          -2.2204E-16
1558.0          1.1102E-15
1559.0          -1.1102E-15
1560.0          9.5479E-15
1561.0          -1.1990E-14
1562.0          -1.7764E-15
1563.0          6.6613E-16
1564.0          1.4655E-14
1565.0          1.1102E-15
1566.0          -5.9952E-15
1567.0          6.6613E-15
1568.0          1.2434E-14
1569.0          4.2188E-15
1570.0          -8.8818E-15
1571.0          -3.5527E-15
1572.0          2.2204E-16
1573.0          2.8866E-15
1574.0          1.1213E-14
1575.0          -2.2204E-15
1576.0          6.6613E-16
1577.0          4.5519E-15
1578.0          -6.4393E-15
1579.0          -4.6629E-15
1580.0          -1.2434E-14
1581.0          -8.8818E-16
1582.0          4.5519E-15
1583.0          2.8866E-15
1584.0          6.4393E-15
1585.0          -4.4409E-15
1586.0          -3.1086E-15
1587.0          6.4393E-15
1588.0          -1.1102E-15
1589.0          5.5511E-16
1590.0          -6.4393E-15
1591.0          2.9976E-15
1592.0          -3.7748E-15
1593.0          -1.5543E-15
1594.0          1.1102E-15
1595.0          6.3283E-15
1596.0          -3.1086E-15
1597.0          1.1102E-15
1598.0          -4.2188E-15
1599.0          1.0214E-14
1600.0          -1.7764E-15
1601.0          3.7748E-15
1602.0          2.8866E-15
1603.0          -3.3307E-15
1604.0          1.6653E-15
1605.0          7.9936E-15
1606.0          3.8858E-15
1607.0          -8.8818E-16
1608.0          1.4433E-15
1609.0          -7.7716E-15
1610.0          -3.3307E-15
1611.0          5.5511E-16
1612.0          4.1078E-15
1613.0          -8.8818E-15
1614.0          -9.7700E-15
1615.0          1.3434E-14
1616.0          -2.4425E-15
1617.0          -1.3323E-15
1618.0          3.5527E-15
1619.0          -4.2188E-15
1620.0          -4.4409E-16
1621.0          3.1086E-15
1622.0          2.7756E-15
1623.0          7.7716E-15
1624.0          -1.7764E-15
1625.0          -8.8818E-16
1626.0          0.0000
1627.0          6.1062E-15
1628.0          -3.5527E-15
1629.0          4.2188E-15
1630.0          -6.6613E-16
1631.0          -3.9968E-15
1632.0          -1.7764E-15
1633.0          5.3291E-15
1634.0          -5.5511E-15
1635.0          2.3315E-15
1636.0          4.8850E-15
1637.0          0.0000
1638.0          2.6645E-15
1639.0          -1.7764E-15
1640.0          1.7764E-15
1641.0          -6.4393E-15
1642.0          -8.8818E-16
1643.0          -2.2204E-15
1644.0          -7.1054E-15
1645.0          -1.9984E-15
1646.0          -4.4409E-16
1647.0          0.0000
1648.0          1.6653E-15
1649.0          5.6621E-15
1650.0          8.8818E-15
