1400.0          0.23868
1401.0          0.23714
1402.0          0.23561
1403.0          0.23410
1404.0          0.23260
1405.0          0.23112
1406.0          0.22965
1407.0          0.22819
1408.0          0.22675
1409.0          0.22532
1410.0          0.22391
1411.0          0.22251
1412.0          0.22113
1413.0          0.21977
1414.0          0.21842
1415.0          0.21709
1416.0          0.21577
1417.0          0.21447
1418.0          0.21319
1419.0          0.21193
1420.0          0.21069
1421.0          0.20947
1422.0          0.20826
1423.0          0.20707
1424.0          0.20591
1425.0          0.20476
1426.0          0.20364
1427.0          0.20254
1428.0          0.20146
1429.0          0.20040
1430.0          0.19936
1431.0          0.19835
1432.0          0.19736
1433.0          0.19640
1434.0          0.19546
1435.0          0.19455
1436.0          0.19366
1437.0          0.19281
1438.0          0.19198
1439.0          0.19118
1440.0          0.19041
1441.0          0.18966
1442.0          0.18896
1443.0          0.18828
1444.0          0.18764
1445.0          0.18703
1446.0          0.18646
1447.0          0.18592
1448.0          0.18542
1449.0          0.18497
1450.0          0.18455
1451.0          0.18418
1452.0          0.18385
1453.0          0.18357
1454.0          0.18333
1455.0          0.18315
1456.0          0.18302
1457.0          0.18294
1458.0          0.18292
1459.0          0.18296
1460.0          0.18306
1461.0          0.18322
1462.0          0.18346
1463.0          0.18377
1464.0          0.18415
1465.0          0.18461
1466.0          0.18516
1467.0          0.18580
1468.0          0.18653
1469.0          0.18737
1470.0          0.18831
1471.0          0.18936
1472.0          0.19054
1473.0          0.19185
1474.0          0.19329
1475.0          0.19488
1476.0          0.19663
1477.0          0.19856
1478.0          0.20066
1479.0          0.20297
1480.0          0.20549
1481.0          0.20824
1482.0          0.21125
1483.0          0.21453
1484.0          0.21811
1485.0          0.22202
1486.0          0.22629
1487.0          0.23095
1488.0          0.23604
1489.0          0.24161
1490.0          0.24771
1491.0          0.25440
1492.0          0.26173
1493.0          0.26978
1494.0          0.27865
1495.0          0.28841
1496.0          0.29918
1497.0          0.31109
1498.0          0.32427
1499.0          0.33889
1500.0          0.35512
1501.0          0.37319
1502.0          0.39331
1503.0          0.41574
1504.0          0.44077
1505.0          0.46869
1506.0          0.49981
1507.0          0.53441
1508.0          0.57273
1509.0          0.61490
1510.0          0.66086
1511.0          0.71025
1512.0          0.76227
1513.0          0.81549
1514.0          0.86773
1515.0          0.91599
1516.0          0.95659
1517.0          0.98553
1518.0          0.99925
1519.0          0.99538
1520.0          0.97345
1521.0          0.93512
1522.0          0.88374
1523.0          0.82363
1524.0          0.75914
1525.0          0.69401
1526.0          0.63106
1527.0          0.57210
1528.0          0.51813
1529.0          0.46953
1530.0          0.42624
1531.0          0.38797
1532.0          0.35430
1533.0          0.32475
1534.0          0.29884
1535.0          0.27613
1536.0          0.25620
1537.0          0.23868
1538.0          0.22326
1539.0          0.20966
1540.0          0.19763
1541.0          0.18698
1542.0          0.17752
1543.0          0.16910
1544.0          0.16159
1545.0          0.15488
1546.0          0.14887
1547.0          0.14348
1548.0          0.13863
1549.0          0.13427
1550.0          0.13034
1551.0          0.12679
1552.0          0.12358
1553.0          0.12068
1554.0          0.11806
1555.0          0.11568
1556.0          0.11352
1557.0          0.11157
1558.0          0.10980
1559.0          0.10820
1560.0          0.10675
1561.0          0.10543
1562.0          0.10425
1563.0          0.10318
1564.0          0.10221
1565.0          0.10135
1566.0          0.10057
1567.0          0.099880
1568.0          0.099266
1569.0          0.098724
1570.0          0.098248
1571.0          0.097835
1572.0          0.097479
1573.0          0.097177
1574.0          0.096927
1575.0          0.096723
1576.0          0.096564
1577.0          0.096447
1578.0          0.096369
1579.0          0.096328
1580.0          0.096323
1581.0          0.096350
1582.0          0.096409
1583.0          0.096498
1584.0          0.096615
1585.0          0.096759
1586.0          0.096928
1587.0          0.097122
1588.0          0.097339
1589.0          0.097578
1590.0          0.097839
1591.0          0.098120
1592.0          0.098420
1593.0          0.098739
1594.0          0.099076
1595.0          0.099430
1596.0          0.099801
1597.0          0.10019
1598.0          0.10059
1599.0          0.10101
1600.0          0.10144
1601.0          0.10188
1602.0          0.10234
1603.0          0.10281
1604.0          0.10330
1605.0          0.10379
1606.0          0.10430
1607.0          0.10482
1608.0          0.10535
1609.0          0.10589
1610.0          0.10644
1611.0          0.10700
1612.0          0.10757
1613.0          0.10815
1614.0          0.10874
1615.0          0.10934
1616.0          0.10995
1617.0          0.11057
1618.0          0.11119
1619.0          0.11182
1620.0          0.11247
1621.0          0.11311
1622.0          0.11377
1623.0          0.11443
1624.0          0.11510
1625.0          0.11578
1626.0          0.11647
1627.0          0.11716
1628.0          0.11785
1629.0          0.11856
1630.0          0.11927
1631.0          0.11998
1632.0          0.12071
1633.0          0.12143
1634.0          0.12217
1635.0          0.12291
1636.0          0.12365
1637.0          0.12440
1638.0          0.12516
1639.0          0.12592
1640.0          0.12668
1641.0          0.12745
1642.0          0.12822
1643.0          0.12900
1644.0          0.12979
1645.0          0.13057
1646.0          0.13136
1647.0          0.13216
1648.0          0.13296
1649.0          0.13376
1650.0          0.13457
1400.0          0.76132
1401.0          0.76286
1402.0          0.76439
1403.0          0.76590
1404.0          0.76740
1405.0          0.76888
1406.0          0.77035
1407.0          0.77181
1408.0          0.77325
1409.0          0.77468
1410.0          0.77609
1411.0          0.77749
1412.0          0.77887
1413.0          0.78023
1414.0          0.78158
1415.0          0.78291
1416.0          0.78423
1417.0          0.78553
1418.0          0.78681
1419.0          0.78807
1420.0          0.78931
1421.0          0.79053
1422.0          0.79174
1423.0          0.79293
1424.0          0.79409
1425.0          0.79524
1426.0          0.79636
1427.0          0.79746
1428.0          0.79854
1429.0          0.79960
1430.0          0.80064
1431.0          0.80165
1432.0          0.80264
1433.0          0.80360
1434.0          0.80454
1435.0          0.80545
1436.0          0.80634
1437.0          0.80719
1438.0          0.80802
1439.0          0.80882
1440.0          0.80959
1441.0          0.81034
1442.0          0.81104
1443.0          0.81172
1444.0          0.81236
1445.0          0.81297
1446.0          0.81354
1447.0          0.81408
1448.0          0.81458
1449.0          0.81503
1450.0          0.81545
1451.0          0.81582
1452.0          0.81615
1453.0          0.81643
1454.0          0.81667
1455.0          0.81685
1456.0          0.81698
1457.0          0.81706
1458.0          0.81708
1459.0          0.81704
1460.0          0.81694
1461.0          0.81678
1462.0          0.81654
1463.0          0.81623
1464.0          0.81585
1465.0          0.81539
1466.0          0.81484
1467.0          0.81420
1468.0          0.81347
1469.0          0.81263
1470.0          0.81169
1471.0          0.81064
1472.0          0.80946
1473.0          0.80815
1474.0          0.80671
1475.0          0.80512
1476.0          0.80337
1477.0          0.80144
1478.0          0.79934
1479.0          0.79703
1480.0          0.79451
1481.0          0.79176
1482.0          0.78875
1483.0          0.78547
1484.0          0.78189
1485.0          0.77798
1486.0          0.77371
1487.0          0.76905
1488.0          0.76396
1489.0          0.75839
1490.0          0.75229
1491.0          0.74560
1492.0          0.73827
1493.0          0.73022
1494.0          0.72135
1495.0          0.71159
1496.0          0.70082
1497.0          0.68891
1498.0          0.67573
1499.0          0.66111
1500.0          0.64488
1501.0          0.62681
1502.0          0.60669
1503.0          0.58426
1504.0          0.55923
1505.0          0.53131
1506.0          0.50019
1507.0          0.46559
1508.0          0.42727
1509.0          0.38510
1510.0          0.33914
1511.0          0.28975
1512.0          0.23773
1513.0          0.18451
1514.0          0.13227
1515.0          0.084008
1516.0          0.043413
1517.0          0.014466
1518.0          7.4836E-4
1519.0          0.0046207
1520.0          0.026546
1521.0          0.064881
1522.0          0.11626
1523.0          0.17637
1524.0          0.24086
1525.0          0.30599
1526.0          0.36894
1527.0          0.42790
1528.0          0.48187
1529.0          0.53047
1530.0          0.57376
1531.0          0.61203
1532.0          0.64570
1533.0          0.67525
1534.0          0.70116
1535.0          0.72387
1536.0          0.74380
1537.0          0.76132
1538.0          0.77674
1539.0          0.79034
1540.0          0.80237
1541.0          0.81302
1542.0          0.82248
1543.0          0.83090
1544.0          0.83841
1545.0          0.84512
1546.0          0.85113
1547.0          0.85652
1548.0          0.86137
1549.0          0.86573
1550.0          0.86966
1551.0          0.87321
1552.0          0.87642
1553.0          0.87932
1554.0          0.88194
1555.0          0.88432
1556.0          0.88648
1557.0          0.88843
1558.0          0.89020
1559.0          0.89180
1560.0          0.89325
1561.0          0.89457
1562.0          0.89575
1563.0          0.89682
1564.0          0.89779
1565.0          0.89865
1566.0          0.89943
1567.0          0.90012
1568.0          0.90073
1569.0          0.90128
1570.0          0.90175
1571.0          0.90217
1572.0          0.90252
1573.0          0.90282
1574.0          0.90307
1575.0          0.90328
1576.0          0.90344
1577.0          0.90355
1578.0          0.90363
1579.0          0.90367
1580.0          0.90368
1581.0          0.90365
1582.0          0.90359
1583.0          0.90350
1584.0          0.90338
1585.0          0.90324
1586.0          0.90307
1587.0          0.90288
1588.0          0.90266
1589.0          0.90242
1590.0          0.90216
1591.0          0.90188
1592.0          0.90158
1593.0          0.90126
1594.0          0.90092
1595.0          0.90057
1596.0          0.90020
1597.0          0.89981
1598.0          0.89941
1599.0          0.89899
1600.0          0.89856
1601.0          0.89812
1602.0          0.89766
1603.0          0.89719
1604.0          0.89670
1605.0          0.89621
1606.0          0.89570
1607.0          0.89518
1608.0          0.89465
1609.0          0.89411
1610.0          0.89356
1611.0          0.89300
1612.0          0.89243
1613.0          0.89185
1614.0          0.89126
1615.0          0.89066
1616.0          0.89005
1617.0          0.88943
1618.0          0.88881
1619.0          0.88818
1620.0          0.88753
1621.0          0.88689
1622.0          0.88623
1623.0          0.88557
1624.0          0.88490
1625.0          0.88422
1626.0          0.88353
1627.0          0.88284
1628.0          0.88215
1629.0          0.88144
1630.0          0.88073
1631.0          0.88002
1632.0          0.87929
1633.0          0.87857
1634.0          0.87783
1635.0          0.87709
1636.0          0.87635
1637.0          0.87560
1638.0          0.87484
1639.0          0.87408
1640.0          0.87332
1641.0          0.87255
1642.0          0.87178
1643.0          0.87100
1644.0          0.87021
1645.0          0.86943
1646.0          0.86864
1647.0          0.86784
1648.0          0.86704
1649.0          0.86624
1650.0          0.86543
1400.0          1.0000
1401.0          1.0000
1402.0          1.0000
1403.0          1.0000
1404.0          1.0000
1405.0          1.0000
1406.0          1.0000
1407.0          1.0000
1408.0          1.0000
1409.0          1.0000
1410.0          1.0000
1411.0          1.0000
1412.0          1.0000
1413.0          1.0000
1414.0          1.0000
1415.0          1.0000
1416.0          1.0000
1417.0          1.0000
1418.0          1.0000
1419.0          1.0000
1420.0          1.0000
1421.0          1.0000
1422.0          1.0000
1423.0          1.0000
1424.0          1.0000
1425.0          1.0000
1426.0          1.0000
1427.0          1.0000
1428.0          1.0000
1429.0          1.0000
1430.0          1.0000
1431.0          1.0000
1432.0          1.0000
1433.0          1.0000
1434.0          1.0000
1435.0          1.0000
1436.0          1.0000
1437.0          1.0000
1438.0          1.0000
1439.0          1.0000
1440.0          1.0000
1441.0          1.0000
1442.0          1.0000
1443.0          1.0000
1444.0          1.0000
1445.0          1.0000
1446.0          1.0000
1447.0          1.0000
1448.0          1.0000
1449.0          1.0000
1450.0          1.0000
1451.0          1.0000
1452.0          1.0000
1453.0          1.0000
1454.0          1.0000
1455.0          1.0000
1456.0          1.0000
1457.0          1.0000
1458.0          1.0000
1459.0          1.0000
1460.0          1.0000
1461.0          1.0000
1462.0          1.0000
1463.0          1.0000
1464.0          1.0000
1465.0          1.0000
1466.0          1.0000
1467.0          1.0000
1468.0          1.0000
1469.0          1.0000
1470.0          1.0000
1471.0          1.0000
1472.0          1.0000
1473.0          1.0000
1474.0          1.0000
1475.0          1.0000
1476.0          1.0000
1477.0          1.0000
1478.0          1.0000
1479.0          1.0000
1480.0          1.0000
1481.0          1.0000
1482.0          1.0000
1483.0          1.0000
1484.0          1.0000
1485.0          1.0000
1486.0          1.0000
1487.0          1.0000
1488.0          1.0000
1489.0          1.0000
1490.0          1.0000
1491.0          1.0000
1492.0          1.0000
1493.0          1.0000
1494.0          1.0000
1495.0          1.0000
1496.0          1.0000
1497.0          1.0000
1498.0          1.0000
1499.0          1.0000
1500.0          1.0000
1501.0          1.0000
1502.0          1.0000
1503.0          1.0000
1504.0          1.0000
1505.0          1.0000
1506.0          1.0000
1507.0          1.0000
1508.0          1.0000
1509.0          1.0000
1510.0          1.0000
1511.0          1.0000
1512.0          1.0000
1513.0          1.0000
1514.0          1.0000
1515.0          1.0000
1516.0          1.0000
1517.0          1.0000
1518.0          1.0000
1519.0          1.0000
1520.0          1.0000
1521.0          1.0000
1522.0          1.0000
1523.0          1.0000
1524.0          1.0000
1525.0          1.0000
1526.0          1.0000
1527.0          1.0000
1528.0          1.0000
1529.0          1.0000
1530.0          1.0000
1531.0          1.0000
1532.0          1.0000
1533.0          1.0000
1534.0          1.0000
1535.0          1.0000
1536.0          1.0000
1537.0          1.0000
1538.0          1.0000
1539.0          1.0000
1540.0          1.0000
1541.0          1.0000
1542.0          1.0000
1543.0          1.0000
1544.0          1.0000
1545.0          1.0000
1546.0          1.0000
1547.0          1.0000
1548.0          1.0000
1549.0          1.0000
1550.0          1.0000
1551.0          1.0000
1552.0          1.0000
1553.0          1.0000
1554.0          1.0000
1555.0          1.0000
1556.0          1.0000
1557.0          1.0000
1558.0          1.0000
1559.0          1.0000
1560.0          1.0000
1561.0          1.0000
1562.0          1.0000
1563.0          1.0000
1564.0          1.0000
1565.0          1.0000
1566.0          1.0000
1567.0          1.0000
1568.0          1.0000
1569.0          1.0000
1570.0          1.0000
1571.0          1.0000
1572.0          1.0000
1573.0          1.0000
1574.0          1.0000
1575.0          1.0000
1576.0          1.0000
1577.0          1.0000
1578.0          1.0000
1579.0          1.0000
1580.0          1.0000
1581.0          1.0000
1582.0          1.0000
1583.0          1.0000
1584.0          1.0000
1585.0          1.0000
1586.0          1.0000
1587.0          1.0000
1588.0          1.0000
1589.0          1.0000
1590.0          1.0000
1591.0          1.0000
1592.0          1.0000
1593.0          1.0000
1594.0          1.0000
1595.0          1.0000
1596.0          1.0000
1597.0          1.0000
1598.0          1.0000
1599.0          1.0000
1600.0          1.0000
1601.0          1.0000
1602.0          1.0000
1603.0          1.0000
1604.0          1.0000
1605.0          1.0000
1606.0          1.0000
1607.0          1.0000
1608.0          1.0000
1609.0          1.0000
1610.0          1.0000
1611.0          1.0000
1612.0          1.0000
1613.0          1.0000
1614.0          1.0000
1615.0          1.0000
1616.0          1.0000
1617.0          1.0000
1618.0          1.0000
1619.0          1.0000
1620.0          1.0000
1621.0          1.0000
1622.0          1.0000
1623.0          1.0000
1624.0          1.0000
1625.0          1.0000
1626.0          1.0000
1627.0          1.0000
1628.0          1.0000
1629.0          1.0000
1630.0          1.0000
1631.0          1.0000
1632.0          1.0000
1633.0          1.0000
1634.0          1.0000
1635.0          1.0000
1636.0          1.0000
1637.0          1.0000
1638.0          1.0000
1639.0          1.0000
1640.0          1.0000
1641.0          1.0000
1642.0          1.0000
1643.0          1.0000
1644.0          1.0000
1645.0          1.0000
1646.0          1.0000
1647.0          1.0000
1648.0          1.0000
1649.0          1.0000
1650.0          1.0000
1400.0          -2.4425E-15
1401.0          1.7764E-15
1402.0          -7.1054E-15
1403.0          1.1102E-15
1404.0          1.2212E-15
1405.0          4.4409E-16
1406.0          -3.1086E-15
1407.0          -1.2657E-14
1408.0          1.5543E-15
1409.0          0.0000
1410.0          1.8874E-15
1411.0          -1.9984E-15
1412.0          2.2204E-16
1413.0          -2.2204E-16
1414.0          -1.7764E-15
1415.0          1.2212E-15
1416.0          -4.2188E-15
1417.0          -4.4409E-16
1418.0          -6.6613E-16
1419.0          1.4433E-15
1420.0          9.9920E-16
1421.0          2.4425E-15
1422.0          1.3323E-15
1423.0          -2.2204E-16
1424.0          8.8818E-16
1425.0          0.0000
1426.0          -2.2204E-16
1427.0          -1.5543E-15
1428.0          -4.8850E-15
1429.0          -2.2204E-15
1430.0          -1.9984E-15
1431.0          2.8866E-15
1432.0          4.2188E-15
1433.0          -3.5527E-15
1434.0          -1.7764E-15
1435.0          1.9984E-15
1436.0          -3.1086E-15
1437.0          4.4409E-16
1438.0          4.8850E-15
1439.0          2.4425E-15
1440.0          2.7756E-15
1441.0          -1.1102E-15
1442.0          1.1102E-16
1443.0          0.0000
1444.0          6.6613E-16
1445.0          1.4433E-15
1446.0          -8.8818E-16
1447.0          4.4409E-16
1448.0          4.6629E-15
1449.0          -1.9984E-15
1450.0          2.8866E-15
1451.0          5.6621E-15
1452.0          -4.2188E-15
1453.0          -4.4409E-15
1454.0          2.8866E-15
1455.0          7.7716E-16
1456.0          2.4425E-15
1457.0          -3.9968E-15
1458.0          3.4417E-15
1459.0          2.1094E-15
1460.0          1.5543E-15
1461.0          -1.3323E-15
1462.0          2.2204E-16
1463.0          -1.7764E-15
1464.0          5.5511E-16
1465.0          3.3307E-16
1466.0          1.1102E-15
1467.0          0.0000
1468.0          2.7756E-15
1469.0          -2.8866E-15
1470.0          1.8874E-15
1471.0          3.3307E-16
1472.0          -3.1086E-15
1473.0          2.7756E-15
1474.0          3.9968E-15
1475.0          -3.1086E-15
1476.0          -3.3307E-15
1477.0          5.7732E-15
1478.0          -2.4425E-15
1479.0          1.2212E-15
1480.0          7.5495E-15
1481.0          -2.6645E-15
1482.0          -4.8850E-15
1483.0          2.4425E-15
1484.0          -1.9984E-15
1485.0          -1.1324E-14
1486.0          9.8810E-15
1487.0          -1.1102E-15
1488.0          2.6645E-15
1489.0          -1.1102E-15
1490.0          0.0000
1491.0          1.4433E-15
1492.0          1.6875E-14
1493.0          1.9984E-15
1494.0          -6.2172E-15
1495.0          1.1102E-16
1496.0          3.7748E-15
1497.0          -4.2188E-15
1498.0          0.0000
1499.0          -4.4409E-16
1500.0          -1.5543E-15
1501.0          3.1086E-15
1502.0          -5.9952E-15
1503.0          -2.2204E-15
1504.0          1.5654E-14
1505.0          -2.6645E-15
1506.0          3.9968E-15
1507.0          1.4544E-14
1508.0          7.5495E-15
1509.0          0.0000
1510.0          6.5503E-15
1511.0          -1.5543E-14
1512.0          1.6653E-14
1513.0          9.5479E-15
1514.0          -9.5479E-15
1515.0          -7.3275E-15
1516.0          1.2101E-14
1517.0          2.8644E-14
1518.0          1.9429E-14
1519.0          -2.4647E-14
1520.0          3.1974E-14
1521.0          -4.4409E-16
1522.0          1.8874E-14
1523.0          5.2180E-15
1524.0          1.1990E-14
1525.0          -1.1102E-15
1526.0          6.8834E-15
1527.0          3.9968E-15
1528.0          8.2157E-15
1529.0          -1.5543E-15
1530.0          -4.4409E-16
1531.0          -4.4409E-16
1532.0          -1.0658E-14
1533.0          8.8818E-16
1534.0          3.9968E-15
1535.0          -4.4409E-16
1536.0          2.7756E-15
1537.0          -6.2172E-15
1538.0          -4.4409E-16
1539.0          7.1054E-15
1540.0          6.7724E-15
1541.0          -1.1102E-15
1542.0          -6.6613E-16
1543.0          -5.7732E-15
1544.0          -1.9984E-15
1545.0          4.9960E-15
1546.0          2.5535E-15
1547.0          -3.3307E-15
1548.0          2.8866E-15
1549.0          -2.2204E-15
1550.0          -2.2204E-16
1551.0          8.8818E-16
1552.0          -3.9968E-15
1553.0          -2.2204E-16
1554.0          5.1070E-15
1555.0          4.8850E-15
1556.0          5.3291E-15
1557.0          2.6645E-15
1558.0          5.3291E-15
1559.0          -1.3323E-15
1560.0          -1.7764E-15
1561.0          2.2204E-16
1562.0          3.3307E-15
1563.0          -2.2204E-16
1564.0          3.4417E-15
1565.0          3.8858E-15
1566.0          -8.8818E-16
1567.0          -4.4409E-15
1568.0          4.4409E-15
1569.0          4.4409E-15
1570.0          0.0000
1571.0          5.8842E-15
1572.0          -1.9984E-15
1573.0          3.6637E-15
1574.0          0.0000
1575.0          8.8818E-16
1576.0          -2.2204E-16
1577.0          1.9984E-15
1578.0          -1.1102E-15
1579.0          3.3307E-15
1580.0          -6.6613E-16
1581.0          -6.6613E-16
1582.0          6.6613E-16
1583.0          1.2212E-15
1584.0          2.1094E-15
1585.0          2.4425E-15
1586.0          1.3323E-15
1587.0          -4.4409E-15
1588.0          -6.6613E-16
1589.0          1.8874E-15
1590.0          -4.4409E-16
1591.0          -4.4409E-16
1592.0          -1.5543E-15
1593.0          -2.2204E-16
1594.0          -2.2204E-15
1595.0          2.2204E-16
1596.0          -1.3323E-15
1597.0          3.9968E-15
1598.0          -2.2204E-16
1599.0          -3.3307E-15
1600.0          2.2204E-15
1601.0          3.3307E-16
1602.0          5.7732E-15
1603.0          3.9968E-15
1604.0          -8.8818E-16
1605.0          9.9920E-16
1606.0          2.8866E-15
1607.0          4.8850E-15
1608.0          -8.8818E-16
1609.0          -8.8818E-16
1610.0          5.5511E-16
1611.0          4.4409E-15
1612.0          6.3283E-15
1613.0          9.9920E-16
1614.0          -1.7764E-15
1615.0          4.4409E-16
1616.0          1.9984E-15
1617.0          -8.8818E-16
1618.0          -1.7764E-15
1619.0          -4.6629E-15
1620.0          1.9984E-15
1621.0          1.2212E-15
1622.0          1.1102E-15
1623.0          2.9976E-15
1624.0          1.2212E-15
1625.0          -4.4409E-16
1626.0          -2.4425E-15
1627.0          -4.8850E-15
1628.0          3.5527E-15
1629.0          -3.5527E-15
1630.0          3.3307E-16
1631.0          -4.8850E-15
1632.0          6.3283E-15
1633.0          2.2204E-16
1634.0          2.5535E-15
1635.0          -2.6645E-15
1636.0          3.7748E-15
1637.0          -2.4425E-15
1638.0          1.8874E-15
1639.0          -4.4409E-16
1640.0          -3.5527E-15
1641.0          4.1078E-15
1642.0          -3.1086E-15
1643.0          -5.1070E-15
1644.0          -2.8866E-15
1645.0          -8.8818E-16
1646.0          7.6605E-15
1647.0          2.2204E-16
1648.0          4.4409E-15
1649.0          2.1094E-15
1650.0          5.9952E-15
