1400.0          0.082959
1401.0          0.084010
1402.0          0.085031
1403.0          0.086027
1404.0          0.087005
1405.0          0.087970
1406.0          0.088925
1407.0          0.089873
1408.0          0.090816
1409.0          0.091755
1410.0          0.092690
1411.0          0.093623
1412.0          0.094553
1413.0          0.095480
1414.0          0.096406
1415.0          0.097330
1416.0          0.098252
1417.0          0.099172
1418.0          0.10009
1419.0          0.10101
1420.0          0.10192
1421.0          0.10283
1422.0          0.10374
1423.0          0.10465
1424.0          0.10556
1425.0          0.10646
1426.0          0.10737
1427.0          0.10827
1428.0          0.10916
1429.0          0.11006
1430.0          0.11095
1431.0          0.11184
1432.0          0.11273
1433.0          0.11361
1434.0          0.11449
1435.0          0.11537
1436.0          0.11624
1437.0          0.11711
1438.0          0.11798
1439.0          0.11885
1440.0          0.11971
1441.0          0.12056
1442.0          0.12141
1443.0          0.12226
1444.0          0.12311
1445.0          0.12395
1446.0          0.12478
1447.0          0.12562
1448.0          0.12644
1449.0          0.12727
1450.0          0.12808
1451.0          0.12890
1452.0          0.12970
1453.0          0.13051
1454.0          0.13131
1455.0          0.13210
1456.0          0.13289
1457.0          0.13367
1458.0          0.13445
1459.0          0.13522
1460.0          0.13598
1461.0          0.13674
1462.0          0.13750
1463.0          0.13824
1464.0          0.13899
1465.0          0.13972
1466.0          0.14045
1467.0          0.14117
1468.0          0.14189
1469.0          0.14260
1470.0          0.14330
1471.0          0.14400
1472.0          0.14469
1473.0          0.14537
1474.0          0.14605
1475.0          0.14672
1476.0          0.14738
1477.0          0.14803
1478.0          0.14868
1479.0          0.14932
1480.0          0.14995
1481.0          0.15057
1482.0          0.15119
1483.0          0.15180
1484.0          0.15240
1485.0          0.15299
1486.0          0.15357
1487.0          0.15415
1488.0          0.15471
1489.0          0.15527
1490.0          0.15582
1491.0          0.15636
1492.0          0.15689
1493.0          0.15742
1494.0          0.15793
1495.0          0.15843
1496.0          0.15893
1497.0          0.15941
1498.0          0.15989
1499.0          0.16036
1500.0          0.16081
1501.0          0.16126
1502.0          0.16169
1503.0          0.16212
1504.0          0.16254
1505.0          0.16294
1506.0          0.16334
1507.0          0.16372
1508.0          0.16409
1509.0          0.16445
1510.0          0.16481
1511.0          0.16514
1512.0          0.16547
1513.0          0.16579
1514.0          0.16610
1515.0          0.16639
1516.0          0.16667
1517.0          0.16694
1518.0          0.16720
1519.0          0.16744
1520.0          0.16767
1521.0          0.16789
1522.0          0.16810
1523.0          0.16829
1524.0          0.16847
1525.0          0.16864
1526.0          0.16879
1527.0          0.16893
1528.0          0.16905
1529.0          0.16916
1530.0          0.16926
1531.0          0.16934
1532.0          0.16941
1533.0          0.16946
1534.0          0.16950
1535.0          0.16952
1536.0          0.16953
1537.0          0.16952
1538.0          0.16949
1539.0          0.16945
1540.0          0.16939
1541.0          0.16931
1542.0          0.16922
1543.0          0.16911
1544.0          0.16899
1545.0          0.16884
1546.0          0.16868
1547.0          0.16850
1548.0          0.16830
1549.0          0.16808
1550.0          0.16784
1551.0          0.16758
1552.0          0.16731
1553.0          0.16701
1554.0          0.16669
1555.0          0.16635
1556.0          0.16599
1557.0          0.16561
1558.0          0.16521
1559.0          0.16479
1560.0          0.16434
1561.0          0.16387
1562.0          0.16338
1563.0          0.16286
1564.0          0.16232
1565.0          0.16175
1566.0          0.16116
1567.0          0.16055
1568.0          0.15991
1569.0          0.15924
1570.0          0.15855
1571.0          0.15783
1572.0          0.15708
1573.0          0.15630
1574.0          0.15550
1575.0          0.15466
1576.0          0.15380
1577.0          0.15291
1578.0          0.15198
1579.0          0.15103
1580.0          0.15004
1581.0          0.14902
1582.0          0.14797
1583.0          0.14688
1584.0          0.14576
1585.0          0.14461
1586.0          0.14342
1587.0          0.14219
1588.0          0.14093
1589.0          0.13963
1590.0          0.13829
1591.0          0.13692
1592.0          0.13550
1593.0          0.13404
1594.0          0.13255
1595.0          0.13101
1596.0          0.12943
1597.0          0.12781
1598.0          0.12614
1599.0          0.12443
1600.0          0.12268
1601.0          0.12088
1602.0          0.11903
1603.0          0.11714
1604.0          0.11520
1605.0          0.11321
1606.0          0.11117
1607.0          0.10908
1608.0          0.10695
1609.0          0.10476
1610.0          0.10252
1611.0          0.10024
1612.0          0.097898
1613.0          0.095508
1614.0          0.093067
1615.0          0.090575
1616.0          0.088032
1617.0          0.085438
1618.0          0.082794
1619.0          0.080101
1620.0          0.077359
1621.0          0.074570
1622.0          0.071735
1623.0          0.068857
1624.0          0.065936
1625.0          0.062977
1626.0          0.059981
1627.0          0.056952
1628.0          0.053896
1629.0          0.050815
1630.0          0.047716
1631.0          0.044606
1632.0          0.041490
1633.0          0.038379
1634.0          0.035281
1635.0          0.032207
1636.0          0.029169
1637.0          0.026181
1638.0          0.023259
1639.0          0.020421
1640.0          0.017686
1641.0          0.015076
1642.0          0.012618
1643.0          0.010338
1644.0          0.0082701
1645.0          0.0064479
1646.0          0.0049114
1647.0          0.0037043
1648.0          0.0028755
1649.0          0.0024789
1650.0          0.0025741
1400.0          0.91704
1401.0          0.91599
1402.0          0.91497
1403.0          0.91397
1404.0          0.91300
1405.0          0.91203
1406.0          0.91108
1407.0          0.91013
1408.0          0.90918
1409.0          0.90824
1410.0          0.90731
1411.0          0.90638
1412.0          0.90545
1413.0          0.90452
1414.0          0.90359
1415.0          0.90267
1416.0          0.90175
1417.0          0.90083
1418.0          0.89991
1419.0          0.89899
1420.0          0.89808
1421.0          0.89717
1422.0          0.89626
1423.0          0.89535
1424.0          0.89444
1425.0          0.89354
1426.0          0.89263
1427.0          0.89173
1428.0          0.89084
1429.0          0.88994
1430.0          0.88905
1431.0          0.88816
1432.0          0.88727
1433.0          0.88639
1434.0          0.88551
1435.0          0.88463
1436.0          0.88376
1437.0          0.88289
1438.0          0.88202
1439.0          0.88115
1440.0          0.88029
1441.0          0.87944
1442.0          0.87859
1443.0          0.87774
1444.0          0.87689
1445.0          0.87605
1446.0          0.87522
1447.0          0.87438
1448.0          0.87356
1449.0          0.87273
1450.0          0.87192
1451.0          0.87110
1452.0          0.87030
1453.0          0.86949
1454.0          0.86869
1455.0          0.86790
1456.0          0.86711
1457.0          0.86633
1458.0          0.86555
1459.0          0.86478
1460.0          0.86402
1461.0          0.86326
1462.0          0.86250
1463.0          0.86176
1464.0          0.86101
1465.0          0.86028
1466.0          0.85955
1467.0          0.85883
1468.0          0.85811
1469.0          0.85740
1470.0          0.85670
1471.0          0.85600
1472.0          0.85531
1473.0          0.85463
1474.0          0.85395
1475.0          0.85328
1476.0          0.85262
1477.0          0.85197
1478.0          0.85132
1479.0          0.85068
1480.0          0.85005
1481.0          0.84943
1482.0          0.84881
1483.0          0.84820
1484.0          0.84760
1485.0          0.84701
1486.0          0.84643
1487.0          0.84585
1488.0          0.84529
1489.0          0.84473
1490.0          0.84418
1491.0          0.84364
1492.0          0.84311
1493.0          0.84258
1494.0          0.84207
1495.0          0.84157
1496.0          0.84107
1497.0          0.84059
1498.0          0.84011
1499.0          0.83964
1500.0          0.83919
1501.0          0.83874
1502.0          0.83831
1503.0          0.83788
1504.0          0.83746
1505.0          0.83706
1506.0          0.83666
1507.0          0.83628
1508.0          0.83591
1509.0          0.83555
1510.0          0.83519
1511.0          0.83486
1512.0          0.83453
1513.0          0.83421
1514.0          0.83390
1515.0          0.83361
1516.0          0.83333
1517.0          0.83306
1518.0          0.83280
1519.0          0.83256
1520.0          0.83233
1521.0          0.83211
1522.0          0.83190
1523.0          0.83171
1524.0          0.83153
1525.0          0.83136
1526.0          0.83121
1527.0          0.83107
1528.0          0.83095
1529.0          0.83084
1530.0          0.83074
1531.0          0.83066
1532.0          0.83059
1533.0          0.83054
1534.0          0.83050
1535.0          0.83048
1536.0          0.83047
1537.0          0.83048
1538.0          0.83051
1539.0          0.83055
1540.0          0.83061
1541.0          0.83069
1542.0          0.83078
1543.0          0.83089
1544.0          0.83101
1545.0          0.83116
1546.0          0.83132
1547.0          0.83150
1548.0          0.83170
1549.0          0.83192
1550.0          0.83216
1551.0          0.83242
1552.0          0.83269
1553.0          0.83299
1554.0          0.83331
1555.0          0.83365
1556.0          0.83401
1557.0          0.83439
1558.0          0.83479
1559.0          0.83521
1560.0          0.83566
1561.0          0.83613
1562.0          0.83662
1563.0          0.83714
1564.0          0.83768
1565.0          0.83825
1566.0          0.83884
1567.0          0.83945
1568.0          0.84009
1569.0          0.84076
1570.0          0.84145
1571.0          0.84217
1572.0          0.84292
1573.0          0.84370
1574.0          0.84450
1575.0          0.84534
1576.0          0.84620
1577.0          0.84709
1578.0          0.84802
1579.0          0.84897
1580.0          0.84996
1581.0          0.85098
1582.0          0.85203
1583.0          0.85312
1584.0          0.85424
1585.0          0.85539
1586.0          0.85658
1587.0          0.85781
1588.0          0.85907
1589.0          0.86037
1590.0          0.86171
1591.0          0.86308
1592.0          0.86450
1593.0          0.86596
1594.0          0.86745
1595.0          0.86899
1596.0          0.87057
1597.0          0.87219
1598.0          0.87386
1599.0          0.87557
1600.0          0.87732
1601.0          0.87912
1602.0          0.88097
1603.0          0.88286
1604.0          0.88480
1605.0          0.88679
1606.0          0.88883
1607.0          0.89092
1608.0          0.89305
1609.0          0.89524
1610.0          0.89748
1611.0          0.89976
1612.0          0.90210
1613.0          0.90449
1614.0          0.90693
1615.0          0.90943
1616.0          0.91197
1617.0          0.91456
1618.0          0.91721
1619.0          0.91990
1620.0          0.92264
1621.0          0.92543
1622.0          0.92826
1623.0          0.93114
1624.0          0.93406
1625.0          0.93702
1626.0          0.94002
1627.0          0.94305
1628.0          0.94610
1629.0          0.94919
1630.0          0.95228
1631.0          0.95539
1632.0          0.95851
1633.0          0.96162
1634.0          0.96472
1635.0          0.96779
1636.0          0.97083
1637.0          0.97382
1638.0          0.97674
1639.0          0.97958
1640.0          0.98231
1641.0          0.98492
1642.0          0.98738
1643.0          0.98966
1644.0          0.99173
1645.0          0.99355
1646.0          0.99509
1647.0          0.99630
1648.0          0.99712
1649.0          0.99752
1650.0          0.99743
1400.0          1.0000
1401.0          1.0000
1402.0          1.0000
1403.0          1.0000
1404.0          1.0000
1405.0          1.0000
1406.0          1.0000
1407.0          1.0000
1408.0          1.0000
1409.0          1.0000
1410.0          1.0000
1411.0          1.0000
1412.0          1.0000
1413.0          1.0000
1414.0          1.0000
1415.0          1.0000
1416.0          1.0000
1417.0          1.0000
1418.0          1.0000
1419.0          1.0000
1420.0          1.0000
1421.0          1.0000
1422.0          1.0000
1423.0          1.0000
1424.0          1.0000
1425.0          1.0000
1426.0          1.0000
1427.0          1.0000
1428.0          1.0000
1429.0          1.0000
1430.0          1.0000
1431.0          1.0000
1432.0          1.0000
1433.0          1.0000
1434.0          1.0000
1435.0          1.0000
1436.0          1.0000
1437.0          1.0000
1438.0          1.0000
1439.0          1.0000
1440.0          1.0000
1441.0          1.0000
1442.0          1.0000
1443.0          1.0000
1444.0          1.0000
1445.0          1.0000
1446.0          1.0000
1447.0          1.0000
1448.0          1.0000
1449.0          1.0000
1450.0          1.0000
1451.0          1.0000
1452.0          1.0000
1453.0          1.0000
1454.0          1.0000
1455.0          1.0000
1456.0          1.0000
1457.0          1.0000
1458.0          1.0000
1459.0          1.0000
1460.0          1.0000
1461.0          1.0000
1462.0          1.0000
1463.0          1.0000
1464.0          1.0000
1465.0          1.0000
1466.0          1.0000
1467.0          1.0000
1468.0          1.0000
1469.0          1.0000
1470.0          1.0000
1471.0          1.0000
1472.0          1.0000
1473.0          1.0000
1474.0          1.0000
1475.0          1.0000
1476.0          1.0000
1477.0          1.0000
1478.0          1.0000
1479.0          1.0000
1480.0          1.0000
1481.0          1.0000
1482.0          1.0000
1483.0          1.0000
1484.0          1.0000
1485.0          1.0000
1486.0          1.0000
1487.0          1.0000
1488.0          1.0000
1489.0          1.0000
1490.0          1.0000
1491.0          1.0000
1492.0          1.0000
1493.0          1.0000
1494.0          1.0000
1495.0          1.0000
1496.0          1.0000
1497.0          1.0000
1498.0          1.0000
1499.0          1.0000
1500.0          1.0000
1501.0          1.0000
1502.0          1.0000
1503.0          1.0000
1504.0          1.0000
1505.0          1.0000
1506.0          1.0000
1507.0          1.0000
1508.0          1.0000
1509.0          1.0000
1510.0          1.0000
1511.0          1.0000
1512.0          1.0000
1513.0          1.0000
1514.0          1.0000
1515.0          1.0000
1516.0          1.0000
1517.0          1.0000
1518.0          1.0000
1519.0          1.0000
1520.0          1.0000
1521.0          1.0000
1522.0          1.0000
1523.0          1.0000
1524.0          1.0000
1525.0          1.0000
1526.0          1.0000
1527.0          1.0000
1528.0          1.0000
1529.0          1.0000
1530.0          1.0000
1531.0          1.0000
1532.0          1.0000
1533.0          1.0000
1534.0          1.0000
1535.0          1.0000
1536.0          1.0000
1537.0          1.0000
1538.0          1.0000
1539.0          1.0000
1540.0          1.0000
1541.0          1.0000
1542.0          1.0000
1543.0          1.0000
1544.0          1.0000
1545.0          1.0000
1546.0          1.0000
1547.0          1.0000
1548.0          1.0000
1549.0          1.0000
1550.0          1.0000
1551.0          1.0000
1552.0          1.0000
1553.0          1.0000
1554.0          1.0000
1555.0          1.0000
1556.0          1.0000
1557.0          1.0000
1558.0          1.0000
1559.0          1.0000
1560.0          1.0000
1561.0          1.0000
1562.0          1.0000
1563.0          1.0000
1564.0          1.0000
1565.0          1.0000
1566.0          1.0000
1567.0          1.0000
1568.0          1.0000
1569.0          1.0000
1570.0          1.0000
1571.0          1.0000
1572.0          1.0000
1573.0          1.0000
1574.0          1.0000
1575.0          1.0000
1576.0          1.0000
1577.0          1.0000
1578.0          1.0000
1579.0          1.0000
1580.0          1.0000
1581.0          1.0000
1582.0          1.0000
1583.0          1.0000
1584.0          1.0000
1585.0          1.0000
1586.0          1.0000
1587.0          1.0000
1588.0          1.0000
1589.0          1.0000
1590.0          1.0000
1591.0          1.0000
1592.0          1.0000
1593.0          1.0000
1594.0          1.0000
1595.0          1.0000
1596.0          1.0000
1597.0          1.0000
1598.0          1.0000
1599.0          1.0000
1600.0          1.0000
1601.0          1.0000
1602.0          1.0000
1603.0          1.0000
1604.0          1.0000
1605.0          1.0000
1606.0          1.0000
1607.0          1.0000
1608.0          1.0000
1609.0          1.0000
1610.0          1.0000
1611.0          1.0000
1612.0          1.0000
1613.0          1.0000
1614.0          1.0000
1615.0          1.0000
1616.0          1.0000
1617.0          1.0000
1618.0          1.0000
1619.0          1.0000
1620.0          1.0000
1621.0          1.0000
1622.0          1.0000
1623.0          1.0000
1624.0          1.0000
1625.0          1.0000
1626.0          1.0000
1627.0          1.0000
1628.0          1.0000
1629.0          1.0000
1630.0          1.0000
1631.0          1.0000
1632.0          1.0000
1633.0          1.0000
1634.0          1.0000
1635.0          1.0000
1636.0          1.0000
1637.0          1.0000
1638.0          1.0000
1639.0          1.0000
1640.0          1.0000
1641.0          1.0000
1642.0          1.0000
1643.0          1.0000
1644.0          1.0000
1645.0          1.0000
1646.0          1.0000
1647.0          1.0000
1648.0          1.0000
1649.0          1.0000
1650.0          1.0000
1400.0          -1.9984E-15
1401.0          1.3323E-15
1402.0          -3.1086E-15
1403.0          0.0000
1404.0          -1.7764E-15
1405.0          3.3307E-15
1406.0          -6.6613E-16
1407.0          1.5543E-15
1408.0          -2.2204E-16
1409.0          -3.7748E-15
1410.0          -1.3323E-15
1411.0          7.7716E-16
1412.0          -4.4409E-16
1413.0          8.8818E-16
1414.0          -2.2204E-16
1415.0          1.3323E-15
1416.0          2.1094E-15
1417.0          1.8874E-15
1418.0          -2.8866E-15
1419.0          -1.3323E-15
1420.0          1.6653E-15
1421.0          -1.7764E-15
1422.0          4.4409E-16
1423.0          -4.4409E-16
1424.0          -6.6613E-16
1425.0          -3.5527E-15
1426.0          -2.4425E-15
1427.0          1.7764E-15
1428.0          -8.8818E-16
1429.0          -1.3323E-15
1430.0          1.1102E-15
1431.0          8.8818E-16
1432.0          -1.9984E-15
1433.0          1.3323E-15
1434.0          2.6645E-15
1435.0          2.2204E-16
1436.0          6.6613E-16
1437.0          -1.3323E-15
1438.0          -8.8818E-16
1439.0          -2.2204E-16
1440.0          2.2204E-16
1441.0          -6.6613E-16
1442.0          1.7764E-15
1443.0          -4.4409E-16
1444.0          0.0000
1445.0          1.1102E-15
1446.0          2.6645E-15
1447.0          8.8818E-16
1448.0          2.2204E-16
1449.0          -2.6645E-15
1450.0          6.6613E-16
1451.0          -3.5527E-15
1452.0          2.2204E-16
1453.0          1.1102E-15
1454.0          2.5535E-15
1455.0          1.3323E-15
1456.0          2.8866E-15
1457.0          -2.2204E-16
1458.0          5.5511E-16
1459.0          6.6613E-16
1460.0          -1.5543E-15
1461.0          0.0000
1462.0          9.9920E-16
1463.0          1.5543E-15
1464.0          -2.2204E-15
1465.0          -1.7764E-15
1466.0          -1.1102E-15
1467.0          1.9984E-15
1468.0          -2.2204E-16
1469.0          -6.6613E-16
1470.0          2.1094E-15
1471.0          -1.7764E-15
1472.0          -6.6613E-16
1473.0          2.9976E-15
1474.0          1.8874E-15
1475.0          -2.4425E-15
1476.0          0.0000
1477.0          0.0000
1478.0          8.8818E-16
1479.0          6.6613E-16
1480.0          7.7716E-16
1481.0          -6.6613E-16
1482.0          -6.6613E-16
1483.0          3.3307E-15
1484.0          1.1102E-15
1485.0          -1.1102E-15
1486.0          -8.8818E-16
1487.0          -1.5543E-15
1488.0          1.7764E-15
1489.0          -8.8818E-16
1490.0          1.8874E-15
1491.0          1.1102E-15
1492.0          3.1086E-15
1493.0          -6.6613E-16
1494.0          2.8866E-15
1495.0          1.7764E-15
1496.0          1.6653E-15
1497.0          -3.1086E-15
1498.0          -2.6645E-15
1499.0          -1.3323E-15
1500.0          0.0000
1501.0          -3.9968E-15
1502.0          1.6653E-14
1503.0          9.9920E-16
1504.0          -3.7748E-15
1505.0          8.6597E-15
1506.0          -7.1054E-15
1507.0          7.7716E-16
1508.0          1.3323E-15
1509.0          8.8818E-16
1510.0          -1.1102E-15
1511.0          -4.4409E-16
1512.0          -1.9984E-15
1513.0          2.3315E-15
1514.0          1.3323E-15
1515.0          -6.4393E-15
1516.0          0.0000
1517.0          -1.9984E-15
1518.0          -2.4425E-15
1519.0          -2.2204E-15
1520.0          -1.3323E-15
1521.0          2.2204E-16
1522.0          -3.1086E-15
1523.0          2.2204E-16
1524.0          -2.6645E-15
1525.0          8.8818E-16
1526.0          -1.5543E-15
1527.0          6.6613E-16
1528.0          -4.2188E-15
1529.0          3.1086E-15
1530.0          1.3323E-15
1531.0          -2.4425E-15
1532.0          0.0000
1533.0          -1.3323E-15
1534.0          -1.7764E-15
1535.0          3.8858E-15
1536.0          3.3307E-15
1537.0          -3.9968E-15
1538.0          -1.7764E-15
1539.0          -6.6613E-16
1540.0          -1.3323E-15
1541.0          0.0000
1542.0          7.1054E-15
1543.0          7.2164E-15
1544.0          2.3315E-15
1545.0          3.6637E-15
1546.0          1.6653E-15
1547.0          -4.4409E-16
1548.0          -2.2204E-15
1549.0          0.0000
1550.0          -1.1102E-15
1551.0          3.1086E-15
1552.0          1.7764E-15
1553.0          -2.2204E-15
1554.0          1.4433E-15
1555.0          -8.8818E-16
1556.0          0.0000
1557.0          -8.8818E-16
1558.0          1.1102E-15
1559.0          6.6613E-16
1560.0          2.4425E-15
1561.0          -1.1102E-15
1562.0          -1.7764E-15
1563.0          2.2204E-15
1564.0          3.4417E-15
1565.0          -2.2204E-16
1566.0          2.7756E-15
1567.0          -8.8818E-16
1568.0          1.5543E-15
1569.0          -6.2172E-15
1570.0          6.6613E-16
1571.0          -2.8866E-15
1572.0          5.5511E-16
1573.0          -1.9984E-15
1574.0          1.6653E-15
1575.0          -1.1102E-15
1576.0          3.3307E-16
1577.0          -3.3307E-15
1578.0          -6.6613E-16
1579.0          0.0000
1580.0          -4.4409E-15
1581.0          4.6629E-15
1582.0          3.3307E-15
1583.0          2.5535E-15
1584.0          1.3323E-15
1585.0          -2.6645E-15
1586.0          2.1094E-15
1587.0          -1.3323E-15
1588.0          -8.8818E-16
1589.0          1.9984E-15
1590.0          1.5543E-15
1591.0          -1.5543E-15
1592.0          2.5535E-15
1593.0          5.1070E-15
1594.0          6.6613E-16
1595.0          -2.2204E-16
1596.0          1.3323E-15
1597.0          8.8818E-16
1598.0          2.2204E-15
1599.0          -2.4425E-15
1600.0          -1.7764E-15
1601.0          2.2204E-16
1602.0          2.7756E-15
1603.0          -1.1102E-15
1604.0          2.4425E-15
1605.0          -8.8818E-16
1606.0          -2.8866E-15
1607.0          -2.2204E-16
1608.0          7.7716E-16
1609.0          1.5543E-15
1610.0          -4.4409E-15
1611.0          -1.7764E-15
1612.0          3.3307E-16
1613.0          -4.4409E-16
1614.0          2.4425E-15
1615.0          9.9920E-16
1616.0          -4.4409E-16
1617.0          5.6621E-15
1618.0          -1.7764E-15
1619.0          1.2212E-15
1620.0          -4.8850E-15
1621.0          3.1086E-15
1622.0          -1.5543E-15
1623.0          -7.5495E-15
1624.0          -2.2204E-16
1625.0          1.1102E-14
1626.0          -1.5543E-15
1627.0          1.4433E-15
1628.0          -7.3275E-15
1629.0          -5.5511E-15
1630.0          2.7756E-15
1631.0          1.4433E-15
1632.0          -5.9952E-15
1633.0          1.5543E-15
1634.0          -1.3989E-14
1635.0          4.9960E-15
1636.0          0.0000
1637.0          3.4417E-15
1638.0          1.5543E-15
1639.0          1.7764E-15
1640.0          -4.4409E-16
1641.0          -3.5527E-15
1642.0          1.8874E-15
1643.0          4.4409E-15
1644.0          -3.5527E-15
1645.0          -3.1086E-15
1646.0          -2.6645E-15
1647.0          -5.1070E-15
1648.0          1.1102E-16
1649.0          -8.8818E-16
1650.0          -1.7764E-15
