1400.0          0.47118
1401.0          0.48185
1402.0          0.49339
1403.0          0.50587
1404.0          0.51937
1405.0          0.53397
1406.0          0.54977
1407.0          0.56687
1408.0          0.58536
1409.0          0.60534
1410.0          0.62690
1411.0          0.65013
1412.0          0.67508
1413.0          0.70178
1414.0          0.73020
1415.0          0.76023
1416.0          0.79167
1417.0          0.82413
1418.0          0.85707
1419.0          0.88967
1420.0          0.92085
1421.0          0.94920
1422.0          0.97300
1423.0          0.99035
1424.0          0.99923
1425.0          0.99784
1426.0          0.98482
1427.0          0.95960
1428.0          0.92255
1429.0          0.87506
1430.0          0.81933
1431.0          0.75805
1432.0          0.69403
1433.0          0.62984
1434.0          0.56758
1435.0          0.50877
1436.0          0.45440
1437.0          0.40496
1438.0          0.36058
1439.0          0.32112
1440.0          0.28630
1441.0          0.25572
1442.0          0.22897
1443.0          0.20563
1444.0          0.18527
1445.0          0.16755
1446.0          0.15210
1447.0          0.13864
1448.0          0.12690
1449.0          0.11665
1450.0          0.10769
1451.0          0.099858
1452.0          0.092993
1453.0          0.086972
1454.0          0.081685
1455.0          0.077037
1456.0          0.072948
1457.0          0.069345
1458.0          0.066170
1459.0          0.063370
1460.0          0.060898
1461.0          0.058717
1462.0          0.056792
1463.0          0.055093
1464.0          0.053595
1465.0          0.052274
1466.0          0.051111
1467.0          0.050090
1468.0          0.049194
1469.0          0.048411
1470.0          0.047729
1471.0          0.047137
1472.0          0.046627
1473.0          0.046190
1474.0          0.045819
1475.0          0.045509
1476.0          0.045253
1477.0          0.045046
1478.0          0.044885
1479.0          0.044765
1480.0          0.044682
1481.0          0.044634
1482.0          0.044618
1483.0          0.044631
1484.0          0.044671
1485.0          0.044736
1486.0          0.044825
1487.0          0.044935
1488.0          0.045065
1489.0          0.045215
1490.0          0.045382
1491.0          0.045566
1492.0          0.045766
1493.0          0.045980
1494.0          0.046209
1495.0          0.046452
1496.0          0.046707
1497.0          0.046974
1498.0          0.047254
1499.0          0.047544
1500.0          0.047846
1501.0          0.048158
1502.0          0.048481
1503.0          0.048813
1504.0          0.049155
1505.0          0.049506
1506.0          0.049866
1507.0          0.050236
1508.0          0.050614
1509.0          0.051000
1510.0          0.051395
1511.0          0.051798
1512.0          0.052210
1513.0          0.052629
1514.0          0.053056
1515.0          0.053491
1516.0          0.053933
1517.0          0.054383
1518.0          0.054840
1519.0          0.055305
1520.0          0.055777
1521.0          0.056256
1522.0          0.056743
1523.0          0.057236
1524.0          0.057737
1525.0          0.058245
1526.0          0.058759
1527.0          0.059280
1528.0          0.059808
1529.0          0.060343
1530.0          0.060885
1531.0          0.061433
1532.0          0.061988
1533.0          0.062549
1534.0          0.063117
1535.0          0.063691
1536.0          0.064272
1537.0          0.064859
1538.0          0.065452
1539.0          0.066052
1540.0          0.066658
1541.0          0.067270
1542.0          0.067888
1543.0          0.068512
1544.0          0.069143
1545.0          0.069779
1546.0          0.070421
1547.0          0.071069
1548.0          0.071723
1549.0          0.072383
1550.0          0.073048
1551.0          0.073719
1552.0          0.074396
1553.0          0.075078
1554.0          0.075766
1555.0          0.076460
1556.0          0.077158
1557.0          0.077862
1558.0          0.078572
1559.0          0.079286
1560.0          0.080006
1561.0          0.080731
1562.0          0.081461
1563.0          0.082196
1564.0          0.082937
1565.0          0.083682
1566.0          0.084431
1567.0          0.085186
1568.0          0.085945
1569.0          0.086709
1570.0          0.087478
1571.0          0.088251
1572.0          0.089029
1573.0          0.089811
1574.0          0.090598
1575.0          0.091389
1576.0          0.092184
1577.0          0.092983
1578.0          0.093787
1579.0          0.094594
1580.0          0.095405
1581.0          0.096221
1582.0          0.097040
1583.0          0.097863
1584.0          0.098690
1585.0          0.099520
1586.0          0.10035
1587.0          0.10119
1588.0          0.10203
1589.0          0.10288
1590.0          0.10373
1591.0          0.10458
1592.0          0.10543
1593.0          0.10629
1594.0          0.10715
1595.0          0.10801
1596.0          0.10888
1597.0          0.10975
1598.0          0.11062
1599.0          0.11150
1600.0          0.11237
1601.0          0.11325
1602.0          0.11414
1603.0          0.11502
1604.0          0.11591
1605.0          0.11680
1606.0          0.11769
1607.0          0.11858
1608.0          0.11948
1609.0          0.12038
1610.0          0.12128
1611.0          0.12218
1612.0          0.12309
1613.0          0.12399
1614.0          0.12490
1615.0          0.12581
1616.0          0.12672
1617.0          0.12763
1618.0          0.12854
1619.0          0.12946
1620.0          0.13038
1621.0          0.13129
1622.0          0.13221
1623.0          0.13313
1624.0          0.13405
1625.0          0.13497
1626.0          0.13589
1627.0          0.13682
1628.0          0.13774
1629.0          0.13866
1630.0          0.13959
1631.0          0.14051
1632.0          0.14144
1633.0          0.14236
1634.0          0.14329
1635.0          0.14422
1636.0          0.14514
1637.0          0.14607
1638.0          0.14699
1639.0          0.14792
1640.0          0.14884
1641.0          0.14977
1642.0          0.15069
1643.0          0.15161
1644.0          0.15254
1645.0          0.15346
1646.0          0.15438
1647.0          0.15530
1648.0          0.15622
1649.0          0.15714
1650.0          0.15806
1400.0          0.52882
1401.0          0.51815
1402.0          0.50661
1403.0          0.49413
1404.0          0.48063
1405.0          0.46603
1406.0          0.45023
1407.0          0.43313
1408.0          0.41464
1409.0          0.39466
1410.0          0.37310
1411.0          0.34987
1412.0          0.32492
1413.0          0.29822
1414.0          0.26980
1415.0          0.23977
1416.0          0.20833
1417.0          0.17587
1418.0          0.14293
1419.0          0.11033
1420.0          0.079148
1421.0          0.050803
1422.0          0.026996
1423.0          0.0096522
1424.0          7.6773E-4
1425.0          0.0021617
1426.0          0.015181
1427.0          0.040405
1428.0          0.077450
1429.0          0.12494
1430.0          0.18067
1431.0          0.24195
1432.0          0.30597
1433.0          0.37016
1434.0          0.43242
1435.0          0.49123
1436.0          0.54560
1437.0          0.59504
1438.0          0.63942
1439.0          0.67888
1440.0          0.71370
1441.0          0.74428
1442.0          0.77103
1443.0          0.79437
1444.0          0.81473
1445.0          0.83245
1446.0          0.84790
1447.0          0.86136
1448.0          0.87310
1449.0          0.88335
1450.0          0.89231
1451.0          0.90014
1452.0          0.90701
1453.0          0.91303
1454.0          0.91831
1455.0          0.92296
1456.0          0.92705
1457.0          0.93065
1458.0          0.93383
1459.0          0.93663
1460.0          0.93910
1461.0          0.94128
1462.0          0.94321
1463.0          0.94491
1464.0          0.94641
1465.0          0.94773
1466.0          0.94889
1467.0          0.94991
1468.0          0.95081
1469.0          0.95159
1470.0          0.95227
1471.0          0.95286
1472.0          0.95337
1473.0          0.95381
1474.0          0.95418
1475.0          0.95449
1476.0          0.95475
1477.0          0.95495
1478.0          0.95512
1479.0          0.95524
1480.0          0.95532
1481.0          0.95537
1482.0          0.95538
1483.0          0.95537
1484.0          0.95533
1485.0          0.95526
1486.0          0.95518
1487.0          0.95507
1488.0          0.95493
1489.0          0.95479
1490.0          0.95462
1491.0          0.95443
1492.0          0.95423
1493.0          0.95402
1494.0          0.95379
1495.0          0.95355
1496.0          0.95329
1497.0          0.95303
1498.0          0.95275
1499.0          0.95246
1500.0          0.95215
1501.0          0.95184
1502.0          0.95152
1503.0          0.95119
1504.0          0.95085
1505.0          0.95049
1506.0          0.95013
1507.0          0.94976
1508.0          0.94939
1509.0          0.94900
1510.0          0.94860
1511.0          0.94820
1512.0          0.94779
1513.0          0.94737
1514.0          0.94694
1515.0          0.94651
1516.0          0.94607
1517.0          0.94562
1518.0          0.94516
1519.0          0.94469
1520.0          0.94422
1521.0          0.94374
1522.0          0.94326
1523.0          0.94276
1524.0          0.94226
1525.0          0.94176
1526.0          0.94124
1527.0          0.94072
1528.0          0.94019
1529.0          0.93966
1530.0          0.93912
1531.0          0.93857
1532.0          0.93801
1533.0          0.93745
1534.0          0.93688
1535.0          0.93631
1536.0          0.93573
1537.0          0.93514
1538.0          0.93455
1539.0          0.93395
1540.0          0.93334
1541.0          0.93273
1542.0          0.93211
1543.0          0.93149
1544.0          0.93086
1545.0          0.93022
1546.0          0.92958
1547.0          0.92893
1548.0          0.92828
1549.0          0.92762
1550.0          0.92695
1551.0          0.92628
1552.0          0.92560
1553.0          0.92492
1554.0          0.92423
1555.0          0.92354
1556.0          0.92284
1557.0          0.92214
1558.0          0.92143
1559.0          0.92071
1560.0          0.91999
1561.0          0.91927
1562.0          0.91854
1563.0          0.91780
1564.0          0.91706
1565.0          0.91632
1566.0          0.91557
1567.0          0.91481
1568.0          0.91405
1569.0          0.91329
1570.0          0.91252
1571.0          0.91175
1572.0          0.91097
1573.0          0.91019
1574.0          0.90940
1575.0          0.90861
1576.0          0.90782
1577.0          0.90702
1578.0          0.90621
1579.0          0.90541
1580.0          0.90459
1581.0          0.90378
1582.0          0.90296
1583.0          0.90214
1584.0          0.90131
1585.0          0.90048
1586.0          0.89965
1587.0          0.89881
1588.0          0.89797
1589.0          0.89712
1590.0          0.89627
1591.0          0.89542
1592.0          0.89457
1593.0          0.89371
1594.0          0.89285
1595.0          0.89199
1596.0          0.89112
1597.0          0.89025
1598.0          0.88938
1599.0          0.88850
1600.0          0.88763
1601.0          0.88675
1602.0          0.88586
1603.0          0.88498
1604.0          0.88409
1605.0          0.88320
1606.0          0.88231
1607.0          0.88142
1608.0          0.88052
1609.0          0.87962
1610.0          0.87872
1611.0          0.87782
1612.0          0.87691
1613.0          0.87601
1614.0          0.87510
1615.0          0.87419
1616.0          0.87328
1617.0          0.87237
1618.0          0.87146
1619.0          0.87054
1620.0          0.86962
1621.0          0.86871
1622.0          0.86779
1623.0          0.86687
1624.0          0.86595
1625.0          0.86503
1626.0          0.86411
1627.0          0.86318
1628.0          0.86226
1629.0          0.86134
1630.0          0.86041
1631.0          0.85949
1632.0          0.85856
1633.0          0.85764
1634.0          0.85671
1635.0          0.85578
1636.0          0.85486
1637.0          0.85393
1638.0          0.85301
1639.0          0.85208
1640.0          0.85116
1641.0          0.85023
1642.0          0.84931
1643.0          0.84839
1644.0          0.84746
1645.0          0.84654
1646.0          0.84562
1647.0          0.84470
1648.0          0.84378
1649.0          0.84286
1650.0          0.84194
1400.0          1.0000
1401.0          1.0000
1402.0          1.0000
1403.0          1.0000
1404.0          1.0000
1405.0          1.0000
1406.0          1.0000
1407.0          1.0000
1408.0          1.0000
1409.0          1.0000
1410.0          1.0000
1411.0          1.0000
1412.0          1.0000
1413.0          1.0000
1414.0          1.0000
1415.0          1.0000
1416.0          1.0000
1417.0          1.0000
1418.0          1.0000
1419.0          1.0000
1420.0          1.0000
1421.0          1.0000
1422.0          1.0000
1423.0          1.0000
1424.0          1.0000
1425.0          1.0000
1426.0          1.0000
1427.0          1.0000
1428.0          1.0000
1429.0          1.0000
1430.0          1.0000
1431.0          1.0000
1432.0          1.0000
1433.0          1.0000
1434.0          1.0000
1435.0          1.0000
1436.0          1.0000
1437.0          1.0000
1438.0          1.0000
1439.0          1.0000
1440.0          1.0000
1441.0          1.0000
1442.0          1.0000
1443.0          1.0000
1444.0          1.0000
1445.0          1.0000
1446.0          1.0000
1447.0          1.0000
1448.0          1.0000
1449.0          1.0000
1450.0          1.0000
1451.0          1.0000
1452.0          1.0000
1453.0          1.0000
1454.0          1.0000
1455.0          1.0000
1456.0          1.0000
1457.0          1.0000
1458.0          1.0000
1459.0          1.0000
1460.0          1.0000
1461.0          1.0000
1462.0          1.0000
1463.0          1.0000
1464.0          1.0000
1465.0          1.0000
1466.0          1.0000
1467.0          1.0000
1468.0          1.0000
1469.0          1.0000
1470.0          1.0000
1471.0          1.0000
1472.0          1.0000
1473.0          1.0000
1474.0          1.0000
1475.0          1.0000
1476.0          1.0000
1477.0          1.0000
1478.0          1.0000
1479.0          1.0000
1480.0          1.0000
1481.0          1.0000
1482.0          1.0000
1483.0          1.0000
1484.0          1.0000
1485.0          1.0000
1486.0          1.0000
1487.0          1.0000
1488.0          1.0000
1489.0          1.0000
1490.0          1.0000
1491.0          1.0000
1492.0          1.0000
1493.0          1.0000
1494.0          1.0000
1495.0          1.0000
1496.0          1.0000
1497.0          1.0000
1498.0          1.0000
1499.0          1.0000
1500.0          1.0000
1501.0          1.0000
1502.0          1.0000
1503.0          1.0000
1504.0          1.0000
1505.0          1.0000
1506.0          1.0000
1507.0          1.0000
1508.0          1.0000
1509.0          1.0000
1510.0          1.0000
1511.0          1.0000
1512.0          1.0000
1513.0          1.0000
1514.0          1.0000
1515.0          1.0000
1516.0          1.0000
1517.0          1.0000
1518.0          1.0000
1519.0          1.0000
1520.0          1.0000
1521.0          1.0000
1522.0          1.0000
1523.0          1.0000
1524.0          1.0000
1525.0          1.0000
1526.0          1.0000
1527.0          1.0000
1528.0          1.0000
1529.0          1.0000
1530.0          1.0000
1531.0          1.0000
1532.0          1.0000
1533.0          1.0000
1534.0          1.0000
1535.0          1.0000
1536.0          1.0000
1537.0          1.0000
1538.0          1.0000
1539.0          1.0000
1540.0          1.0000
1541.0          1.0000
1542.0          1.0000
1543.0          1.0000
1544.0          1.0000
1545.0          1.0000
1546.0          1.0000
1547.0          1.0000
1548.0          1.0000
1549.0          1.0000
1550.0          1.0000
1551.0          1.0000
1552.0          1.0000
1553.0          1.0000
1554.0          1.0000
1555.0          1.0000
1556.0          1.0000
1557.0          1.0000
1558.0          1.0000
1559.0          1.0000
1560.0          1.0000
1561.0          1.0000
1562.0          1.0000
1563.0          1.0000
1564.0          1.0000
1565.0          1.0000
1566.0          1.0000
1567.0          1.0000
1568.0          1.0000
1569.0          1.0000
1570.0          1.0000
1571.0          1.0000
1572.0          1.0000
1573.0          1.0000
1574.0          1.0000
1575.0          1.0000
1576.0          1.0000
1577.0          1.0000
1578.0          1.0000
1579.0          1.0000
1580.0          1.0000
1581.0          1.0000
1582.0          1.0000
1583.0          1.0000
1584.0          1.0000
1585.0          1.0000
1586.0          1.0000
1587.0          1.0000
1588.0          1.0000
1589.0          1.0000
1590.0          1.0000
1591.0          1.0000
1592.0          1.0000
1593.0          1.0000
1594.0          1.0000
1595.0          1.0000
1596.0          1.0000
1597.0          1.0000
1598.0          1.0000
1599.0          1.0000
1600.0          1.0000
1601.0          1.0000
1602.0          1.0000
1603.0          1.0000
1604.0          1.0000
1605.0          1.0000
1606.0          1.0000
1607.0          1.0000
1608.0          1.0000
1609.0          1.0000
1610.0          1.0000
1611.0          1.0000
1612.0          1.0000
1613.0          1.0000
1614.0          1.0000
1615.0          1.0000
1616.0          1.0000
1617.0          1.0000
1618.0          1.0000
1619.0          1.0000
1620.0          1.0000
1621.0          1.0000
1622.0          1.0000
1623.0          1.0000
1624.0          1.0000
1625.0          1.0000
1626.0          1.0000
1627.0          1.0000
1628.0          1.0000
1629.0          1.0000
1630.0          1.0000
1631.0          1.0000
1632.0          1.0000
1633.0          1.0000
1634.0          1.0000
1635.0          1.0000
1636.0          1.0000
1637.0          1.0000
1638.0          1.0000
1639.0          1.0000
1640.0          1.0000
1641.0          1.0000
1642.0          1.0000
1643.0          1.0000
1644.0          1.0000
1645.0          1.0000
1646.0          1.0000
1647.0          1.0000
1648.0          1.0000
1649.0          1.0000
1650.0          1.0000
1400.0          -1.3323E-15
1401.0          4.4409E-16
1402.0          -6.6613E-16
1403.0          -4.4409E-15
1404.0          3.5527E-15
1405.0          -4.4409E-16
1406.0          -4.2188E-15
1407.0          2.8866E-15
1408.0          -5.5511E-15
1409.0          -2.6645E-15
1410.0          -2.6645E-15
1411.0          -2.2204E-15
1412.0          2.7756E-15
1413.0          5.2180E-15
1414.0          5.5511E-16
1415.0          5.1070E-15
1416.0          7.3275E-15
1417.0          -9.3259E-15
1418.0          6.6613E-16
1419.0          9.6589E-15
1420.0          -1.7319E-14
1421.0          -1.3323E-14
1422.0          2.1205E-14
1423.0          -2.5535E-14
1424.0          2.0095E-14
1425.0          2.7423E-14
1426.0          1.6653E-15
1427.0          -2.4425E-14
1428.0          -6.6613E-16
1429.0          1.8874E-14
1430.0          -8.8818E-15
1431.0          -2.6645E-15
1432.0          5.2180E-15
1433.0          1.3323E-15
1434.0          1.0436E-14
1435.0          -6.2172E-15
1436.0          6.6613E-16
1437.0          1.4877E-14
1438.0          -7.5495E-15
1439.0          9.1038E-15
1440.0          -3.9968E-15
1441.0          5.6621E-15
1442.0          4.1078E-15
1443.0          -7.1054E-15
1444.0          -1.3323E-15
1445.0          -1.9984E-15
1446.0          -2.2204E-16
1447.0          -1.1102E-15
1448.0          2.2204E-16
1449.0          -3.9968E-15
1450.0          7.3275E-15
1451.0          2.6645E-15
1452.0          4.3299E-15
1453.0          4.2188E-15
1454.0          -4.2188E-15
1455.0          -1.3323E-15
1456.0          6.6613E-16
1457.0          -4.8850E-15
1458.0          1.1102E-15
1459.0          4.6629E-15
1460.0          5.8842E-15
1461.0          -4.2188E-15
1462.0          3.3307E-16
1463.0          2.5535E-15
1464.0          2.2204E-16
1465.0          1.7764E-15
1466.0          -4.2188E-15
1467.0          -3.3307E-15
1468.0          -4.4409E-16
1469.0          3.3307E-16
1470.0          1.1102E-15
1471.0          -1.9984E-15
1472.0          1.5543E-15
1473.0          1.1102E-15
1474.0          -1.5543E-15
1475.0          8.8818E-16
1476.0          2.8866E-15
1477.0          3.3307E-16
1478.0          1.2212E-15
1479.0          -1.5543E-15
1480.0          -4.4409E-16
1481.0          1.2212E-15
1482.0          5.5511E-16
1483.0          6.5503E-15
1484.0          -2.2204E-16
1485.0          4.3299E-15
1486.0          2.7756E-15
1487.0          3.8858E-15
1488.0          2.2204E-15
1489.0          6.6613E-16
1490.0          6.6613E-16
1491.0          3.4417E-15
1492.0          -1.7764E-15
1493.0          7.7716E-16
1494.0          -3.1086E-15
1495.0          4.2188E-15
1496.0          -1.1102E-15
1497.0          3.3307E-16
1498.0          0.0000
1499.0          -2.2204E-15
1500.0          4.4409E-16
1501.0          4.2188E-15
1502.0          3.1086E-15
1503.0          2.9976E-15
1504.0          -1.9984E-15
1505.0          7.7716E-16
1506.0          1.1102E-16
1507.0          1.1102E-15
1508.0          3.2196E-15
1509.0          5.5511E-16
1510.0          7.7716E-16
1511.0          0.0000
1512.0          2.4425E-15
1513.0          -1.3323E-15
1514.0          1.6653E-15
1515.0          5.2180E-15
1516.0          3.1086E-15
1517.0          2.2204E-15
1518.0          -1.1102E-15
1519.0          2.2204E-16
1520.0          1.2212E-15
1521.0          1.1102E-16
1522.0          -1.3323E-15
1523.0          -3.1086E-15
1524.0          -3.9968E-15
1525.0          3.3307E-16
1526.0          6.1062E-15
1527.0          7.7716E-16
1528.0          -2.2204E-16
1529.0          6.6613E-16
1530.0          2.2204E-16
1531.0          -4.4409E-15
1532.0          4.3299E-15
1533.0          -1.9984E-15
1534.0          4.4409E-16
1535.0          1.5543E-15
1536.0          3.4417E-15
1537.0          -3.3307E-15
1538.0          4.4409E-16
1539.0          0.0000
1540.0          3.9968E-15
1541.0          -2.6645E-15
1542.0          -6.6613E-16
1543.0          -2.8866E-15
1544.0          0.0000
1545.0          -2.2204E-16
1546.0          3.5527E-15
1547.0          -4.4409E-16
1548.0          2.3315E-15
1549.0          3.8858E-15
1550.0          1.7764E-15
1551.0          2.9976E-15
1552.0          -3.5527E-15
1553.0          3.8858E-15
1554.0          1.9984E-15
1555.0          1.3323E-15
1556.0          2.2204E-16
1557.0          -1.9984E-15
1558.0          0.0000
1559.0          1.5543E-15
1560.0          1.5543E-15
1561.0          0.0000
1562.0          -1.3323E-15
1563.0          2.4425E-15
1564.0          1.1102E-16
1565.0          9.9920E-16
1566.0          2.2204E-15
1567.0          1.3323E-15
1568.0          2.2204E-16
1569.0          -2.2204E-15
1570.0          2.7756E-15
1571.0          4.3299E-15
1572.0          1.5543E-15
1573.0          -4.4409E-16
1574.0          -2.6645E-15
1575.0          -2.2204E-16
1576.0          1.2212E-15
1577.0          -1.7764E-15
1578.0          1.5543E-15
1579.0          0.0000
1580.0          0.0000
1581.0          -1.5543E-15
1582.0          -8.8818E-16
1583.0          4.1078E-15
1584.0          1.4433E-15
1585.0          3.3307E-15
1586.0          2.6645E-15
1587.0          0.0000
1588.0          -1.9984E-15
1589.0          7.7716E-16
1590.0          6.6613E-16
1591.0          1.4433E-15
1592.0          1.1102E-16
1593.0          9.9920E-16
1594.0          1.7764E-15
1595.0          -4.4409E-16
1596.0          0.0000
1597.0          6.6613E-16
1598.0          0.0000
1599.0          -1.3323E-15
1600.0          -4.4409E-16
1601.0          -1.1102E-15
1602.0          3.1086E-15
1603.0          3.3307E-16
1604.0          4.2188E-15
1605.0          -1.9984E-15
1606.0          1.4433E-15
1607.0          -2.8866E-15
1608.0          9.9920E-16
1609.0          -1.1102E-15
1610.0          1.8874E-15
1611.0          -2.4425E-15
1612.0          4.4409E-16
1613.0          2.3315E-15
1614.0          2.3315E-15
1615.0          -2.2204E-16
1616.0          1.9984E-15
1617.0          5.5511E-16
1618.0          1.1102E-16
1619.0          -1.5543E-15
1620.0          -2.2204E-15
1621.0          4.4409E-16
1622.0          2.1094E-15
1623.0          2.4425E-15
1624.0          -8.8818E-16
1625.0          -1.1102E-15
1626.0          -1.7764E-15
1627.0          -1.7764E-15
1628.0          9.9920E-16
1629.0          4.4409E-16
1630.0          -4.4409E-16
1631.0          1.5543E-15
1632.0          1.2212E-15
1633.0          -8.8818E-16
1634.0          -1.1102E-15
1635.0          -4.6629E-15
1636.0          2.2204E-15
1637.0          -1.1102E-15
1638.0          -1.5543E-15
1639.0          -4.4409E-16
1640.0          2.6645E-15
1641.0          1.1102E-16
1642.0          -2.4425E-15
1643.0          7.7716E-16
1644.0          7.7716E-16
1645.0          -8.8818E-16
1646.0          -4.4409E-16
1647.0          2.9976E-15
1648.0          -1.1102E-15
1649.0          6.6613E-16
1650.0          2.4425E-15
