1400.0          0.20925
1401.0          0.20985
1402.0          0.21047
1403.0          0.21111
1404.0          0.21178
1405.0          0.21246
1406.0          0.21317
1407.0          0.21390
1408.0          0.21464
1409.0          0.21541
1410.0          0.21620
1411.0          0.21700
1412.0          0.21782
1413.0          0.21865
1414.0          0.21950
1415.0          0.22037
1416.0          0.22125
1417.0          0.22215
1418.0          0.22305
1419.0          0.22397
1420.0          0.22491
1421.0          0.22585
1422.0          0.22681
1423.0          0.22778
1424.0          0.22876
1425.0          0.22975
1426.0          0.23075
1427.0          0.23176
1428.0          0.23278
1429.0          0.23380
1430.0          0.23484
1431.0          0.23588
1432.0          0.23693
1433.0          0.23799
1434.0          0.23905
1435.0          0.24012
1436.0          0.24120
1437.0          0.24228
1438.0          0.24337
1439.0          0.24447
1440.0          0.24556
1441.0          0.24667
1442.0          0.24778
1443.0          0.24889
1444.0          0.25001
1445.0          0.25113
1446.0          0.25225
1447.0          0.25338
1448.0          0.25451
1449.0          0.25564
1450.0          0.25678
1451.0          0.25791
1452.0          0.25905
1453.0          0.26020
1454.0          0.26134
1455.0          0.26248
1456.0          0.26363
1457.0          0.26478
1458.0          0.26593
1459.0          0.26708
1460.0          0.26823
1461.0          0.26938
1462.0          0.27053
1463.0          0.27168
1464.0          0.27283
1465.0          0.27398
1466.0          0.27514
1467.0          0.27629
1468.0          0.27744
1469.0          0.27859
1470.0          0.27974
1471.0          0.28088
1472.0          0.28203
1473.0          0.28318
1474.0          0.28432
1475.0          0.28547
1476.0          0.28661
1477.0          0.28775
1478.0          0.28889
1479.0          0.29002
1480.0          0.29116
1481.0          0.29229
1482.0          0.29342
1483.0          0.29455
1484.0          0.29568
1485.0          0.29680
1486.0          0.29792
1487.0          0.29904
1488.0          0.30016
1489.0          0.30127
1490.0          0.30239
1491.0          0.30349
1492.0          0.30460
1493.0          0.30570
1494.0          0.30680
1495.0          0.30790
1496.0          0.30899
1497.0          0.31008
1498.0          0.31117
1499.0          0.31225
1500.0          0.31333
1501.0          0.31440
1502.0          0.31548
1503.0          0.31655
1504.0          0.31761
1505.0          0.31867
1506.0          0.31973
1507.0          0.32078
1508.0          0.32183
1509.0          0.32288
1510.0          0.32392
1511.0          0.32496
1512.0          0.32600
1513.0          0.32703
1514.0          0.32805
1515.0          0.32907
1516.0          0.33009
1517.0          0.33110
1518.0          0.33211
1519.0          0.33312
1520.0          0.33412
1521.0          0.33511
1522.0          0.33610
1523.0          0.33709
1524.0          0.33807
1525.0          0.33905
1526.0          0.34003
1527.0          0.34099
1528.0          0.34196
1529.0          0.34292
1530.0          0.34387
1531.0          0.34482
1532.0          0.34577
1533.0          0.34671
1534.0          0.34764
1535.0          0.34857
1536.0          0.34950
1537.0          0.35042
1538.0          0.35134
1539.0          0.35225
1540.0          0.35315
1541.0          0.35405
1542.0          0.35495
1543.0          0.35584
1544.0          0.35673
1545.0          0.35761
1546.0          0.35848
1547.0          0.35935
1548.0          0.36022
1549.0          0.36108
1550.0          0.36194
1551.0          0.36279
1552.0          0.36363
1553.0          0.36447
1554.0          0.36530
1555.0          0.36613
1556.0          0.36696
1557.0          0.36777
1558.0          0.36859
1559.0          0.36939
1560.0          0.37020
1561.0          0.37099
1562.0          0.37178
1563.0          0.37257
1564.0          0.37335
1565.0          0.37412
1566.0          0.37489
1567.0          0.37566
1568.0          0.37641
1569.0          0.37717
1570.0          0.37791
1571.0          0.37865
1572.0          0.37939
1573.0          0.38012
1574.0          0.38084
1575.0          0.38156
1576.0          0.38227
1577.0          0.38298
1578.0          0.38368
1579.0          0.38437
1580.0          0.38506
1581.0          0.38574
1582.0          0.38642
1583.0          0.38709
1584.0          0.38775
1585.0          0.38841
1586.0          0.38907
1587.0          0.38971
1588.0          0.39035
1589.0          0.39099
1590.0          0.39161
1591.0          0.39223
1592.0          0.39285
1593.0          0.39346
1594.0          0.39406
1595.0          0.39466
1596.0          0.39525
1597.0          0.39583
1598.0          0.39641
1599.0          0.39698
1600.0          0.39754
1601.0          0.39809
1602.0          0.39864
1603.0          0.39919
1604.0          0.39972
1605.0          0.40025
1606.0          0.40077
1607.0          0.40129
1608.0          0.40180
1609.0          0.40230
1610.0          0.40279
1611.0          0.40328
1612.0          0.40376
1613.0          0.40423
1614.0          0.40469
1615.0          0.40515
1616.0          0.40560
1617.0          0.40604
1618.0          0.40647
1619.0          0.40689
1620.0          0.40731
1621.0          0.40772
1622.0          0.40812
1623.0          0.40851
1624.0          0.40890
1625.0          0.40927
1626.0          0.40964
1627.0          0.41000
1628.0          0.41034
1629.0          0.41068
1630.0          0.41101
1631.0          0.41134
1632.0          0.41165
1633.0          0.41195
1634.0          0.41224
1635.0          0.41253
1636.0          0.41280
1637.0          0.41306
1638.0          0.41331
1639.0          0.41355
1640.0          0.41379
1641.0          0.41400
1642.0          0.41421
1643.0          0.41441
1644.0          0.41460
1645.0          0.41477
1646.0          0.41493
1647.0          0.41508
1648.0          0.41522
1649.0          0.41534
1650.0          0.41545
1400.0          0.79075
1401.0          0.79015
1402.0          0.78953
1403.0          0.78889
1404.0          0.78822
1405.0          0.78754
1406.0          0.78683
1407.0          0.78610
1408.0          0.78536
1409.0          0.78459
1410.0          0.78380
1411.0          0.78300
1412.0          0.78218
1413.0          0.78135
1414.0          0.78050
1415.0          0.77963
1416.0          0.77875
1417.0          0.77785
1418.0          0.77695
1419.0          0.77603
1420.0          0.77509
1421.0          0.77415
1422.0          0.77319
1423.0          0.77222
1424.0          0.77124
1425.0          0.77025
1426.0          0.76925
1427.0          0.76824
1428.0          0.76722
1429.0          0.76620
1430.0          0.76516
1431.0          0.76412
1432.0          0.76307
1433.0          0.76201
1434.0          0.76095
1435.0          0.75988
1436.0          0.75880
1437.0          0.75772
1438.0          0.75663
1439.0          0.75553
1440.0          0.75444
1441.0          0.75333
1442.0          0.75222
1443.0          0.75111
1444.0          0.74999
1445.0          0.74887
1446.0          0.74775
1447.0          0.74662
1448.0          0.74549
1449.0          0.74436
1450.0          0.74322
1451.0          0.74209
1452.0          0.74095
1453.0          0.73980
1454.0          0.73866
1455.0          0.73752
1456.0          0.73637
1457.0          0.73522
1458.0          0.73407
1459.0          0.73292
1460.0          0.73177
1461.0          0.73062
1462.0          0.72947
1463.0          0.72832
1464.0          0.72717
1465.0          0.72602
1466.0          0.72486
1467.0          0.72371
1468.0          0.72256
1469.0          0.72141
1470.0          0.72026
1471.0          0.71912
1472.0          0.71797
1473.0          0.71682
1474.0          0.71568
1475.0          0.71453
1476.0          0.71339
1477.0          0.71225
1478.0          0.71111
1479.0          0.70998
1480.0          0.70884
1481.0          0.70771
1482.0          0.70658
1483.0          0.70545
1484.0          0.70432
1485.0          0.70320
1486.0          0.70208
1487.0          0.70096
1488.0          0.69984
1489.0          0.69873
1490.0          0.69761
1491.0          0.69651
1492.0          0.69540
1493.0          0.69430
1494.0          0.69320
1495.0          0.69210
1496.0          0.69101
1497.0          0.68992
1498.0          0.68883
1499.0          0.68775
1500.0          0.68667
1501.0          0.68560
1502.0          0.68452
1503.0          0.68345
1504.0          0.68239
1505.0          0.68133
1506.0          0.68027
1507.0          0.67922
1508.0          0.67817
1509.0          0.67712
1510.0          0.67608
1511.0          0.67504
1512.0          0.67400
1513.0          0.67297
1514.0          0.67195
1515.0          0.67093
1516.0          0.66991
1517.0          0.66890
1518.0          0.66789
1519.0          0.66688
1520.0          0.66588
1521.0          0.66489
1522.0          0.66390
1523.0          0.66291
1524.0          0.66193
1525.0          0.66095
1526.0          0.65997
1527.0          0.65901
1528.0          0.65804
1529.0          0.65708
1530.0          0.65613
1531.0          0.65518
1532.0          0.65423
1533.0          0.65329
1534.0          0.65236
1535.0          0.65143
1536.0          0.65050
1537.0          0.64958
1538.0          0.64866
1539.0          0.64775
1540.0          0.64685
1541.0          0.64595
1542.0          0.64505
1543.0          0.64416
1544.0          0.64327
1545.0          0.64239
1546.0          0.64152
1547.0          0.64065
1548.0          0.63978
1549.0          0.63892
1550.0          0.63806
1551.0          0.63721
1552.0          0.63637
1553.0          0.63553
1554.0          0.63470
1555.0          0.63387
1556.0          0.63304
1557.0          0.63223
1558.0          0.63141
1559.0          0.63061
1560.0          0.62980
1561.0          0.62901
1562.0          0.62822
1563.0          0.62743
1564.0          0.62665
1565.0          0.62588
1566.0          0.62511
1567.0          0.62434
1568.0          0.62359
1569.0          0.62283
1570.0          0.62209
1571.0          0.62135
1572.0          0.62061
1573.0          0.61988
1574.0          0.61916
1575.0          0.61844
1576.0          0.61773
1577.0          0.61702
1578.0          0.61632
1579.0          0.61563
1580.0          0.61494
1581.0          0.61426
1582.0          0.61358
1583.0          0.61291
1584.0          0.61225
1585.0          0.61159
1586.0          0.61093
1587.0          0.61029
1588.0          0.60965
1589.0          0.60901
1590.0          0.60839
1591.0          0.60777
1592.0          0.60715
1593.0          0.60654
1594.0          0.60594
1595.0          0.60534
1596.0          0.60475
1597.0          0.60417
1598.0          0.60359
1599.0          0.60302
1600.0          0.60246
1601.0          0.60191
1602.0          0.60136
1603.0          0.60081
1604.0          0.60028
1605.0          0.59975
1606.0          0.59923
1607.0          0.59871
1608.0          0.59820
1609.0          0.59770
1610.0          0.59721
1611.0          0.59672
1612.0          0.59624
1613.0          0.59577
1614.0          0.59531
1615.0          0.59485
1616.0          0.59440
1617.0          0.59396
1618.0          0.59353
1619.0          0.59311
1620.0          0.59269
1621.0          0.59228
1622.0          0.59188
1623.0          0.59149
1624.0          0.59110
1625.0          0.59073
1626.0          0.59036
1627.0          0.59000
1628.0          0.58966
1629.0          0.58932
1630.0          0.58899
1631.0          0.58866
1632.0          0.58835
1633.0          0.58805
1634.0          0.58776
1635.0          0.58747
1636.0          0.58720
1637.0          0.58694
1638.0          0.58669
1639.0          0.58645
1640.0          0.58621
1641.0          0.58600
1642.0          0.58579
1643.0          0.58559
1644.0          0.58540
1645.0          0.58523
1646.0          0.58507
1647.0          0.58492
1648.0          0.58478
1649.0          0.58466
1650.0          0.58455
1400.0          1.0000
1401.0          1.0000
1402.0          1.0000
1403.0          1.0000
1404.0          1.0000
1405.0          1.0000
1406.0          1.0000
1407.0          1.0000
1408.0          1.0000
1409.0          1.0000
1410.0          1.0000
1411.0          1.0000
1412.0          1.0000
1413.0          1.0000
1414.0          1.0000
1415.0          1.0000
1416.0          1.0000
1417.0          1.0000
1418.0          1.0000
1419.0          1.0000
1420.0          1.0000
1421.0          1.0000
1422.0          1.0000
1423.0          1.0000
1424.0          1.0000
1425.0          1.0000
1426.0          1.0000
1427.0          1.0000
1428.0          1.0000
1429.0          1.0000
1430.0          1.0000
1431.0          1.0000
1432.0          1.0000
1433.0          1.0000
1434.0          1.0000
1435.0          1.0000
1436.0          1.0000
1437.0          1.0000
1438.0          1.0000
1439.0          1.0000
1440.0          1.0000
1441.0          1.0000
1442.0          1.0000
1443.0          1.0000
1444.0          1.0000
1445.0          1.0000
1446.0          1.0000
1447.0          1.0000
1448.0          1.0000
1449.0          1.0000
1450.0          1.0000
1451.0          1.0000
1452.0          1.0000
1453.0          1.0000
1454.0          1.0000
1455.0          1.0000
1456.0          1.0000
1457.0          1.0000
1458.0          1.0000
1459.0          1.0000
1460.0          1.0000
1461.0          1.0000
1462.0          1.0000
1463.0          1.0000
1464.0          1.0000
1465.0          1.0000
1466.0          1.0000
1467.0          1.0000
1468.0          1.0000
1469.0          1.0000
1470.0          1.0000
1471.0          1.0000
1472.0          1.0000
1473.0          1.0000
1474.0          1.0000
1475.0          1.0000
1476.0          1.0000
1477.0          1.0000
1478.0          1.0000
1479.0          1.0000
1480.0          1.0000
1481.0          1.0000
1482.0          1.0000
1483.0          1.0000
1484.0          1.0000
1485.0          1.0000
1486.0          1.0000
1487.0          1.0000
1488.0          1.0000
1489.0          1.0000
1490.0          1.0000
1491.0          1.0000
1492.0          1.0000
1493.0          1.0000
1494.0          1.0000
1495.0          1.0000
1496.0          1.0000
1497.0          1.0000
1498.0          1.0000
1499.0          1.0000
1500.0          1.0000
1501.0          1.0000
1502.0          1.0000
1503.0          1.0000
1504.0          1.0000
1505.0          1.0000
1506.0          1.0000
1507.0          1.0000
1508.0          1.0000
1509.0          1.0000
1510.0          1.0000
1511.0          1.0000
1512.0          1.0000
1513.0          1.0000
1514.0          1.0000
1515.0          1.0000
1516.0          1.0000
1517.0          1.0000
1518.0          1.0000
1519.0          1.0000
1520.0          1.0000
1521.0          1.0000
1522.0          1.0000
1523.0          1.0000
1524.0          1.0000
1525.0          1.0000
1526.0          1.0000
1527.0          1.0000
1528.0          1.0000
1529.0          1.0000
1530.0          1.0000
1531.0          1.0000
1532.0          1.0000
1533.0          1.0000
1534.0          1.0000
1535.0          1.0000
1536.0          1.0000
1537.0          1.0000
1538.0          1.0000
1539.0          1.0000
1540.0          1.0000
1541.0          1.0000
1542.0          1.0000
1543.0          1.0000
1544.0          1.0000
1545.0          1.0000
1546.0          1.0000
1547.0          1.0000
1548.0          1.0000
1549.0          1.0000
1550.0          1.0000
1551.0          1.0000
1552.0          1.0000
1553.0          1.0000
1554.0          1.0000
1555.0          1.0000
1556.0          1.0000
1557.0          1.0000
1558.0          1.0000
1559.0          1.0000
1560.0          1.0000
1561.0          1.0000
1562.0          1.0000
1563.0          1.0000
1564.0          1.0000
1565.0          1.0000
1566.0          1.0000
1567.0          1.0000
1568.0          1.0000
1569.0          1.0000
1570.0          1.0000
1571.0          1.0000
1572.0          1.0000
1573.0          1.0000
1574.0          1.0000
1575.0          1.0000
1576.0          1.0000
1577.0          1.0000
1578.0          1.0000
1579.0          1.0000
1580.0          1.0000
1581.0          1.0000
1582.0          1.0000
1583.0          1.0000
1584.0          1.0000
1585.0          1.0000
1586.0          1.0000
1587.0          1.0000
1588.0          1.0000
1589.0          1.0000
1590.0          1.0000
1591.0          1.0000
1592.0          1.0000
1593.0          1.0000
1594.0          1.0000
1595.0          1.0000
1596.0          1.0000
1597.0          1.0000
1598.0          1.0000
1599.0          1.0000
1600.0          1.0000
1601.0          1.0000
1602.0          1.0000
1603.0          1.0000
1604.0          1.0000
1605.0          1.0000
1606.0          1.0000
1607.0          1.0000
1608.0          1.0000
1609.0          1.0000
1610.0          1.0000
1611.0          1.0000
1612.0          1.0000
1613.0          1.0000
1614.0          1.0000
1615.0          1.0000
1616.0          1.0000
1617.0          1.0000
1618.0          1.0000
1619.0          1.0000
1620.0          1.0000
1621.0          1.0000
1622.0          1.0000
1623.0          1.0000
1624.0          1.0000
1625.0          1.0000
1626.0          1.0000
1627.0          1.0000
1628.0          1.0000
1629.0          1.0000
1630.0          1.0000
1631.0          1.0000
1632.0          1.0000
1633.0          1.0000
1634.0          1.0000
1635.0          1.0000
1636.0          1.0000
1637.0          1.0000
1638.0          1.0000
1639.0          1.0000
1640.0          1.0000
1641.0          1.0000
1642.0          1.0000
1643.0          1.0000
1644.0          1.0000
1645.0          1.0000
1646.0          1.0000
1647.0          1.0000
1648.0          1.0000
1649.0          1.0000
1650.0          1.0000
1400.0          1.1102E-16
1401.0          -1.5543E-15
1402.0          -4.2188E-15
1403.0          -4.4409E-16
1404.0          2.6645E-15
1405.0          -2.2204E-15
1406.0          3.3307E-15
1407.0          -1.9984E-15
1408.0          -8.8818E-16
1409.0          4.4409E-16
1410.0          -2.2204E-15
1411.0          5.5511E-16
1412.0          2.2204E-16
1413.0          3.5527E-15
1414.0          5.5511E-16
1415.0          -1.7764E-15
1416.0          0.0000
1417.0          -4.4409E-16
1418.0          1.9984E-15
1419.0          3.1086E-15
1420.0          -8.8818E-16
1421.0          -6.6613E-16
1422.0          7.7716E-16
1423.0          8.8818E-16
1424.0          2.4425E-15
1425.0          -4.4409E-16
1426.0          1.3323E-15
1427.0          1.9984E-15
1428.0          -2.2204E-16
1429.0          7.7716E-16
1430.0          7.7716E-16
1431.0          1.8874E-15
1432.0          -6.6613E-16
1433.0          2.1094E-15
1434.0          1.1102E-15
1435.0          -6.6613E-16
1436.0          -1.1102E-15
1437.0          1.1102E-16
1438.0          2.2204E-16
1439.0          1.4433E-15
1440.0          8.8818E-16
1441.0          8.8818E-16
1442.0          -6.6613E-16
1443.0          2.2204E-15
1444.0          1.9984E-15
1445.0          0.0000
1446.0          -1.7764E-15
1447.0          6.6613E-16
1448.0          -2.2204E-16
1449.0          1.9984E-15
1450.0          -4.4409E-16
1451.0          -4.4409E-16
1452.0          4.4409E-16
1453.0          -8.8818E-16
1454.0          -2.6645E-15
1455.0          1.7764E-15
1456.0          7.7716E-16
1457.0          -1.3323E-15
1458.0          4.4409E-16
1459.0          2.2204E-15
1460.0          -1.3323E-15
1461.0          1.7764E-15
1462.0          1.8874E-15
1463.0          -8.8818E-16
1464.0          -2.2204E-16
1465.0          5.5511E-16
1466.0          4.1078E-15
1467.0          1.9984E-15
1468.0          -8.8818E-16
1469.0          8.8818E-16
1470.0          7.7716E-16
1471.0          2.4425E-15
1472.0          2.6645E-15
1473.0          6.6613E-16
1474.0          1.5543E-15
1475.0          -8.8818E-16
1476.0          -4.4409E-16
1477.0          -1.1102E-15
1478.0          -4.4409E-16
1479.0          -1.3323E-15
1480.0          1.9984E-15
1481.0          -8.8818E-16
1482.0          1.7764E-15
1483.0          -4.4409E-16
1484.0          -1.3323E-15
1485.0          1.5543E-15
1486.0          -4.4409E-16
1487.0          1.9984E-15
1488.0          2.7756E-15
1489.0          2.5535E-15
1490.0          1.7764E-15
1491.0          1.7764E-15
1492.0          0.0000
1493.0          2.2204E-15
1494.0          2.8866E-15
1495.0          -4.4409E-16
1496.0          -4.4409E-16
1497.0          1.7764E-15
1498.0          1.7764E-15
1499.0          -2.2204E-16
1500.0          8.8818E-16
1501.0          -1.5543E-15
1502.0          2.2204E-15
1503.0          -1.3323E-15
1504.0          2.6645E-15
1505.0          6.6613E-16
1506.0          3.9968E-15
1507.0          -8.8818E-16
1508.0          1.5543E-15
1509.0          0.0000
1510.0          -1.3323E-15
1511.0          8.8818E-16
1512.0          -6.6613E-16
1513.0          4.4409E-16
1514.0          2.3315E-15
1515.0          -8.8818E-16
1516.0          -2.2204E-16
1517.0          -1.1102E-15
1518.0          8.8818E-16
1519.0          1.6653E-15
1520.0          1.1102E-15
1521.0          5.5511E-16
1522.0          1.3323E-15
1523.0          3.6637E-15
1524.0          7.7716E-16
1525.0          -4.4409E-16
1526.0          2.6645E-15
1527.0          6.6613E-16
1528.0          8.8818E-16
1529.0          1.3323E-15
1530.0          1.3323E-15
1531.0          1.3323E-15
1532.0          3.3307E-15
1533.0          -1.3323E-15
1534.0          1.9984E-15
1535.0          -1.3323E-15
1536.0          -1.7764E-15
1537.0          1.1102E-16
1538.0          -3.7748E-15
1539.0          4.4409E-16
1540.0          2.6645E-15
1541.0          3.7748E-15
1542.0          -3.3307E-15
1543.0          2.8866E-15
1544.0          -4.4409E-16
1545.0          -2.4425E-15
1546.0          -4.4409E-16
1547.0          8.8818E-16
1548.0          7.7716E-16
1549.0          7.7716E-16
1550.0          3.3307E-15
1551.0          -1.3323E-15
1552.0          1.1102E-15
1553.0          -2.4425E-15
1554.0          -1.3323E-15
1555.0          3.3307E-15
1556.0          4.4409E-16
1557.0          -2.4425E-15
1558.0          -3.5527E-15
1559.0          -1.7764E-15
1560.0          1.1102E-15
1561.0          -2.2204E-15
1562.0          -2.2204E-16
1563.0          -4.4409E-16
1564.0          1.7764E-15
1565.0          -1.9984E-15
1566.0          0.0000
1567.0          2.4425E-15
1568.0          6.6613E-16
1569.0          3.4417E-15
1570.0          0.0000
1571.0          -6.6613E-16
1572.0          -8.8818E-16
1573.0          1.4433E-15
1574.0          1.7764E-15
1575.0          -1.9984E-15
1576.0          4.3299E-15
1577.0          3.3307E-15
1578.0          3.3307E-16
1579.0          7.7716E-16
1580.0          2.2204E-15
1581.0          1.6653E-15
1582.0          -8.8818E-16
1583.0          -8.8818E-16
1584.0          2.7756E-15
1585.0          -4.4409E-16
1586.0          3.3307E-16
1587.0          -2.6645E-15
1588.0          -1.1102E-15
1589.0          -2.2204E-16
1590.0          -4.4409E-16
1591.0          -4.4409E-16
1592.0          1.3323E-15
1593.0          1.4433E-15
1594.0          2.7756E-15
1595.0          -6.6613E-16
1596.0          0.0000
1597.0          8.8818E-16
1598.0          3.9968E-15
1599.0          2.6645E-15
1600.0          1.9984E-15
1601.0          0.0000
1602.0          0.0000
1603.0          -1.1102E-15
1604.0          6.6613E-16
1605.0          4.4409E-16
1606.0          -4.4409E-16
1607.0          -1.5543E-15
1608.0          2.2204E-15
1609.0          1.9984E-15
1610.0          -1.7764E-15
1611.0          0.0000
1612.0          -8.8818E-16
1613.0          2.5535E-15
1614.0          0.0000
1615.0          6.6613E-16
1616.0          1.7764E-15
1617.0          1.8874E-15
1618.0          1.2212E-15
1619.0          -4.2188E-15
1620.0          1.1102E-15
1621.0          3.4417E-15
1622.0          2.8866E-15
1623.0          -2.6645E-15
1624.0          4.4409E-16
1625.0          8.8818E-16
1626.0          2.5535E-15
1627.0          5.5511E-16
1628.0          1.1102E-15
1629.0          2.6645E-15
1630.0          -1.9984E-15
1631.0          0.0000
1632.0          4.4409E-16
1633.0          -2.2204E-15
1634.0          -3.1086E-15
1635.0          -1.7764E-15
1636.0          4.8850E-15
1637.0          1.9984E-15
1638.0          1.1102E-16
1639.0          -3.3307E-15
1640.0          -2.2204E-15
1641.0          2.2204E-15
1642.0          8.8818E-16
1643.0          0.0000
1644.0          1.9984E-15
1645.0          -3.1086E-15
1646.0          -1.7764E-15
1647.0          -3.3307E-15
1648.0          -3.9968E-15
1649.0          2.3315E-15
1650.0          -2.6645E-15
