1400.0          0.59190
1401.0          0.60016
1402.0          0.60873
1403.0          0.61762
1404.0          0.62684
1405.0          0.63638
1406.0          0.64625
1407.0          0.65645
1408.0          0.66698
1409.0          0.67784
1410.0          0.68903
1411.0          0.70053
1412.0          0.71234
1413.0          0.72445
1414.0          0.73684
1415.0          0.74949
1416.0          0.76239
1417.0          0.77549
1418.0          0.78878
1419.0          0.80220
1420.0          0.81573
1421.0          0.82932
1422.0          0.84290
1423.0          0.85642
1424.0          0.86981
1425.0          0.88301
1426.0          0.89593
1427.0          0.90850
1428.0          0.92062
1429.0          0.93222
1430.0          0.94319
1431.0          0.95345
1432.0          0.96290
1433.0          0.97146
1434.0          0.97903
1435.0          0.98555
1436.0          0.99092
1437.0          0.99510
1438.0          0.99802
1439.0          0.99965
1440.0          0.99995
1441.0          0.99891
1442.0          0.99653
1443.0          0.99282
1444.0          0.98782
1445.0          0.98156
1446.0          0.97410
1447.0          0.96550
1448.0          0.95585
1449.0          0.94521
1450.0          0.93369
1451.0          0.92138
1452.0          0.90837
1453.0          0.89475
1454.0          0.88064
1455.0          0.86611
1456.0          0.85127
1457.0          0.83619
1458.0          0.82096
1459.0          0.80566
1460.0          0.79035
1461.0          0.77509
1462.0          0.75994
1463.0          0.74496
1464.0          0.73018
1465.0          0.71564
1466.0          0.70138
1467.0          0.68742
1468.0          0.67379
1469.0          0.66049
1470.0          0.64755
1471.0          0.63498
1472.0          0.62278
1473.0          0.61096
1474.0          0.59951
1475.0          0.58844
1476.0          0.57775
1477.0          0.56743
1478.0          0.55747
1479.0          0.54788
1480.0          0.53863
1481.0          0.52974
1482.0          0.52117
1483.0          0.51293
1484.0          0.50501
1485.0          0.49740
1486.0          0.49009
1487.0          0.48306
1488.0          0.47632
1489.0          0.46984
1490.0          0.46362
1491.0          0.45766
1492.0          0.45193
1493.0          0.44644
1494.0          0.44117
1495.0          0.43612
1496.0          0.43127
1497.0          0.42662
1498.0          0.42217
1499.0          0.41789
1500.0          0.41380
1501.0          0.40987
1502.0          0.40611
1503.0          0.40251
1504.0          0.39905
1505.0          0.39575
1506.0          0.39258
1507.0          0.38954
1508.0          0.38663
1509.0          0.38385
1510.0          0.38119
1511.0          0.37864
1512.0          0.37620
1513.0          0.37386
1514.0          0.37163
1515.0          0.36949
1516.0          0.36745
1517.0          0.36550
1518.0          0.36364
1519.0          0.36186
1520.0          0.36016
1521.0          0.35853
1522.0          0.35699
1523.0          0.35551
1524.0          0.35411
1525.0          0.35277
1526.0          0.35149
1527.0          0.35028
1528.0          0.34913
1529.0          0.34803
1530.0          0.34700
1531.0          0.34601
1532.0          0.34508
1533.0          0.34419
1534.0          0.34336
1535.0          0.34257
1536.0          0.34183
1537.0          0.34113
1538.0          0.34047
1539.0          0.33986
1540.0          0.33928
1541.0          0.33874
1542.0          0.33823
1543.0          0.33777
1544.0          0.33733
1545.0          0.33693
1546.0          0.33656
1547.0          0.33623
1548.0          0.33592
1549.0          0.33564
1550.0          0.33539
1551.0          0.33517
1552.0          0.33497
1553.0          0.33480
1554.0          0.33465
1555.0          0.33453
1556.0          0.33443
1557.0          0.33435
1558.0          0.33430
1559.0          0.33426
1560.0          0.33425
1561.0          0.33425
1562.0          0.33428
1563.0          0.33432
1564.0          0.33438
1565.0          0.33446
1566.0          0.33456
1567.0          0.33467
1568.0          0.33479
1569.0          0.33494
1570.0          0.33509
1571.0          0.33527
1572.0          0.33545
1573.0          0.33565
1574.0          0.33586
1575.0          0.33609
1576.0          0.33633
1577.0          0.33657
1578.0          0.33684
1579.0          0.33711
1580.0          0.33739
1581.0          0.33768
1582.0          0.33799
1583.0          0.33830
1584.0          0.33862
1585.0          0.33896
1586.0          0.33930
1587.0          0.33965
1588.0          0.34001
1589.0          0.34037
1590.0          0.34075
1591.0          0.34113
1592.0          0.34152
1593.0          0.34192
1594.0          0.34232
1595.0          0.34273
1596.0          0.34315
1597.0          0.34357
1598.0          0.34400
1599.0          0.34444
1600.0          0.34488
1601.0          0.34533
1602.0          0.34578
1603.0          0.34624
1604.0          0.34670
1605.0          0.34717
1606.0          0.34764
1607.0          0.34811
1608.0          0.34859
1609.0          0.34908
1610.0          0.34957
1611.0          0.35006
1612.0          0.35055
1613.0          0.35105
1614.0          0.35156
1615.0          0.35206
1616.0          0.35257
1617.0          0.35309
1618.0          0.35360
1619.0          0.35412
1620.0          0.35464
1621.0          0.35516
1622.0          0.35569
1623.0          0.35622
1624.0          0.35675
1625.0          0.35728
1626.0          0.35781
1627.0          0.35835
1628.0          0.35889
1629.0          0.35943
1630.0          0.35997
1631.0          0.36051
1632.0          0.36106
1633.0          0.36160
1634.0          0.36215
1635.0          0.36270
1636.0          0.36325
1637.0          0.36380
1638.0          0.36435
1639.0          0.36490
1640.0          0.36545
1641.0          0.36600
1642.0          0.36656
1643.0          0.36711
1644.0          0.36767
1645.0          0.36822
1646.0          0.36878
1647.0          0.36934
1648.0          0.36989
1649.0          0.37045
1650.0          0.37100
1400.0          0.40810
1401.0          0.39984
1402.0          0.39127
1403.0          0.38238
1404.0          0.37316
1405.0          0.36362
1406.0          0.35375
1407.0          0.34355
1408.0          0.33302
1409.0          0.32216
1410.0          0.31097
1411.0          0.29947
1412.0          0.28766
1413.0          0.27555
1414.0          0.26316
1415.0          0.25051
1416.0          0.23761
1417.0          0.22451
1418.0          0.21122
1419.0          0.19780
1420.0          0.18427
1421.0          0.17068
1422.0          0.15710
1423.0          0.14358
1424.0          0.13019
1425.0          0.11699
1426.0          0.10407
1427.0          0.091504
1428.0          0.079380
1429.0          0.067785
1430.0          0.056812
1431.0          0.046553
1432.0          0.037099
1433.0          0.028542
1434.0          0.020966
1435.0          0.014453
1436.0          0.0090758
1437.0          0.0048992
1438.0          0.0019771
1439.0          3.5124E-4
1440.0          5.0510E-5
1441.0          0.0010897
1442.0          0.0034693
1443.0          0.0071750
1444.0          0.012179
1445.0          0.018438
1446.0          0.025899
1447.0          0.034496
1448.0          0.044153
1449.0          0.054787
1450.0          0.066308
1451.0          0.078622
1452.0          0.091634
1453.0          0.10525
1454.0          0.11936
1455.0          0.13389
1456.0          0.14873
1457.0          0.16381
1458.0          0.17904
1459.0          0.19434
1460.0          0.20965
1461.0          0.22491
1462.0          0.24006
1463.0          0.25504
1464.0          0.26982
1465.0          0.28436
1466.0          0.29862
1467.0          0.31258
1468.0          0.32621
1469.0          0.33951
1470.0          0.35245
1471.0          0.36502
1472.0          0.37722
1473.0          0.38904
1474.0          0.40049
1475.0          0.41156
1476.0          0.42225
1477.0          0.43257
1478.0          0.44253
1479.0          0.45212
1480.0          0.46137
1481.0          0.47026
1482.0          0.47883
1483.0          0.48707
1484.0          0.49499
1485.0          0.50260
1486.0          0.50991
1487.0          0.51694
1488.0          0.52368
1489.0          0.53016
1490.0          0.53638
1491.0          0.54234
1492.0          0.54807
1493.0          0.55356
1494.0          0.55883
1495.0          0.56388
1496.0          0.56873
1497.0          0.57338
1498.0          0.57783
1499.0          0.58211
1500.0          0.58620
1501.0          0.59013
1502.0          0.59389
1503.0          0.59749
1504.0          0.60095
1505.0          0.60425
1506.0          0.60742
1507.0          0.61046
1508.0          0.61337
1509.0          0.61615
1510.0          0.61881
1511.0          0.62136
1512.0          0.62380
1513.0          0.62614
1514.0          0.62837
1515.0          0.63051
1516.0          0.63255
1517.0          0.63450
1518.0          0.63636
1519.0          0.63814
1520.0          0.63984
1521.0          0.64147
1522.0          0.64301
1523.0          0.64449
1524.0          0.64589
1525.0          0.64723
1526.0          0.64851
1527.0          0.64972
1528.0          0.65087
1529.0          0.65197
1530.0          0.65300
1531.0          0.65399
1532.0          0.65492
1533.0          0.65581
1534.0          0.65664
1535.0          0.65743
1536.0          0.65817
1537.0          0.65887
1538.0          0.65953
1539.0          0.66014
1540.0          0.66072
1541.0          0.66126
1542.0          0.66177
1543.0          0.66223
1544.0          0.66267
1545.0          0.66307
1546.0          0.66344
1547.0          0.66377
1548.0          0.66408
1549.0          0.66436
1550.0          0.66461
1551.0          0.66483
1552.0          0.66503
1553.0          0.66520
1554.0          0.66535
1555.0          0.66547
1556.0          0.66557
1557.0          0.66565
1558.0          0.66570
1559.0          0.66574
1560.0          0.66575
1561.0          0.66575
1562.0          0.66572
1563.0          0.66568
1564.0          0.66562
1565.0          0.66554
1566.0          0.66544
1567.0          0.66533
1568.0          0.66521
1569.0          0.66506
1570.0          0.66491
1571.0          0.66473
1572.0          0.66455
1573.0          0.66435
1574.0          0.66414
1575.0          0.66391
1576.0          0.66367
1577.0          0.66343
1578.0          0.66316
1579.0          0.66289
1580.0          0.66261
1581.0          0.66232
1582.0          0.66201
1583.0          0.66170
1584.0          0.66138
1585.0          0.66104
1586.0          0.66070
1587.0          0.66035
1588.0          0.65999
1589.0          0.65963
1590.0          0.65925
1591.0          0.65887
1592.0          0.65848
1593.0          0.65808
1594.0          0.65768
1595.0          0.65727
1596.0          0.65685
1597.0          0.65643
1598.0          0.65600
1599.0          0.65556
1600.0          0.65512
1601.0          0.65467
1602.0          0.65422
1603.0          0.65376
1604.0          0.65330
1605.0          0.65283
1606.0          0.65236
1607.0          0.65189
1608.0          0.65141
1609.0          0.65092
1610.0          0.65043
1611.0          0.64994
1612.0          0.64945
1613.0          0.64895
1614.0          0.64844
1615.0          0.64794
1616.0          0.64743
1617.0          0.64691
1618.0          0.64640
1619.0          0.64588
1620.0          0.64536
1621.0          0.64484
1622.0          0.64431
1623.0          0.64378
1624.0          0.64325
1625.0          0.64272
1626.0          0.64219
1627.0          0.64165
1628.0          0.64111
1629.0          0.64057
1630.0          0.64003
1631.0          0.63949
1632.0          0.63894
1633.0          0.63840
1634.0          0.63785
1635.0          0.63730
1636.0          0.63675
1637.0          0.63620
1638.0          0.63565
1639.0          0.63510
1640.0          0.63455
1641.0          0.63400
1642.0          0.63344
1643.0          0.63289
1644.0          0.63233
1645.0          0.63178
1646.0          0.63122
1647.0          0.63066
1648.0          0.63011
1649.0          0.62955
1650.0          0.62900
1400.0          1.0000
1401.0          1.0000
1402.0          1.0000
1403.0          1.0000
1404.0          1.0000
1405.0          1.0000
1406.0          1.0000
1407.0          1.0000
1408.0          1.0000
1409.0          1.0000
1410.0          1.0000
1411.0          1.0000
1412.0          1.0000
1413.0          1.0000
1414.0          1.0000
1415.0          1.0000
1416.0          1.0000
1417.0          1.0000
1418.0          1.0000
1419.0          1.0000
1420.0          1.0000
1421.0          1.0000
1422.0          1.0000
1423.0          1.0000
1424.0          1.0000
1425.0          1.0000
1426.0          1.0000
1427.0          1.0000
1428.0          1.0000
1429.0          1.0000
1430.0          1.0000
1431.0          1.0000
1432.0          1.0000
1433.0          1.0000
1434.0          1.0000
1435.0          1.0000
1436.0          1.0000
1437.0          1.0000
1438.0          1.0000
1439.0          1.0000
1440.0          1.0000
1441.0          1.0000
1442.0          1.0000
1443.0          1.0000
1444.0          1.0000
1445.0          1.0000
1446.0          1.0000
1447.0          1.0000
1448.0          1.0000
1449.0          1.0000
1450.0          1.0000
1451.0          1.0000
1452.0          1.0000
1453.0          1.0000
1454.0          1.0000
1455.0          1.0000
1456.0          1.0000
1457.0          1.0000
1458.0          1.0000
1459.0          1.0000
1460.0          1.0000
1461.0          1.0000
1462.0          1.0000
1463.0          1.0000
1464.0          1.0000
1465.0          1.0000
1466.0          1.0000
1467.0          1.0000
1468.0          1.0000
1469.0          1.0000
1470.0          1.0000
1471.0          1.0000
1472.0          1.0000
1473.0          1.0000
1474.0          1.0000
1475.0          1.0000
1476.0          1.0000
1477.0          1.0000
1478.0          1.0000
1479.0          1.0000
1480.0          1.0000
1481.0          1.0000
1482.0          1.0000
1483.0          1.0000
1484.0          1.0000
1485.0          1.0000
1486.0          1.0000
1487.0          1.0000
1488.0          1.0000
1489.0          1.0000
1490.0          1.0000
1491.0          1.0000
1492.0          1.0000
1493.0          1.0000
1494.0          1.0000
1495.0          1.0000
1496.0          1.0000
1497.0          1.0000
1498.0          1.0000
1499.0          1.0000
1500.0          1.0000
1501.0          1.0000
1502.0          1.0000
1503.0          1.0000
1504.0          1.0000
1505.0          1.0000
1506.0          1.0000
1507.0          1.0000
1508.0          1.0000
1509.0          1.0000
1510.0          1.0000
1511.0          1.0000
1512.0          1.0000
1513.0          1.0000
1514.0          1.0000
1515.0          1.0000
1516.0          1.0000
1517.0          1.0000
1518.0          1.0000
1519.0          1.0000
1520.0          1.0000
1521.0          1.0000
1522.0          1.0000
1523.0          1.0000
1524.0          1.0000
1525.0          1.0000
1526.0          1.0000
1527.0          1.0000
1528.0          1.0000
1529.0          1.0000
1530.0          1.0000
1531.0          1.0000
1532.0          1.0000
1533.0          1.0000
1534.0          1.0000
1535.0          1.0000
1536.0          1.0000
1537.0          1.0000
1538.0          1.0000
1539.0          1.0000
1540.0          1.0000
1541.0          1.0000
1542.0          1.0000
1543.0          1.0000
1544.0          1.0000
1545.0          1.0000
1546.0          1.0000
1547.0          1.0000
1548.0          1.0000
1549.0          1.0000
1550.0          1.0000
1551.0          1.0000
1552.0          1.0000
1553.0          1.0000
1554.0          1.0000
1555.0          1.0000
1556.0          1.0000
1557.0          1.0000
1558.0          1.0000
1559.0          1.0000
1560.0          1.0000
1561.0          1.0000
1562.0          1.0000
1563.0          1.0000
1564.0          1.0000
1565.0          1.0000
1566.0          1.0000
1567.0          1.0000
1568.0          1.0000
1569.0          1.0000
1570.0          1.0000
1571.0          1.0000
1572.0          1.0000
1573.0          1.0000
1574.0          1.0000
1575.0          1.0000
1576.0          1.0000
1577.0          1.0000
1578.0          1.0000
1579.0          1.0000
1580.0          1.0000
1581.0          1.0000
1582.0          1.0000
1583.0          1.0000
1584.0          1.0000
1585.0          1.0000
1586.0          1.0000
1587.0          1.0000
1588.0          1.0000
1589.0          1.0000
1590.0          1.0000
1591.0          1.0000
1592.0          1.0000
1593.0          1.0000
1594.0          1.0000
1595.0          1.0000
1596.0          1.0000
1597.0          1.0000
1598.0          1.0000
1599.0          1.0000
1600.0          1.0000
1601.0          1.0000
1602.0          1.0000
1603.0          1.0000
1604.0          1.0000
1605.0          1.0000
1606.0          1.0000
1607.0          1.0000
1608.0          1.0000
1609.0          1.0000
1610.0          1.0000
1611.0          1.0000
1612.0          1.0000
1613.0          1.0000
1614.0          1.0000
1615.0          1.0000
1616.0          1.0000
1617.0          1.0000
1618.0          1.0000
1619.0          1.0000
1620.0          1.0000
1621.0          1.0000
1622.0          1.0000
1623.0          1.0000
1624.0          1.0000
1625.0          1.0000
1626.0          1.0000
1627.0          1.0000
1628.0          1.0000
1629.0          1.0000
1630.0          1.0000
1631.0          1.0000
1632.0          1.0000
1633.0          1.0000
1634.0          1.0000
1635.0          1.0000
1636.0          1.0000
1637.0          1.0000
1638.0          1.0000
1639.0          1.0000
1640.0          1.0000
1641.0          1.0000
1642.0          1.0000
1643.0          1.0000
1644.0          1.0000
1645.0          1.0000
1646.0          1.0000
1647.0          1.0000
1648.0          1.0000
1649.0          1.0000
1650.0          1.0000
1400.0          8.8818E-16
1401.0          4.4409E-16
1402.0          -8.8818E-16
1403.0          4.6629E-15
1404.0          -3.1086E-15
1405.0          3.7748E-15
1406.0          2.2204E-16
1407.0          -8.8818E-16
1408.0          2.2204E-15
1409.0          3.4417E-15
1410.0          3.2196E-15
1411.0          6.6613E-16
1412.0          2.2204E-16
1413.0          -2.2204E-16
1414.0          -4.4409E-15
1415.0          0.0000
1416.0          -3.1086E-15
1417.0          -8.8818E-16
1418.0          4.6629E-15
1419.0          -3.5527E-15
1420.0          1.1102E-15
1421.0          3.6637E-15
1422.0          2.5535E-15
1423.0          0.0000
1424.0          5.1070E-15
1425.0          3.5527E-15
1426.0          4.6629E-15
1427.0          2.7756E-15
1428.0          1.8874E-15
1429.0          1.1102E-15
1430.0          5.5511E-16
1431.0          1.3323E-15
1432.0          3.4417E-15
1433.0          7.7716E-16
1434.0          -2.4425E-15
1435.0          -3.7748E-15
1436.0          -3.1086E-15
1437.0          -4.4409E-16
1438.0          3.3307E-16
1439.0          -1.1102E-15
1440.0          2.1094E-15
1441.0          -8.8818E-16
1442.0          0.0000
1443.0          4.3299E-15
1444.0          1.3323E-15
1445.0          6.6613E-16
1446.0          1.8874E-15
1447.0          -2.2204E-16
1448.0          -4.4409E-16
1449.0          -6.6613E-16
1450.0          -8.8818E-16
1451.0          4.8850E-15
1452.0          -2.2204E-15
1453.0          4.1078E-15
1454.0          -1.3323E-15
1455.0          6.6613E-15
1456.0          3.7748E-15
1457.0          -4.4409E-16
1458.0          -1.3323E-15
1459.0          -2.6645E-15
1460.0          5.4401E-15
1461.0          2.9976E-15
1462.0          4.6629E-15
1463.0          4.4409E-16
1464.0          1.4433E-15
1465.0          4.4409E-16
1466.0          2.3315E-15
1467.0          0.0000
1468.0          4.4409E-16
1469.0          1.5543E-15
1470.0          3.7748E-15
1471.0          1.1102E-16
1472.0          6.6613E-16
1473.0          2.8866E-15
1474.0          0.0000
1475.0          2.6645E-15
1476.0          -1.5543E-15
1477.0          1.7764E-15
1478.0          1.1102E-15
1479.0          1.7764E-15
1480.0          -1.1102E-15
1481.0          1.2879E-14
1482.0          -7.5495E-15
1483.0          7.7716E-15
1484.0          -5.1070E-15
1485.0          -1.1990E-14
1486.0          -1.9984E-15
1487.0          -2.6645E-15
1488.0          1.3323E-15
1489.0          -6.6613E-16
1490.0          -2.2204E-15
1491.0          4.4409E-15
1492.0          -8.8818E-16
1493.0          2.4425E-15
1494.0          -2.6645E-15
1495.0          -2.2204E-15
1496.0          3.1086E-15
1497.0          -4.4409E-15
1498.0          -1.9984E-15
1499.0          1.1102E-15
1500.0          -2.2204E-15
1501.0          2.6645E-15
1502.0          2.2204E-15
1503.0          -2.8866E-15
1504.0          -8.8818E-16
1505.0          2.4425E-15
1506.0          2.2204E-15
1507.0          5.5511E-16
1508.0          1.3323E-15
1509.0          1.5543E-15
1510.0          9.9920E-16
1511.0          1.5543E-15
1512.0          0.0000
1513.0          1.7764E-15
1514.0          1.7764E-15
1515.0          1.1102E-15
1516.0          -2.6645E-15
1517.0          1.4433E-15
1518.0          -1.3323E-15
1519.0          1.6653E-15
1520.0          -4.4409E-16
1521.0          -1.3323E-15
1522.0          -2.2204E-16
1523.0          -2.2204E-16
1524.0          -1.9984E-15
1525.0          1.3323E-15
1526.0          3.2196E-15
1527.0          0.0000
1528.0          -8.8818E-16
1529.0          1.2212E-15
1530.0          -3.1086E-15
1531.0          -8.8818E-16
1532.0          1.7764E-15
1533.0          4.4409E-16
1534.0          4.4409E-16
1535.0          7.7716E-16
1536.0          -1.3323E-15
1537.0          0.0000
1538.0          0.0000
1539.0          2.6645E-15
1540.0          1.4433E-15
1541.0          7.7716E-16
1542.0          -8.8818E-16
1543.0          -8.8818E-16
1544.0          1.3323E-15
1545.0          -1.9984E-15
1546.0          -2.2204E-16
1547.0          4.4409E-16
1548.0          -1.7764E-15
1549.0          3.7748E-15
1550.0          7.1054E-15
1551.0          3.5527E-15
1552.0          9.4369E-15
1553.0          -1.0214E-14
1554.0          4.4409E-15
1555.0          -9.3259E-15
1556.0          4.5519E-15
1557.0          5.9952E-15
1558.0          1.9984E-15
1559.0          3.1086E-15
1560.0          1.4211E-14
1561.0          9.6589E-15
1562.0          -1.3323E-15
1563.0          1.4433E-15
1564.0          2.2204E-16
1565.0          3.2196E-15
1566.0          2.1094E-15
1567.0          -4.4409E-16
1568.0          -2.2204E-15
1569.0          0.0000
1570.0          4.4409E-16
1571.0          -6.6613E-16
1572.0          3.1086E-15
1573.0          3.3307E-15
1574.0          1.6653E-15
1575.0          3.3307E-15
1576.0          2.4425E-15
1577.0          -1.7764E-15
1578.0          2.2204E-16
1579.0          9.9920E-16
1580.0          6.6613E-16
1581.0          5.1070E-15
1582.0          1.6653E-15
1583.0          1.6653E-15
1584.0          2.2204E-15
1585.0          -1.7764E-15
1586.0          1.1102E-15
1587.0          -1.3323E-15
1588.0          6.6613E-16
1589.0          1.1102E-15
1590.0          2.2204E-15
1591.0          -1.7764E-15
1592.0          7.3275E-15
1593.0          1.1102E-15
1594.0          -2.6645E-15
1595.0          -8.8818E-16
1596.0          4.4409E-16
1597.0          1.6653E-15
1598.0          1.2212E-15
1599.0          7.9936E-15
1600.0          2.7756E-15
1601.0          -8.8818E-16
1602.0          -4.4409E-16
1603.0          -2.6645E-15
1604.0          2.4425E-15
1605.0          2.2204E-15
1606.0          -1.5543E-15
1607.0          -4.8850E-15
1608.0          -1.7764E-15
1609.0          1.3323E-15
1610.0          3.6637E-15
1611.0          -1.5543E-15
1612.0          8.8818E-16
1613.0          1.3323E-15
1614.0          -4.4409E-16
1615.0          -1.5543E-15
1616.0          -5.1070E-15
1617.0          4.8850E-15
1618.0          1.7764E-15
1619.0          5.5511E-15
1620.0          -4.8850E-15
1621.0          -4.4409E-16
1622.0          -8.8818E-16
1623.0          -4.4409E-16
1624.0          -3.1086E-15
1625.0          -4.4409E-15
1626.0          -3.5527E-15
1627.0          -1.7764E-15
1628.0          -1.3323E-15
1629.0          5.5511E-16
1630.0          -1.3323E-15
1631.0          4.4409E-15
1632.0          -2.6645E-15
1633.0          -8.8818E-16
1634.0          0.0000
1635.0          9.9920E-16
1636.0          3.1086E-15
1637.0          3.5527E-15
1638.0          3.8858E-15
1639.0          0.0000
1640.0          3.3307E-15
1641.0          -1.7764E-15
1642.0          3.7748E-15
1643.0          -5.5511E-15
1644.0          -1.3323E-15
1645.0          1.3323E-15
1646.0          -2.4425E-15
1647.0          0.0000
1648.0          3.1086E-15
1649.0          2.2204E-15
1650.0          4.6629E-15
