1400.0          0.054800
1401.0          0.054918
1402.0          0.055059
1403.0          0.055223
1404.0          0.055412
1405.0          0.055629
1406.0          0.055874
1407.0          0.056151
1408.0          0.056462
1409.0          0.056808
1410.0          0.057194
1411.0          0.057622
1412.0          0.058095
1413.0          0.058616
1414.0          0.059190
1415.0          0.059821
1416.0          0.060512
1417.0          0.061269
1418.0          0.062096
1419.0          0.063000
1420.0          0.063986
1421.0          0.065061
1422.0          0.066230
1423.0          0.067503
1424.0          0.068887
1425.0          0.070390
1426.0          0.072022
1427.0          0.073792
1428.0          0.075713
1429.0          0.077794
1430.0          0.080049
1431.0          0.082491
1432.0          0.085134
1433.0          0.087994
1434.0          0.091088
1435.0          0.094433
1436.0          0.098048
1437.0          0.10195
1438.0          0.10617
1439.0          0.11072
1440.0          0.11564
1441.0          0.12094
1442.0          0.12665
1443.0          0.13281
1444.0          0.13944
1445.0          0.14657
1446.0          0.15425
1447.0          0.16251
1448.0          0.17137
1449.0          0.18089
1450.0          0.19110
1451.0          0.20204
1452.0          0.21374
1453.0          0.22625
1454.0          0.23961
1455.0          0.25385
1456.0          0.26901
1457.0          0.28512
1458.0          0.30220
1459.0          0.32028
1460.0          0.33937
1461.0          0.35948
1462.0          0.38060
1463.0          0.40272
1464.0          0.42581
1465.0          0.44982
1466.0          0.47472
1467.0          0.50041
1468.0          0.52681
1469.0          0.55381
1470.0          0.58129
1471.0          0.60910
1472.0          0.63710
1473.0          0.66511
1474.0          0.69296
1475.0          0.72046
1476.0          0.74742
1477.0          0.77365
1478.0          0.79898
1479.0          0.82324
1480.0          0.84625
1481.0          0.86790
1482.0          0.88804
1483.0          0.90659
1484.0          0.92346
1485.0          0.93862
1486.0          0.95202
1487.0          0.96368
1488.0          0.97360
1489.0          0.98183
1490.0          0.98843
1491.0          0.99345
1492.0          0.99699
1493.0          0.99913
1494.0          0.99998
1495.0          0.99962
1496.0          0.99818
1497.0          0.99573
1498.0          0.99240
1499.0          0.98827
1500.0          0.98343
1501.0          0.97799
1502.0          0.97201
1503.0          0.96557
1504.0          0.95875
1505.0          0.95162
1506.0          0.94422
1507.0          0.93663
1508.0          0.92887
1509.0          0.92100
1510.0          0.91306
1511.0          0.90508
1512.0          0.89709
1513.0          0.88912
1514.0          0.88119
1515.0          0.87332
1516.0          0.86552
1517.0          0.85782
1518.0          0.85022
1519.0          0.84274
1520.0          0.83538
1521.0          0.82815
1522.0          0.82106
1523.0          0.81411
1524.0          0.80730
1525.0          0.80063
1526.0          0.79411
1527.0          0.78775
1528.0          0.78152
1529.0          0.77545
1530.0          0.76952
1531.0          0.76374
1532.0          0.75810
1533.0          0.75261
1534.0          0.74725
1535.0          0.74203
1536.0          0.73694
1537.0          0.73199
1538.0          0.72717
1539.0          0.72247
1540.0          0.71790
1541.0          0.71344
1542.0          0.70911
1543.0          0.70489
1544.0          0.70078
1545.0          0.69678
1546.0          0.69289
1547.0          0.68910
1548.0          0.68542
1549.0          0.68183
1550.0          0.67834
1551.0          0.67494
1552.0          0.67163
1553.0          0.66841
1554.0          0.66527
1555.0          0.66222
1556.0          0.65925
1557.0          0.65635
1558.0          0.65354
1559.0          0.65079
1560.0          0.64812
1561.0          0.64552
1562.0          0.64299
1563.0          0.64052
1564.0          0.63812
1565.0          0.63578
1566.0          0.63350
1567.0          0.63128
1568.0          0.62912
1569.0          0.62701
1570.0          0.62496
1571.0          0.62296
1572.0          0.62101
1573.0          0.61911
1574.0          0.61726
1575.0          0.61546
1576.0          0.61370
1577.0          0.61199
1578.0          0.61032
1579.0          0.60869
1580.0          0.60711
1581.0          0.60556
1582.0          0.60405
1583.0          0.60258
1584.0          0.60115
1585.0          0.59975
1586.0          0.59839
1587.0          0.59706
1588.0          0.59577
1589.0          0.59450
1590.0          0.59327
1591.0          0.59207
1592.0          0.59090
1593.0          0.58976
1594.0          0.58864
1595.0          0.58756
1596.0          0.58649
1597.0          0.58546
1598.0          0.58445
1599.0          0.58347
1600.0          0.58251
1601.0          0.58157
1602.0          0.58066
1603.0          0.57977
1604.0          0.57890
1605.0          0.57805
1606.0          0.57722
1607.0          0.57641
1608.0          0.57562
1609.0          0.57486
1610.0          0.57411
1611.0          0.57338
1612.0          0.57266
1613.0          0.57196
1614.0          0.57129
1615.0          0.57062
1616.0          0.56998
1617.0          0.56935
1618.0          0.56873
1619.0          0.56813
1620.0          0.56754
1621.0          0.56697
1622.0          0.56641
1623.0          0.56587
1624.0          0.56534
1625.0          0.56482
1626.0          0.56432
1627.0          0.56382
1628.0          0.56334
1629.0          0.56287
1630.0          0.56242
1631.0          0.56197
1632.0          0.56153
1633.0          0.56111
1634.0          0.56070
1635.0          0.56029
1636.0          0.55990
1637.0          0.55951
1638.0          0.55914
1639.0          0.55877
1640.0          0.55842
1641.0          0.55807
1642.0          0.55773
1643.0          0.55740
1644.0          0.55708
1645.0          0.55677
1646.0          0.55646
1647.0          0.55616
1648.0          0.55587
1649.0          0.55559
1650.0          0.55531
1400.0          0.94520
1401.0          0.94508
1402.0          0.94494
1403.0          0.94478
1404.0          0.94459
1405.0          0.94437
1406.0          0.94413
1407.0          0.94385
1408.0          0.94354
1409.0          0.94319
1410.0          0.94281
1411.0          0.94238
1412.0          0.94191
1413.0          0.94138
1414.0          0.94081
1415.0          0.94018
1416.0          0.93949
1417.0          0.93873
1418.0          0.93790
1419.0          0.93700
1420.0          0.93601
1421.0          0.93494
1422.0          0.93377
1423.0          0.93250
1424.0          0.93111
1425.0          0.92961
1426.0          0.92798
1427.0          0.92621
1428.0          0.92429
1429.0          0.92221
1430.0          0.91995
1431.0          0.91751
1432.0          0.91487
1433.0          0.91201
1434.0          0.90891
1435.0          0.90557
1436.0          0.90195
1437.0          0.89805
1438.0          0.89383
1439.0          0.88928
1440.0          0.88436
1441.0          0.87906
1442.0          0.87335
1443.0          0.86719
1444.0          0.86056
1445.0          0.85343
1446.0          0.84575
1447.0          0.83749
1448.0          0.82863
1449.0          0.81911
1450.0          0.80890
1451.0          0.79796
1452.0          0.78626
1453.0          0.77375
1454.0          0.76039
1455.0          0.74615
1456.0          0.73099
1457.0          0.71488
1458.0          0.69780
1459.0          0.67972
1460.0          0.66063
1461.0          0.64052
1462.0          0.61940
1463.0          0.59728
1464.0          0.57419
1465.0          0.55018
1466.0          0.52528
1467.0          0.49959
1468.0          0.47319
1469.0          0.44619
1470.0          0.41871
1471.0          0.39090
1472.0          0.36290
1473.0          0.33489
1474.0          0.30704
1475.0          0.27954
1476.0          0.25258
1477.0          0.22635
1478.0          0.20102
1479.0          0.17676
1480.0          0.15375
1481.0          0.13210
1482.0          0.11196
1483.0          0.093414
1484.0          0.076538
1485.0          0.061383
1486.0          0.047977
1487.0          0.036321
1488.0          0.026397
1489.0          0.018166
1490.0          0.011574
1491.0          0.0065489
1492.0          0.0030101
1493.0          8.6673E-4
1494.0          2.1975E-5
1495.0          3.7509E-4
1496.0          0.0018237
1497.0          0.0042657
1498.0          0.0076007
1499.0          0.011731
1500.0          0.016565
1501.0          0.022013
1502.0          0.027993
1503.0          0.034427
1504.0          0.041245
1505.0          0.048381
1506.0          0.055775
1507.0          0.063374
1508.0          0.071129
1509.0          0.078996
1510.0          0.086937
1511.0          0.094918
1512.0          0.10291
1513.0          0.11088
1514.0          0.11881
1515.0          0.12668
1516.0          0.13448
1517.0          0.14218
1518.0          0.14978
1519.0          0.15726
1520.0          0.16462
1521.0          0.17185
1522.0          0.17894
1523.0          0.18589
1524.0          0.19270
1525.0          0.19937
1526.0          0.20589
1527.0          0.21225
1528.0          0.21848
1529.0          0.22455
1530.0          0.23048
1531.0          0.23626
1532.0          0.24190
1533.0          0.24739
1534.0          0.25275
1535.0          0.25797
1536.0          0.26306
1537.0          0.26801
1538.0          0.27283
1539.0          0.27753
1540.0          0.28210
1541.0          0.28656
1542.0          0.29089
1543.0          0.29511
1544.0          0.29922
1545.0          0.30322
1546.0          0.30711
1547.0          0.31090
1548.0          0.31458
1549.0          0.31817
1550.0          0.32166
1551.0          0.32506
1552.0          0.32837
1553.0          0.33159
1554.0          0.33473
1555.0          0.33778
1556.0          0.34075
1557.0          0.34365
1558.0          0.34646
1559.0          0.34921
1560.0          0.35188
1561.0          0.35448
1562.0          0.35701
1563.0          0.35948
1564.0          0.36188
1565.0          0.36422
1566.0          0.36650
1567.0          0.36872
1568.0          0.37088
1569.0          0.37299
1570.0          0.37504
1571.0          0.37704
1572.0          0.37899
1573.0          0.38089
1574.0          0.38274
1575.0          0.38454
1576.0          0.38630
1577.0          0.38801
1578.0          0.38968
1579.0          0.39131
1580.0          0.39289
1581.0          0.39444
1582.0          0.39595
1583.0          0.39742
1584.0          0.39885
1585.0          0.40025
1586.0          0.40161
1587.0          0.40294
1588.0          0.40423
1589.0          0.40550
1590.0          0.40673
1591.0          0.40793
1592.0          0.40910
1593.0          0.41024
1594.0          0.41136
1595.0          0.41244
1596.0          0.41351
1597.0          0.41454
1598.0          0.41555
1599.0          0.41653
1600.0          0.41749
1601.0          0.41843
1602.0          0.41934
1603.0          0.42023
1604.0          0.42110
1605.0          0.42195
1606.0          0.42278
1607.0          0.42359
1608.0          0.42438
1609.0          0.42514
1610.0          0.42589
1611.0          0.42662
1612.0          0.42734
1613.0          0.42804
1614.0          0.42871
1615.0          0.42938
1616.0          0.43002
1617.0          0.43065
1618.0          0.43127
1619.0          0.43187
1620.0          0.43246
1621.0          0.43303
1622.0          0.43359
1623.0          0.43413
1624.0          0.43466
1625.0          0.43518
1626.0          0.43568
1627.0          0.43618
1628.0          0.43666
1629.0          0.43713
1630.0          0.43758
1631.0          0.43803
1632.0          0.43847
1633.0          0.43889
1634.0          0.43930
1635.0          0.43971
1636.0          0.44010
1637.0          0.44049
1638.0          0.44086
1639.0          0.44123
1640.0          0.44158
1641.0          0.44193
1642.0          0.44227
1643.0          0.44260
1644.0          0.44292
1645.0          0.44323
1646.0          0.44354
1647.0          0.44384
1648.0          0.44413
1649.0          0.44441
1650.0          0.44469
1400.0          1.0000
1401.0          1.0000
1402.0          1.0000
1403.0          1.0000
1404.0          1.0000
1405.0          1.0000
1406.0          1.0000
1407.0          1.0000
1408.0          1.0000
1409.0          1.0000
1410.0          1.0000
1411.0          1.0000
1412.0          1.0000
1413.0          1.0000
1414.0          1.0000
1415.0          1.0000
1416.0          1.0000
1417.0          1.0000
1418.0          1.0000
1419.0          1.0000
1420.0          1.0000
1421.0          1.0000
1422.0          1.0000
1423.0          1.0000
1424.0          1.0000
1425.0          1.0000
1426.0          1.0000
1427.0          1.0000
1428.0          1.0000
1429.0          1.0000
1430.0          1.0000
1431.0          1.0000
1432.0          1.0000
1433.0          1.0000
1434.0          1.0000
1435.0          1.0000
1436.0          1.0000
1437.0          1.0000
1438.0          1.0000
1439.0          1.0000
1440.0          1.0000
1441.0          1.0000
1442.0          1.0000
1443.0          1.0000
1444.0          1.0000
1445.0          1.0000
1446.0          1.0000
1447.0          1.0000
1448.0          1.0000
1449.0          1.0000
1450.0          1.0000
1451.0          1.0000
1452.0          1.0000
1453.0          1.0000
1454.0          1.0000
1455.0          1.0000
1456.0          1.0000
1457.0          1.0000
1458.0          1.0000
1459.0          1.0000
1460.0          1.0000
1461.0          1.0000
1462.0          1.0000
1463.0          1.0000
1464.0          1.0000
1465.0          1.0000
1466.0          1.0000
1467.0          1.0000
1468.0          1.0000
1469.0          1.0000
1470.0          1.0000
1471.0          1.0000
1472.0          1.0000
1473.0          1.0000
1474.0          1.0000
1475.0          1.0000
1476.0          1.0000
1477.0          1.0000
1478.0          1.0000
1479.0          1.0000
1480.0          1.0000
1481.0          1.0000
1482.0          1.0000
1483.0          1.0000
1484.0          1.0000
1485.0          1.0000
1486.0          1.0000
1487.0          1.0000
1488.0          1.0000
1489.0          1.0000
1490.0          1.0000
1491.0          1.0000
1492.0          1.0000
1493.0          1.0000
1494.0          1.0000
1495.0          1.0000
1496.0          1.0000
1497.0          1.0000
1498.0          1.0000
1499.0          1.0000
1500.0          1.0000
1501.0          1.0000
1502.0          1.0000
1503.0          1.0000
1504.0          1.0000
1505.0          1.0000
1506.0          1.0000
1507.0          1.0000
1508.0          1.0000
1509.0          1.0000
1510.0          1.0000
1511.0          1.0000
1512.0          1.0000
1513.0          1.0000
1514.0          1.0000
1515.0          1.0000
1516.0          1.0000
1517.0          1.0000
1518.0          1.0000
1519.0          1.0000
1520.0          1.0000
1521.0          1.0000
1522.0          1.0000
1523.0          1.0000
1524.0          1.0000
1525.0          1.0000
1526.0          1.0000
1527.0          1.0000
1528.0          1.0000
1529.0          1.0000
1530.0          1.0000
1531.0          1.0000
1532.0          1.0000
1533.0          1.0000
1534.0          1.0000
1535.0          1.0000
1536.0          1.0000
1537.0          1.0000
1538.0          1.0000
1539.0          1.0000
1540.0          1.0000
1541.0          1.0000
1542.0          1.0000
1543.0          1.0000
1544.0          1.0000
1545.0          1.0000
1546.0          1.0000
1547.0          1.0000
1548.0          1.0000
1549.0          1.0000
1550.0          1.0000
1551.0          1.0000
1552.0          1.0000
1553.0          1.0000
1554.0          1.0000
1555.0          1.0000
1556.0          1.0000
1557.0          1.0000
1558.0          1.0000
1559.0          1.0000
1560.0          1.0000
1561.0          1.0000
1562.0          1.0000
1563.0          1.0000
1564.0          1.0000
1565.0          1.0000
1566.0          1.0000
1567.0          1.0000
1568.0          1.0000
1569.0          1.0000
1570.0          1.0000
1571.0          1.0000
1572.0          1.0000
1573.0          1.0000
1574.0          1.0000
1575.0          1.0000
1576.0          1.0000
1577.0          1.0000
1578.0          1.0000
1579.0          1.0000
1580.0          1.0000
1581.0          1.0000
1582.0          1.0000
1583.0          1.0000
1584.0          1.0000
1585.0          1.0000
1586.0          1.0000
1587.0          1.0000
1588.0          1.0000
1589.0          1.0000
1590.0          1.0000
1591.0          1.0000
1592.0          1.0000
1593.0          1.0000
1594.0          1.0000
1595.0          1.0000
1596.0          1.0000
1597.0          1.0000
1598.0          1.0000
1599.0          1.0000
1600.0          1.0000
1601.0          1.0000
1602.0          1.0000
1603.0          1.0000
1604.0          1.0000
1605.0          1.0000
1606.0          1.0000
1607.0          1.0000
1608.0          1.0000
1609.0          1.0000
1610.0          1.0000
1611.0          1.0000
1612.0          1.0000
1613.0          1.0000
1614.0          1.0000
1615.0          1.0000
1616.0          1.0000
1617.0          1.0000
1618.0          1.0000
1619.0          1.0000
1620.0          1.0000
1621.0          1.0000
1622.0          1.0000
1623.0          1.0000
1624.0          1.0000
1625.0          1.0000
1626.0          1.0000
1627.0          1.0000
1628.0          1.0000
1629.0          1.0000
1630.0          1.0000
1631.0          1.0000
1632.0          1.0000
1633.0          1.0000
1634.0          1.0000
1635.0          1.0000
1636.0          1.0000
1637.0          1.0000
1638.0          1.0000
1639.0          1.0000
1640.0          1.0000
1641.0          1.0000
1642.0          1.0000
1643.0          1.0000
1644.0          1.0000
1645.0          1.0000
1646.0          1.0000
1647.0          1.0000
1648.0          1.0000
1649.0          1.0000
1650.0          1.0000
1400.0          -2.2204E-16
1401.0          -2.4425E-15
1402.0          -2.6645E-15
1403.0          -1.3323E-15
1404.0          1.5543E-15
1405.0          -1.7764E-15
1406.0          -2.6645E-15
1407.0          -3.9968E-15
1408.0          2.3315E-15
1409.0          -6.6613E-16
1410.0          -2.8866E-15
1411.0          -2.2204E-15
1412.0          1.1102E-16
1413.0          2.2204E-15
1414.0          -4.4409E-15
1415.0          2.2204E-15
1416.0          -1.1102E-15
1417.0          1.9984E-15
1418.0          2.1094E-15
1419.0          -6.6613E-16
1420.0          -8.8818E-16
1421.0          2.1094E-15
1422.0          0.0000
1423.0          2.6645E-15
1424.0          1.4433E-15
1425.0          -1.3323E-15
1426.0          0.0000
1427.0          -4.4409E-16
1428.0          1.9984E-15
1429.0          -1.1102E-15
1430.0          4.4409E-16
1431.0          6.6613E-16
1432.0          1.7764E-15
1433.0          -2.6645E-15
1434.0          6.2172E-15
1435.0          -2.6645E-15
1436.0          4.8850E-15
1437.0          2.3315E-15
1438.0          -1.3323E-15
1439.0          5.1070E-15
1440.0          -2.2204E-15
1441.0          3.1086E-15
1442.0          -1.5543E-15
1443.0          -2.8866E-15
1444.0          3.3307E-15
1445.0          8.8818E-16
1446.0          -2.6645E-15
1447.0          -8.8818E-16
1448.0          6.6613E-16
1449.0          -3.5527E-15
1450.0          1.7764E-15
1451.0          5.5511E-16
1452.0          2.2204E-16
1453.0          -8.8818E-16
1454.0          -1.5543E-15
1455.0          -5.5511E-15
1456.0          4.4409E-16
1457.0          -1.7764E-15
1458.0          -4.4409E-16
1459.0          -1.9984E-15
1460.0          3.1086E-15
1461.0          -4.4409E-16
1462.0          -1.1102E-15
1463.0          3.7748E-15
1464.0          3.3307E-15
1465.0          -6.6613E-16
1466.0          2.2204E-15
1467.0          -1.5543E-15
1468.0          -2.2204E-16
1469.0          -4.4409E-16
1470.0          1.0547E-14
1471.0          2.6645E-15
1472.0          -3.5527E-15
1473.0          -8.8818E-16
1474.0          1.6653E-15
1475.0          5.2180E-15
1476.0          1.1102E-15
1477.0          5.9952E-15
1478.0          -1.7764E-15
1479.0          -4.4409E-16
1480.0          -1.0214E-14
1481.0          9.3259E-15
1482.0          2.2204E-15
1483.0          -1.7764E-15
1484.0          9.7700E-15
1485.0          -3.3307E-15
1486.0          -3.1086E-15
1487.0          -7.5495E-15
1488.0          -9.3259E-15
1489.0          -1.9540E-14
1490.0          -1.3323E-15
1491.0          4.2188E-15
1492.0          3.6637E-15
1493.0          -8.8818E-16
1494.0          -1.7764E-15
1495.0          4.4409E-15
1496.0          -1.1102E-15
1497.0          -5.1070E-15
1498.0          -4.4409E-16
1499.0          5.1070E-15
1500.0          2.3315E-15
1501.0          -1.3323E-15
1502.0          4.4409E-16
1503.0          -1.3323E-15
1504.0          -1.3323E-15
1505.0          1.8874E-15
1506.0          1.4433E-15
1507.0          1.7764E-15
1508.0          0.0000
1509.0          -9.3259E-15
1510.0          6.4393E-15
1511.0          -2.4425E-15
1512.0          5.5511E-16
1513.0          3.9968E-15
1514.0          3.5527E-15
1515.0          1.8874E-15
1516.0          9.9920E-16
1517.0          4.2188E-15
1518.0          -1.5543E-15
1519.0          -2.6645E-15
1520.0          -1.3323E-15
1521.0          4.4409E-16
1522.0          -4.4409E-16
1523.0          -2.2204E-16
1524.0          -2.8866E-15
1525.0          1.7764E-15
1526.0          -1.3323E-15
1527.0          -4.6629E-15
1528.0          -1.7764E-15
1529.0          1.3323E-15
1530.0          0.0000
1531.0          -4.4409E-15
1532.0          2.3315E-15
1533.0          -1.3323E-15
1534.0          5.5511E-16
1535.0          -2.2204E-15
1536.0          -4.4409E-16
1537.0          -3.1086E-15
1538.0          -1.5543E-15
1539.0          4.8850E-15
1540.0          -5.3291E-15
1541.0          1.3323E-15
1542.0          1.9984E-15
1543.0          -3.1086E-15
1544.0          6.6613E-16
1545.0          2.6645E-15
1546.0          -3.3307E-15
1547.0          -6.2172E-15
1548.0          -4.4409E-16
1549.0          -4.4409E-16
1550.0          3.3307E-16
1551.0          2.2204E-16
1552.0          4.4409E-16
1553.0          -5.5511E-15
1554.0          5.2180E-15
1555.0          4.1078E-15
1556.0          -9.7700E-15
1557.0          4.2188E-15
1558.0          3.7748E-15
1559.0          0.0000
1560.0          -1.7764E-15
1561.0          -1.3323E-15
1562.0          -3.5527E-15
1563.0          1.6653E-15
1564.0          1.2212E-15
1565.0          -3.9968E-15
1566.0          -4.4409E-16
1567.0          -2.6645E-15
1568.0          -4.8850E-15
1569.0          2.7756E-15
1570.0          -5.7732E-15
1571.0          -1.7764E-15
1572.0          3.4417E-15
1573.0          1.1102E-15
1574.0          2.8866E-15
1575.0          -3.5527E-15
1576.0          -6.6613E-16
1577.0          3.1086E-15
1578.0          0.0000
1579.0          -6.4393E-15
1580.0          -1.9984E-15
1581.0          -3.9968E-15
1582.0          -3.5527E-15
1583.0          -1.3323E-15
1584.0          2.8866E-15
1585.0          4.4409E-16
1586.0          -4.8850E-15
1587.0          -3.9968E-15
1588.0          0.0000
1589.0          -6.6613E-16
1590.0          1.4433E-15
1591.0          3.3307E-16
1592.0          -1.3323E-15
1593.0          -2.8866E-15
1594.0          3.5527E-15
1595.0          1.5543E-15
1596.0          1.5543E-15
1597.0          1.9984E-15
1598.0          -4.4409E-16
1599.0          8.8818E-16
1600.0          1.4433E-15
1601.0          -2.6645E-15
1602.0          0.0000
1603.0          -6.6613E-16
1604.0          -2.2204E-15
1605.0          1.9984E-15
1606.0          3.7748E-15
1607.0          1.5543E-15
1608.0          -6.6613E-16
1609.0          -1.3323E-15
1610.0          6.6613E-16
1611.0          -8.8818E-16
1612.0          -1.5543E-15
1613.0          -2.4425E-15
1614.0          -2.2204E-16
1615.0          -6.6613E-16
1616.0          -1.3323E-15
1617.0          1.3323E-15
1618.0          -2.4425E-15
1619.0          1.9984E-15
1620.0          -8.8818E-16
1621.0          4.4409E-16
1622.0          -4.6629E-15
1623.0          -2.2204E-15
1624.0          0.0000
1625.0          -3.5527E-15
1626.0          4.8850E-15
1627.0          1.1102E-16
1628.0          -2.2204E-16
1629.0          -4.4409E-16
1630.0          1.1102E-15
1631.0          1.1102E-15
1632.0          2.2204E-16
1633.0          -8.8818E-16
1634.0          -2.4425E-15
1635.0          4.2188E-15
1636.0          1.3323E-15
1637.0          -1.9984E-15
1638.0          4.2188E-15
1639.0          -1.7764E-15
1640.0          -2.2204E-16
1641.0          1.5543E-15
1642.0          5.3291E-15
1643.0          1.5543E-15
1644.0          4.9960E-15
1645.0          7.7716E-16
1646.0          7.7716E-16
1647.0          -1.3323E-15
1648.0          2.2204E-15
1649.0          3.5527E-15
1650.0          -6.6613E-16
