1400.0          0.19788
1401.0          0.19819
1402.0          0.19854
1403.0          0.19895
1404.0          0.19940
1405.0          0.19990
1406.0          0.20043
1407.0          0.20100
1408.0          0.20160
1409.0          0.20223
1410.0          0.20289
1411.0          0.20358
1412.0          0.20430
1413.0          0.20504
1414.0          0.20580
1415.0          0.20658
1416.0          0.20738
1417.0          0.20820
1418.0          0.20903
1419.0          0.20989
1420.0          0.21075
1421.0          0.21163
1422.0          0.21253
1423.0          0.21344
1424.0          0.21436
1425.0          0.21528
1426.0          0.21623
1427.0          0.21717
1428.0          0.21813
1429.0          0.21910
1430.0          0.22008
1431.0          0.22106
1432.0          0.22205
1433.0          0.22305
1434.0          0.22405
1435.0          0.22506
1436.0          0.22607
1437.0          0.22709
1438.0          0.22812
1439.0          0.22915
1440.0          0.23018
1441.0          0.23122
1442.0          0.23226
1443.0          0.23330
1444.0          0.23435
1445.0          0.23540
1446.0          0.23645
1447.0          0.23750
1448.0          0.23856
1449.0          0.23962
1450.0          0.24068
1451.0          0.24174
1452.0          0.24280
1453.0          0.24386
1454.0          0.24493
1455.0          0.24599
1456.0          0.24706
1457.0          0.24813
1458.0          0.24919
1459.0          0.25026
1460.0          0.25133
1461.0          0.25240
1462.0          0.25346
1463.0          0.25453
1464.0          0.25560
1465.0          0.25666
1466.0          0.25773
1467.0          0.25880
1468.0          0.25986
1469.0          0.26092
1470.0          0.26199
1471.0          0.26305
1472.0          0.26411
1473.0          0.26517
1474.0          0.26623
1475.0          0.26728
1476.0          0.26834
1477.0          0.26939
1478.0          0.27045
1479.0          0.27150
1480.0          0.27255
1481.0          0.27359
1482.0          0.27464
1483.0          0.27568
1484.0          0.27672
1485.0          0.27776
1486.0          0.27880
1487.0          0.27984
1488.0          0.28087
1489.0          0.28190
1490.0          0.28293
1491.0          0.28396
1492.0          0.28498
1493.0          0.28601
1494.0          0.28703
1495.0          0.28804
1496.0          0.28906
1497.0          0.29007
1498.0          0.29108
1499.0          0.29209
1500.0          0.29309
1501.0          0.29410
1502.0          0.29510
1503.0          0.29609
1504.0          0.29709
1505.0          0.29808
1506.0          0.29907
1507.0          0.30006
1508.0          0.30104
1509.0          0.30202
1510.0          0.30300
1511.0          0.30397
1512.0          0.30495
1513.0          0.30592
1514.0          0.30688
1515.0          0.30785
1516.0          0.30881
1517.0          0.30977
1518.0          0.31072
1519.0          0.31167
1520.0          0.31262
1521.0          0.31357
1522.0          0.31451
1523.0          0.31545
1524.0          0.31639
1525.0          0.31732
1526.0          0.31825
1527.0          0.31918
1528.0          0.32010
1529.0          0.32103
1530.0          0.32194
1531.0          0.32286
1532.0          0.32377
1533.0          0.32468
1534.0          0.32559
1535.0          0.32649
1536.0          0.32739
1537.0          0.32829
1538.0          0.32918
1539.0          0.33007
1540.0          0.33096
1541.0          0.33184
1542.0          0.33272
1543.0          0.33360
1544.0          0.33447
1545.0          0.33535
1546.0          0.33621
1547.0          0.33708
1548.0          0.33794
1549.0          0.33880
1550.0          0.33966
1551.0          0.34051
1552.0          0.34136
1553.0          0.34220
1554.0          0.34305
1555.0          0.34389
1556.0          0.34472
1557.0          0.34556
1558.0          0.34639
1559.0          0.34721
1560.0          0.34804
1561.0          0.34886
1562.0          0.34968
1563.0          0.35049
1564.0          0.35130
1565.0          0.35211
1566.0          0.35292
1567.0          0.35372
1568.0          0.35452
1569.0          0.35531
1570.0          0.35611
1571.0          0.35689
1572.0          0.35768
1573.0          0.35846
1574.0          0.35924
1575.0          0.36002
1576.0          0.36080
1577.0          0.36157
1578.0          0.36233
1579.0          0.36310
1580.0          0.36386
1581.0          0.36462
1582.0          0.36538
1583.0          0.36613
1584.0          0.36688
1585.0          0.36762
1586.0          0.36837
1587.0          0.36911
1588.0          0.36984
1589.0          0.37058
1590.0          0.37131
1591.0          0.37204
1592.0          0.37276
1593.0          0.37349
1594.0          0.37420
1595.0          0.37492
1596.0          0.37563
1597.0          0.37634
1598.0          0.37705
1599.0          0.37776
1600.0          0.37846
1601.0          0.37916
1602.0          0.37985
1603.0          0.38055
1604.0          0.38124
1605.0          0.38192
1606.0          0.38261
1607.0          0.38329
1608.0          0.38397
1609.0          0.38464
1610.0          0.38531
1611.0          0.38598
1612.0          0.38665
1613.0          0.38731
1614.0          0.38798
1615.0          0.38863
1616.0          0.38929
1617.0          0.38994
1618.0          0.39059
1619.0          0.39124
1620.0          0.39188
1621.0          0.39253
1622.0          0.39316
1623.0          0.39380
1624.0          0.39443
1625.0          0.39506
1626.0          0.39569
1627.0          0.39632
1628.0          0.39694
1629.0          0.39756
1630.0          0.39818
1631.0          0.39879
1632.0          0.39940
1633.0          0.40001
1634.0          0.40062
1635.0          0.40122
1636.0          0.40182
1637.0          0.40242
1638.0          0.40302
1639.0          0.40361
1640.0          0.40420
1641.0          0.40479
1642.0          0.40538
1643.0          0.40596
1644.0          0.40654
1645.0          0.40712
1646.0          0.40769
1647.0          0.40827
1648.0          0.40884
1649.0          0.40940
1650.0          0.40997
1400.0          0.80212
1401.0          0.80181
1402.0          0.80146
1403.0          0.80105
1404.0          0.80060
1405.0          0.80010
1406.0          0.79957
1407.0          0.79900
1408.0          0.79840
1409.0          0.79777
1410.0          0.79711
1411.0          0.79642
1412.0          0.79570
1413.0          0.79496
1414.0          0.79420
1415.0          0.79342
1416.0          0.79262
1417.0          0.79180
1418.0          0.79097
1419.0          0.79011
1420.0          0.78925
1421.0          0.78837
1422.0          0.78747
1423.0          0.78656
1424.0          0.78564
1425.0          0.78472
1426.0          0.78377
1427.0          0.78283
1428.0          0.78187
1429.0          0.78090
1430.0          0.77992
1431.0          0.77894
1432.0          0.77795
1433.0          0.77695
1434.0          0.77595
1435.0          0.77494
1436.0          0.77393
1437.0          0.77291
1438.0          0.77188
1439.0          0.77085
1440.0          0.76982
1441.0          0.76878
1442.0          0.76774
1443.0          0.76670
1444.0          0.76565
1445.0          0.76460
1446.0          0.76355
1447.0          0.76250
1448.0          0.76144
1449.0          0.76038
1450.0          0.75932
1451.0          0.75826
1452.0          0.75720
1453.0          0.75614
1454.0          0.75507
1455.0          0.75401
1456.0          0.75294
1457.0          0.75187
1458.0          0.75081
1459.0          0.74974
1460.0          0.74867
1461.0          0.74760
1462.0          0.74654
1463.0          0.74547
1464.0          0.74440
1465.0          0.74334
1466.0          0.74227
1467.0          0.74120
1468.0          0.74014
1469.0          0.73908
1470.0          0.73801
1471.0          0.73695
1472.0          0.73589
1473.0          0.73483
1474.0          0.73377
1475.0          0.73272
1476.0          0.73166
1477.0          0.73061
1478.0          0.72955
1479.0          0.72850
1480.0          0.72745
1481.0          0.72641
1482.0          0.72536
1483.0          0.72432
1484.0          0.72328
1485.0          0.72224
1486.0          0.72120
1487.0          0.72016
1488.0          0.71913
1489.0          0.71810
1490.0          0.71707
1491.0          0.71604
1492.0          0.71502
1493.0          0.71399
1494.0          0.71297
1495.0          0.71196
1496.0          0.71094
1497.0          0.70993
1498.0          0.70892
1499.0          0.70791
1500.0          0.70691
1501.0          0.70590
1502.0          0.70490
1503.0          0.70391
1504.0          0.70291
1505.0          0.70192
1506.0          0.70093
1507.0          0.69994
1508.0          0.69896
1509.0          0.69798
1510.0          0.69700
1511.0          0.69603
1512.0          0.69505
1513.0          0.69408
1514.0          0.69312
1515.0          0.69215
1516.0          0.69119
1517.0          0.69023
1518.0          0.68928
1519.0          0.68833
1520.0          0.68738
1521.0          0.68643
1522.0          0.68549
1523.0          0.68455
1524.0          0.68361
1525.0          0.68268
1526.0          0.68175
1527.0          0.68082
1528.0          0.67990
1529.0          0.67897
1530.0          0.67806
1531.0          0.67714
1532.0          0.67623
1533.0          0.67532
1534.0          0.67441
1535.0          0.67351
1536.0          0.67261
1537.0          0.67171
1538.0          0.67082
1539.0          0.66993
1540.0          0.66904
1541.0          0.66816
1542.0          0.66728
1543.0          0.66640
1544.0          0.66553
1545.0          0.66465
1546.0          0.66379
1547.0          0.66292
1548.0          0.66206
1549.0          0.66120
1550.0          0.66034
1551.0          0.65949
1552.0          0.65864
1553.0          0.65780
1554.0          0.65695
1555.0          0.65611
1556.0          0.65528
1557.0          0.65444
1558.0          0.65361
1559.0          0.65279
1560.0          0.65196
1561.0          0.65114
1562.0          0.65032
1563.0          0.64951
1564.0          0.64870
1565.0          0.64789
1566.0          0.64708
1567.0          0.64628
1568.0          0.64548
1569.0          0.64469
1570.0          0.64389
1571.0          0.64311
1572.0          0.64232
1573.0          0.64154
1574.0          0.64076
1575.0          0.63998
1576.0          0.63920
1577.0          0.63843
1578.0          0.63767
1579.0          0.63690
1580.0          0.63614
1581.0          0.63538
1582.0          0.63462
1583.0          0.63387
1584.0          0.63312
1585.0          0.63238
1586.0          0.63163
1587.0          0.63089
1588.0          0.63016
1589.0          0.62942
1590.0          0.62869
1591.0          0.62796
1592.0          0.62724
1593.0          0.62651
1594.0          0.62580
1595.0          0.62508
1596.0          0.62437
1597.0          0.62366
1598.0          0.62295
1599.0          0.62224
1600.0          0.62154
1601.0          0.62084
1602.0          0.62015
1603.0          0.61945
1604.0          0.61876
1605.0          0.61808
1606.0          0.61739
1607.0          0.61671
1608.0          0.61603
1609.0          0.61536
1610.0          0.61469
1611.0          0.61402
1612.0          0.61335
1613.0          0.61269
1614.0          0.61202
1615.0          0.61137
1616.0          0.61071
1617.0          0.61006
1618.0          0.60941
1619.0          0.60876
1620.0          0.60812
1621.0          0.60747
1622.0          0.60684
1623.0          0.60620
1624.0          0.60557
1625.0          0.60494
1626.0          0.60431
1627.0          0.60368
1628.0          0.60306
1629.0          0.60244
1630.0          0.60182
1631.0          0.60121
1632.0          0.60060
1633.0          0.59999
1634.0          0.59938
1635.0          0.59878
1636.0          0.59818
1637.0          0.59758
1638.0          0.59698
1639.0          0.59639
1640.0          0.59580
1641.0          0.59521
1642.0          0.59462
1643.0          0.59404
1644.0          0.59346
1645.0          0.59288
1646.0          0.59231
1647.0          0.59173
1648.0          0.59116
1649.0          0.59060
1650.0          0.59003
1400.0          1.0000
1401.0          1.0000
1402.0          1.0000
1403.0          1.0000
1404.0          1.0000
1405.0          1.0000
1406.0          1.0000
1407.0          1.0000
1408.0          1.0000
1409.0          1.0000
1410.0          1.0000
1411.0          1.0000
1412.0          1.0000
1413.0          1.0000
1414.0          1.0000
1415.0          1.0000
1416.0          1.0000
1417.0          1.0000
1418.0          1.0000
1419.0          1.0000
1420.0          1.0000
1421.0          1.0000
1422.0          1.0000
1423.0          1.0000
1424.0          1.0000
1425.0          1.0000
1426.0          1.0000
1427.0          1.0000
1428.0          1.0000
1429.0          1.0000
1430.0          1.0000
1431.0          1.0000
1432.0          1.0000
1433.0          1.0000
1434.0          1.0000
1435.0          1.0000
1436.0          1.0000
1437.0          1.0000
1438.0          1.0000
1439.0          1.0000
1440.0          1.0000
1441.0          1.0000
1442.0          1.0000
1443.0          1.0000
1444.0          1.0000
1445.0          1.0000
1446.0          1.0000
1447.0          1.0000
1448.0          1.0000
1449.0          1.0000
1450.0          1.0000
1451.0          1.0000
1452.0          1.0000
1453.0          1.0000
1454.0          1.0000
1455.0          1.0000
1456.0          1.0000
1457.0          1.0000
1458.0          1.0000
1459.0          1.0000
1460.0          1.0000
1461.0          1.0000
1462.0          1.0000
1463.0          1.0000
1464.0          1.0000
1465.0          1.0000
1466.0          1.0000
1467.0          1.0000
1468.0          1.0000
1469.0          1.0000
1470.0          1.0000
1471.0          1.0000
1472.0          1.0000
1473.0          1.0000
1474.0          1.0000
1475.0          1.0000
1476.0          1.0000
1477.0          1.0000
1478.0          1.0000
1479.0          1.0000
1480.0          1.0000
1481.0          1.0000
1482.0          1.0000
1483.0          1.0000
1484.0          1.0000
1485.0          1.0000
1486.0          1.0000
1487.0          1.0000
1488.0          1.0000
1489.0          1.0000
1490.0          1.0000
1491.0          1.0000
1492.0          1.0000
1493.0          1.0000
1494.0          1.0000
1495.0          1.0000
1496.0          1.0000
1497.0          1.0000
1498.0          1.0000
1499.0          1.0000
1500.0          1.0000
1501.0          1.0000
1502.0          1.0000
1503.0          1.0000
1504.0          1.0000
1505.0          1.0000
1506.0          1.0000
1507.0          1.0000
1508.0          1.0000
1509.0          1.0000
1510.0          1.0000
1511.0          1.0000
1512.0          1.0000
1513.0          1.0000
1514.0          1.0000
1515.0          1.0000
1516.0          1.0000
1517.0          1.0000
1518.0          1.0000
1519.0          1.0000
1520.0          1.0000
1521.0          1.0000
1522.0          1.0000
1523.0          1.0000
1524.0          1.0000
1525.0          1.0000
1526.0          1.0000
1527.0          1.0000
1528.0          1.0000
1529.0          1.0000
1530.0          1.0000
1531.0          1.0000
1532.0          1.0000
1533.0          1.0000
1534.0          1.0000
1535.0          1.0000
1536.0          1.0000
1537.0          1.0000
1538.0          1.0000
1539.0          1.0000
1540.0          1.0000
1541.0          1.0000
1542.0          1.0000
1543.0          1.0000
1544.0          1.0000
1545.0          1.0000
1546.0          1.0000
1547.0          1.0000
1548.0          1.0000
1549.0          1.0000
1550.0          1.0000
1551.0          1.0000
1552.0          1.0000
1553.0          1.0000
1554.0          1.0000
1555.0          1.0000
1556.0          1.0000
1557.0          1.0000
1558.0          1.0000
1559.0          1.0000
1560.0          1.0000
1561.0          1.0000
1562.0          1.0000
1563.0          1.0000
1564.0          1.0000
1565.0          1.0000
1566.0          1.0000
1567.0          1.0000
1568.0          1.0000
1569.0          1.0000
1570.0          1.0000
1571.0          1.0000
1572.0          1.0000
1573.0          1.0000
1574.0          1.0000
1575.0          1.0000
1576.0          1.0000
1577.0          1.0000
1578.0          1.0000
1579.0          1.0000
1580.0          1.0000
1581.0          1.0000
1582.0          1.0000
1583.0          1.0000
1584.0          1.0000
1585.0          1.0000
1586.0          1.0000
1587.0          1.0000
1588.0          1.0000
1589.0          1.0000
1590.0          1.0000
1591.0          1.0000
1592.0          1.0000
1593.0          1.0000
1594.0          1.0000
1595.0          1.0000
1596.0          1.0000
1597.0          1.0000
1598.0          1.0000
1599.0          1.0000
1600.0          1.0000
1601.0          1.0000
1602.0          1.0000
1603.0          1.0000
1604.0          1.0000
1605.0          1.0000
1606.0          1.0000
1607.0          1.0000
1608.0          1.0000
1609.0          1.0000
1610.0          1.0000
1611.0          1.0000
1612.0          1.0000
1613.0          1.0000
1614.0          1.0000
1615.0          1.0000
1616.0          1.0000
1617.0          1.0000
1618.0          1.0000
1619.0          1.0000
1620.0          1.0000
1621.0          1.0000
1622.0          1.0000
1623.0          1.0000
1624.0          1.0000
1625.0          1.0000
1626.0          1.0000
1627.0          1.0000
1628.0          1.0000
1629.0          1.0000
1630.0          1.0000
1631.0          1.0000
1632.0          1.0000
1633.0          1.0000
1634.0          1.0000
1635.0          1.0000
1636.0          1.0000
1637.0          1.0000
1638.0          1.0000
1639.0          1.0000
1640.0          1.0000
1641.0          1.0000
1642.0          1.0000
1643.0          1.0000
1644.0          1.0000
1645.0          1.0000
1646.0          1.0000
1647.0          1.0000
1648.0          1.0000
1649.0          1.0000
1650.0          1.0000
1400.0          -5.1070E-15
1401.0          -1.3323E-15
1402.0          1.3323E-15
1403.0          -1.1102E-15
1404.0          2.5535E-15
1405.0          -2.2204E-16
1406.0          -2.6645E-15
1407.0          -4.4409E-16
1408.0          -1.7764E-15
1409.0          2.9976E-15
1410.0          -1.1102E-15
1411.0          6.6613E-16
1412.0          -4.4409E-16
1413.0          2.2204E-16
1414.0          0.0000
1415.0          -1.5543E-15
1416.0          2.9976E-15
1417.0          3.3307E-16
1418.0          -1.7764E-15
1419.0          -2.2204E-16
1420.0          -8.8818E-16
1421.0          1.3323E-15
1422.0          6.6613E-16
1423.0          1.1102E-16
1424.0          -6.6613E-16
1425.0          -1.7764E-15
1426.0          -1.7764E-15
1427.0          -1.7764E-15
1428.0          4.4409E-16
1429.0          1.2212E-15
1430.0          3.3307E-16
1431.0          1.5543E-15
1432.0          2.3315E-15
1433.0          -8.8818E-16
1434.0          1.1102E-16
1435.0          1.8874E-15
1436.0          -1.7764E-15
1437.0          -2.2204E-15
1438.0          0.0000
1439.0          1.5543E-15
1440.0          -6.6613E-16
1441.0          -8.8818E-16
1442.0          -4.4409E-16
1443.0          1.1102E-16
1444.0          -3.7748E-15
1445.0          -4.4409E-16
1446.0          -8.8818E-16
1447.0          2.9976E-15
1448.0          -4.4409E-16
1449.0          2.6645E-15
1450.0          2.2204E-16
1451.0          1.1102E-16
1452.0          0.0000
1453.0          -1.7764E-15
1454.0          2.3315E-15
1455.0          0.0000
1456.0          -4.4409E-16
1457.0          -1.9984E-15
1458.0          -4.4409E-16
1459.0          -1.9984E-15
1460.0          7.7716E-16
1461.0          1.1102E-15
1462.0          1.1102E-15
1463.0          -3.3307E-15
1464.0          -8.8818E-16
1465.0          -4.4409E-16
1466.0          2.2204E-16
1467.0          8.8818E-16
1468.0          9.9920E-16
1469.0          9.9920E-16
1470.0          1.1102E-15
1471.0          -2.2204E-16
1472.0          -2.4425E-15
1473.0          -2.2204E-16
1474.0          0.0000
1475.0          -1.1102E-15
1476.0          0.0000
1477.0          1.3323E-15
1478.0          -1.3323E-15
1479.0          9.9920E-16
1480.0          -1.1102E-15
1481.0          1.2212E-15
1482.0          -4.4409E-16
1483.0          0.0000
1484.0          -8.8818E-16
1485.0          -1.3323E-15
1486.0          -3.1086E-15
1487.0          -4.4409E-16
1488.0          1.5543E-15
1489.0          -1.1102E-15
1490.0          6.6613E-16
1491.0          -8.8818E-16
1492.0          -8.8818E-16
1493.0          0.0000
1494.0          -1.1102E-15
1495.0          -2.2204E-15
1496.0          1.1102E-15
1497.0          3.3307E-16
1498.0          -2.2204E-15
1499.0          -1.5543E-15
1500.0          -1.9984E-15
1501.0          8.8818E-16
1502.0          -2.8866E-15
1503.0          -4.4409E-16
1504.0          2.9976E-15
1505.0          -2.2204E-15
1506.0          -2.6645E-15
1507.0          1.2212E-15
1508.0          1.1102E-15
1509.0          -6.6613E-16
1510.0          0.0000
1511.0          -1.7764E-15
1512.0          1.5543E-15
1513.0          -1.7764E-15
1514.0          -1.3323E-15
1515.0          -4.4409E-16
1516.0          6.6613E-16
1517.0          9.9920E-16
1518.0          -1.5543E-15
1519.0          7.7716E-16
1520.0          1.7764E-15
1521.0          8.8818E-16
1522.0          2.2204E-15
1523.0          8.8818E-16
1524.0          -1.3323E-15
1525.0          0.0000
1526.0          -2.2204E-15
1527.0          -4.4409E-16
1528.0          0.0000
1529.0          -1.7764E-15
1530.0          -2.2204E-16
1531.0          -2.2204E-16
1532.0          -4.4409E-16
1533.0          -1.5543E-15
1534.0          1.3323E-15
1535.0          -1.3323E-15
1536.0          -2.6645E-15
1537.0          0.0000
1538.0          -2.2204E-16
1539.0          -2.6645E-15
1540.0          -1.3323E-15
1541.0          2.2204E-16
1542.0          -8.8818E-16
1543.0          3.3307E-15
1544.0          2.2204E-16
1545.0          0.0000
1546.0          -3.7748E-15
1547.0          -4.4409E-16
1548.0          -2.4425E-15
1549.0          2.3315E-15
1550.0          4.4409E-16
1551.0          -8.8818E-16
1552.0          2.2204E-16
1553.0          -2.2204E-16
1554.0          -8.8818E-16
1555.0          1.5543E-15
1556.0          6.6613E-16
1557.0          1.3323E-15
1558.0          6.6613E-16
1559.0          -6.6613E-16
1560.0          1.5543E-15
1561.0          -1.7764E-15
1562.0          -6.6613E-16
1563.0          -8.8818E-16
1564.0          -1.3323E-15
1565.0          -2.2204E-15
1566.0          4.4409E-16
1567.0          3.3307E-16
1568.0          1.5543E-15
1569.0          -2.2204E-15
1570.0          1.9984E-15
1571.0          -1.5543E-15
1572.0          -8.8818E-16
1573.0          -2.2204E-15
1574.0          -4.4409E-16
1575.0          -2.4425E-15
1576.0          1.1102E-15
1577.0          8.8818E-16
1578.0          -8.8818E-16
1579.0          2.4425E-15
1580.0          0.0000
1581.0          -1.1102E-15
1582.0          -4.4409E-16
1583.0          1.7764E-15
1584.0          0.0000
1585.0          -4.4409E-16
1586.0          6.6613E-16
1587.0          -2.6645E-15
1588.0          -1.1102E-15
1589.0          -1.7764E-15
1590.0          3.3307E-15
1591.0          -8.8818E-16
1592.0          1.9984E-15
1593.0          -1.9984E-15
1594.0          -1.3323E-15
1595.0          0.0000
1596.0          1.1102E-16
1597.0          -2.8866E-15
1598.0          1.4433E-15
1599.0          2.2204E-15
1600.0          2.2204E-15
1601.0          1.5543E-15
1602.0          2.9976E-15
1603.0          -2.6645E-15
1604.0          -8.8818E-16
1605.0          -4.4409E-16
1606.0          -2.2204E-16
1607.0          -6.6613E-16
1608.0          -1.7764E-15
1609.0          -1.3323E-15
1610.0          3.6637E-15
1611.0          0.0000
1612.0          -3.1086E-15
1613.0          -2.2204E-15
1614.0          7.7716E-16
1615.0          0.0000
1616.0          5.5511E-16
1617.0          7.7716E-16
1618.0          1.7764E-15
1619.0          2.2204E-16
1620.0          8.8818E-16
1621.0          -3.1086E-15
1622.0          -8.8818E-16
1623.0          -6.6613E-16
1624.0          -4.4409E-16
1625.0          -8.8818E-16
1626.0          -8.8818E-16
1627.0          4.4409E-16
1628.0          0.0000
1629.0          1.4433E-15
1630.0          -1.7764E-15
1631.0          -1.9984E-15
1632.0          1.5543E-15
1633.0          1.5543E-15
1634.0          -2.6645E-15
1635.0          1.5543E-15
1636.0          1.9984E-15
1637.0          1.1102E-15
1638.0          -1.7764E-15
1639.0          -2.4425E-15
1640.0          2.2204E-16
1641.0          -4.4409E-16
1642.0          -4.4409E-16
1643.0          -2.2204E-15
1644.0          -1.3323E-15
1645.0          1.3323E-15
1646.0          4.4409E-16
1647.0          -3.1086E-15
1648.0          1.3323E-15
1649.0          3.5527E-15
1650.0          2.2204E-16
