1400.0          0.10248
1401.0          0.17096
1402.0          0.46319
1403.0          0.85754
1404.0          0.20677
1405.0          0.089651
1406.0          0.059458
1407.0          0.048257
1408.0          0.043159
1409.0          0.040536
1410.0          0.039078
1411.0          0.038231
1412.0          0.037733
1413.0          0.037446
1414.0          0.037294
1415.0          0.037234
1416.0          0.037238
1417.0          0.037290
1418.0          0.037377
1419.0          0.037493
1420.0          0.037633
1421.0          0.037793
1422.0          0.037971
1423.0          0.038165
1424.0          0.038374
1425.0          0.038596
1426.0          0.038832
1427.0          0.039080
1428.0          0.039340
1429.0          0.039612
1430.0          0.039896
1431.0          0.040191
1432.0          0.040498
1433.0          0.040816
1434.0          0.041144
1435.0          0.041484
1436.0          0.041834
1437.0          0.042195
1438.0          0.042567
1439.0          0.042950
1440.0          0.043343
1441.0          0.043747
1442.0          0.044161
1443.0          0.044586
1444.0          0.045021
1445.0          0.045466
1446.0          0.045921
1447.0          0.046387
1448.0          0.046862
1449.0          0.047348
1450.0          0.047844
1451.0          0.048349
1452.0          0.048864
1453.0          0.049389
1454.0          0.049924
1455.0          0.050468
1456.0          0.051022
1457.0          0.051586
1458.0          0.052158
1459.0          0.052740
1460.0          0.053331
1461.0          0.053932
1462.0          0.054541
1463.0          0.055160
1464.0          0.055787
1465.0          0.056423
1466.0          0.057068
1467.0          0.057721
1468.0          0.058383
1469.0          0.059054
1470.0          0.059733
1471.0          0.060420
1472.0          0.061116
1473.0          0.061820
1474.0          0.062531
1475.0          0.063251
1476.0          0.063979
1477.0          0.064714
1478.0          0.065458
1479.0          0.066209
1480.0          0.066967
1481.0          0.067733
1482.0          0.068506
1483.0          0.069287
1484.0          0.070075
1485.0          0.070869
1486.0          0.071671
1487.0          0.072480
1488.0          0.073296
1489.0          0.074118
1490.0          0.074948
1491.0          0.075783
1492.0          0.076626
1493.0          0.077474
1494.0          0.078330
1495.0          0.079191
1496.0          0.080058
1497.0          0.080932
1498.0          0.081811
1499.0          0.082697
1500.0          0.083588
1501.0          0.084485
1502.0          0.085388
1503.0          0.086296
1504.0          0.087210
1505.0          0.088129
1506.0          0.089053
1507.0          0.089983
1508.0          0.090918
1509.0          0.091858
1510.0          0.092803
1511.0          0.093753
1512.0          0.094707
1513.0          0.095666
1514.0          0.096630
1515.0          0.097599
1516.0          0.098572
1517.0          0.099550
1518.0          0.10053
1519.0          0.10152
1520.0          0.10251
1521.0          0.10350
1522.0          0.10450
1523.0          0.10550
1524.0          0.10651
1525.0          0.10752
1526.0          0.10853
1527.0          0.10955
1528.0          0.11057
1529.0          0.11160
1530.0          0.11262
1531.0          0.11366
1532.0          0.11469
1533.0          0.11573
1534.0          0.11677
1535.0          0.11781
1536.0          0.11886
1537.0          0.11991
1538.0          0.12096
1539.0          0.12202
1540.0          0.12308
1541.0          0.12414
1542.0          0.12520
1543.0          0.12627
1544.0          0.12733
1545.0          0.12840
1546.0          0.12948
1547.0          0.13055
1548.0          0.13163
1549.0          0.13271
1550.0          0.13379
1551.0          0.13488
1552.0          0.13596
1553.0          0.13705
1554.0          0.13814
1555.0          0.13923
1556.0          0.14032
1557.0          0.14142
1558.0          0.14251
1559.0          0.14361
1560.0          0.14471
1561.0          0.14581
1562.0          0.14691
1563.0          0.14801
1564.0          0.14912
1565.0          0.15022
1566.0          0.15133
1567.0          0.15244
1568.0          0.15355
1569.0          0.15466
1570.0          0.15577
1571.0          0.15688
1572.0          0.15799
1573.0          0.15910
1574.0          0.16022
1575.0          0.16133
1576.0          0.16244
1577.0          0.16356
1578.0          0.16468
1579.0          0.16579
1580.0          0.16691
1581.0          0.16803
1582.0          0.16914
1583.0          0.17026
1584.0          0.17138
1585.0          0.17250
1586.0          0.17362
1587.0          0.17473
1588.0          0.17585
1589.0          0.17697
1590.0          0.17809
1591.0          0.17921
1592.0          0.18033
1593.0          0.18144
1594.0          0.18256
1595.0          0.18368
1596.0          0.18480
1597.0          0.18592
1598.0          0.18703
1599.0          0.18815
1600.0          0.18926
1601.0          0.19038
1602.0          0.19150
1603.0          0.19261
1604.0          0.19372
1605.0          0.19484
1606.0          0.19595
1607.0          0.19706
1608.0          0.19817
1609.0          0.19928
1610.0          0.20039
1611.0          0.20150
1612.0          0.20261
1613.0          0.20372
1614.0          0.20483
1615.0          0.20593
1616.0          0.20704
1617.0          0.20814
1618.0          0.20924
1619.0          0.21034
1620.0          0.21145
1621.0          0.21255
1622.0          0.21364
1623.0          0.21474
1624.0          0.21584
1625.0          0.21693
1626.0          0.21803
1627.0          0.21912
1628.0          0.22021
1629.0          0.22130
1630.0          0.22239
1631.0          0.22348
1632.0          0.22456
1633.0          0.22565
1634.0          0.22673
1635.0          0.22781
1636.0          0.22889
1637.0          0.22997
1638.0          0.23105
1639.0          0.23212
1640.0          0.23320
1641.0          0.23427
1642.0          0.23534
1643.0          0.23641
1644.0          0.23748
1645.0          0.23855
1646.0          0.23961
1647.0          0.24067
1648.0          0.24173
1649.0          0.24279
1650.0          0.24385
1400.0          0.89752
1401.0          0.82904
1402.0          0.53681
1403.0          0.14246
1404.0          0.79323
1405.0          0.91035
1406.0          0.94054
1407.0          0.95174
1408.0          0.95684
1409.0          0.95946
1410.0          0.96092
1411.0          0.96177
1412.0          0.96227
1413.0          0.96255
1414.0          0.96271
1415.0          0.96277
1416.0          0.96276
1417.0          0.96271
1418.0          0.96262
1419.0          0.96251
1420.0          0.96237
1421.0          0.96221
1422.0          0.96203
1423.0          0.96183
1424.0          0.96163
1425.0          0.96140
1426.0          0.96117
1427.0          0.96092
1428.0          0.96066
1429.0          0.96039
1430.0          0.96010
1431.0          0.95981
1432.0          0.95950
1433.0          0.95918
1434.0          0.95886
1435.0          0.95852
1436.0          0.95817
1437.0          0.95780
1438.0          0.95743
1439.0          0.95705
1440.0          0.95666
1441.0          0.95625
1442.0          0.95584
1443.0          0.95541
1444.0          0.95498
1445.0          0.95453
1446.0          0.95408
1447.0          0.95361
1448.0          0.95314
1449.0          0.95265
1450.0          0.95216
1451.0          0.95165
1452.0          0.95114
1453.0          0.95061
1454.0          0.95008
1455.0          0.94953
1456.0          0.94898
1457.0          0.94841
1458.0          0.94784
1459.0          0.94726
1460.0          0.94667
1461.0          0.94607
1462.0          0.94546
1463.0          0.94484
1464.0          0.94421
1465.0          0.94358
1466.0          0.94293
1467.0          0.94228
1468.0          0.94162
1469.0          0.94095
1470.0          0.94027
1471.0          0.93958
1472.0          0.93888
1473.0          0.93818
1474.0          0.93747
1475.0          0.93675
1476.0          0.93602
1477.0          0.93529
1478.0          0.93454
1479.0          0.93379
1480.0          0.93303
1481.0          0.93227
1482.0          0.93149
1483.0          0.93071
1484.0          0.92993
1485.0          0.92913
1486.0          0.92833
1487.0          0.92752
1488.0          0.92670
1489.0          0.92588
1490.0          0.92505
1491.0          0.92422
1492.0          0.92337
1493.0          0.92253
1494.0          0.92167
1495.0          0.92081
1496.0          0.91994
1497.0          0.91907
1498.0          0.91819
1499.0          0.91730
1500.0          0.91641
1501.0          0.91551
1502.0          0.91461
1503.0          0.91370
1504.0          0.91279
1505.0          0.91187
1506.0          0.91095
1507.0          0.91002
1508.0          0.90908
1509.0          0.90814
1510.0          0.90720
1511.0          0.90625
1512.0          0.90529
1513.0          0.90433
1514.0          0.90337
1515.0          0.90240
1516.0          0.90143
1517.0          0.90045
1518.0          0.89947
1519.0          0.89848
1520.0          0.89749
1521.0          0.89650
1522.0          0.89550
1523.0          0.89450
1524.0          0.89349
1525.0          0.89248
1526.0          0.89147
1527.0          0.89045
1528.0          0.88943
1529.0          0.88840
1530.0          0.88738
1531.0          0.88634
1532.0          0.88531
1533.0          0.88427
1534.0          0.88323
1535.0          0.88219
1536.0          0.88114
1537.0          0.88009
1538.0          0.87904
1539.0          0.87798
1540.0          0.87692
1541.0          0.87586
1542.0          0.87480
1543.0          0.87373
1544.0          0.87267
1545.0          0.87160
1546.0          0.87052
1547.0          0.86945
1548.0          0.86837
1549.0          0.86729
1550.0          0.86621
1551.0          0.86512
1552.0          0.86404
1553.0          0.86295
1554.0          0.86186
1555.0          0.86077
1556.0          0.85968
1557.0          0.85858
1558.0          0.85749
1559.0          0.85639
1560.0          0.85529
1561.0          0.85419
1562.0          0.85309
1563.0          0.85199
1564.0          0.85088
1565.0          0.84978
1566.0          0.84867
1567.0          0.84756
1568.0          0.84645
1569.0          0.84534
1570.0          0.84423
1571.0          0.84312
1572.0          0.84201
1573.0          0.84090
1574.0          0.83978
1575.0          0.83867
1576.0          0.83756
1577.0          0.83644
1578.0          0.83532
1579.0          0.83421
1580.0          0.83309
1581.0          0.83197
1582.0          0.83086
1583.0          0.82974
1584.0          0.82862
1585.0          0.82750
1586.0          0.82638
1587.0          0.82527
1588.0          0.82415
1589.0          0.82303
1590.0          0.82191
1591.0          0.82079
1592.0          0.81967
1593.0          0.81856
1594.0          0.81744
1595.0          0.81632
1596.0          0.81520
1597.0          0.81408
1598.0          0.81297
1599.0          0.81185
1600.0          0.81074
1601.0          0.80962
1602.0          0.80850
1603.0          0.80739
1604.0          0.80628
1605.0          0.80516
1606.0          0.80405
1607.0          0.80294
1608.0          0.80183
1609.0          0.80072
1610.0          0.79961
1611.0          0.79850
1612.0          0.79739
1613.0          0.79628
1614.0          0.79517
1615.0          0.79407
1616.0          0.79296
1617.0          0.79186
1618.0          0.79076
1619.0          0.78966
1620.0          0.78855
1621.0          0.78745
1622.0          0.78636
1623.0          0.78526
1624.0          0.78416
1625.0          0.78307
1626.0          0.78197
1627.0          0.78088
1628.0          0.77979
1629.0          0.77870
1630.0          0.77761
1631.0          0.77652
1632.0          0.77544
1633.0          0.77435
1634.0          0.77327
1635.0          0.77219
1636.0          0.77111
1637.0          0.77003
1638.0          0.76895
1639.0          0.76788
1640.0          0.76680
1641.0          0.76573
1642.0          0.76466
1643.0          0.76359
1644.0          0.76252
1645.0          0.76145
1646.0          0.76039
1647.0          0.75933
1648.0          0.75827
1649.0          0.75721
1650.0          0.75615
1400.0          1.0000
1401.0          1.0000
1402.0          1.0000
1403.0          1.0000
1404.0          1.0000
1405.0          1.0000
1406.0          1.0000
1407.0          1.0000
1408.0          1.0000
1409.0          1.0000
1410.0          1.0000
1411.0          1.0000
1412.0          1.0000
1413.0          1.0000
1414.0          1.0000
1415.0          1.0000
1416.0          1.0000
1417.0          1.0000
1418.0          1.0000
1419.0          1.0000
1420.0          1.0000
1421.0          1.0000
1422.0          1.0000
1423.0          1.0000
1424.0          1.0000
1425.0          1.0000
1426.0          1.0000
1427.0          1.0000
1428.0          1.0000
1429.0          1.0000
1430.0          1.0000
1431.0          1.0000
1432.0          1.0000
1433.0          1.0000
1434.0          1.0000
1435.0          1.0000
1436.0          1.0000
1437.0          1.0000
1438.0          1.0000
1439.0          1.0000
1440.0          1.0000
1441.0          1.0000
1442.0          1.0000
1443.0          1.0000
1444.0          1.0000
1445.0          1.0000
1446.0          1.0000
1447.0          1.0000
1448.0          1.0000
1449.0          1.0000
1450.0          1.0000
1451.0          1.0000
1452.0          1.0000
1453.0          1.0000
1454.0          1.0000
1455.0          1.0000
1456.0          1.0000
1457.0          1.0000
1458.0          1.0000
1459.0          1.0000
1460.0          1.0000
1461.0          1.0000
1462.0          1.0000
1463.0          1.0000
1464.0          1.0000
1465.0          1.0000
1466.0          1.0000
1467.0          1.0000
1468.0          1.0000
1469.0          1.0000
1470.0          1.0000
1471.0          1.0000
1472.0          1.0000
1473.0          1.0000
1474.0          1.0000
1475.0          1.0000
1476.0          1.0000
1477.0          1.0000
1478.0          1.0000
1479.0          1.0000
1480.0          1.0000
1481.0          1.0000
1482.0          1.0000
1483.0          1.0000
1484.0          1.0000
1485.0          1.0000
1486.0          1.0000
1487.0          1.0000
1488.0          1.0000
1489.0          1.0000
1490.0          1.0000
1491.0          1.0000
1492.0          1.0000
1493.0          1.0000
1494.0          1.0000
1495.0          1.0000
1496.0          1.0000
1497.0          1.0000
1498.0          1.0000
1499.0          1.0000
1500.0          1.0000
1501.0          1.0000
1502.0          1.0000
1503.0          1.0000
1504.0          1.0000
1505.0          1.0000
1506.0          1.0000
1507.0          1.0000
1508.0          1.0000
1509.0          1.0000
1510.0          1.0000
1511.0          1.0000
1512.0          1.0000
1513.0          1.0000
1514.0          1.0000
1515.0          1.0000
1516.0          1.0000
1517.0          1.0000
1518.0          1.0000
1519.0          1.0000
1520.0          1.0000
1521.0          1.0000
1522.0          1.0000
1523.0          1.0000
1524.0          1.0000
1525.0          1.0000
1526.0          1.0000
1527.0          1.0000
1528.0          1.0000
1529.0          1.0000
1530.0          1.0000
1531.0          1.0000
1532.0          1.0000
1533.0          1.0000
1534.0          1.0000
1535.0          1.0000
1536.0          1.0000
1537.0          1.0000
1538.0          1.0000
1539.0          1.0000
1540.0          1.0000
1541.0          1.0000
1542.0          1.0000
1543.0          1.0000
1544.0          1.0000
1545.0          1.0000
1546.0          1.0000
1547.0          1.0000
1548.0          1.0000
1549.0          1.0000
1550.0          1.0000
1551.0          1.0000
1552.0          1.0000
1553.0          1.0000
1554.0          1.0000
1555.0          1.0000
1556.0          1.0000
1557.0          1.0000
1558.0          1.0000
1559.0          1.0000
1560.0          1.0000
1561.0          1.0000
1562.0          1.0000
1563.0          1.0000
1564.0          1.0000
1565.0          1.0000
1566.0          1.0000
1567.0          1.0000
1568.0          1.0000
1569.0          1.0000
1570.0          1.0000
1571.0          1.0000
1572.0          1.0000
1573.0          1.0000
1574.0          1.0000
1575.0          1.0000
1576.0          1.0000
1577.0          1.0000
1578.0          1.0000
1579.0          1.0000
1580.0          1.0000
1581.0          1.0000
1582.0          1.0000
1583.0          1.0000
1584.0          1.0000
1585.0          1.0000
1586.0          1.0000
1587.0          1.0000
1588.0          1.0000
1589.0          1.0000
1590.0          1.0000
1591.0          1.0000
1592.0          1.0000
1593.0          1.0000
1594.0          1.0000
1595.0          1.0000
1596.0          1.0000
1597.0          1.0000
1598.0          1.0000
1599.0          1.0000
1600.0          1.0000
1601.0          1.0000
1602.0          1.0000
1603.0          1.0000
1604.0          1.0000
1605.0          1.0000
1606.0          1.0000
1607.0          1.0000
1608.0          1.0000
1609.0          1.0000
1610.0          1.0000
1611.0          1.0000
1612.0          1.0000
1613.0          1.0000
1614.0          1.0000
1615.0          1.0000
1616.0          1.0000
1617.0          1.0000
1618.0          1.0000
1619.0          1.0000
1620.0          1.0000
1621.0          1.0000
1622.0          1.0000
1623.0          1.0000
1624.0          1.0000
1625.0          1.0000
1626.0          1.0000
1627.0          1.0000
1628.0          1.0000
1629.0          1.0000
1630.0          1.0000
1631.0          1.0000
1632.0          1.0000
1633.0          1.0000
1634.0          1.0000
1635.0          1.0000
1636.0          1.0000
1637.0          1.0000
1638.0          1.0000
1639.0          1.0000
1640.0          1.0000
1641.0          1.0000
1642.0          1.0000
1643.0          1.0000
1644.0          1.0000
1645.0          1.0000
1646.0          1.0000
1647.0          1.0000
1648.0          1.0000
1649.0          1.0000
1650.0          1.0000
1400.0          2.8866E-15
1401.0          -1.0880E-14
1402.0          -3.1752E-14
1403.0          8.0602E-14
1404.0          2.0539E-14
1405.0          2.5535E-15
1406.0          3.4417E-15
1407.0          -4.2188E-15
1408.0          2.2204E-15
1409.0          -3.5527E-15
1410.0          -1.3323E-15
1411.0          -2.2204E-15
1412.0          -1.1102E-15
1413.0          -1.9984E-15
1414.0          1.1102E-16
1415.0          1.5543E-15
1416.0          9.9920E-16
1417.0          -8.8818E-16
1418.0          1.1102E-16
1419.0          1.9984E-15
1420.0          -6.6613E-16
1421.0          -1.9984E-15
1422.0          1.5543E-15
1423.0          -4.4409E-16
1424.0          0.0000
1425.0          4.4409E-16
1426.0          -1.3323E-15
1427.0          0.0000
1428.0          4.4409E-16
1429.0          -2.2204E-15
1430.0          3.8858E-15
1431.0          8.8818E-16
1432.0          9.9920E-16
1433.0          -2.2204E-16
1434.0          5.5511E-16
1435.0          6.6613E-16
1436.0          8.8818E-16
1437.0          -2.2204E-16
1438.0          3.2196E-15
1439.0          6.6613E-16
1440.0          -1.1102E-15
1441.0          -1.3323E-15
1442.0          6.6613E-16
1443.0          1.1102E-15
1444.0          -1.9984E-15
1445.0          -1.1102E-15
1446.0          8.8818E-16
1447.0          -2.4425E-15
1448.0          -1.3323E-15
1449.0          -6.6613E-16
1450.0          -1.1102E-15
1451.0          -8.8818E-16
1452.0          1.5543E-15
1453.0          1.1102E-15
1454.0          -1.7764E-15
1455.0          -1.1102E-15
1456.0          6.6613E-16
1457.0          -6.6613E-16
1458.0          1.1102E-15
1459.0          1.7764E-15
1460.0          -2.4425E-15
1461.0          -2.2204E-15
1462.0          -2.2204E-16
1463.0          1.7764E-15
1464.0          -2.2204E-16
1465.0          4.3299E-15
1466.0          -2.2204E-16
1467.0          -8.8818E-16
1468.0          -4.4409E-16
1469.0          -6.6613E-16
1470.0          0.0000
1471.0          2.9976E-15
1472.0          -6.6613E-16
1473.0          -1.9984E-15
1474.0          6.6613E-16
1475.0          -1.1102E-15
1476.0          -2.2204E-15
1477.0          -2.6645E-15
1478.0          1.7764E-15
1479.0          1.1102E-16
1480.0          5.5511E-16
1481.0          3.8858E-15
1482.0          -1.9984E-15
1483.0          1.1102E-16
1484.0          3.9968E-15
1485.0          8.8818E-16
1486.0          -1.1102E-15
1487.0          -8.8818E-16
1488.0          -4.4409E-16
1489.0          -2.2204E-16
1490.0          -3.1086E-15
1491.0          -1.5543E-15
1492.0          4.4409E-16
1493.0          -4.4409E-16
1494.0          -8.8818E-16
1495.0          -2.2204E-15
1496.0          -2.4425E-15
1497.0          -2.8866E-15
1498.0          -1.3323E-15
1499.0          4.1078E-15
1500.0          -2.2204E-16
1501.0          -1.3323E-15
1502.0          3.1086E-15
1503.0          9.9920E-16
1504.0          -4.4409E-16
1505.0          4.9960E-15
1506.0          1.1102E-15
1507.0          -4.4409E-16
1508.0          -8.8818E-16
1509.0          6.6613E-16
1510.0          -2.2204E-15
1511.0          -2.4425E-15
1512.0          -1.1102E-15
1513.0          2.4425E-15
1514.0          -4.4409E-16
1515.0          3.3307E-16
1516.0          -1.9984E-15
1517.0          9.9920E-16
1518.0          4.4409E-16
1519.0          8.8818E-16
1520.0          2.7756E-15
1521.0          -8.8818E-16
1522.0          4.4409E-16
1523.0          -2.2204E-16
1524.0          -1.3323E-15
1525.0          -4.4409E-16
1526.0          -1.1102E-15
1527.0          2.8866E-15
1528.0          7.7716E-16
1529.0          -1.1102E-15
1530.0          -3.5527E-15
1531.0          -1.1102E-15
1532.0          1.3323E-15
1533.0          -2.2204E-16
1534.0          -1.5543E-15
1535.0          1.1102E-15
1536.0          1.5543E-15
1537.0          -3.1086E-15
1538.0          -2.2204E-15
1539.0          -1.7764E-15
1540.0          2.2204E-15
1541.0          5.5511E-16
1542.0          1.1102E-16
1543.0          3.3307E-16
1544.0          -2.2204E-16
1545.0          6.6613E-16
1546.0          0.0000
1547.0          -4.4409E-16
1548.0          -1.9984E-15
1549.0          0.0000
1550.0          5.5511E-16
1551.0          6.6613E-16
1552.0          1.1102E-16
1553.0          3.3307E-16
1554.0          -4.4409E-16
1555.0          1.8874E-15
1556.0          -2.8866E-15
1557.0          -8.8818E-16
1558.0          -4.4409E-15
1559.0          -2.2204E-16
1560.0          -2.2204E-15
1561.0          -1.9984E-15
1562.0          1.2212E-15
1563.0          -1.3323E-15
1564.0          -2.2204E-16
1565.0          -8.8818E-16
1566.0          1.1102E-16
1567.0          -1.1102E-15
1568.0          1.1102E-15
1569.0          -4.4409E-16
1570.0          -2.8866E-15
1571.0          -1.3323E-15
1572.0          3.3307E-16
1573.0          -1.3323E-15
1574.0          -4.4409E-16
1575.0          -1.1102E-15
1576.0          -3.3307E-15
1577.0          -1.1102E-15
1578.0          0.0000
1579.0          -8.8818E-16
1580.0          4.4409E-16
1581.0          -8.8818E-16
1582.0          -2.2204E-16
1583.0          -8.8818E-16
1584.0          -6.6613E-16
1585.0          -2.2204E-15
1586.0          2.1094E-15
1587.0          -2.4425E-15
1588.0          -6.6613E-16
1589.0          -2.6645E-15
1590.0          1.8874E-15
1591.0          -2.8866E-15
1592.0          2.2204E-15
1593.0          4.4409E-16
1594.0          1.8874E-15
1595.0          -2.2204E-16
1596.0          6.6613E-16
1597.0          8.8818E-16
1598.0          -2.6645E-15
1599.0          -2.2204E-15
1600.0          -2.8866E-15
1601.0          -6.6613E-16
1602.0          1.7764E-15
1603.0          -8.8818E-16
1604.0          2.3315E-15
1605.0          0.0000
1606.0          2.5535E-15
1607.0          -1.5543E-15
1608.0          0.0000
1609.0          3.3307E-16
1610.0          0.0000
1611.0          9.9920E-16
1612.0          4.4409E-16
1613.0          1.8874E-15
1614.0          -2.4425E-15
1615.0          -6.6613E-16
1616.0          8.8818E-16
1617.0          2.6645E-15
1618.0          1.8874E-15
1619.0          1.1102E-15
1620.0          0.0000
1621.0          -1.3323E-15
1622.0          -8.8818E-16
1623.0          -4.4409E-16
1624.0          3.3307E-16
1625.0          1.3323E-15
1626.0          -1.9984E-15
1627.0          -2.2204E-16
1628.0          5.5511E-16
1629.0          -1.9984E-15
1630.0          -4.4409E-16
1631.0          1.9984E-15
1632.0          -6.6613E-16
1633.0          -1.9984E-15
1634.0          -4.2188E-15
1635.0          -8.8818E-16
1636.0          0.0000
1637.0          9.9920E-16
1638.0          -1.3323E-15
1639.0          8.8818E-16
1640.0          -8.8818E-16
1641.0          2.2204E-15
1642.0          -1.3323E-15
1643.0          1.1102E-16
1644.0          1.7764E-15
1645.0          -3.5527E-15
1646.0          -6.6613E-16
1647.0          8.8818E-16
1648.0          -4.4409E-16
1649.0          7.7716E-16
1650.0          -2.4425E-15
