1400.0          0.51241
1401.0          0.47057
1402.0          0.43017
1403.0          0.39172
1404.0          0.35573
1405.0          0.32271
1406.0          0.29314
1407.0          0.26749
1408.0          0.24614
1409.0          0.22943
1410.0          0.21760
1411.0          0.21079
1412.0          0.20906
1413.0          0.21235
1414.0          0.22051
1415.0          0.23329
1416.0          0.25036
1417.0          0.27136
1418.0          0.29585
1419.0          0.32339
1420.0          0.35353
1421.0          0.38580
1422.0          0.41980
1423.0          0.45513
1424.0          0.49142
1425.0          0.52838
1426.0          0.56573
1427.0          0.60325
1428.0          0.64076
1429.0          0.67811
1430.0          0.71518
1431.0          0.75188
1432.0          0.78808
1433.0          0.82366
1434.0          0.85843
1435.0          0.89205
1436.0          0.92395
1437.0          0.95311
1438.0          0.97779
1439.0          0.99497
1440.0          0.99957
1441.0          0.98336
1442.0          0.93435
1443.0          0.83881
1444.0          0.69056
1445.0          0.50801
1446.0          0.33951
1447.0          0.23308
1448.0          0.20052
1449.0          0.22192
1450.0          0.27134
1451.0          0.33058
1452.0          0.38999
1453.0          0.44536
1454.0          0.49532
1455.0          0.53979
1456.0          0.57919
1457.0          0.61411
1458.0          0.64515
1459.0          0.67284
1460.0          0.69765
1461.0          0.71998
1462.0          0.74016
1463.0          0.75848
1464.0          0.77517
1465.0          0.79042
1466.0          0.80441
1467.0          0.81728
1468.0          0.82916
1469.0          0.84013
1470.0          0.85030
1471.0          0.85975
1472.0          0.86854
1473.0          0.87673
1474.0          0.88437
1475.0          0.89151
1476.0          0.89820
1477.0          0.90447
1478.0          0.91035
1479.0          0.91587
1480.0          0.92105
1481.0          0.92593
1482.0          0.93052
1483.0          0.93485
1484.0          0.93893
1485.0          0.94277
1486.0          0.94639
1487.0          0.94981
1488.0          0.95304
1489.0          0.95609
1490.0          0.95897
1491.0          0.96169
1492.0          0.96426
1493.0          0.96669
1494.0          0.96898
1495.0          0.97115
1496.0          0.97319
1497.0          0.97513
1498.0          0.97695
1499.0          0.97867
1500.0          0.98029
1501.0          0.98182
1502.0          0.98327
1503.0          0.98463
1504.0          0.98590
1505.0          0.98711
1506.0          0.98824
1507.0          0.98930
1508.0          0.99029
1509.0          0.99122
1510.0          0.99209
1511.0          0.99290
1512.0          0.99366
1513.0          0.99436
1514.0          0.99502
1515.0          0.99562
1516.0          0.99618
1517.0          0.99669
1518.0          0.99716
1519.0          0.99758
1520.0          0.99797
1521.0          0.99832
1522.0          0.99863
1523.0          0.99891
1524.0          0.99915
1525.0          0.99936
1526.0          0.99954
1527.0          0.99968
1528.0          0.99980
1529.0          0.99989
1530.0          0.99995
1531.0          0.99999
1532.0          1.0000
1533.0          0.99999
1534.0          0.99995
1535.0          0.99989
1536.0          0.99980
1537.0          0.99970
1538.0          0.99957
1539.0          0.99943
1540.0          0.99926
1541.0          0.99908
1542.0          0.99887
1543.0          0.99865
1544.0          0.99842
1545.0          0.99816
1546.0          0.99789
1547.0          0.99761
1548.0          0.99731
1549.0          0.99699
1550.0          0.99666
1551.0          0.99632
1552.0          0.99596
1553.0          0.99559
1554.0          0.99521
1555.0          0.99481
1556.0          0.99441
1557.0          0.99399
1558.0          0.99356
1559.0          0.99312
1560.0          0.99267
1561.0          0.99221
1562.0          0.99173
1563.0          0.99125
1564.0          0.99076
1565.0          0.99026
1566.0          0.98975
1567.0          0.98923
1568.0          0.98870
1569.0          0.98817
1570.0          0.98762
1571.0          0.98707
1572.0          0.98651
1573.0          0.98594
1574.0          0.98537
1575.0          0.98479
1576.0          0.98420
1577.0          0.98360
1578.0          0.98300
1579.0          0.98239
1580.0          0.98177
1581.0          0.98115
1582.0          0.98053
1583.0          0.97989
1584.0          0.97925
1585.0          0.97861
1586.0          0.97796
1587.0          0.97730
1588.0          0.97664
1589.0          0.97597
1590.0          0.97530
1591.0          0.97462
1592.0          0.97394
1593.0          0.97326
1594.0          0.97257
1595.0          0.97187
1596.0          0.97117
1597.0          0.97047
1598.0          0.96976
1599.0          0.96905
1600.0          0.96833
1601.0          0.96761
1602.0          0.96689
1603.0          0.96616
1604.0          0.96543
1605.0          0.96469
1606.0          0.96396
1607.0          0.96321
1608.0          0.96247
1609.0          0.96172
1610.0          0.96097
1611.0          0.96022
1612.0          0.95946
1613.0          0.95870
1614.0          0.95793
1615.0          0.95717
1616.0          0.95640
1617.0          0.95562
1618.0          0.95485
1619.0          0.95407
1620.0          0.95329
1621.0          0.95251
1622.0          0.95172
1623.0          0.95094
1624.0          0.95015
1625.0          0.94935
1626.0          0.94856
1627.0          0.94776
1628.0          0.94696
1629.0          0.94616
1630.0          0.94536
1631.0          0.94455
1632.0          0.94375
1633.0          0.94294
1634.0          0.94213
1635.0          0.94131
1636.0          0.94050
1637.0          0.93968
1638.0          0.93886
1639.0          0.93804
1640.0          0.93722
1641.0          0.93640
1642.0          0.93557
1643.0          0.93475
1644.0          0.93392
1645.0          0.93309
1646.0          0.93226
1647.0          0.93143
1648.0          0.93059
1649.0          0.92976
1650.0          0.92892
1400.0          0.48759
1401.0          0.52943
1402.0          0.56983
1403.0          0.60828
1404.0          0.64427
1405.0          0.67729
1406.0          0.70686
1407.0          0.73251
1408.0          0.75386
1409.0          0.77057
1410.0          0.78240
1411.0          0.78921
1412.0          0.79094
1413.0          0.78765
1414.0          0.77949
1415.0          0.76671
1416.0          0.74964
1417.0          0.72864
1418.0          0.70415
1419.0          0.67661
1420.0          0.64647
1421.0          0.61420
1422.0          0.58020
1423.0          0.54487
1424.0          0.50858
1425.0          0.47162
1426.0          0.43427
1427.0          0.39675
1428.0          0.35924
1429.0          0.32189
1430.0          0.28482
1431.0          0.24812
1432.0          0.21192
1433.0          0.17634
1434.0          0.14157
1435.0          0.10795
1436.0          0.076053
1437.0          0.046890
1438.0          0.022209
1439.0          0.0050261
1440.0          4.2985E-4
1441.0          0.016637
1442.0          0.065648
1443.0          0.16119
1444.0          0.30944
1445.0          0.49199
1446.0          0.66049
1447.0          0.76692
1448.0          0.79948
1449.0          0.77808
1450.0          0.72866
1451.0          0.66942
1452.0          0.61001
1453.0          0.55464
1454.0          0.50468
1455.0          0.46021
1456.0          0.42081
1457.0          0.38589
1458.0          0.35485
1459.0          0.32716
1460.0          0.30235
1461.0          0.28002
1462.0          0.25984
1463.0          0.24152
1464.0          0.22483
1465.0          0.20958
1466.0          0.19559
1467.0          0.18272
1468.0          0.17084
1469.0          0.15987
1470.0          0.14970
1471.0          0.14025
1472.0          0.13146
1473.0          0.12327
1474.0          0.11563
1475.0          0.10849
1476.0          0.10180
1477.0          0.095532
1478.0          0.089654
1479.0          0.084134
1480.0          0.078947
1481.0          0.074068
1482.0          0.069476
1483.0          0.065151
1484.0          0.061075
1485.0          0.057231
1486.0          0.053606
1487.0          0.050185
1488.0          0.046956
1489.0          0.043907
1490.0          0.041027
1491.0          0.038307
1492.0          0.035737
1493.0          0.033310
1494.0          0.031017
1495.0          0.028851
1496.0          0.026806
1497.0          0.024874
1498.0          0.023050
1499.0          0.021329
1500.0          0.019706
1501.0          0.018175
1502.0          0.016733
1503.0          0.015374
1504.0          0.014095
1505.0          0.012893
1506.0          0.011763
1507.0          0.010703
1508.0          0.0097090
1509.0          0.0087785
1510.0          0.0079085
1511.0          0.0070966
1512.0          0.0063401
1513.0          0.0056369
1514.0          0.0049845
1515.0          0.0043810
1516.0          0.0038244
1517.0          0.0033128
1518.0          0.0028443
1519.0          0.0024173
1520.0          0.0020302
1521.0          0.0016813
1522.0          0.0013693
1523.0          0.0010928
1524.0          8.5045E-4
1525.0          6.4093E-4
1526.0          4.6308E-4
1527.0          3.1575E-4
1528.0          1.9783E-4
1529.0          1.0828E-4
1530.0          4.6111E-5
1531.0          1.0353E-5
1532.0          9.8388E-8
1533.0          1.4473E-5
1534.0          5.2641E-5
1535.0          1.1380E-4
1536.0          1.9719E-4
1537.0          3.0208E-4
1538.0          4.2775E-4
1539.0          5.7354E-4
1540.0          7.3881E-4
1541.0          9.2292E-4
1542.0          0.0011253
1543.0          0.0013453
1544.0          0.0015825
1545.0          0.0018363
1546.0          0.0021062
1547.0          0.0023917
1548.0          0.0026923
1549.0          0.0030077
1550.0          0.0033373
1551.0          0.0036807
1552.0          0.0040376
1553.0          0.0044075
1554.0          0.0047901
1555.0          0.0051850
1556.0          0.0055919
1557.0          0.0060104
1558.0          0.0064403
1559.0          0.0068811
1560.0          0.0073326
1561.0          0.0077946
1562.0          0.0082666
1563.0          0.0087486
1564.0          0.0092401
1565.0          0.0097409
1566.0          0.010251
1567.0          0.010770
1568.0          0.011297
1569.0          0.011833
1570.0          0.012377
1571.0          0.012929
1572.0          0.013489
1573.0          0.014056
1574.0          0.014631
1575.0          0.015213
1576.0          0.015802
1577.0          0.016398
1578.0          0.017001
1579.0          0.017610
1580.0          0.018225
1581.0          0.018847
1582.0          0.019475
1583.0          0.020108
1584.0          0.020748
1585.0          0.021393
1586.0          0.022044
1587.0          0.022700
1588.0          0.023361
1589.0          0.024028
1590.0          0.024699
1591.0          0.025376
1592.0          0.026057
1593.0          0.026743
1594.0          0.027434
1595.0          0.028129
1596.0          0.028828
1597.0          0.029532
1598.0          0.030240
1599.0          0.030952
1600.0          0.031668
1601.0          0.032388
1602.0          0.033112
1603.0          0.033839
1604.0          0.034570
1605.0          0.035305
1606.0          0.036043
1607.0          0.036785
1608.0          0.037530
1609.0          0.038279
1610.0          0.039030
1611.0          0.039785
1612.0          0.040543
1613.0          0.041304
1614.0          0.042067
1615.0          0.042834
1616.0          0.043603
1617.0          0.044376
1618.0          0.045151
1619.0          0.045928
1620.0          0.046708
1621.0          0.047491
1622.0          0.048276
1623.0          0.049064
1624.0          0.049854
1625.0          0.050646
1626.0          0.051441
1627.0          0.052238
1628.0          0.053037
1629.0          0.053838
1630.0          0.054641
1631.0          0.055446
1632.0          0.056253
1633.0          0.057062
1634.0          0.057874
1635.0          0.058687
1636.0          0.059501
1637.0          0.060318
1638.0          0.061136
1639.0          0.061956
1640.0          0.062778
1641.0          0.063601
1642.0          0.064426
1643.0          0.065253
1644.0          0.066081
1645.0          0.066910
1646.0          0.067741
1647.0          0.068573
1648.0          0.069407
1649.0          0.070242
1650.0          0.071079
1400.0          1.0000
1401.0          1.0000
1402.0          1.0000
1403.0          1.0000
1404.0          1.0000
1405.0          1.0000
1406.0          1.0000
1407.0          1.0000
1408.0          1.0000
1409.0          1.0000
1410.0          1.0000
1411.0          1.0000
1412.0          1.0000
1413.0          1.0000
1414.0          1.0000
1415.0          1.0000
1416.0          1.0000
1417.0          1.0000
1418.0          1.0000
1419.0          1.0000
1420.0          1.0000
1421.0          1.0000
1422.0          1.0000
1423.0          1.0000
1424.0          1.0000
1425.0          1.0000
1426.0          1.0000
1427.0          1.0000
1428.0          1.0000
1429.0          1.0000
1430.0          1.0000
1431.0          1.0000
1432.0          1.0000
1433.0          1.0000
1434.0          1.0000
1435.0          1.0000
1436.0          1.0000
1437.0          1.0000
1438.0          1.0000
1439.0          1.0000
1440.0          1.0000
1441.0          1.0000
1442.0          1.0000
1443.0          1.0000
1444.0          1.0000
1445.0          1.0000
1446.0          1.0000
1447.0          1.0000
1448.0          1.0000
1449.0          1.0000
1450.0          1.0000
1451.0          1.0000
1452.0          1.0000
1453.0          1.0000
1454.0          1.0000
1455.0          1.0000
1456.0          1.0000
1457.0          1.0000
1458.0          1.0000
1459.0          1.0000
1460.0          1.0000
1461.0          1.0000
1462.0          1.0000
1463.0          1.0000
1464.0          1.0000
1465.0          1.0000
1466.0          1.0000
1467.0          1.0000
1468.0          1.0000
1469.0          1.0000
1470.0          1.0000
1471.0          1.0000
1472.0          1.0000
1473.0          1.0000
1474.0          1.0000
1475.0          1.0000
1476.0          1.0000
1477.0          1.0000
1478.0          1.0000
1479.0          1.0000
1480.0          1.0000
1481.0          1.0000
1482.0          1.0000
1483.0          1.0000
1484.0          1.0000
1485.0          1.0000
1486.0          1.0000
1487.0          1.0000
1488.0          1.0000
1489.0          1.0000
1490.0          1.0000
1491.0          1.0000
1492.0          1.0000
1493.0          1.0000
1494.0          1.0000
1495.0          1.0000
1496.0          1.0000
1497.0          1.0000
1498.0          1.0000
1499.0          1.0000
1500.0          1.0000
1501.0          1.0000
1502.0          1.0000
1503.0          1.0000
1504.0          1.0000
1505.0          1.0000
1506.0          1.0000
1507.0          1.0000
1508.0          1.0000
1509.0          1.0000
1510.0          1.0000
1511.0          1.0000
1512.0          1.0000
1513.0          1.0000
1514.0          1.0000
1515.0          1.0000
1516.0          1.0000
1517.0          1.0000
1518.0          1.0000
1519.0          1.0000
1520.0          1.0000
1521.0          1.0000
1522.0          1.0000
1523.0          1.0000
1524.0          1.0000
1525.0          1.0000
1526.0          1.0000
1527.0          1.0000
1528.0          1.0000
1529.0          1.0000
1530.0          1.0000
1531.0          1.0000
1532.0          1.0000
1533.0          1.0000
1534.0          1.0000
1535.0          1.0000
1536.0          1.0000
1537.0          1.0000
1538.0          1.0000
1539.0          1.0000
1540.0          1.0000
1541.0          1.0000
1542.0          1.0000
1543.0          1.0000
1544.0          1.0000
1545.0          1.0000
1546.0          1.0000
1547.0          1.0000
1548.0          1.0000
1549.0          1.0000
1550.0          1.0000
1551.0          1.0000
1552.0          1.0000
1553.0          1.0000
1554.0          1.0000
1555.0          1.0000
1556.0          1.0000
1557.0          1.0000
1558.0          1.0000
1559.0          1.0000
1560.0          1.0000
1561.0          1.0000
1562.0          1.0000
1563.0          1.0000
1564.0          1.0000
1565.0          1.0000
1566.0          1.0000
1567.0          1.0000
1568.0          1.0000
1569.0          1.0000
1570.0          1.0000
1571.0          1.0000
1572.0          1.0000
1573.0          1.0000
1574.0          1.0000
1575.0          1.0000
1576.0          1.0000
1577.0          1.0000
1578.0          1.0000
1579.0          1.0000
1580.0          1.0000
1581.0          1.0000
1582.0          1.0000
1583.0          1.0000
1584.0          1.0000
1585.0          1.0000
1586.0          1.0000
1587.0          1.0000
1588.0          1.0000
1589.0          1.0000
1590.0          1.0000
1591.0          1.0000
1592.0          1.0000
1593.0          1.0000
1594.0          1.0000
1595.0          1.0000
1596.0          1.0000
1597.0          1.0000
1598.0          1.0000
1599.0          1.0000
1600.0          1.0000
1601.0          1.0000
1602.0          1.0000
1603.0          1.0000
1604.0          1.0000
1605.0          1.0000
1606.0          1.0000
1607.0          1.0000
1608.0          1.0000
1609.0          1.0000
1610.0          1.0000
1611.0          1.0000
1612.0          1.0000
1613.0          1.0000
1614.0          1.0000
1615.0          1.0000
1616.0          1.0000
1617.0          1.0000
1618.0          1.0000
1619.0          1.0000
1620.0          1.0000
1621.0          1.0000
1622.0          1.0000
1623.0          1.0000
1624.0          1.0000
1625.0          1.0000
1626.0          1.0000
1627.0          1.0000
1628.0          1.0000
1629.0          1.0000
1630.0          1.0000
1631.0          1.0000
1632.0          1.0000
1633.0          1.0000
1634.0          1.0000
1635.0          1.0000
1636.0          1.0000
1637.0          1.0000
1638.0          1.0000
1639.0          1.0000
1640.0          1.0000
1641.0          1.0000
1642.0          1.0000
1643.0          1.0000
1644.0          1.0000
1645.0          1.0000
1646.0          1.0000
1647.0          1.0000
1648.0          1.0000
1649.0          1.0000
1650.0          1.0000
1400.0          -5.7732E-15
1401.0          -1.9984E-15
1402.0          -4.4409E-16
1403.0          -5.3291E-15
1404.0          -1.1990E-14
1405.0          2.6645E-15
1406.0          -3.3307E-15
1407.0          4.2188E-15
1408.0          -4.4409E-16
1409.0          -3.9968E-15
1410.0          2.1094E-15
1411.0          -5.7732E-15
1412.0          -2.2204E-15
1413.0          -8.8818E-16
1414.0          1.2323E-14
1415.0          0.0000
1416.0          8.5487E-15
1417.0          -3.7748E-15
1418.0          -4.4409E-15
1419.0          5.7732E-15
1420.0          1.1102E-15
1421.0          -7.7716E-15
1422.0          -7.7716E-15
1423.0          2.2204E-15
1424.0          -1.2434E-14
1425.0          -3.9968E-15
1426.0          -3.7748E-15
1427.0          5.5511E-15
1428.0          -8.2157E-15
1429.0          3.8858E-15
1430.0          -7.1054E-15
1431.0          5.3291E-15
1432.0          -4.6629E-15
1433.0          -2.4425E-15
1434.0          -4.8850E-15
1435.0          4.3299E-15
1436.0          -2.6645E-15
1437.0          7.9936E-15
1438.0          -2.6645E-15
1439.0          2.4425E-15
1440.0          -3.5527E-15
1441.0          -6.6613E-15
1442.0          -7.3275E-15
1443.0          -2.0650E-14
1444.0          -3.6415E-14
1445.0          -1.4211E-14
1446.0          1.3212E-14
1447.0          1.3323E-15
1448.0          1.8874E-15
1449.0          -2.6645E-15
1450.0          2.6645E-15
1451.0          -8.4377E-15
1452.0          -1.3767E-14
1453.0          -4.4409E-16
1454.0          8.6597E-15
1455.0          0.0000
1456.0          -1.9984E-15
1457.0          -3.1086E-15
1458.0          9.9920E-16
1459.0          9.9920E-16
1460.0          -2.8866E-15
1461.0          -6.6613E-16
1462.0          -2.6645E-15
1463.0          -1.7764E-15
1464.0          1.4433E-15
1465.0          -1.9984E-15
1466.0          -2.2204E-16
1467.0          -6.8834E-15
1468.0          -6.6613E-16
1469.0          0.0000
1470.0          -1.5543E-15
1471.0          6.6613E-16
1472.0          -6.2172E-15
1473.0          -3.5527E-15
1474.0          -1.1102E-15
1475.0          -6.6613E-16
1476.0          -2.4425E-15
1477.0          -2.4425E-15
1478.0          8.4377E-15
1479.0          3.3307E-16
1480.0          4.2188E-15
1481.0          1.1102E-15
1482.0          8.8818E-16
1483.0          1.3323E-15
1484.0          -4.8850E-15
1485.0          -4.6629E-15
1486.0          3.1086E-15
1487.0          3.6637E-15
1488.0          -2.2204E-15
1489.0          -2.6645E-15
1490.0          2.1094E-15
1491.0          5.5511E-16
1492.0          -6.6613E-16
1493.0          -1.9984E-15
1494.0          7.7716E-16
1495.0          -1.1102E-15
1496.0          -2.6645E-15
1497.0          6.6613E-16
1498.0          -1.9984E-15
1499.0          -2.2204E-15
1500.0          -1.9984E-15
1501.0          2.3315E-15
1502.0          2.2204E-16
1503.0          -3.1086E-15
1504.0          2.2204E-16
1505.0          -1.3323E-15
1506.0          3.3307E-15
1507.0          8.6597E-15
1508.0          -8.8818E-16
1509.0          3.4417E-15
1510.0          5.5511E-16
1511.0          -2.4425E-15
1512.0          1.2212E-15
1513.0          -7.9936E-15
1514.0          4.4409E-16
1515.0          5.5511E-16
1516.0          3.4417E-15
1517.0          -2.2204E-16
1518.0          2.5535E-15
1519.0          8.5487E-15
1520.0          5.8842E-15
1521.0          -3.7748E-15
1522.0          4.2188E-15
1523.0          5.1070E-15
1524.0          5.9952E-15
1525.0          -2.2204E-16
1526.0          -1.1102E-15
1527.0          -1.0436E-14
1528.0          -3.1086E-15
1529.0          1.2212E-15
1530.0          -2.2204E-15
1531.0          -1.9984E-15
1532.0          2.5535E-15
1533.0          -3.9968E-15
1534.0          -4.4409E-16
1535.0          -1.5543E-15
1536.0          -6.6613E-16
1537.0          1.3323E-15
1538.0          -2.2204E-15
1539.0          -1.1102E-15
1540.0          -1.7764E-15
1541.0          -2.8866E-15
1542.0          -2.6645E-15
1543.0          0.0000
1544.0          -4.4409E-16
1545.0          2.6645E-15
1546.0          3.3307E-16
1547.0          2.1094E-15
1548.0          1.2212E-15
1549.0          7.7716E-16
1550.0          -8.8818E-16
1551.0          2.2204E-15
1552.0          -4.8850E-15
1553.0          1.1102E-16
1554.0          -2.2204E-15
1555.0          -6.6613E-16
1556.0          2.6645E-15
1557.0          -2.2204E-16
1558.0          1.1102E-16
1559.0          -1.1102E-15
1560.0          1.9984E-15
1561.0          -3.9968E-15
1562.0          -3.9968E-15
1563.0          1.4433E-15
1564.0          -8.8818E-16
1565.0          1.2212E-15
1566.0          -2.2204E-16
1567.0          2.8866E-15
1568.0          -3.9968E-15
1569.0          6.6613E-16
1570.0          1.7764E-15
1571.0          1.1102E-16
1572.0          6.6613E-16
1573.0          1.1102E-15
1574.0          2.1094E-15
1575.0          2.2204E-16
1576.0          -1.9984E-15
1577.0          -1.9984E-15
1578.0          3.6637E-15
1579.0          -8.8818E-16
1580.0          -6.6613E-16
1581.0          1.2212E-15
1582.0          -4.4409E-16
1583.0          -1.9984E-15
1584.0          3.3307E-16
1585.0          3.5527E-15
1586.0          -1.7764E-15
1587.0          -1.1102E-15
1588.0          -2.2204E-15
1589.0          4.8850E-15
1590.0          -4.6629E-15
1591.0          -3.1086E-15
1592.0          1.9984E-15
1593.0          2.6645E-15
1594.0          -1.7764E-15
1595.0          7.7716E-16
1596.0          1.2212E-15
1597.0          4.1078E-15
1598.0          2.4425E-15
1599.0          5.5511E-16
1600.0          2.2204E-16
1601.0          -3.9968E-15
1602.0          -2.4425E-15
1603.0          4.1078E-15
1604.0          1.4433E-15
1605.0          2.4425E-15
1606.0          2.4425E-15
1607.0          -2.2204E-16
1608.0          -2.2204E-16
1609.0          -5.1070E-15
1610.0          2.3315E-15
1611.0          -1.9984E-15
1612.0          1.1102E-15
1613.0          6.6613E-16
1614.0          -4.4409E-16
1615.0          3.2196E-15
1616.0          -5.7732E-15
1617.0          -4.4409E-16
1618.0          -2.4425E-15
1619.0          1.3323E-15
1620.0          -6.6613E-16
1621.0          -4.4409E-16
1622.0          -1.5543E-15
1623.0          4.2188E-15
1624.0          -1.7764E-15
1625.0          -1.9984E-15
1626.0          -3.5527E-15
1627.0          2.7756E-15
1628.0          -5.7732E-15
1629.0          0.0000
1630.0          -2.6645E-15
1631.0          -3.5527E-15
1632.0          -1.3323E-15
1633.0          2.5535E-15
1634.0          4.3299E-15
1635.0          -4.6629E-15
1636.0          -4.4409E-16
1637.0          6.1062E-15
1638.0          -4.2188E-15
1639.0          -1.9984E-15
1640.0          2.3315E-15
1641.0          -2.6645E-15
1642.0          -4.8850E-15
1643.0          -3.1086E-15
1644.0          3.6637E-15
1645.0          2.5535E-15
1646.0          -1.5543E-15
1647.0          -2.4425E-15
1648.0          3.7748E-15
1649.0          1.4433E-15
1650.0          -2.2204E-16
