1400.0          0.50625
1401.0          0.50668
1402.0          0.50710
1403.0          0.50752
1404.0          0.50794
1405.0          0.50836
1406.0          0.50877
1407.0          0.50917
1408.0          0.50957
1409.0          0.50997
1410.0          0.51037
1411.0          0.51076
1412.0          0.51115
1413.0          0.51153
1414.0          0.51191
1415.0          0.51228
1416.0          0.51265
1417.0          0.51302
1418.0          0.51339
1419.0          0.51375
1420.0          0.51410
1421.0          0.51446
1422.0          0.51481
1423.0          0.51515
1424.0          0.51550
1425.0          0.51584
1426.0          0.51617
1427.0          0.51650
1428.0          0.51683
1429.0          0.51716
1430.0          0.51748
1431.0          0.51780
1432.0          0.51811
1433.0          0.51842
1434.0          0.51873
1435.0          0.51904
1436.0          0.51934
1437.0          0.51964
1438.0          0.51993
1439.0          0.52022
1440.0          0.52051
1441.0          0.52080
1442.0          0.52108
1443.0          0.52136
1444.0          0.52163
1445.0          0.52191
1446.0          0.52218
1447.0          0.52244
1448.0          0.52271
1449.0          0.52297
1450.0          0.52323
1451.0          0.52348
1452.0          0.52373
1453.0          0.52398
1454.0          0.52423
1455.0          0.52447
1456.0          0.52471
1457.0          0.52495
1458.0          0.52518
1459.0          0.52541
1460.0          0.52564
1461.0          0.52587
1462.0          0.52609
1463.0          0.52631
1464.0          0.52653
1465.0          0.52674
1466.0          0.52696
1467.0          0.52717
1468.0          0.52737
1469.0          0.52758
1470.0          0.52778
1471.0          0.52798
1472.0          0.52817
1473.0          0.52837
1474.0          0.52856
1475.0          0.52875
1476.0          0.52893
1477.0          0.52912
1478.0          0.52930
1479.0          0.52948
1480.0          0.52965
1481.0          0.52983
1482.0          0.53000
1483.0          0.53017
1484.0          0.53033
1485.0          0.53050
1486.0          0.53066
1487.0          0.53082
1488.0          0.53098
1489.0          0.53113
1490.0          0.53128
1491.0          0.53143
1492.0          0.53158
1493.0          0.53173
1494.0          0.53187
1495.0          0.53201
1496.0          0.53215
1497.0          0.53229
1498.0          0.53242
1499.0          0.53255
1500.0          0.53269
1501.0          0.53281
1502.0          0.53294
1503.0          0.53306
1504.0          0.53319
1505.0          0.53331
1506.0          0.53342
1507.0          0.53354
1508.0          0.53365
1509.0          0.53376
1510.0          0.53387
1511.0          0.53398
1512.0          0.53409
1513.0          0.53419
1514.0          0.53429
1515.0          0.53439
1516.0          0.53449
1517.0          0.53459
1518.0          0.53468
1519.0          0.53477
1520.0          0.53487
1521.0          0.53495
1522.0          0.53504
1523.0          0.53513
1524.0          0.53521
1525.0          0.53529
1526.0          0.53537
1527.0          0.53545
1528.0          0.53552
1529.0          0.53560
1530.0          0.53567
1531.0          0.53574
1532.0          0.53581
1533.0          0.53588
1534.0          0.53594
1535.0          0.53601
1536.0          0.53607
1537.0          0.53613
1538.0          0.53619
1539.0          0.53624
1540.0          0.53630
1541.0          0.53635
1542.0          0.53641
1543.0          0.53646
1544.0          0.53651
1545.0          0.53655
1546.0          0.53660
1547.0          0.53664
1548.0          0.53669
1549.0          0.53673
1550.0          0.53677
1551.0          0.53681
1552.0          0.53684
1553.0          0.53688
1554.0          0.53691
1555.0          0.53695
1556.0          0.53698
1557.0          0.53701
1558.0          0.53703
1559.0          0.53706
1560.0          0.53709
1561.0          0.53711
1562.0          0.53713
1563.0          0.53715
1564.0          0.53717
1565.0          0.53719
1566.0          0.53721
1567.0          0.53722
1568.0          0.53724
1569.0          0.53725
1570.0          0.53726
1571.0          0.53727
1572.0          0.53728
1573.0          0.53729
1574.0          0.53729
1575.0          0.53730
1576.0          0.53730
1577.0          0.53730
1578.0          0.53731
1579.0          0.53731
1580.0          0.53730
1581.0          0.53730
1582.0          0.53730
1583.0          0.53729
1584.0          0.53729
1585.0          0.53728
1586.0          0.53727
1587.0          0.53726
1588.0          0.53725
1589.0          0.53724
1590.0          0.53722
1591.0          0.53721
1592.0          0.53719
1593.0          0.53718
1594.0          0.53716
1595.0          0.53714
1596.0          0.53712
1597.0          0.53710
1598.0          0.53707
1599.0          0.53705
1600.0          0.53703
1601.0          0.53700
1602.0          0.53697
1603.0          0.53694
1604.0          0.53692
1605.0          0.53689
1606.0          0.53685
1607.0          0.53682
1608.0          0.53679
1609.0          0.53675
1610.0          0.53672
1611.0          0.53668
1612.0          0.53665
1613.0          0.53661
1614.0          0.53657
1615.0          0.53653
1616.0          0.53649
1617.0          0.53644
1618.0          0.53640
1619.0          0.53636
1620.0          0.53631
1621.0          0.53627
1622.0          0.53622
1623.0          0.53617
1624.0          0.53612
1625.0          0.53607
1626.0          0.53602
1627.0          0.53597
1628.0          0.53592
1629.0          0.53586
1630.0          0.53581
1631.0          0.53575
1632.0          0.53570
1633.0          0.53564
1634.0          0.53558
1635.0          0.53552
1636.0          0.53546
1637.0          0.53540
1638.0          0.53534
1639.0          0.53528
1640.0          0.53522
1641.0          0.53515
1642.0          0.53509
1643.0          0.53502
1644.0          0.53496
1645.0          0.53489
1646.0          0.53482
1647.0          0.53475
1648.0          0.53468
1649.0          0.53461
1650.0          0.53454
1400.0          0.49375
1401.0          0.49332
1402.0          0.49290
1403.0          0.49248
1404.0          0.49206
1405.0          0.49164
1406.0          0.49123
1407.0          0.49083
1408.0          0.49043
1409.0          0.49003
1410.0          0.48963
1411.0          0.48924
1412.0          0.48885
1413.0          0.48847
1414.0          0.48809
1415.0          0.48772
1416.0          0.48735
1417.0          0.48698
1418.0          0.48661
1419.0          0.48625
1420.0          0.48590
1421.0          0.48554
1422.0          0.48519
1423.0          0.48485
1424.0          0.48450
1425.0          0.48416
1426.0          0.48383
1427.0          0.48350
1428.0          0.48317
1429.0          0.48284
1430.0          0.48252
1431.0          0.48220
1432.0          0.48189
1433.0          0.48158
1434.0          0.48127
1435.0          0.48096
1436.0          0.48066
1437.0          0.48036
1438.0          0.48007
1439.0          0.47978
1440.0          0.47949
1441.0          0.47920
1442.0          0.47892
1443.0          0.47864
1444.0          0.47837
1445.0          0.47809
1446.0          0.47782
1447.0          0.47756
1448.0          0.47729
1449.0          0.47703
1450.0          0.47677
1451.0          0.47652
1452.0          0.47627
1453.0          0.47602
1454.0          0.47577
1455.0          0.47553
1456.0          0.47529
1457.0          0.47505
1458.0          0.47482
1459.0          0.47459
1460.0          0.47436
1461.0          0.47413
1462.0          0.47391
1463.0          0.47369
1464.0          0.47347
1465.0          0.47326
1466.0          0.47304
1467.0          0.47283
1468.0          0.47263
1469.0          0.47242
1470.0          0.47222
1471.0          0.47202
1472.0          0.47183
1473.0          0.47163
1474.0          0.47144
1475.0          0.47125
1476.0          0.47107
1477.0          0.47088
1478.0          0.47070
1479.0          0.47052
1480.0          0.47035
1481.0          0.47017
1482.0          0.47000
1483.0          0.46983
1484.0          0.46967
1485.0          0.46950
1486.0          0.46934
1487.0          0.46918
1488.0          0.46902
1489.0          0.46887
1490.0          0.46872
1491.0          0.46857
1492.0          0.46842
1493.0          0.46827
1494.0          0.46813
1495.0          0.46799
1496.0          0.46785
1497.0          0.46771
1498.0          0.46758
1499.0          0.46745
1500.0          0.46731
1501.0          0.46719
1502.0          0.46706
1503.0          0.46694
1504.0          0.46681
1505.0          0.46669
1506.0          0.46658
1507.0          0.46646
1508.0          0.46635
1509.0          0.46624
1510.0          0.46613
1511.0          0.46602
1512.0          0.46591
1513.0          0.46581
1514.0          0.46571
1515.0          0.46561
1516.0          0.46551
1517.0          0.46541
1518.0          0.46532
1519.0          0.46523
1520.0          0.46513
1521.0          0.46505
1522.0          0.46496
1523.0          0.46487
1524.0          0.46479
1525.0          0.46471
1526.0          0.46463
1527.0          0.46455
1528.0          0.46448
1529.0          0.46440
1530.0          0.46433
1531.0          0.46426
1532.0          0.46419
1533.0          0.46412
1534.0          0.46406
1535.0          0.46399
1536.0          0.46393
1537.0          0.46387
1538.0          0.46381
1539.0          0.46376
1540.0          0.46370
1541.0          0.46365
1542.0          0.46359
1543.0          0.46354
1544.0          0.46349
1545.0          0.46345
1546.0          0.46340
1547.0          0.46336
1548.0          0.46331
1549.0          0.46327
1550.0          0.46323
1551.0          0.46319
1552.0          0.46316
1553.0          0.46312
1554.0          0.46309
1555.0          0.46305
1556.0          0.46302
1557.0          0.46299
1558.0          0.46297
1559.0          0.46294
1560.0          0.46291
1561.0          0.46289
1562.0          0.46287
1563.0          0.46285
1564.0          0.46283
1565.0          0.46281
1566.0          0.46279
1567.0          0.46278
1568.0          0.46276
1569.0          0.46275
1570.0          0.46274
1571.0          0.46273
1572.0          0.46272
1573.0          0.46271
1574.0          0.46271
1575.0          0.46270
1576.0          0.46270
1577.0          0.46270
1578.0          0.46269
1579.0          0.46269
1580.0          0.46270
1581.0          0.46270
1582.0          0.46270
1583.0          0.46271
1584.0          0.46271
1585.0          0.46272
1586.0          0.46273
1587.0          0.46274
1588.0          0.46275
1589.0          0.46276
1590.0          0.46278
1591.0          0.46279
1592.0          0.46281
1593.0          0.46282
1594.0          0.46284
1595.0          0.46286
1596.0          0.46288
1597.0          0.46290
1598.0          0.46293
1599.0          0.46295
1600.0          0.46297
1601.0          0.46300
1602.0          0.46303
1603.0          0.46306
1604.0          0.46308
1605.0          0.46311
1606.0          0.46315
1607.0          0.46318
1608.0          0.46321
1609.0          0.46325
1610.0          0.46328
1611.0          0.46332
1612.0          0.46335
1613.0          0.46339
1614.0          0.46343
1615.0          0.46347
1616.0          0.46351
1617.0          0.46356
1618.0          0.46360
1619.0          0.46364
1620.0          0.46369
1621.0          0.46373
1622.0          0.46378
1623.0          0.46383
1624.0          0.46388
1625.0          0.46393
1626.0          0.46398
1627.0          0.46403
1628.0          0.46408
1629.0          0.46414
1630.0          0.46419
1631.0          0.46425
1632.0          0.46430
1633.0          0.46436
1634.0          0.46442
1635.0          0.46448
1636.0          0.46454
1637.0          0.46460
1638.0          0.46466
1639.0          0.46472
1640.0          0.46478
1641.0          0.46485
1642.0          0.46491
1643.0          0.46498
1644.0          0.46504
1645.0          0.46511
1646.0          0.46518
1647.0          0.46525
1648.0          0.46532
1649.0          0.46539
1650.0          0.46546
1400.0          1.0000
1401.0          1.0000
1402.0          1.0000
1403.0          1.0000
1404.0          1.0000
1405.0          1.0000
1406.0          1.0000
1407.0          1.0000
1408.0          1.0000
1409.0          1.0000
1410.0          1.0000
1411.0          1.0000
1412.0          1.0000
1413.0          1.0000
1414.0          1.0000
1415.0          1.0000
1416.0          1.0000
1417.0          1.0000
1418.0          1.0000
1419.0          1.0000
1420.0          1.0000
1421.0          1.0000
1422.0          1.0000
1423.0          1.0000
1424.0          1.0000
1425.0          1.0000
1426.0          1.0000
1427.0          1.0000
1428.0          1.0000
1429.0          1.0000
1430.0          1.0000
1431.0          1.0000
1432.0          1.0000
1433.0          1.0000
1434.0          1.0000
1435.0          1.0000
1436.0          1.0000
1437.0          1.0000
1438.0          1.0000
1439.0          1.0000
1440.0          1.0000
1441.0          1.0000
1442.0          1.0000
1443.0          1.0000
1444.0          1.0000
1445.0          1.0000
1446.0          1.0000
1447.0          1.0000
1448.0          1.0000
1449.0          1.0000
1450.0          1.0000
1451.0          1.0000
1452.0          1.0000
1453.0          1.0000
1454.0          1.0000
1455.0          1.0000
1456.0          1.0000
1457.0          1.0000
1458.0          1.0000
1459.0          1.0000
1460.0          1.0000
1461.0          1.0000
1462.0          1.0000
1463.0          1.0000
1464.0          1.0000
1465.0          1.0000
1466.0          1.0000
1467.0          1.0000
1468.0          1.0000
1469.0          1.0000
1470.0          1.0000
1471.0          1.0000
1472.0          1.0000
1473.0          1.0000
1474.0          1.0000
1475.0          1.0000
1476.0          1.0000
1477.0          1.0000
1478.0          1.0000
1479.0          1.0000
1480.0          1.0000
1481.0          1.0000
1482.0          1.0000
1483.0          1.0000
1484.0          1.0000
1485.0          1.0000
1486.0          1.0000
1487.0          1.0000
1488.0          1.0000
1489.0          1.0000
1490.0          1.0000
1491.0          1.0000
1492.0          1.0000
1493.0          1.0000
1494.0          1.0000
1495.0          1.0000
1496.0          1.0000
1497.0          1.0000
1498.0          1.0000
1499.0          1.0000
1500.0          1.0000
1501.0          1.0000
1502.0          1.0000
1503.0          1.0000
1504.0          1.0000
1505.0          1.0000
1506.0          1.0000
1507.0          1.0000
1508.0          1.0000
1509.0          1.0000
1510.0          1.0000
1511.0          1.0000
1512.0          1.0000
1513.0          1.0000
1514.0          1.0000
1515.0          1.0000
1516.0          1.0000
1517.0          1.0000
1518.0          1.0000
1519.0          1.0000
1520.0          1.0000
1521.0          1.0000
1522.0          1.0000
1523.0          1.0000
1524.0          1.0000
1525.0          1.0000
1526.0          1.0000
1527.0          1.0000
1528.0          1.0000
1529.0          1.0000
1530.0          1.0000
1531.0          1.0000
1532.0          1.0000
1533.0          1.0000
1534.0          1.0000
1535.0          1.0000
1536.0          1.0000
1537.0          1.0000
1538.0          1.0000
1539.0          1.0000
1540.0          1.0000
1541.0          1.0000
1542.0          1.0000
1543.0          1.0000
1544.0          1.0000
1545.0          1.0000
1546.0          1.0000
1547.0          1.0000
1548.0          1.0000
1549.0          1.0000
1550.0          1.0000
1551.0          1.0000
1552.0          1.0000
1553.0          1.0000
1554.0          1.0000
1555.0          1.0000
1556.0          1.0000
1557.0          1.0000
1558.0          1.0000
1559.0          1.0000
1560.0          1.0000
1561.0          1.0000
1562.0          1.0000
1563.0          1.0000
1564.0          1.0000
1565.0          1.0000
1566.0          1.0000
1567.0          1.0000
1568.0          1.0000
1569.0          1.0000
1570.0          1.0000
1571.0          1.0000
1572.0          1.0000
1573.0          1.0000
1574.0          1.0000
1575.0          1.0000
1576.0          1.0000
1577.0          1.0000
1578.0          1.0000
1579.0          1.0000
1580.0          1.0000
1581.0          1.0000
1582.0          1.0000
1583.0          1.0000
1584.0          1.0000
1585.0          1.0000
1586.0          1.0000
1587.0          1.0000
1588.0          1.0000
1589.0          1.0000
1590.0          1.0000
1591.0          1.0000
1592.0          1.0000
1593.0          1.0000
1594.0          1.0000
1595.0          1.0000
1596.0          1.0000
1597.0          1.0000
1598.0          1.0000
1599.0          1.0000
1600.0          1.0000
1601.0          1.0000
1602.0          1.0000
1603.0          1.0000
1604.0          1.0000
1605.0          1.0000
1606.0          1.0000
1607.0          1.0000
1608.0          1.0000
1609.0          1.0000
1610.0          1.0000
1611.0          1.0000
1612.0          1.0000
1613.0          1.0000
1614.0          1.0000
1615.0          1.0000
1616.0          1.0000
1617.0          1.0000
1618.0          1.0000
1619.0          1.0000
1620.0          1.0000
1621.0          1.0000
1622.0          1.0000
1623.0          1.0000
1624.0          1.0000
1625.0          1.0000
1626.0          1.0000
1627.0          1.0000
1628.0          1.0000
1629.0          1.0000
1630.0          1.0000
1631.0          1.0000
1632.0          1.0000
1633.0          1.0000
1634.0          1.0000
1635.0          1.0000
1636.0          1.0000
1637.0          1.0000
1638.0          1.0000
1639.0          1.0000
1640.0          1.0000
1641.0          1.0000
1642.0          1.0000
1643.0          1.0000
1644.0          1.0000
1645.0          1.0000
1646.0          1.0000
1647.0          1.0000
1648.0          1.0000
1649.0          1.0000
1650.0          1.0000
1400.0          6.6613E-16
1401.0          1.1102E-15
1402.0          -4.6629E-15
1403.0          -2.8866E-15
1404.0          -6.6613E-16
1405.0          0.0000
1406.0          1.3323E-15
1407.0          -2.6645E-15
1408.0          1.7764E-15
1409.0          -1.7764E-15
1410.0          1.1102E-15
1411.0          -4.4409E-16
1412.0          2.2204E-16
1413.0          -4.4409E-16
1414.0          -1.1102E-15
1415.0          -3.9968E-15
1416.0          -1.3323E-15
1417.0          2.4425E-15
1418.0          -8.8818E-16
1419.0          -1.3323E-15
1420.0          1.7764E-15
1421.0          4.4409E-16
1422.0          2.1094E-15
1423.0          1.5543E-15
1424.0          8.8818E-16
1425.0          9.9920E-16
1426.0          -2.6645E-15
1427.0          -8.8818E-16
1428.0          1.1102E-16
1429.0          -2.4425E-15
1430.0          2.2204E-15
1431.0          1.1102E-15
1432.0          4.4409E-16
1433.0          -6.6613E-16
1434.0          2.8866E-15
1435.0          -8.8818E-16
1436.0          -1.3323E-15
1437.0          2.5535E-15
1438.0          -1.1102E-15
1439.0          -4.4409E-16
1440.0          6.6613E-16
1441.0          5.5511E-16
1442.0          1.1102E-16
1443.0          3.6637E-15
1444.0          -2.2204E-16
1445.0          -1.1102E-15
1446.0          0.0000
1447.0          1.1102E-15
1448.0          0.0000
1449.0          2.6645E-15
1450.0          -2.6645E-15
1451.0          4.4409E-16
1452.0          1.1102E-15
1453.0          2.8866E-15
1454.0          3.5527E-15
1455.0          1.1102E-15
1456.0          1.4433E-15
1457.0          2.2204E-16
1458.0          4.4409E-16
1459.0          2.2204E-15
1460.0          8.8818E-16
1461.0          -6.6613E-16
1462.0          0.0000
1463.0          0.0000
1464.0          2.2204E-16
1465.0          -1.3323E-15
1466.0          -2.6645E-15
1467.0          -8.8818E-16
1468.0          7.7716E-16
1469.0          4.4409E-16
1470.0          1.3323E-15
1471.0          -2.6645E-15
1472.0          1.1102E-15
1473.0          -1.9984E-15
1474.0          -2.2204E-15
1475.0          2.6645E-15
1476.0          -2.2204E-16
1477.0          2.2204E-15
1478.0          -1.7764E-15
1479.0          -2.2204E-16
1480.0          -4.4409E-16
1481.0          8.8818E-16
1482.0          8.8818E-16
1483.0          9.9920E-16
1484.0          7.7716E-16
1485.0          8.8818E-16
1486.0          2.3315E-15
1487.0          -3.5527E-15
1488.0          8.8818E-16
1489.0          2.2204E-16
1490.0          0.0000
1491.0          1.7764E-15
1492.0          -1.5543E-15
1493.0          -1.3323E-15
1494.0          -6.6613E-16
1495.0          5.5511E-16
1496.0          -1.7764E-15
1497.0          -2.2204E-16
1498.0          -8.8818E-16
1499.0          4.4409E-16
1500.0          6.6613E-16
1501.0          3.3307E-16
1502.0          8.8818E-16
1503.0          1.5543E-15
1504.0          2.2204E-15
1505.0          2.4425E-15
1506.0          6.6613E-16
1507.0          3.5527E-15
1508.0          -1.1102E-15
1509.0          1.9984E-15
1510.0          3.7748E-15
1511.0          1.4433E-15
1512.0          8.8818E-16
1513.0          -4.4409E-16
1514.0          -4.4409E-16
1515.0          0.0000
1516.0          1.3323E-15
1517.0          -1.9984E-15
1518.0          -1.1102E-15
1519.0          1.4433E-15
1520.0          -2.2204E-16
1521.0          -2.2204E-16
1522.0          3.3307E-16
1523.0          -1.7764E-15
1524.0          1.7764E-15
1525.0          7.7716E-16
1526.0          1.2212E-15
1527.0          -6.6613E-16
1528.0          -2.2204E-16
1529.0          -6.6613E-16
1530.0          -1.1102E-15
1531.0          -1.1102E-15
1532.0          -2.2204E-16
1533.0          1.3323E-15
1534.0          7.7716E-16
1535.0          -6.6613E-16
1536.0          4.4409E-16
1537.0          1.5543E-15
1538.0          1.5543E-15
1539.0          -1.7764E-15
1540.0          -2.4425E-15
1541.0          6.6613E-16
1542.0          -2.2204E-16
1543.0          -1.3323E-15
1544.0          1.7764E-15
1545.0          -2.2204E-15
1546.0          6.6613E-16
1547.0          2.8866E-15
1548.0          3.5527E-15
1549.0          3.2196E-15
1550.0          -8.8818E-16
1551.0          2.2204E-15
1552.0          -6.6613E-16
1553.0          2.8866E-15
1554.0          -1.3323E-15
1555.0          -2.2204E-15
1556.0          1.9984E-15
1557.0          2.2204E-16
1558.0          0.0000
1559.0          -6.6613E-16
1560.0          1.1102E-15
1561.0          -1.1102E-15
1562.0          1.9984E-15
1563.0          -1.3323E-15
1564.0          -2.4425E-15
1565.0          -1.3323E-15
1566.0          -2.2204E-16
1567.0          6.6613E-16
1568.0          -2.6645E-15
1569.0          -2.2204E-15
1570.0          4.4409E-16
1571.0          -3.5527E-15
1572.0          2.4425E-15
1573.0          -1.3323E-15
1574.0          -1.7764E-15
1575.0          1.4433E-15
1576.0          1.1102E-15
1577.0          3.3307E-16
1578.0          2.2204E-15
1579.0          5.1070E-15
1580.0          -4.4409E-16
1581.0          3.7748E-15
1582.0          1.9984E-15
1583.0          -3.1086E-15
1584.0          -2.6645E-15
1585.0          3.7748E-15
1586.0          1.1102E-16
1587.0          1.1102E-16
1588.0          1.1102E-16
1589.0          7.7716E-16
1590.0          -6.6613E-16
1591.0          1.7764E-15
1592.0          1.1102E-16
1593.0          -4.4409E-15
1594.0          2.6645E-15
1595.0          4.4409E-16
1596.0          1.5543E-15
1597.0          -5.5511E-15
1598.0          -2.2204E-16
1599.0          2.4425E-15
1600.0          0.0000
1601.0          -2.2204E-15
1602.0          9.9920E-16
1603.0          -6.6613E-16
1604.0          4.4409E-16
1605.0          -6.6613E-16
1606.0          1.2212E-15
1607.0          4.8850E-15
1608.0          -4.4409E-16
1609.0          1.1102E-15
1610.0          -4.4409E-16
1611.0          -6.6613E-16
1612.0          0.0000
1613.0          1.6653E-15
1614.0          -1.3323E-15
1615.0          2.3315E-15
1616.0          7.7716E-16
1617.0          2.9976E-15
1618.0          6.6613E-16
1619.0          2.2204E-16
1620.0          -1.9984E-15
1621.0          1.3323E-15
1622.0          -6.6613E-16
1623.0          -1.1102E-15
1624.0          0.0000
1625.0          -2.6645E-15
1626.0          8.8818E-16
1627.0          5.1070E-15
1628.0          4.4409E-16
1629.0          2.2204E-16
1630.0          1.2212E-15
1631.0          2.8866E-15
1632.0          -1.5543E-15
1633.0          1.6653E-15
1634.0          -3.1086E-15
1635.0          4.8850E-15
1636.0          1.7764E-15
1637.0          4.5519E-15
1638.0          8.8818E-16
1639.0          -6.6613E-16
1640.0          -1.5543E-15
1641.0          -1.7764E-15
1642.0          8.8818E-16
1643.0          0.0000
1644.0          -8.8818E-16
1645.0          -6.6613E-16
1646.0          1.1102E-15
1647.0          4.3299E-15
1648.0          5.5511E-15
1649.0          0.0000
1650.0          1.5543E-15
