1400.0          0.036109
1401.0          0.036322
1402.0          0.036544
1403.0          0.036776
1404.0          0.037017
1405.0          0.037267
1406.0          0.037527
1407.0          0.037796
1408.0          0.038075
1409.0          0.038363
1410.0          0.038660
1411.0          0.038968
1412.0          0.039284
1413.0          0.039611
1414.0          0.039947
1415.0          0.040292
1416.0          0.040648
1417.0          0.041013
1418.0          0.041388
1419.0          0.041773
1420.0          0.042168
1421.0          0.042573
1422.0          0.042987
1423.0          0.043412
1424.0          0.043846
1425.0          0.044290
1426.0          0.044743
1427.0          0.045207
1428.0          0.045680
1429.0          0.046163
1430.0          0.046655
1431.0          0.047157
1432.0          0.047669
1433.0          0.048190
1434.0          0.048720
1435.0          0.049260
1436.0          0.049809
1437.0          0.050368
1438.0          0.050936
1439.0          0.051513
1440.0          0.052098
1441.0          0.052693
1442.0          0.053297
1443.0          0.053910
1444.0          0.054532
1445.0          0.055162
1446.0          0.055801
1447.0          0.056449
1448.0          0.057105
1449.0          0.057770
1450.0          0.058443
1451.0          0.059124
1452.0          0.059813
1453.0          0.060511
1454.0          0.061217
1455.0          0.061930
1456.0          0.062652
1457.0          0.063381
1458.0          0.064118
1459.0          0.064863
1460.0          0.065615
1461.0          0.066374
1462.0          0.067141
1463.0          0.067916
1464.0          0.068697
1465.0          0.069486
1466.0          0.070281
1467.0          0.071084
1468.0          0.071893
1469.0          0.072709
1470.0          0.073532
1471.0          0.074362
1472.0          0.075198
1473.0          0.076040
1474.0          0.076889
1475.0          0.077744
1476.0          0.078605
1477.0          0.079472
1478.0          0.080345
1479.0          0.081224
1480.0          0.082109
1481.0          0.083000
1482.0          0.083896
1483.0          0.084798
1484.0          0.085705
1485.0          0.086618
1486.0          0.087536
1487.0          0.088459
1488.0          0.089388
1489.0          0.090321
1490.0          0.091260
1491.0          0.092203
1492.0          0.093151
1493.0          0.094104
1494.0          0.095061
1495.0          0.096024
1496.0          0.096990
1497.0          0.097961
1498.0          0.098936
1499.0          0.099916
1500.0          0.10090
1501.0          0.10189
1502.0          0.10288
1503.0          0.10387
1504.0          0.10487
1505.0          0.10588
1506.0          0.10688
1507.0          0.10789
1508.0          0.10891
1509.0          0.10993
1510.0          0.11095
1511.0          0.11197
1512.0          0.11300
1513.0          0.11403
1514.0          0.11506
1515.0          0.11610
1516.0          0.11714
1517.0          0.11818
1518.0          0.11923
1519.0          0.12027
1520.0          0.12133
1521.0          0.12238
1522.0          0.12343
1523.0          0.12449
1524.0          0.12555
1525.0          0.12662
1526.0          0.12768
1527.0          0.12875
1528.0          0.12982
1529.0          0.13089
1530.0          0.13196
1531.0          0.13304
1532.0          0.13412
1533.0          0.13519
1534.0          0.13628
1535.0          0.13736
1536.0          0.13844
1537.0          0.13953
1538.0          0.14062
1539.0          0.14170
1540.0          0.14279
1541.0          0.14389
1542.0          0.14498
1543.0          0.14607
1544.0          0.14717
1545.0          0.14826
1546.0          0.14936
1547.0          0.15046
1548.0          0.15156
1549.0          0.15266
1550.0          0.15376
1551.0          0.15486
1552.0          0.15596
1553.0          0.15707
1554.0          0.15817
1555.0          0.15927
1556.0          0.16038
1557.0          0.16148
1558.0          0.16259
1559.0          0.16369
1560.0          0.16480
1561.0          0.16591
1562.0          0.16701
1563.0          0.16812
1564.0          0.16923
1565.0          0.17033
1566.0          0.17144
1567.0          0.17255
1568.0          0.17366
1569.0          0.17476
1570.0          0.17587
1571.0          0.17698
1572.0          0.17808
1573.0          0.17919
1574.0          0.18030
1575.0          0.18140
1576.0          0.18251
1577.0          0.18361
1578.0          0.18472
1579.0          0.18582
1580.0          0.18693
1581.0          0.18803
1582.0          0.18913
1583.0          0.19023
1584.0          0.19134
1585.0          0.19244
1586.0          0.19354
1587.0          0.19464
1588.0          0.19573
1589.0          0.19683
1590.0          0.19793
1591.0          0.19902
1592.0          0.20012
1593.0          0.20121
1594.0          0.20231
1595.0          0.20340
1596.0          0.20449
1597.0          0.20558
1598.0          0.20667
1599.0          0.20776
1600.0          0.20884
1601.0          0.20993
1602.0          0.21101
1603.0          0.21209
1604.0          0.21318
1605.0          0.21426
1606.0          0.21534
1607.0          0.21641
1608.0          0.21749
1609.0          0.21856
1610.0          0.21964
1611.0          0.22071
1612.0          0.22178
1613.0          0.22285
1614.0          0.22392
1615.0          0.22499
1616.0          0.22605
1617.0          0.22711
1618.0          0.22817
1619.0          0.22923
1620.0          0.23029
1621.0          0.23135
1622.0          0.23241
1623.0          0.23346
1624.0          0.23451
1625.0          0.23556
1626.0          0.23661
1627.0          0.23766
1628.0          0.23870
1629.0          0.23974
1630.0          0.24078
1631.0          0.24182
1632.0          0.24286
1633.0          0.24390
1634.0          0.24493
1635.0          0.24596
1636.0          0.24699
1637.0          0.24802
1638.0          0.24905
1639.0          0.25007
1640.0          0.25109
1641.0          0.25211
1642.0          0.25313
1643.0          0.25415
1644.0          0.25516
1645.0          0.25618
1646.0          0.25719
1647.0          0.25819
1648.0          0.25920
1649.0          0.26020
1650.0          0.26121
1400.0          0.96389
1401.0          0.96368
1402.0          0.96346
1403.0          0.96322
1404.0          0.96298
1405.0          0.96273
1406.0          0.96247
1407.0          0.96220
1408.0          0.96193
1409.0          0.96164
1410.0          0.96134
1411.0          0.96103
1412.0          0.96072
1413.0          0.96039
1414.0          0.96005
1415.0          0.95971
1416.0          0.95935
1417.0          0.95899
1418.0          0.95861
1419.0          0.95823
1420.0          0.95783
1421.0          0.95743
1422.0          0.95701
1423.0          0.95659
1424.0          0.95615
1425.0          0.95571
1426.0          0.95526
1427.0          0.95479
1428.0          0.95432
1429.0          0.95384
1430.0          0.95334
1431.0          0.95284
1432.0          0.95233
1433.0          0.95181
1434.0          0.95128
1435.0          0.95074
1436.0          0.95019
1437.0          0.94963
1438.0          0.94906
1439.0          0.94849
1440.0          0.94790
1441.0          0.94731
1442.0          0.94670
1443.0          0.94609
1444.0          0.94547
1445.0          0.94484
1446.0          0.94420
1447.0          0.94355
1448.0          0.94289
1449.0          0.94223
1450.0          0.94156
1451.0          0.94088
1452.0          0.94019
1453.0          0.93949
1454.0          0.93878
1455.0          0.93807
1456.0          0.93735
1457.0          0.93662
1458.0          0.93588
1459.0          0.93514
1460.0          0.93439
1461.0          0.93363
1462.0          0.93286
1463.0          0.93208
1464.0          0.93130
1465.0          0.93051
1466.0          0.92972
1467.0          0.92892
1468.0          0.92811
1469.0          0.92729
1470.0          0.92647
1471.0          0.92564
1472.0          0.92480
1473.0          0.92396
1474.0          0.92311
1475.0          0.92226
1476.0          0.92140
1477.0          0.92053
1478.0          0.91965
1479.0          0.91878
1480.0          0.91789
1481.0          0.91700
1482.0          0.91610
1483.0          0.91520
1484.0          0.91429
1485.0          0.91338
1486.0          0.91246
1487.0          0.91154
1488.0          0.91061
1489.0          0.90968
1490.0          0.90874
1491.0          0.90780
1492.0          0.90685
1493.0          0.90590
1494.0          0.90494
1495.0          0.90398
1496.0          0.90301
1497.0          0.90204
1498.0          0.90106
1499.0          0.90008
1500.0          0.89910
1501.0          0.89811
1502.0          0.89712
1503.0          0.89613
1504.0          0.89513
1505.0          0.89412
1506.0          0.89312
1507.0          0.89211
1508.0          0.89109
1509.0          0.89007
1510.0          0.88905
1511.0          0.88803
1512.0          0.88700
1513.0          0.88597
1514.0          0.88494
1515.0          0.88390
1516.0          0.88286
1517.0          0.88182
1518.0          0.88077
1519.0          0.87973
1520.0          0.87867
1521.0          0.87762
1522.0          0.87657
1523.0          0.87551
1524.0          0.87445
1525.0          0.87338
1526.0          0.87232
1527.0          0.87125
1528.0          0.87018
1529.0          0.86911
1530.0          0.86804
1531.0          0.86696
1532.0          0.86588
1533.0          0.86481
1534.0          0.86372
1535.0          0.86264
1536.0          0.86156
1537.0          0.86047
1538.0          0.85938
1539.0          0.85830
1540.0          0.85721
1541.0          0.85611
1542.0          0.85502
1543.0          0.85393
1544.0          0.85283
1545.0          0.85174
1546.0          0.85064
1547.0          0.84954
1548.0          0.84844
1549.0          0.84734
1550.0          0.84624
1551.0          0.84514
1552.0          0.84404
1553.0          0.84293
1554.0          0.84183
1555.0          0.84073
1556.0          0.83962
1557.0          0.83852
1558.0          0.83741
1559.0          0.83631
1560.0          0.83520
1561.0          0.83409
1562.0          0.83299
1563.0          0.83188
1564.0          0.83077
1565.0          0.82967
1566.0          0.82856
1567.0          0.82745
1568.0          0.82634
1569.0          0.82524
1570.0          0.82413
1571.0          0.82302
1572.0          0.82192
1573.0          0.82081
1574.0          0.81970
1575.0          0.81860
1576.0          0.81749
1577.0          0.81639
1578.0          0.81528
1579.0          0.81418
1580.0          0.81307
1581.0          0.81197
1582.0          0.81087
1583.0          0.80977
1584.0          0.80866
1585.0          0.80756
1586.0          0.80646
1587.0          0.80536
1588.0          0.80427
1589.0          0.80317
1590.0          0.80207
1591.0          0.80098
1592.0          0.79988
1593.0          0.79879
1594.0          0.79769
1595.0          0.79660
1596.0          0.79551
1597.0          0.79442
1598.0          0.79333
1599.0          0.79224
1600.0          0.79116
1601.0          0.79007
1602.0          0.78899
1603.0          0.78791
1604.0          0.78682
1605.0          0.78574
1606.0          0.78466
1607.0          0.78359
1608.0          0.78251
1609.0          0.78144
1610.0          0.78036
1611.0          0.77929
1612.0          0.77822
1613.0          0.77715
1614.0          0.77608
1615.0          0.77501
1616.0          0.77395
1617.0          0.77289
1618.0          0.77183
1619.0          0.77077
1620.0          0.76971
1621.0          0.76865
1622.0          0.76759
1623.0          0.76654
1624.0          0.76549
1625.0          0.76444
1626.0          0.76339
1627.0          0.76234
1628.0          0.76130
1629.0          0.76026
1630.0          0.75922
1631.0          0.75818
1632.0          0.75714
1633.0          0.75610
1634.0          0.75507
1635.0          0.75404
1636.0          0.75301
1637.0          0.75198
1638.0          0.75095
1639.0          0.74993
1640.0          0.74891
1641.0          0.74789
1642.0          0.74687
1643.0          0.74585
1644.0          0.74484
1645.0          0.74382
1646.0          0.74281
1647.0          0.74181
1648.0          0.74080
1649.0          0.73980
1650.0          0.73879
1400.0          1.0000
1401.0          1.0000
1402.0          1.0000
1403.0          1.0000
1404.0          1.0000
1405.0          1.0000
1406.0          1.0000
1407.0          1.0000
1408.0          1.0000
1409.0          1.0000
1410.0          1.0000
1411.0          1.0000
1412.0          1.0000
1413.0          1.0000
1414.0          1.0000
1415.0          1.0000
1416.0          1.0000
1417.0          1.0000
1418.0          1.0000
1419.0          1.0000
1420.0          1.0000
1421.0          1.0000
1422.0          1.0000
1423.0          1.0000
1424.0          1.0000
1425.0          1.0000
1426.0          1.0000
1427.0          1.0000
1428.0          1.0000
1429.0          1.0000
1430.0          1.0000
1431.0          1.0000
1432.0          1.0000
1433.0          1.0000
1434.0          1.0000
1435.0          1.0000
1436.0          1.0000
1437.0          1.0000
1438.0          1.0000
1439.0          1.0000
1440.0          1.0000
1441.0          1.0000
1442.0          1.0000
1443.0          1.0000
1444.0          1.0000
1445.0          1.0000
1446.0          1.0000
1447.0          1.0000
1448.0          1.0000
1449.0          1.0000
1450.0          1.0000
1451.0          1.0000
1452.0          1.0000
1453.0          1.0000
1454.0          1.0000
1455.0          1.0000
1456.0          1.0000
1457.0          1.0000
1458.0          1.0000
1459.0          1.0000
1460.0          1.0000
1461.0          1.0000
1462.0          1.0000
1463.0          1.0000
1464.0          1.0000
1465.0          1.0000
1466.0          1.0000
1467.0          1.0000
1468.0          1.0000
1469.0          1.0000
1470.0          1.0000
1471.0          1.0000
1472.0          1.0000
1473.0          1.0000
1474.0          1.0000
1475.0          1.0000
1476.0          1.0000
1477.0          1.0000
1478.0          1.0000
1479.0          1.0000
1480.0          1.0000
1481.0          1.0000
1482.0          1.0000
1483.0          1.0000
1484.0          1.0000
1485.0          1.0000
1486.0          1.0000
1487.0          1.0000
1488.0          1.0000
1489.0          1.0000
1490.0          1.0000
1491.0          1.0000
1492.0          1.0000
1493.0          1.0000
1494.0          1.0000
1495.0          1.0000
1496.0          1.0000
1497.0          1.0000
1498.0          1.0000
1499.0          1.0000
1500.0          1.0000
1501.0          1.0000
1502.0          1.0000
1503.0          1.0000
1504.0          1.0000
1505.0          1.0000
1506.0          1.0000
1507.0          1.0000
1508.0          1.0000
1509.0          1.0000
1510.0          1.0000
1511.0          1.0000
1512.0          1.0000
1513.0          1.0000
1514.0          1.0000
1515.0          1.0000
1516.0          1.0000
1517.0          1.0000
1518.0          1.0000
1519.0          1.0000
1520.0          1.0000
1521.0          1.0000
1522.0          1.0000
1523.0          1.0000
1524.0          1.0000
1525.0          1.0000
1526.0          1.0000
1527.0          1.0000
1528.0          1.0000
1529.0          1.0000
1530.0          1.0000
1531.0          1.0000
1532.0          1.0000
1533.0          1.0000
1534.0          1.0000
1535.0          1.0000
1536.0          1.0000
1537.0          1.0000
1538.0          1.0000
1539.0          1.0000
1540.0          1.0000
1541.0          1.0000
1542.0          1.0000
1543.0          1.0000
1544.0          1.0000
1545.0          1.0000
1546.0          1.0000
1547.0          1.0000
1548.0          1.0000
1549.0          1.0000
1550.0          1.0000
1551.0          1.0000
1552.0          1.0000
1553.0          1.0000
1554.0          1.0000
1555.0          1.0000
1556.0          1.0000
1557.0          1.0000
1558.0          1.0000
1559.0          1.0000
1560.0          1.0000
1561.0          1.0000
1562.0          1.0000
1563.0          1.0000
1564.0          1.0000
1565.0          1.0000
1566.0          1.0000
1567.0          1.0000
1568.0          1.0000
1569.0          1.0000
1570.0          1.0000
1571.0          1.0000
1572.0          1.0000
1573.0          1.0000
1574.0          1.0000
1575.0          1.0000
1576.0          1.0000
1577.0          1.0000
1578.0          1.0000
1579.0          1.0000
1580.0          1.0000
1581.0          1.0000
1582.0          1.0000
1583.0          1.0000
1584.0          1.0000
1585.0          1.0000
1586.0          1.0000
1587.0          1.0000
1588.0          1.0000
1589.0          1.0000
1590.0          1.0000
1591.0          1.0000
1592.0          1.0000
1593.0          1.0000
1594.0          1.0000
1595.0          1.0000
1596.0          1.0000
1597.0          1.0000
1598.0          1.0000
1599.0          1.0000
1600.0          1.0000
1601.0          1.0000
1602.0          1.0000
1603.0          1.0000
1604.0          1.0000
1605.0          1.0000
1606.0          1.0000
1607.0          1.0000
1608.0          1.0000
1609.0          1.0000
1610.0          1.0000
1611.0          1.0000
1612.0          1.0000
1613.0          1.0000
1614.0          1.0000
1615.0          1.0000
1616.0          1.0000
1617.0          1.0000
1618.0          1.0000
1619.0          1.0000
1620.0          1.0000
1621.0          1.0000
1622.0          1.0000
1623.0          1.0000
1624.0          1.0000
1625.0          1.0000
1626.0          1.0000
1627.0          1.0000
1628.0          1.0000
1629.0          1.0000
1630.0          1.0000
1631.0          1.0000
1632.0          1.0000
1633.0          1.0000
1634.0          1.0000
1635.0          1.0000
1636.0          1.0000
1637.0          1.0000
1638.0          1.0000
1639.0          1.0000
1640.0          1.0000
1641.0          1.0000
1642.0          1.0000
1643.0          1.0000
1644.0          1.0000
1645.0          1.0000
1646.0          1.0000
1647.0          1.0000
1648.0          1.0000
1649.0          1.0000
1650.0          1.0000
1400.0          3.3307E-16
1401.0          7.7716E-16
1402.0          -1.3323E-15
1403.0          -1.1102E-15
1404.0          -4.4409E-16
1405.0          7.7716E-16
1406.0          1.1102E-16
1407.0          1.8874E-15
1408.0          -4.4409E-16
1409.0          1.1102E-15
1410.0          -3.7748E-15
1411.0          1.7764E-15
1412.0          -3.9968E-15
1413.0          1.2212E-15
1414.0          -2.4425E-15
1415.0          -4.4409E-16
1416.0          -6.6613E-16
1417.0          3.3307E-15
1418.0          -2.2204E-16
1419.0          2.2204E-16
1420.0          -2.2204E-15
1421.0          -1.3323E-15
1422.0          -4.4409E-16
1423.0          -3.1086E-15
1424.0          4.4409E-16
1425.0          -2.2204E-16
1426.0          -1.5543E-15
1427.0          -4.4409E-16
1428.0          -4.4409E-16
1429.0          -2.4425E-15
1430.0          -8.8818E-16
1431.0          1.3323E-15
1432.0          -1.1102E-15
1433.0          -1.5543E-15
1434.0          -1.5543E-15
1435.0          -8.8818E-16
1436.0          9.9920E-16
1437.0          -4.4409E-16
1438.0          -1.5543E-15
1439.0          6.6613E-16
1440.0          -8.8818E-16
1441.0          -1.1102E-15
1442.0          -2.2204E-16
1443.0          -2.2204E-15
1444.0          1.1102E-15
1445.0          -8.8818E-16
1446.0          7.7716E-16
1447.0          -2.8866E-15
1448.0          2.1094E-15
1449.0          6.6613E-16
1450.0          5.5511E-16
1451.0          -1.5543E-15
1452.0          -2.8866E-15
1453.0          -2.4425E-15
1454.0          -2.6645E-15
1455.0          3.3307E-16
1456.0          2.8866E-15
1457.0          -4.4409E-16
1458.0          1.4433E-15
1459.0          8.8818E-16
1460.0          1.8874E-15
1461.0          -2.2204E-16
1462.0          1.4433E-15
1463.0          6.6613E-16
1464.0          -3.5527E-15
1465.0          -1.7764E-15
1466.0          2.5535E-15
1467.0          4.4409E-16
1468.0          1.2212E-15
1469.0          -1.3323E-15
1470.0          7.7716E-16
1471.0          -1.9984E-15
1472.0          -1.3323E-15
1473.0          -1.7764E-15
1474.0          -1.9984E-15
1475.0          2.7756E-15
1476.0          -2.2204E-16
1477.0          -1.1102E-15
1478.0          -2.2204E-15
1479.0          2.4425E-15
1480.0          1.7764E-15
1481.0          -1.7764E-15
1482.0          2.7756E-15
1483.0          3.2196E-15
1484.0          -4.4409E-16
1485.0          5.5511E-16
1486.0          -6.6613E-16
1487.0          1.9984E-15
1488.0          -2.2204E-15
1489.0          -8.8818E-16
1490.0          -2.2204E-16
1491.0          -2.4425E-15
1492.0          3.3307E-16
1493.0          -2.2204E-16
1494.0          0.0000
1495.0          8.8818E-16
1496.0          -1.1102E-15
1497.0          -2.2204E-16
1498.0          9.9920E-16
1499.0          5.5511E-16
1500.0          -1.5543E-15
1501.0          -4.2188E-15
1502.0          1.4433E-15
1503.0          4.8850E-15
1504.0          1.6653E-15
1505.0          3.8858E-15
1506.0          -2.8866E-15
1507.0          2.4425E-15
1508.0          -3.9968E-15
1509.0          -1.5543E-15
1510.0          -2.8866E-15
1511.0          2.8866E-15
1512.0          -3.5527E-15
1513.0          1.7764E-15
1514.0          -1.1102E-15
1515.0          -1.1102E-15
1516.0          0.0000
1517.0          -2.2204E-16
1518.0          -4.4409E-16
1519.0          2.1094E-15
1520.0          -2.0872E-14
1521.0          -1.0436E-14
1522.0          1.4433E-14
1523.0          -1.8652E-14
1524.0          3.1086E-15
1525.0          -1.7319E-14
1526.0          -8.8818E-15
1527.0          6.6613E-16
1528.0          -5.9952E-15
1529.0          -1.5543E-15
1530.0          -1.3323E-15
1531.0          1.1435E-14
1532.0          -1.7764E-15
1533.0          5.5511E-15
1534.0          3.5527E-15
1535.0          1.6653E-15
1536.0          -1.0436E-14
1537.0          1.9984E-15
1538.0          -4.8850E-15
1539.0          -5.7732E-15
1540.0          -8.8818E-16
1541.0          -1.1102E-15
1542.0          2.2204E-15
1543.0          6.6613E-16
1544.0          -2.2204E-16
1545.0          -6.6613E-16
1546.0          -4.4409E-16
1547.0          -2.4425E-15
1548.0          -1.5543E-15
1549.0          -2.2204E-16
1550.0          1.4433E-15
1551.0          2.2204E-16
1552.0          -2.4425E-15
1553.0          5.5511E-16
1554.0          3.8858E-15
1555.0          1.3323E-15
1556.0          -3.9968E-15
1557.0          -1.3323E-15
1558.0          -4.4409E-16
1559.0          2.7756E-15
1560.0          3.3307E-16
1561.0          4.4409E-15
1562.0          -4.4409E-16
1563.0          1.5543E-15
1564.0          -3.7748E-15
1565.0          -8.8818E-16
1566.0          4.4409E-15
1567.0          2.1094E-15
1568.0          -3.9968E-15
1569.0          -6.6613E-16
1570.0          -1.3323E-15
1571.0          3.3307E-15
1572.0          3.3307E-16
1573.0          -8.4377E-15
1574.0          9.9920E-16
1575.0          5.5511E-16
1576.0          1.9984E-15
1577.0          -1.5543E-15
1578.0          -4.4409E-16
1579.0          2.4425E-15
1580.0          -2.2204E-16
1581.0          1.5543E-15
1582.0          1.3323E-15
1583.0          5.5511E-16
1584.0          2.1094E-15
1585.0          3.9968E-15
1586.0          6.6613E-16
1587.0          -6.6613E-16
1588.0          -3.5527E-15
1589.0          -2.2204E-15
1590.0          0.0000
1591.0          -1.1102E-15
1592.0          -1.3323E-15
1593.0          1.3323E-15
1594.0          3.7748E-15
1595.0          -3.1086E-15
1596.0          -4.6629E-15
1597.0          -2.2204E-15
1598.0          5.5511E-16
1599.0          -3.3307E-15
1600.0          1.5543E-15
1601.0          -2.2204E-16
1602.0          -3.9968E-15
1603.0          -6.6613E-16
1604.0          4.1078E-15
1605.0          -4.4409E-16
1606.0          1.1102E-15
1607.0          -8.8818E-16
1608.0          1.1102E-15
1609.0          2.5535E-15
1610.0          -4.4409E-15
1611.0          -2.6645E-15
1612.0          2.8866E-15
1613.0          -1.9984E-15
1614.0          -1.5543E-15
1615.0          2.6645E-15
1616.0          3.4417E-15
1617.0          -8.8818E-16
1618.0          2.2204E-16
1619.0          3.3307E-16
1620.0          8.8818E-16
1621.0          -1.5543E-15
1622.0          3.7748E-15
1623.0          -8.8818E-16
1624.0          -2.2204E-16
1625.0          6.6613E-16
1626.0          -4.4409E-16
1627.0          -5.9952E-15
1628.0          2.7756E-15
1629.0          -1.7764E-15
1630.0          -1.3323E-15
1631.0          2.4425E-15
1632.0          1.8874E-15
1633.0          2.6645E-15
1634.0          1.5543E-15
1635.0          -1.5543E-15
1636.0          -4.4409E-16
1637.0          1.2212E-15
1638.0          2.5535E-15
1639.0          2.3315E-15
1640.0          -1.1102E-15
1641.0          -6.6613E-16
1642.0          0.0000
1643.0          5.3291E-15
1644.0          -3.9968E-15
1645.0          -2.2204E-15
1646.0          1.1102E-16
1647.0          -3.1086E-15
1648.0          -3.1086E-15
1649.0          2.8866E-15
1650.0          0.0000
