1400.0          0.41668
1401.0          0.41679
1402.0          0.41691
1403.0          0.41702
1404.0          0.41713
1405.0          0.41724
1406.0          0.41734
1407.0          0.41745
1408.0          0.41755
1409.0          0.41765
1410.0          0.41775
1411.0          0.41784
1412.0          0.41794
1413.0          0.41803
1414.0          0.41812
1415.0          0.41821
1416.0          0.41829
1417.0          0.41838
1418.0          0.41846
1419.0          0.41854
1420.0          0.41862
1421.0          0.41870
1422.0          0.41877
1423.0          0.41885
1424.0          0.41892
1425.0          0.41899
1426.0          0.41906
1427.0          0.41912
1428.0          0.41919
1429.0          0.41925
1430.0          0.41931
1431.0          0.41937
1432.0          0.41943
1433.0          0.41949
1434.0          0.41954
1435.0          0.41959
1436.0          0.41964
1437.0          0.41969
1438.0          0.41974
1439.0          0.41979
1440.0          0.41983
1441.0          0.41988
1442.0          0.41992
1443.0          0.41996
1444.0          0.42000
1445.0          0.42004
1446.0          0.42007
1447.0          0.42011
1448.0          0.42014
1449.0          0.42017
1450.0          0.42020
1451.0          0.42023
1452.0          0.42025
1453.0          0.42028
1454.0          0.42030
1455.0          0.42033
1456.0          0.42035
1457.0          0.42037
1458.0          0.42039
1459.0          0.42040
1460.0          0.42042
1461.0          0.42043
1462.0          0.42045
1463.0          0.42046
1464.0          0.42047
1465.0          0.42048
1466.0          0.42048
1467.0          0.42049
1468.0          0.42050
1469.0          0.42050
1470.0          0.42050
1471.0          0.42050
1472.0          0.42050
1473.0          0.42050
1474.0          0.42050
1475.0          0.42049
1476.0          0.42049
1477.0          0.42048
1478.0          0.42048
1479.0          0.42047
1480.0          0.42046
1481.0          0.42045
1482.0          0.42043
1483.0          0.42042
1484.0          0.42040
1485.0          0.42039
1486.0          0.42037
1487.0          0.42035
1488.0          0.42033
1489.0          0.42031
1490.0          0.42029
1491.0          0.42027
1492.0          0.42025
1493.0          0.42022
1494.0          0.42020
1495.0          0.42017
1496.0          0.42014
1497.0          0.42011
1498.0          0.42008
1499.0          0.42005
1500.0          0.42002
1501.0          0.41999
1502.0          0.41995
1503.0          0.41992
1504.0          0.41988
1505.0          0.41984
1506.0          0.41980
1507.0          0.41977
1508.0          0.41973
1509.0          0.41968
1510.0          0.41964
1511.0          0.41960
1512.0          0.41955
1513.0          0.41951
1514.0          0.41946
1515.0          0.41942
1516.0          0.41937
1517.0          0.41932
1518.0          0.41927
1519.0          0.41922
1520.0          0.41917
1521.0          0.41912
1522.0          0.41906
1523.0          0.41901
1524.0          0.41895
1525.0          0.41890
1526.0          0.41884
1527.0          0.41878
1528.0          0.41873
1529.0          0.41867
1530.0          0.41861
1531.0          0.41854
1532.0          0.41848
1533.0          0.41842
1534.0          0.41836
1535.0          0.41829
1536.0          0.41823
1537.0          0.41816
1538.0          0.41809
1539.0          0.41803
1540.0          0.41796
1541.0          0.41789
1542.0          0.41782
1543.0          0.41775
1544.0          0.41768
1545.0          0.41761
1546.0          0.41753
1547.0          0.41746
1548.0          0.41739
1549.0          0.41731
1550.0          0.41723
1551.0          0.41716
1552.0          0.41708
1553.0          0.41700
1554.0          0.41692
1555.0          0.41684
1556.0          0.41676
1557.0          0.41668
1558.0          0.41660
1559.0          0.41652
1560.0          0.41644
1561.0          0.41635
1562.0          0.41627
1563.0          0.41618
1564.0          0.41610
1565.0          0.41601
1566.0          0.41593
1567.0          0.41584
1568.0          0.41575
1569.0          0.41566
1570.0          0.41557
1571.0          0.41548
1572.0          0.41539
1573.0          0.41530
1574.0          0.41521
1575.0          0.41511
1576.0          0.41502
1577.0          0.41493
1578.0          0.41483
1579.0          0.41474
1580.0          0.41464
1581.0          0.41455
1582.0          0.41445
1583.0          0.41435
1584.0          0.41425
1585.0          0.41416
1586.0          0.41406
1587.0          0.41396
1588.0          0.41386
1589.0          0.41376
1590.0          0.41365
1591.0          0.41355
1592.0          0.41345
1593.0          0.41335
1594.0          0.41324
1595.0          0.41314
1596.0          0.41304
1597.0          0.41293
1598.0          0.41282
1599.0          0.41272
1600.0          0.41261
1601.0          0.41250
1602.0          0.41240
1603.0          0.41229
1604.0          0.41218
1605.0          0.41207
1606.0          0.41196
1607.0          0.41185
1608.0          0.41174
1609.0          0.41163
1610.0          0.41152
1611.0          0.41141
1612.0          0.41129
1613.0          0.41118
1614.0          0.41107
1615.0          0.41095
1616.0          0.41084
1617.0          0.41072
1618.0          0.41061
1619.0          0.41049
1620.0          0.41038
1621.0          0.41026
1622.0          0.41014
1623.0          0.41002
1624.0          0.40991
1625.0          0.40979
1626.0          0.40967
1627.0          0.40955
1628.0          0.40943
1629.0          0.40931
1630.0          0.40919
1631.0          0.40907
1632.0          0.40895
1633.0          0.40882
1634.0          0.40870
1635.0          0.40858
1636.0          0.40846
1637.0          0.40833
1638.0          0.40821
1639.0          0.40808
1640.0          0.40796
1641.0          0.40784
1642.0          0.40771
1643.0          0.40758
1644.0          0.40746
1645.0          0.40733
1646.0          0.40720
1647.0          0.40708
1648.0          0.40695
1649.0          0.40682
1650.0          0.40669
1400.0          0.58332
1401.0          0.58321
1402.0          0.58309
1403.0          0.58298
1404.0          0.58287
1405.0          0.58276
1406.0          0.58266
1407.0          0.58255
1408.0          0.58245
1409.0          0.58235
1410.0          0.58225
1411.0          0.58216
1412.0          0.58206
1413.0          0.58197
1414.0          0.58188
1415.0          0.58179
1416.0          0.58171
1417.0          0.58162
1418.0          0.58154
1419.0          0.58146
1420.0          0.58138
1421.0          0.58130
1422.0          0.58123
1423.0          0.58115
1424.0          0.58108
1425.0          0.58101
1426.0          0.58094
1427.0          0.58088
1428.0          0.58081
1429.0          0.58075
1430.0          0.58069
1431.0          0.58063
1432.0          0.58057
1433.0          0.58051
1434.0          0.58046
1435.0          0.58041
1436.0          0.58036
1437.0          0.58031
1438.0          0.58026
1439.0          0.58021
1440.0          0.58017
1441.0          0.58012
1442.0          0.58008
1443.0          0.58004
1444.0          0.58000
1445.0          0.57996
1446.0          0.57993
1447.0          0.57989
1448.0          0.57986
1449.0          0.57983
1450.0          0.57980
1451.0          0.57977
1452.0          0.57975
1453.0          0.57972
1454.0          0.57970
1455.0          0.57967
1456.0          0.57965
1457.0          0.57963
1458.0          0.57961
1459.0          0.57960
1460.0          0.57958
1461.0          0.57957
1462.0          0.57955
1463.0          0.57954
1464.0          0.57953
1465.0          0.57952
1466.0          0.57952
1467.0          0.57951
1468.0          0.57950
1469.0          0.57950
1470.0          0.57950
1471.0          0.57950
1472.0          0.57950
1473.0          0.57950
1474.0          0.57950
1475.0          0.57951
1476.0          0.57951
1477.0          0.57952
1478.0          0.57952
1479.0          0.57953
1480.0          0.57954
1481.0          0.57955
1482.0          0.57957
1483.0          0.57958
1484.0          0.57960
1485.0          0.57961
1486.0          0.57963
1487.0          0.57965
1488.0          0.57967
1489.0          0.57969
1490.0          0.57971
1491.0          0.57973
1492.0          0.57975
1493.0          0.57978
1494.0          0.57980
1495.0          0.57983
1496.0          0.57986
1497.0          0.57989
1498.0          0.57992
1499.0          0.57995
1500.0          0.57998
1501.0          0.58001
1502.0          0.58005
1503.0          0.58008
1504.0          0.58012
1505.0          0.58016
1506.0          0.58020
1507.0          0.58023
1508.0          0.58027
1509.0          0.58032
1510.0          0.58036
1511.0          0.58040
1512.0          0.58045
1513.0          0.58049
1514.0          0.58054
1515.0          0.58058
1516.0          0.58063
1517.0          0.58068
1518.0          0.58073
1519.0          0.58078
1520.0          0.58083
1521.0          0.58088
1522.0          0.58094
1523.0          0.58099
1524.0          0.58105
1525.0          0.58110
1526.0          0.58116
1527.0          0.58122
1528.0          0.58127
1529.0          0.58133
1530.0          0.58139
1531.0          0.58146
1532.0          0.58152
1533.0          0.58158
1534.0          0.58164
1535.0          0.58171
1536.0          0.58177
1537.0          0.58184
1538.0          0.58191
1539.0          0.58197
1540.0          0.58204
1541.0          0.58211
1542.0          0.58218
1543.0          0.58225
1544.0          0.58232
1545.0          0.58239
1546.0          0.58247
1547.0          0.58254
1548.0          0.58261
1549.0          0.58269
1550.0          0.58277
1551.0          0.58284
1552.0          0.58292
1553.0          0.58300
1554.0          0.58308
1555.0          0.58316
1556.0          0.58324
1557.0          0.58332
1558.0          0.58340
1559.0          0.58348
1560.0          0.58356
1561.0          0.58365
1562.0          0.58373
1563.0          0.58382
1564.0          0.58390
1565.0          0.58399
1566.0          0.58407
1567.0          0.58416
1568.0          0.58425
1569.0          0.58434
1570.0          0.58443
1571.0          0.58452
1572.0          0.58461
1573.0          0.58470
1574.0          0.58479
1575.0          0.58489
1576.0          0.58498
1577.0          0.58507
1578.0          0.58517
1579.0          0.58526
1580.0          0.58536
1581.0          0.58545
1582.0          0.58555
1583.0          0.58565
1584.0          0.58575
1585.0          0.58584
1586.0          0.58594
1587.0          0.58604
1588.0          0.58614
1589.0          0.58624
1590.0          0.58635
1591.0          0.58645
1592.0          0.58655
1593.0          0.58665
1594.0          0.58676
1595.0          0.58686
1596.0          0.58696
1597.0          0.58707
1598.0          0.58718
1599.0          0.58728
1600.0          0.58739
1601.0          0.58750
1602.0          0.58760
1603.0          0.58771
1604.0          0.58782
1605.0          0.58793
1606.0          0.58804
1607.0          0.58815
1608.0          0.58826
1609.0          0.58837
1610.0          0.58848
1611.0          0.58859
1612.0          0.58871
1613.0          0.58882
1614.0          0.58893
1615.0          0.58905
1616.0          0.58916
1617.0          0.58928
1618.0          0.58939
1619.0          0.58951
1620.0          0.58962
1621.0          0.58974
1622.0          0.58986
1623.0          0.58998
1624.0          0.59009
1625.0          0.59021
1626.0          0.59033
1627.0          0.59045
1628.0          0.59057
1629.0          0.59069
1630.0          0.59081
1631.0          0.59093
1632.0          0.59105
1633.0          0.59118
1634.0          0.59130
1635.0          0.59142
1636.0          0.59154
1637.0          0.59167
1638.0          0.59179
1639.0          0.59192
1640.0          0.59204
1641.0          0.59216
1642.0          0.59229
1643.0          0.59242
1644.0          0.59254
1645.0          0.59267
1646.0          0.59280
1647.0          0.59292
1648.0          0.59305
1649.0          0.59318
1650.0          0.59331
1400.0          1.0000
1401.0          1.0000
1402.0          1.0000
1403.0          1.0000
1404.0          1.0000
1405.0          1.0000
1406.0          1.0000
1407.0          1.0000
1408.0          1.0000
1409.0          1.0000
1410.0          1.0000
1411.0          1.0000
1412.0          1.0000
1413.0          1.0000
1414.0          1.0000
1415.0          1.0000
1416.0          1.0000
1417.0          1.0000
1418.0          1.0000
1419.0          1.0000
1420.0          1.0000
1421.0          1.0000
1422.0          1.0000
1423.0          1.0000
1424.0          1.0000
1425.0          1.0000
1426.0          1.0000
1427.0          1.0000
1428.0          1.0000
1429.0          1.0000
1430.0          1.0000
1431.0          1.0000
1432.0          1.0000
1433.0          1.0000
1434.0          1.0000
1435.0          1.0000
1436.0          1.0000
1437.0          1.0000
1438.0          1.0000
1439.0          1.0000
1440.0          1.0000
1441.0          1.0000
1442.0          1.0000
1443.0          1.0000
1444.0          1.0000
1445.0          1.0000
1446.0          1.0000
1447.0          1.0000
1448.0          1.0000
1449.0          1.0000
1450.0          1.0000
1451.0          1.0000
1452.0          1.0000
1453.0          1.0000
1454.0          1.0000
1455.0          1.0000
1456.0          1.0000
1457.0          1.0000
1458.0          1.0000
1459.0          1.0000
1460.0          1.0000
1461.0          1.0000
1462.0          1.0000
1463.0          1.0000
1464.0          1.0000
1465.0          1.0000
1466.0          1.0000
1467.0          1.0000
1468.0          1.0000
1469.0          1.0000
1470.0          1.0000
1471.0          1.0000
1472.0          1.0000
1473.0          1.0000
1474.0          1.0000
1475.0          1.0000
1476.0          1.0000
1477.0          1.0000
1478.0          1.0000
1479.0          1.0000
1480.0          1.0000
1481.0          1.0000
1482.0          1.0000
1483.0          1.0000
1484.0          1.0000
1485.0          1.0000
1486.0          1.0000
1487.0          1.0000
1488.0          1.0000
1489.0          1.0000
1490.0          1.0000
1491.0          1.0000
1492.0          1.0000
1493.0          1.0000
1494.0          1.0000
1495.0          1.0000
1496.0          1.0000
1497.0          1.0000
1498.0          1.0000
1499.0          1.0000
1500.0          1.0000
1501.0          1.0000
1502.0          1.0000
1503.0          1.0000
1504.0          1.0000
1505.0          1.0000
1506.0          1.0000
1507.0          1.0000
1508.0          1.0000
1509.0          1.0000
1510.0          1.0000
1511.0          1.0000
1512.0          1.0000
1513.0          1.0000
1514.0          1.0000
1515.0          1.0000
1516.0          1.0000
1517.0          1.0000
1518.0          1.0000
1519.0          1.0000
1520.0          1.0000
1521.0          1.0000
1522.0          1.0000
1523.0          1.0000
1524.0          1.0000
1525.0          1.0000
1526.0          1.0000
1527.0          1.0000
1528.0          1.0000
1529.0          1.0000
1530.0          1.0000
1531.0          1.0000
1532.0          1.0000
1533.0          1.0000
1534.0          1.0000
1535.0          1.0000
1536.0          1.0000
1537.0          1.0000
1538.0          1.0000
1539.0          1.0000
1540.0          1.0000
1541.0          1.0000
1542.0          1.0000
1543.0          1.0000
1544.0          1.0000
1545.0          1.0000
1546.0          1.0000
1547.0          1.0000
1548.0          1.0000
1549.0          1.0000
1550.0          1.0000
1551.0          1.0000
1552.0          1.0000
1553.0          1.0000
1554.0          1.0000
1555.0          1.0000
1556.0          1.0000
1557.0          1.0000
1558.0          1.0000
1559.0          1.0000
1560.0          1.0000
1561.0          1.0000
1562.0          1.0000
1563.0          1.0000
1564.0          1.0000
1565.0          1.0000
1566.0          1.0000
1567.0          1.0000
1568.0          1.0000
1569.0          1.0000
1570.0          1.0000
1571.0          1.0000
1572.0          1.0000
1573.0          1.0000
1574.0          1.0000
1575.0          1.0000
1576.0          1.0000
1577.0          1.0000
1578.0          1.0000
1579.0          1.0000
1580.0          1.0000
1581.0          1.0000
1582.0          1.0000
1583.0          1.0000
1584.0          1.0000
1585.0          1.0000
1586.0          1.0000
1587.0          1.0000
1588.0          1.0000
1589.0          1.0000
1590.0          1.0000
1591.0          1.0000
1592.0          1.0000
1593.0          1.0000
1594.0          1.0000
1595.0          1.0000
1596.0          1.0000
1597.0          1.0000
1598.0          1.0000
1599.0          1.0000
1600.0          1.0000
1601.0          1.0000
1602.0          1.0000
1603.0          1.0000
1604.0          1.0000
1605.0          1.0000
1606.0          1.0000
1607.0          1.0000
1608.0          1.0000
1609.0          1.0000
1610.0          1.0000
1611.0          1.0000
1612.0          1.0000
1613.0          1.0000
1614.0          1.0000
1615.0          1.0000
1616.0          1.0000
1617.0          1.0000
1618.0          1.0000
1619.0          1.0000
1620.0          1.0000
1621.0          1.0000
1622.0          1.0000
1623.0          1.0000
1624.0          1.0000
1625.0          1.0000
1626.0          1.0000
1627.0          1.0000
1628.0          1.0000
1629.0          1.0000
1630.0          1.0000
1631.0          1.0000
1632.0          1.0000
1633.0          1.0000
1634.0          1.0000
1635.0          1.0000
1636.0          1.0000
1637.0          1.0000
1638.0          1.0000
1639.0          1.0000
1640.0          1.0000
1641.0          1.0000
1642.0          1.0000
1643.0          1.0000
1644.0          1.0000
1645.0          1.0000
1646.0          1.0000
1647.0          1.0000
1648.0          1.0000
1649.0          1.0000
1650.0          1.0000
1400.0          -8.8818E-16
1401.0          1.3323E-15
1402.0          0.0000
1403.0          1.9984E-15
1404.0          2.2204E-15
1405.0          4.4409E-15
1406.0          4.4409E-16
1407.0          -4.4409E-16
1408.0          2.2204E-15
1409.0          3.6637E-15
1410.0          2.4425E-15
1411.0          -4.4409E-16
1412.0          2.8866E-15
1413.0          2.2204E-16
1414.0          1.1102E-16
1415.0          -8.8818E-16
1416.0          6.6613E-16
1417.0          4.4409E-16
1418.0          1.1102E-15
1419.0          -1.3323E-15
1420.0          -8.8818E-16
1421.0          3.2196E-15
1422.0          -1.5543E-15
1423.0          6.6613E-16
1424.0          2.2204E-16
1425.0          -4.4409E-16
1426.0          2.4425E-15
1427.0          2.2204E-16
1428.0          4.4409E-16
1429.0          -6.6613E-16
1430.0          2.9976E-15
1431.0          1.1102E-16
1432.0          -4.4409E-16
1433.0          3.3307E-16
1434.0          1.6653E-15
1435.0          -1.7764E-15
1436.0          -4.4409E-16
1437.0          2.2204E-16
1438.0          1.5543E-15
1439.0          3.3307E-15
1440.0          -4.4409E-16
1441.0          1.3323E-15
1442.0          -2.2204E-16
1443.0          1.1102E-15
1444.0          1.1102E-15
1445.0          -3.7748E-15
1446.0          2.2204E-15
1447.0          2.2204E-16
1448.0          1.4433E-15
1449.0          2.7756E-15
1450.0          4.3299E-15
1451.0          -6.6613E-16
1452.0          2.8866E-15
1453.0          1.5543E-15
1454.0          -1.9984E-15
1455.0          2.6645E-15
1456.0          4.4409E-16
1457.0          2.1094E-15
1458.0          -1.3323E-15
1459.0          -2.2204E-16
1460.0          1.3323E-15
1461.0          -4.4409E-16
1462.0          -5.1070E-15
1463.0          -1.1102E-15
1464.0          2.4425E-15
1465.0          2.3315E-15
1466.0          2.6645E-15
1467.0          0.0000
1468.0          6.6613E-16
1469.0          6.6613E-16
1470.0          5.5511E-16
1471.0          -2.2204E-15
1472.0          7.7716E-16
1473.0          -4.2188E-15
1474.0          -8.8818E-16
1475.0          -6.6613E-16
1476.0          0.0000
1477.0          -1.7764E-15
1478.0          1.3323E-15
1479.0          -2.2204E-15
1480.0          4.1078E-15
1481.0          5.7732E-15
1482.0          1.1102E-15
1483.0          -2.8866E-15
1484.0          -8.8818E-16
1485.0          4.4409E-16
1486.0          -2.2204E-15
1487.0          -1.9984E-15
1488.0          -8.8818E-16
1489.0          4.8850E-15
1490.0          -2.6645E-15
1491.0          1.5543E-15
1492.0          2.7756E-15
1493.0          1.1102E-15
1494.0          0.0000
1495.0          9.9920E-16
1496.0          -1.5543E-15
1497.0          -2.6645E-15
1498.0          1.1102E-15
1499.0          3.2196E-15
1500.0          -3.7748E-15
1501.0          1.1102E-15
1502.0          -2.2204E-16
1503.0          -2.2204E-16
1504.0          1.3323E-15
1505.0          4.4409E-16
1506.0          6.6613E-16
1507.0          0.0000
1508.0          -1.3323E-15
1509.0          -3.1086E-15
1510.0          2.4425E-15
1511.0          -2.2204E-16
1512.0          -2.2204E-15
1513.0          -1.7764E-15
1514.0          2.2204E-15
1515.0          -1.7764E-15
1516.0          -1.3323E-15
1517.0          7.7716E-16
1518.0          3.7748E-15
1519.0          6.6613E-16
1520.0          -1.3323E-15
1521.0          -8.8818E-16
1522.0          -2.8866E-15
1523.0          -2.2204E-16
1524.0          1.1102E-15
1525.0          -4.4409E-16
1526.0          1.3323E-15
1527.0          -2.4425E-15
1528.0          1.7764E-15
1529.0          -1.9984E-15
1530.0          -2.4425E-15
1531.0          -3.9968E-15
1532.0          2.2204E-16
1533.0          -2.6645E-15
1534.0          -1.1102E-15
1535.0          0.0000
1536.0          -5.3291E-15
1537.0          2.2204E-15
1538.0          -8.8818E-16
1539.0          8.8818E-16
1540.0          3.7748E-15
1541.0          -1.9984E-15
1542.0          4.4409E-16
1543.0          -4.4409E-16
1544.0          3.3307E-15
1545.0          -1.1102E-15
1546.0          0.0000
1547.0          1.3323E-15
1548.0          2.2204E-16
1549.0          6.6613E-16
1550.0          -1.1102E-15
1551.0          -2.8866E-15
1552.0          8.8818E-16
1553.0          1.1102E-15
1554.0          3.4417E-15
1555.0          2.7756E-15
1556.0          3.1086E-15
1557.0          1.3323E-15
1558.0          -4.4409E-16
1559.0          -6.6613E-16
1560.0          3.3307E-15
1561.0          1.3323E-15
1562.0          -1.1102E-15
1563.0          3.3307E-15
1564.0          2.2204E-15
1565.0          -1.3323E-15
1566.0          3.5527E-15
1567.0          -3.9968E-15
1568.0          0.0000
1569.0          -1.1102E-15
1570.0          2.1094E-15
1571.0          2.2204E-16
1572.0          -2.2204E-15
1573.0          1.5543E-15
1574.0          1.9984E-15
1575.0          3.3307E-15
1576.0          -8.8818E-16
1577.0          6.6613E-16
1578.0          0.0000
1579.0          -3.1086E-15
1580.0          -2.4425E-15
1581.0          -6.6613E-16
1582.0          2.2204E-16
1583.0          1.3323E-15
1584.0          -1.5543E-15
1585.0          -4.4409E-16
1586.0          -1.3323E-15
1587.0          -1.3323E-15
1588.0          1.7764E-15
1589.0          -2.8866E-15
1590.0          0.0000
1591.0          -3.1086E-15
1592.0          -2.2204E-15
1593.0          1.1102E-15
1594.0          4.4409E-16
1595.0          2.2204E-16
1596.0          3.2196E-15
1597.0          -4.4409E-16
1598.0          -3.1086E-15
1599.0          1.9984E-15
1600.0          2.6645E-15
1601.0          -4.4409E-16
1602.0          -2.2204E-16
1603.0          2.4425E-15
1604.0          1.5543E-15
1605.0          2.7756E-15
1606.0          2.2204E-15
1607.0          3.3307E-15
1608.0          9.9920E-16
1609.0          3.7748E-15
1610.0          2.8866E-15
1611.0          1.1102E-15
1612.0          1.9984E-15
1613.0          -6.6613E-16
1614.0          2.2204E-15
1615.0          -1.9984E-15
1616.0          2.1094E-15
1617.0          -1.1102E-15
1618.0          3.3307E-15
1619.0          -2.2204E-16
1620.0          1.5543E-15
1621.0          2.8866E-15
1622.0          1.7764E-15
1623.0          2.8866E-15
1624.0          -1.9984E-15
1625.0          -1.3323E-15
1626.0          -3.5527E-15
1627.0          -3.5527E-15
1628.0          3.3307E-15
1629.0          -8.8818E-16
1630.0          1.1102E-15
1631.0          -4.4409E-16
1632.0          3.4417E-15
1633.0          8.8818E-16
1634.0          0.0000
1635.0          2.2204E-16
1636.0          2.2204E-16
1637.0          -2.2204E-15
1638.0          1.4433E-15
1639.0          2.2204E-15
1640.0          2.8866E-15
1641.0          2.4425E-15
1642.0          1.1102E-15
1643.0          1.7764E-15
1644.0          1.5543E-15
1645.0          -6.6613E-16
1646.0          1.5543E-15
1647.0          3.1086E-15
1648.0          3.3307E-15
1649.0          5.5511E-15
1650.0          1.9984E-15
