1400.0          0.23926
1401.0          0.23748
1402.0          0.23571
1403.0          0.23395
1404.0          0.23219
1405.0          0.23045
1406.0          0.22871
1407.0          0.22698
1408.0          0.22525
1409.0          0.22354
1410.0          0.22183
1411.0          0.22013
1412.0          0.21845
1413.0          0.21677
1414.0          0.21509
1415.0          0.21343
1416.0          0.21178
1417.0          0.21013
1418.0          0.20850
1419.0          0.20688
1420.0          0.20526
1421.0          0.20365
1422.0          0.20206
1423.0          0.20047
1424.0          0.19890
1425.0          0.19734
1426.0          0.19578
1427.0          0.19424
1428.0          0.19271
1429.0          0.19119
1430.0          0.18967
1431.0          0.18818
1432.0          0.18669
1433.0          0.18521
1434.0          0.18375
1435.0          0.18230
1436.0          0.18086
1437.0          0.17943
1438.0          0.17801
1439.0          0.17661
1440.0          0.17522
1441.0          0.17384
1442.0          0.17248
1443.0          0.17112
1444.0          0.16979
1445.0          0.16846
1446.0          0.16715
1447.0          0.16585
1448.0          0.16457
1449.0          0.16330
1450.0          0.16205
1451.0          0.16081
1452.0          0.15958
1453.0          0.15837
1454.0          0.15718
1455.0          0.15600
1456.0          0.15483
1457.0          0.15368
1458.0          0.15255
1459.0          0.15144
1460.0          0.15034
1461.0          0.14926
1462.0          0.14819
1463.0          0.14714
1464.0          0.14611
1465.0          0.14510
1466.0          0.14411
1467.0          0.14313
1468.0          0.14218
1469.0          0.14124
1470.0          0.14033
1471.0          0.13943
1472.0          0.13855
1473.0          0.13770
1474.0          0.13686
1475.0          0.13605
1476.0          0.13526
1477.0          0.13449
1478.0          0.13375
1479.0          0.13303
1480.0          0.13234
1481.0          0.13167
1482.0          0.13102
1483.0          0.13040
1484.0          0.12981
1485.0          0.12925
1486.0          0.12872
1487.0          0.12822
1488.0          0.12774
1489.0          0.12730
1490.0          0.12690
1491.0          0.12652
1492.0          0.12619
1493.0          0.12589
1494.0          0.12563
1495.0          0.12541
1496.0          0.12523
1497.0          0.12509
1498.0          0.12500
1499.0          0.12496
1500.0          0.12497
1501.0          0.12503
1502.0          0.12515
1503.0          0.12533
1504.0          0.12557
1505.0          0.12588
1506.0          0.12626
1507.0          0.12671
1508.0          0.12725
1509.0          0.12786
1510.0          0.12858
1511.0          0.12938
1512.0          0.13030
1513.0          0.13133
1514.0          0.13248
1515.0          0.13376
1516.0          0.13520
1517.0          0.13678
1518.0          0.13854
1519.0          0.14049
1520.0          0.14265
1521.0          0.14504
1522.0          0.14768
1523.0          0.15059
1524.0          0.15382
1525.0          0.15740
1526.0          0.16136
1527.0          0.16576
1528.0          0.17065
1529.0          0.17609
1530.0          0.18217
1531.0          0.18897
1532.0          0.19658
1533.0          0.20515
1534.0          0.21480
1535.0          0.22572
1536.0          0.23811
1537.0          0.25222
1538.0          0.26834
1539.0          0.28682
1540.0          0.30808
1541.0          0.33262
1542.0          0.36101
1543.0          0.39394
1544.0          0.43212
1545.0          0.47634
1546.0          0.52729
1547.0          0.58544
1548.0          0.65070
1549.0          0.72197
1550.0          0.79652
1551.0          0.86941
1552.0          0.93330
1553.0          0.97938
1554.0          0.99955
1555.0          0.98937
1556.0          0.95007
1557.0          0.88808
1558.0          0.81247
1559.0          0.73203
1560.0          0.65339
1561.0          0.58061
1562.0          0.51562
1563.0          0.45885
1564.0          0.40993
1565.0          0.36808
1566.0          0.33239
1567.0          0.30197
1568.0          0.27600
1569.0          0.25378
1570.0          0.23471
1571.0          0.21828
1572.0          0.20407
1573.0          0.19173
1574.0          0.18099
1575.0          0.17158
1576.0          0.16333
1577.0          0.15607
1578.0          0.14965
1579.0          0.14397
1580.0          0.13892
1581.0          0.13443
1582.0          0.13042
1583.0          0.12684
1584.0          0.12363
1585.0          0.12075
1586.0          0.11817
1587.0          0.11585
1588.0          0.11377
1589.0          0.11189
1590.0          0.11021
1591.0          0.10869
1592.0          0.10733
1593.0          0.10611
1594.0          0.10501
1595.0          0.10404
1596.0          0.10316
1597.0          0.10239
1598.0          0.10170
1599.0          0.10109
1600.0          0.10056
1601.0          0.10010
1602.0          0.099709
1603.0          0.099374
1604.0          0.099095
1605.0          0.098868
1606.0          0.098690
1607.0          0.098557
1608.0          0.098467
1609.0          0.098416
1610.0          0.098404
1611.0          0.098426
1612.0          0.098482
1613.0          0.098570
1614.0          0.098688
1615.0          0.098833
1616.0          0.099006
1617.0          0.099204
1618.0          0.099427
1619.0          0.099672
1620.0          0.099940
1621.0          0.10023
1622.0          0.10054
1623.0          0.10086
1624.0          0.10121
1625.0          0.10157
1626.0          0.10196
1627.0          0.10235
1628.0          0.10277
1629.0          0.10319
1630.0          0.10364
1631.0          0.10409
1632.0          0.10456
1633.0          0.10504
1634.0          0.10554
1635.0          0.10605
1636.0          0.10657
1637.0          0.10710
1638.0          0.10764
1639.0          0.10819
1640.0          0.10875
1641.0          0.10933
1642.0          0.10991
1643.0          0.11050
1644.0          0.11110
1645.0          0.11171
1646.0          0.11233
1647.0          0.11296
1648.0          0.11359
1649.0          0.11424
1650.0          0.11489
1400.0          0.76074
1401.0          0.76252
1402.0          0.76429
1403.0          0.76605
1404.0          0.76781
1405.0          0.76955
1406.0          0.77129
1407.0          0.77302
1408.0          0.77475
1409.0          0.77646
1410.0          0.77817
1411.0          0.77987
1412.0          0.78155
1413.0          0.78323
1414.0          0.78491
1415.0          0.78657
1416.0          0.78822
1417.0          0.78987
1418.0          0.79150
1419.0          0.79312
1420.0          0.79474
1421.0          0.79635
1422.0          0.79794
1423.0          0.79953
1424.0          0.80110
1425.0          0.80266
1426.0          0.80422
1427.0          0.80576
1428.0          0.80729
1429.0          0.80881
1430.0          0.81033
1431.0          0.81182
1432.0          0.81331
1433.0          0.81479
1434.0          0.81625
1435.0          0.81770
1436.0          0.81914
1437.0          0.82057
1438.0          0.82199
1439.0          0.82339
1440.0          0.82478
1441.0          0.82616
1442.0          0.82752
1443.0          0.82888
1444.0          0.83021
1445.0          0.83154
1446.0          0.83285
1447.0          0.83415
1448.0          0.83543
1449.0          0.83670
1450.0          0.83795
1451.0          0.83919
1452.0          0.84042
1453.0          0.84163
1454.0          0.84282
1455.0          0.84400
1456.0          0.84517
1457.0          0.84632
1458.0          0.84745
1459.0          0.84856
1460.0          0.84966
1461.0          0.85074
1462.0          0.85181
1463.0          0.85286
1464.0          0.85389
1465.0          0.85490
1466.0          0.85589
1467.0          0.85687
1468.0          0.85782
1469.0          0.85876
1470.0          0.85967
1471.0          0.86057
1472.0          0.86145
1473.0          0.86230
1474.0          0.86314
1475.0          0.86395
1476.0          0.86474
1477.0          0.86551
1478.0          0.86625
1479.0          0.86697
1480.0          0.86766
1481.0          0.86833
1482.0          0.86898
1483.0          0.86960
1484.0          0.87019
1485.0          0.87075
1486.0          0.87128
1487.0          0.87178
1488.0          0.87226
1489.0          0.87270
1490.0          0.87310
1491.0          0.87348
1492.0          0.87381
1493.0          0.87411
1494.0          0.87437
1495.0          0.87459
1496.0          0.87477
1497.0          0.87491
1498.0          0.87500
1499.0          0.87504
1500.0          0.87503
1501.0          0.87497
1502.0          0.87485
1503.0          0.87467
1504.0          0.87443
1505.0          0.87412
1506.0          0.87374
1507.0          0.87329
1508.0          0.87275
1509.0          0.87214
1510.0          0.87142
1511.0          0.87062
1512.0          0.86970
1513.0          0.86867
1514.0          0.86752
1515.0          0.86624
1516.0          0.86480
1517.0          0.86322
1518.0          0.86146
1519.0          0.85951
1520.0          0.85735
1521.0          0.85496
1522.0          0.85232
1523.0          0.84941
1524.0          0.84618
1525.0          0.84260
1526.0          0.83864
1527.0          0.83424
1528.0          0.82935
1529.0          0.82391
1530.0          0.81783
1531.0          0.81103
1532.0          0.80342
1533.0          0.79485
1534.0          0.78520
1535.0          0.77428
1536.0          0.76189
1537.0          0.74778
1538.0          0.73166
1539.0          0.71318
1540.0          0.69192
1541.0          0.66738
1542.0          0.63899
1543.0          0.60606
1544.0          0.56788
1545.0          0.52366
1546.0          0.47271
1547.0          0.41456
1548.0          0.34930
1549.0          0.27803
1550.0          0.20348
1551.0          0.13059
1552.0          0.066699
1553.0          0.020619
1554.0          4.5283E-4
1555.0          0.010630
1556.0          0.049929
1557.0          0.11192
1558.0          0.18753
1559.0          0.26797
1560.0          0.34661
1561.0          0.41939
1562.0          0.48438
1563.0          0.54115
1564.0          0.59007
1565.0          0.63192
1566.0          0.66761
1567.0          0.69803
1568.0          0.72400
1569.0          0.74622
1570.0          0.76529
1571.0          0.78172
1572.0          0.79593
1573.0          0.80827
1574.0          0.81901
1575.0          0.82842
1576.0          0.83667
1577.0          0.84393
1578.0          0.85035
1579.0          0.85603
1580.0          0.86108
1581.0          0.86557
1582.0          0.86958
1583.0          0.87316
1584.0          0.87637
1585.0          0.87925
1586.0          0.88183
1587.0          0.88415
1588.0          0.88623
1589.0          0.88811
1590.0          0.88979
1591.0          0.89131
1592.0          0.89267
1593.0          0.89389
1594.0          0.89499
1595.0          0.89596
1596.0          0.89684
1597.0          0.89761
1598.0          0.89830
1599.0          0.89891
1600.0          0.89944
1601.0          0.89990
1602.0          0.90029
1603.0          0.90063
1604.0          0.90090
1605.0          0.90113
1606.0          0.90131
1607.0          0.90144
1608.0          0.90153
1609.0          0.90158
1610.0          0.90160
1611.0          0.90157
1612.0          0.90152
1613.0          0.90143
1614.0          0.90131
1615.0          0.90117
1616.0          0.90099
1617.0          0.90080
1618.0          0.90057
1619.0          0.90033
1620.0          0.90006
1621.0          0.89977
1622.0          0.89946
1623.0          0.89914
1624.0          0.89879
1625.0          0.89843
1626.0          0.89804
1627.0          0.89765
1628.0          0.89723
1629.0          0.89681
1630.0          0.89636
1631.0          0.89591
1632.0          0.89544
1633.0          0.89496
1634.0          0.89446
1635.0          0.89395
1636.0          0.89343
1637.0          0.89290
1638.0          0.89236
1639.0          0.89181
1640.0          0.89125
1641.0          0.89067
1642.0          0.89009
1643.0          0.88950
1644.0          0.88890
1645.0          0.88829
1646.0          0.88767
1647.0          0.88704
1648.0          0.88641
1649.0          0.88576
1650.0          0.88511
1400.0          1.0000
1401.0          1.0000
1402.0          1.0000
1403.0          1.0000
1404.0          1.0000
1405.0          1.0000
1406.0          1.0000
1407.0          1.0000
1408.0          1.0000
1409.0          1.0000
1410.0          1.0000
1411.0          1.0000
1412.0          1.0000
1413.0          1.0000
1414.0          1.0000
1415.0          1.0000
1416.0          1.0000
1417.0          1.0000
1418.0          1.0000
1419.0          1.0000
1420.0          1.0000
1421.0          1.0000
1422.0          1.0000
1423.0          1.0000
1424.0          1.0000
1425.0          1.0000
1426.0          1.0000
1427.0          1.0000
1428.0          1.0000
1429.0          1.0000
1430.0          1.0000
1431.0          1.0000
1432.0          1.0000
1433.0          1.0000
1434.0          1.0000
1435.0          1.0000
1436.0          1.0000
1437.0          1.0000
1438.0          1.0000
1439.0          1.0000
1440.0          1.0000
1441.0          1.0000
1442.0          1.0000
1443.0          1.0000
1444.0          1.0000
1445.0          1.0000
1446.0          1.0000
1447.0          1.0000
1448.0          1.0000
1449.0          1.0000
1450.0          1.0000
1451.0          1.0000
1452.0          1.0000
1453.0          1.0000
1454.0          1.0000
1455.0          1.0000
1456.0          1.0000
1457.0          1.0000
1458.0          1.0000
1459.0          1.0000
1460.0          1.0000
1461.0          1.0000
1462.0          1.0000
1463.0          1.0000
1464.0          1.0000
1465.0          1.0000
1466.0          1.0000
1467.0          1.0000
1468.0          1.0000
1469.0          1.0000
1470.0          1.0000
1471.0          1.0000
1472.0          1.0000
1473.0          1.0000
1474.0          1.0000
1475.0          1.0000
1476.0          1.0000
1477.0          1.0000
1478.0          1.0000
1479.0          1.0000
1480.0          1.0000
1481.0          1.0000
1482.0          1.0000
1483.0          1.0000
1484.0          1.0000
1485.0          1.0000
1486.0          1.0000
1487.0          1.0000
1488.0          1.0000
1489.0          1.0000
1490.0          1.0000
1491.0          1.0000
1492.0          1.0000
1493.0          1.0000
1494.0          1.0000
1495.0          1.0000
1496.0          1.0000
1497.0          1.0000
1498.0          1.0000
1499.0          1.0000
1500.0          1.0000
1501.0          1.0000
1502.0          1.0000
1503.0          1.0000
1504.0          1.0000
1505.0          1.0000
1506.0          1.0000
1507.0          1.0000
1508.0          1.0000
1509.0          1.0000
1510.0          1.0000
1511.0          1.0000
1512.0          1.0000
1513.0          1.0000
1514.0          1.0000
1515.0          1.0000
1516.0          1.0000
1517.0          1.0000
1518.0          1.0000
1519.0          1.0000
1520.0          1.0000
1521.0          1.0000
1522.0          1.0000
1523.0          1.0000
1524.0          1.0000
1525.0          1.0000
1526.0          1.0000
1527.0          1.0000
1528.0          1.0000
1529.0          1.0000
1530.0          1.0000
1531.0          1.0000
1532.0          1.0000
1533.0          1.0000
1534.0          1.0000
1535.0          1.0000
1536.0          1.0000
1537.0          1.0000
1538.0          1.0000
1539.0          1.0000
1540.0          1.0000
1541.0          1.0000
1542.0          1.0000
1543.0          1.0000
1544.0          1.0000
1545.0          1.0000
1546.0          1.0000
1547.0          1.0000
1548.0          1.0000
1549.0          1.0000
1550.0          1.0000
1551.0          1.0000
1552.0          1.0000
1553.0          1.0000
1554.0          1.0000
1555.0          1.0000
1556.0          1.0000
1557.0          1.0000
1558.0          1.0000
1559.0          1.0000
1560.0          1.0000
1561.0          1.0000
1562.0          1.0000
1563.0          1.0000
1564.0          1.0000
1565.0          1.0000
1566.0          1.0000
1567.0          1.0000
1568.0          1.0000
1569.0          1.0000
1570.0          1.0000
1571.0          1.0000
1572.0          1.0000
1573.0          1.0000
1574.0          1.0000
1575.0          1.0000
1576.0          1.0000
1577.0          1.0000
1578.0          1.0000
1579.0          1.0000
1580.0          1.0000
1581.0          1.0000
1582.0          1.0000
1583.0          1.0000
1584.0          1.0000
1585.0          1.0000
1586.0          1.0000
1587.0          1.0000
1588.0          1.0000
1589.0          1.0000
1590.0          1.0000
1591.0          1.0000
1592.0          1.0000
1593.0          1.0000
1594.0          1.0000
1595.0          1.0000
1596.0          1.0000
1597.0          1.0000
1598.0          1.0000
1599.0          1.0000
1600.0          1.0000
1601.0          1.0000
1602.0          1.0000
1603.0          1.0000
1604.0          1.0000
1605.0          1.0000
1606.0          1.0000
1607.0          1.0000
1608.0          1.0000
1609.0          1.0000
1610.0          1.0000
1611.0          1.0000
1612.0          1.0000
1613.0          1.0000
1614.0          1.0000
1615.0          1.0000
1616.0          1.0000
1617.0          1.0000
1618.0          1.0000
1619.0          1.0000
1620.0          1.0000
1621.0          1.0000
1622.0          1.0000
1623.0          1.0000
1624.0          1.0000
1625.0          1.0000
1626.0          1.0000
1627.0          1.0000
1628.0          1.0000
1629.0          1.0000
1630.0          1.0000
1631.0          1.0000
1632.0          1.0000
1633.0          1.0000
1634.0          1.0000
1635.0          1.0000
1636.0          1.0000
1637.0          1.0000
1638.0          1.0000
1639.0          1.0000
1640.0          1.0000
1641.0          1.0000
1642.0          1.0000
1643.0          1.0000
1644.0          1.0000
1645.0          1.0000
1646.0          1.0000
1647.0          1.0000
1648.0          1.0000
1649.0          1.0000
1650.0          1.0000
1400.0          0.0000
1401.0          3.7748E-15
1402.0          -4.4409E-16
1403.0          -2.2204E-15
1404.0          8.8818E-16
1405.0          4.4409E-16
1406.0          1.4433E-15
1407.0          1.1102E-16
1408.0          2.2204E-15
1409.0          -1.9984E-15
1410.0          -2.2204E-15
1411.0          -2.2204E-15
1412.0          1.1102E-15
1413.0          1.4433E-15
1414.0          -4.4409E-16
1415.0          8.8818E-16
1416.0          4.4409E-16
1417.0          -2.2204E-15
1418.0          -5.3291E-15
1419.0          2.2204E-15
1420.0          4.4409E-16
1421.0          2.2204E-16
1422.0          1.4433E-15
1423.0          2.1094E-15
1424.0          2.8866E-15
1425.0          -3.3307E-15
1426.0          -8.8818E-16
1427.0          1.3323E-15
1428.0          -3.1086E-15
1429.0          1.4433E-15
1430.0          1.7764E-15
1431.0          6.6613E-16
1432.0          1.5543E-15
1433.0          -2.8866E-15
1434.0          -1.3323E-15
1435.0          6.6613E-16
1436.0          1.1102E-16
1437.0          2.4425E-15
1438.0          1.2212E-15
1439.0          -8.8818E-16
1440.0          9.9920E-16
1441.0          3.3307E-15
1442.0          6.6613E-16
1443.0          1.2212E-15
1444.0          -1.3323E-15
1445.0          5.5511E-16
1446.0          -2.2204E-16
1447.0          1.5543E-15
1448.0          -1.3323E-15
1449.0          1.1102E-16
1450.0          -3.9968E-15
1451.0          4.2188E-15
1452.0          5.5511E-16
1453.0          -1.7764E-15
1454.0          3.3307E-16
1455.0          -6.6613E-16
1456.0          4.4409E-16
1457.0          -1.3323E-15
1458.0          4.4409E-16
1459.0          1.9984E-15
1460.0          2.4425E-15
1461.0          -1.1102E-15
1462.0          3.3307E-16
1463.0          3.2196E-15
1464.0          -2.2204E-16
1465.0          -1.9984E-15
1466.0          -1.7764E-15
1467.0          -2.2204E-16
1468.0          -1.7764E-15
1469.0          -8.8818E-16
1470.0          -2.2204E-16
1471.0          -1.7764E-15
1472.0          6.6613E-16
1473.0          -6.6613E-16
1474.0          -4.4409E-16
1475.0          5.4401E-15
1476.0          -1.1102E-15
1477.0          1.1102E-15
1478.0          -4.6629E-15
1479.0          -3.1086E-15
1480.0          2.6645E-15
1481.0          -2.4425E-15
1482.0          2.2204E-16
1483.0          6.6613E-16
1484.0          -1.1102E-15
1485.0          1.1102E-16
1486.0          2.3315E-15
1487.0          -2.2204E-15
1488.0          3.8858E-15
1489.0          6.6613E-16
1490.0          -1.3323E-15
1491.0          -6.6613E-16
1492.0          2.5535E-15
1493.0          0.0000
1494.0          1.6653E-15
1495.0          -3.3307E-15
1496.0          1.3323E-15
1497.0          1.7764E-15
1498.0          -2.2204E-15
1499.0          -1.3323E-15
1500.0          1.9984E-15
1501.0          1.6653E-15
1502.0          -4.4409E-16
1503.0          1.3323E-15
1504.0          -1.1102E-15
1505.0          6.6613E-16
1506.0          -8.8818E-16
1507.0          -4.4409E-16
1508.0          2.2204E-16
1509.0          4.8850E-15
1510.0          -1.5543E-15
1511.0          2.4425E-15
1512.0          1.3323E-15
1513.0          1.9984E-15
1514.0          2.5535E-15
1515.0          4.4409E-16
1516.0          2.6645E-15
1517.0          -4.4409E-16
1518.0          3.9968E-15
1519.0          4.1078E-15
1520.0          2.2204E-16
1521.0          1.1102E-15
1522.0          -4.4409E-16
1523.0          1.8874E-15
1524.0          9.9920E-16
1525.0          2.9976E-15
1526.0          2.7756E-15
1527.0          2.9976E-15
1528.0          -2.2204E-16
1529.0          -2.2204E-15
1530.0          -2.6645E-15
1531.0          -2.2204E-16
1532.0          -1.3323E-15
1533.0          -4.4409E-15
1534.0          1.9984E-15
1535.0          4.9960E-15
1536.0          0.0000
1537.0          5.3291E-15
1538.0          -1.7764E-15
1539.0          4.6629E-15
1540.0          -3.7748E-15
1541.0          -8.8818E-16
1542.0          -4.4409E-15
1543.0          8.8818E-15
1544.0          -1.6209E-14
1545.0          2.4425E-15
1546.0          -2.6645E-15
1547.0          5.1070E-15
1548.0          -2.4425E-15
1549.0          -1.1102E-15
1550.0          3.9968E-15
1551.0          4.7740E-15
1552.0          -2.9088E-14
1553.0          7.5495E-15
1554.0          -7.1054E-15
1555.0          -5.9952E-15
1556.0          3.3307E-15
1557.0          -7.7716E-15
1558.0          4.6629E-15
1559.0          -2.6645E-14
1560.0          1.7986E-14
1561.0          -1.0214E-14
1562.0          -4.4409E-15
1563.0          -1.3101E-14
1564.0          -3.2196E-14
1565.0          1.3989E-14
1566.0          5.3291E-15
1567.0          5.3291E-15
1568.0          4.8850E-15
1569.0          3.3307E-15
1570.0          3.3307E-16
1571.0          7.8826E-15
1572.0          9.3259E-15
1573.0          3.4417E-15
1574.0          2.8866E-15
1575.0          2.8866E-15
1576.0          4.7740E-15
1577.0          3.9968E-15
1578.0          -2.2204E-16
1579.0          4.9960E-15
1580.0          -1.3323E-15
1581.0          -1.7764E-15
1582.0          3.3307E-15
1583.0          1.5543E-15
1584.0          -1.7764E-15
1585.0          -4.4409E-16
1586.0          5.4401E-15
1587.0          1.3323E-15
1588.0          2.6645E-15
1589.0          -1.1102E-15
1590.0          1.2212E-15
1591.0          2.1094E-15
1592.0          -2.6645E-15
1593.0          -2.2204E-16
1594.0          -1.5543E-15
1595.0          -4.4409E-16
1596.0          4.6629E-15
1597.0          -1.7764E-15
1598.0          2.2204E-16
1599.0          -1.7764E-15
1600.0          -4.4409E-16
1601.0          -1.3323E-15
1602.0          1.9984E-15
1603.0          3.3307E-16
1604.0          3.2196E-15
1605.0          -1.9984E-15
1606.0          -2.6645E-15
1607.0          3.5527E-15
1608.0          4.9960E-15
1609.0          -2.2204E-16
1610.0          9.9920E-16
1611.0          9.9920E-16
1612.0          -1.3323E-15
1613.0          -2.2204E-15
1614.0          -3.5527E-15
1615.0          -3.7748E-15
1616.0          3.7748E-15
1617.0          3.6637E-15
1618.0          7.4385E-15
1619.0          2.5535E-15
1620.0          6.6613E-16
1621.0          -2.4425E-15
1622.0          9.9920E-16
1623.0          1.4433E-15
1624.0          7.7716E-16
1625.0          0.0000
1626.0          7.7716E-16
1627.0          2.5535E-15
1628.0          1.9984E-15
1629.0          -1.1102E-15
1630.0          -6.6613E-16
1631.0          0.0000
1632.0          6.6613E-16
1633.0          -1.3323E-15
1634.0          2.9976E-15
1635.0          1.7764E-15
1636.0          -2.6645E-15
1637.0          -1.3323E-15
1638.0          9.9920E-16
1639.0          -1.9984E-15
1640.0          1.9984E-15
1641.0          -1.5543E-15
1642.0          1.7764E-15
1643.0          3.3307E-15
1644.0          -4.8850E-15
1645.0          -2.2204E-16
1646.0          1.9984E-15
1647.0          3.7748E-15
1648.0          -2.4425E-15
1649.0          1.5543E-15
1650.0          0.0000
