1400.0          0.33804
1401.0          0.33847
1402.0          0.33889
1403.0          0.33931
1404.0          0.33972
1405.0          0.34014
1406.0          0.34054
1407.0          0.34095
1408.0          0.34135
1409.0          0.34175
1410.0          0.34214
1411.0          0.34253
1412.0          0.34292
1413.0          0.34331
1414.0          0.34369
1415.0          0.34406
1416.0          0.34444
1417.0          0.34481
1418.0          0.34518
1419.0          0.34554
1420.0          0.34590
1421.0          0.34626
1422.0          0.34661
1423.0          0.34697
1424.0          0.34731
1425.0          0.34766
1426.0          0.34800
1427.0          0.34834
1428.0          0.34868
1429.0          0.34901
1430.0          0.34934
1431.0          0.34966
1432.0          0.34999
1433.0          0.35031
1434.0          0.35063
1435.0          0.35094
1436.0          0.35125
1437.0          0.35156
1438.0          0.35187
1439.0          0.35217
1440.0          0.35247
1441.0          0.35277
1442.0          0.35306
1443.0          0.35335
1444.0          0.35364
1445.0          0.35393
1446.0          0.35421
1447.0          0.35449
1448.0          0.35477
1449.0          0.35505
1450.0          0.35532
1451.0          0.35559
1452.0          0.35586
1453.0          0.35612
1454.0          0.35638
1455.0          0.35664
1456.0          0.35690
1457.0          0.35715
1458.0          0.35741
1459.0          0.35765
1460.0          0.35790
1461.0          0.35815
1462.0          0.35839
1463.0          0.35863
1464.0          0.35886
1465.0          0.35910
1466.0          0.35933
1467.0          0.35956
1468.0          0.35979
1469.0          0.36001
1470.0          0.36023
1471.0          0.36046
1472.0          0.36067
1473.0          0.36089
1474.0          0.36110
1475.0          0.36131
1476.0          0.36152
1477.0          0.36173
1478.0          0.36193
1479.0          0.36213
1480.0          0.36233
1481.0          0.36253
1482.0          0.36273
1483.0          0.36292
1484.0          0.36311
1485.0          0.36330
1486.0          0.36349
1487.0          0.36367
1488.0          0.36386
1489.0          0.36404
1490.0          0.36422
1491.0          0.36439
1492.0          0.36457
1493.0          0.36474
1494.0          0.36491
1495.0          0.36508
1496.0          0.36524
1497.0          0.36541
1498.0          0.36557
1499.0          0.36573
1500.0          0.36589
1501.0          0.36605
1502.0          0.36620
1503.0          0.36636
1504.0          0.36651
1505.0          0.36666
1506.0          0.36680
1507.0          0.36695
1508.0          0.36709
1509.0          0.36723
1510.0          0.36737
1511.0          0.36751
1512.0          0.36765
1513.0          0.36778
1514.0          0.36792
1515.0          0.36805
1516.0          0.36818
1517.0          0.36830
1518.0          0.36843
1519.0          0.36855
1520.0          0.36868
1521.0          0.36880
1522.0          0.36892
1523.0          0.36903
1524.0          0.36915
1525.0          0.36926
1526.0          0.36938
1527.0          0.36949
1528.0          0.36960
1529.0          0.36970
1530.0          0.36981
1531.0          0.36991
1532.0          0.37002
1533.0          0.37012
1534.0          0.37022
1535.0          0.37032
1536.0          0.37041
1537.0          0.37051
1538.0          0.37060
1539.0          0.37069
1540.0          0.37078
1541.0          0.37087
1542.0          0.37096
1543.0          0.37105
1544.0          0.37113
1545.0          0.37122
1546.0          0.37130
1547.0          0.37138
1548.0          0.37146
1549.0          0.37153
1550.0          0.37161
1551.0          0.37169
1552.0          0.37176
1553.0          0.37183
1554.0          0.37190
1555.0          0.37197
1556.0          0.37204
1557.0          0.37211
1558.0          0.37217
1559.0          0.37223
1560.0          0.37230
1561.0          0.37236
1562.0          0.37242
1563.0          0.37248
1564.0          0.37253
1565.0          0.37259
1566.0          0.37264
1567.0          0.37270
1568.0          0.37275
1569.0          0.37280
1570.0          0.37285
1571.0          0.37290
1572.0          0.37295
1573.0          0.37299
1574.0          0.37304
1575.0          0.37308
1576.0          0.37312
1577.0          0.37317
1578.0          0.37321
1579.0          0.37324
1580.0          0.37328
1581.0          0.37332
1582.0          0.37335
1583.0          0.37339
1584.0          0.37342
1585.0          0.37345
1586.0          0.37349
1587.0          0.37352
1588.0          0.37354
1589.0          0.37357
1590.0          0.37360
1591.0          0.37362
1592.0          0.37365
1593.0          0.37367
1594.0          0.37369
1595.0          0.37372
1596.0          0.37374
1597.0          0.37375
1598.0          0.37377
1599.0          0.37379
1600.0          0.37381
1601.0          0.37382
1602.0          0.37383
1603.0          0.37385
1604.0          0.37386
1605.0          0.37387
1606.0          0.37388
1607.0          0.37389
1608.0          0.37390
1609.0          0.37390
1610.0          0.37391
1611.0          0.37392
1612.0          0.37392
1613.0          0.37392
1614.0          0.37392
1615.0          0.37393
1616.0          0.37393
1617.0          0.37393
1618.0          0.37392
1619.0          0.37392
1620.0          0.37392
1621.0          0.37391
1622.0          0.37391
1623.0          0.37390
1624.0          0.37390
1625.0          0.37389
1626.0          0.37388
1627.0          0.37387
1628.0          0.37386
1629.0          0.37385
1630.0          0.37384
1631.0          0.37382
1632.0          0.37381
1633.0          0.37380
1634.0          0.37378
1635.0          0.37376
1636.0          0.37375
1637.0          0.37373
1638.0          0.37371
1639.0          0.37369
1640.0          0.37367
1641.0          0.37365
1642.0          0.37363
1643.0          0.37360
1644.0          0.37358
1645.0          0.37356
1646.0          0.37353
1647.0          0.37351
1648.0          0.37348
1649.0          0.37345
1650.0          0.37342
1400.0          0.66196
1401.0          0.66153
1402.0          0.66111
1403.0          0.66069
1404.0          0.66028
1405.0          0.65986
1406.0          0.65946
1407.0          0.65905
1408.0          0.65865
1409.0          0.65825
1410.0          0.65786
1411.0          0.65747
1412.0          0.65708
1413.0          0.65669
1414.0          0.65631
1415.0          0.65594
1416.0          0.65556
1417.0          0.65519
1418.0          0.65482
1419.0          0.65446
1420.0          0.65410
1421.0          0.65374
1422.0          0.65339
1423.0          0.65303
1424.0          0.65269
1425.0          0.65234
1426.0          0.65200
1427.0          0.65166
1428.0          0.65132
1429.0          0.65099
1430.0          0.65066
1431.0          0.65034
1432.0          0.65001
1433.0          0.64969
1434.0          0.64937
1435.0          0.64906
1436.0          0.64875
1437.0          0.64844
1438.0          0.64813
1439.0          0.64783
1440.0          0.64753
1441.0          0.64723
1442.0          0.64694
1443.0          0.64665
1444.0          0.64636
1445.0          0.64607
1446.0          0.64579
1447.0          0.64551
1448.0          0.64523
1449.0          0.64495
1450.0          0.64468
1451.0          0.64441
1452.0          0.64414
1453.0          0.64388
1454.0          0.64362
1455.0          0.64336
1456.0          0.64310
1457.0          0.64285
1458.0          0.64259
1459.0          0.64235
1460.0          0.64210
1461.0          0.64185
1462.0          0.64161
1463.0          0.64137
1464.0          0.64114
1465.0          0.64090
1466.0          0.64067
1467.0          0.64044
1468.0          0.64021
1469.0          0.63999
1470.0          0.63977
1471.0          0.63954
1472.0          0.63933
1473.0          0.63911
1474.0          0.63890
1475.0          0.63869
1476.0          0.63848
1477.0          0.63827
1478.0          0.63807
1479.0          0.63787
1480.0          0.63767
1481.0          0.63747
1482.0          0.63727
1483.0          0.63708
1484.0          0.63689
1485.0          0.63670
1486.0          0.63651
1487.0          0.63633
1488.0          0.63614
1489.0          0.63596
1490.0          0.63578
1491.0          0.63561
1492.0          0.63543
1493.0          0.63526
1494.0          0.63509
1495.0          0.63492
1496.0          0.63476
1497.0          0.63459
1498.0          0.63443
1499.0          0.63427
1500.0          0.63411
1501.0          0.63395
1502.0          0.63380
1503.0          0.63364
1504.0          0.63349
1505.0          0.63334
1506.0          0.63320
1507.0          0.63305
1508.0          0.63291
1509.0          0.63277
1510.0          0.63263
1511.0          0.63249
1512.0          0.63235
1513.0          0.63222
1514.0          0.63208
1515.0          0.63195
1516.0          0.63182
1517.0          0.63170
1518.0          0.63157
1519.0          0.63145
1520.0          0.63132
1521.0          0.63120
1522.0          0.63108
1523.0          0.63097
1524.0          0.63085
1525.0          0.63074
1526.0          0.63062
1527.0          0.63051
1528.0          0.63040
1529.0          0.63030
1530.0          0.63019
1531.0          0.63009
1532.0          0.62998
1533.0          0.62988
1534.0          0.62978
1535.0          0.62968
1536.0          0.62959
1537.0          0.62949
1538.0          0.62940
1539.0          0.62931
1540.0          0.62922
1541.0          0.62913
1542.0          0.62904
1543.0          0.62895
1544.0          0.62887
1545.0          0.62878
1546.0          0.62870
1547.0          0.62862
1548.0          0.62854
1549.0          0.62847
1550.0          0.62839
1551.0          0.62831
1552.0          0.62824
1553.0          0.62817
1554.0          0.62810
1555.0          0.62803
1556.0          0.62796
1557.0          0.62789
1558.0          0.62783
1559.0          0.62777
1560.0          0.62770
1561.0          0.62764
1562.0          0.62758
1563.0          0.62752
1564.0          0.62747
1565.0          0.62741
1566.0          0.62736
1567.0          0.62730
1568.0          0.62725
1569.0          0.62720
1570.0          0.62715
1571.0          0.62710
1572.0          0.62705
1573.0          0.62701
1574.0          0.62696
1575.0          0.62692
1576.0          0.62688
1577.0          0.62683
1578.0          0.62679
1579.0          0.62676
1580.0          0.62672
1581.0          0.62668
1582.0          0.62665
1583.0          0.62661
1584.0          0.62658
1585.0          0.62655
1586.0          0.62651
1587.0          0.62648
1588.0          0.62646
1589.0          0.62643
1590.0          0.62640
1591.0          0.62638
1592.0          0.62635
1593.0          0.62633
1594.0          0.62631
1595.0          0.62628
1596.0          0.62626
1597.0          0.62625
1598.0          0.62623
1599.0          0.62621
1600.0          0.62619
1601.0          0.62618
1602.0          0.62617
1603.0          0.62615
1604.0          0.62614
1605.0          0.62613
1606.0          0.62612
1607.0          0.62611
1608.0          0.62610
1609.0          0.62610
1610.0          0.62609
1611.0          0.62608
1612.0          0.62608
1613.0          0.62608
1614.0          0.62608
1615.0          0.62607
1616.0          0.62607
1617.0          0.62607
1618.0          0.62608
1619.0          0.62608
1620.0          0.62608
1621.0          0.62609
1622.0          0.62609
1623.0          0.62610
1624.0          0.62610
1625.0          0.62611
1626.0          0.62612
1627.0          0.62613
1628.0          0.62614
1629.0          0.62615
1630.0          0.62616
1631.0          0.62618
1632.0          0.62619
1633.0          0.62620
1634.0          0.62622
1635.0          0.62624
1636.0          0.62625
1637.0          0.62627
1638.0          0.62629
1639.0          0.62631
1640.0          0.62633
1641.0          0.62635
1642.0          0.62637
1643.0          0.62640
1644.0          0.62642
1645.0          0.62644
1646.0          0.62647
1647.0          0.62649
1648.0          0.62652
1649.0          0.62655
1650.0          0.62658
1400.0          1.0000
1401.0          1.0000
1402.0          1.0000
1403.0          1.0000
1404.0          1.0000
1405.0          1.0000
1406.0          1.0000
1407.0          1.0000
1408.0          1.0000
1409.0          1.0000
1410.0          1.0000
1411.0          1.0000
1412.0          1.0000
1413.0          1.0000
1414.0          1.0000
1415.0          1.0000
1416.0          1.0000
1417.0          1.0000
1418.0          1.0000
1419.0          1.0000
1420.0          1.0000
1421.0          1.0000
1422.0          1.0000
1423.0          1.0000
1424.0          1.0000
1425.0          1.0000
1426.0          1.0000
1427.0          1.0000
1428.0          1.0000
1429.0          1.0000
1430.0          1.0000
1431.0          1.0000
1432.0          1.0000
1433.0          1.0000
1434.0          1.0000
1435.0          1.0000
1436.0          1.0000
1437.0          1.0000
1438.0          1.0000
1439.0          1.0000
1440.0          1.0000
1441.0          1.0000
1442.0          1.0000
1443.0          1.0000
1444.0          1.0000
1445.0          1.0000
1446.0          1.0000
1447.0          1.0000
1448.0          1.0000
1449.0          1.0000
1450.0          1.0000
1451.0          1.0000
1452.0          1.0000
1453.0          1.0000
1454.0          1.0000
1455.0          1.0000
1456.0          1.0000
1457.0          1.0000
1458.0          1.0000
1459.0          1.0000
1460.0          1.0000
1461.0          1.0000
1462.0          1.0000
1463.0          1.0000
1464.0          1.0000
1465.0          1.0000
1466.0          1.0000
1467.0          1.0000
1468.0          1.0000
1469.0          1.0000
1470.0          1.0000
1471.0          1.0000
1472.0          1.0000
1473.0          1.0000
1474.0          1.0000
1475.0          1.0000
1476.0          1.0000
1477.0          1.0000
1478.0          1.0000
1479.0          1.0000
1480.0          1.0000
1481.0          1.0000
1482.0          1.0000
1483.0          1.0000
1484.0          1.0000
1485.0          1.0000
1486.0          1.0000
1487.0          1.0000
1488.0          1.0000
1489.0          1.0000
1490.0          1.0000
1491.0          1.0000
1492.0          1.0000
1493.0          1.0000
1494.0          1.0000
1495.0          1.0000
1496.0          1.0000
1497.0          1.0000
1498.0          1.0000
1499.0          1.0000
1500.0          1.0000
1501.0          1.0000
1502.0          1.0000
1503.0          1.0000
1504.0          1.0000
1505.0          1.0000
1506.0          1.0000
1507.0          1.0000
1508.0          1.0000
1509.0          1.0000
1510.0          1.0000
1511.0          1.0000
1512.0          1.0000
1513.0          1.0000
1514.0          1.0000
1515.0          1.0000
1516.0          1.0000
1517.0          1.0000
1518.0          1.0000
1519.0          1.0000
1520.0          1.0000
1521.0          1.0000
1522.0          1.0000
1523.0          1.0000
1524.0          1.0000
1525.0          1.0000
1526.0          1.0000
1527.0          1.0000
1528.0          1.0000
1529.0          1.0000
1530.0          1.0000
1531.0          1.0000
1532.0          1.0000
1533.0          1.0000
1534.0          1.0000
1535.0          1.0000
1536.0          1.0000
1537.0          1.0000
1538.0          1.0000
1539.0          1.0000
1540.0          1.0000
1541.0          1.0000
1542.0          1.0000
1543.0          1.0000
1544.0          1.0000
1545.0          1.0000
1546.0          1.0000
1547.0          1.0000
1548.0          1.0000
1549.0          1.0000
1550.0          1.0000
1551.0          1.0000
1552.0          1.0000
1553.0          1.0000
1554.0          1.0000
1555.0          1.0000
1556.0          1.0000
1557.0          1.0000
1558.0          1.0000
1559.0          1.0000
1560.0          1.0000
1561.0          1.0000
1562.0          1.0000
1563.0          1.0000
1564.0          1.0000
1565.0          1.0000
1566.0          1.0000
1567.0          1.0000
1568.0          1.0000
1569.0          1.0000
1570.0          1.0000
1571.0          1.0000
1572.0          1.0000
1573.0          1.0000
1574.0          1.0000
1575.0          1.0000
1576.0          1.0000
1577.0          1.0000
1578.0          1.0000
1579.0          1.0000
1580.0          1.0000
1581.0          1.0000
1582.0          1.0000
1583.0          1.0000
1584.0          1.0000
1585.0          1.0000
1586.0          1.0000
1587.0          1.0000
1588.0          1.0000
1589.0          1.0000
1590.0          1.0000
1591.0          1.0000
1592.0          1.0000
1593.0          1.0000
1594.0          1.0000
1595.0          1.0000
1596.0          1.0000
1597.0          1.0000
1598.0          1.0000
1599.0          1.0000
1600.0          1.0000
1601.0          1.0000
1602.0          1.0000
1603.0          1.0000
1604.0          1.0000
1605.0          1.0000
1606.0          1.0000
1607.0          1.0000
1608.0          1.0000
1609.0          1.0000
1610.0          1.0000
1611.0          1.0000
1612.0          1.0000
1613.0          1.0000
1614.0          1.0000
1615.0          1.0000
1616.0          1.0000
1617.0          1.0000
1618.0          1.0000
1619.0          1.0000
1620.0          1.0000
1621.0          1.0000
1622.0          1.0000
1623.0          1.0000
1624.0          1.0000
1625.0          1.0000
1626.0          1.0000
1627.0          1.0000
1628.0          1.0000
1629.0          1.0000
1630.0          1.0000
1631.0          1.0000
1632.0          1.0000
1633.0          1.0000
1634.0          1.0000
1635.0          1.0000
1636.0          1.0000
1637.0          1.0000
1638.0          1.0000
1639.0          1.0000
1640.0          1.0000
1641.0          1.0000
1642.0          1.0000
1643.0          1.0000
1644.0          1.0000
1645.0          1.0000
1646.0          1.0000
1647.0          1.0000
1648.0          1.0000
1649.0          1.0000
1650.0          1.0000
1400.0          4.4409E-16
1401.0          -8.8818E-16
1402.0          6.6613E-16
1403.0          3.5527E-15
1404.0          1.1102E-15
1405.0          3.3307E-15
1406.0          1.5543E-15
1407.0          -3.1086E-15
1408.0          -1.1102E-15
1409.0          -2.2204E-16
1410.0          1.1102E-15
1411.0          1.1102E-15
1412.0          4.4409E-16
1413.0          8.8818E-16
1414.0          2.2204E-16
1415.0          -1.7764E-15
1416.0          -4.4409E-16
1417.0          -2.2204E-15
1418.0          -2.6645E-15
1419.0          -3.5527E-15
1420.0          2.2204E-16
1421.0          -1.1102E-15
1422.0          6.6613E-15
1423.0          8.8818E-16
1424.0          1.9984E-15
1425.0          1.6653E-15
1426.0          2.2204E-16
1427.0          -2.2204E-15
1428.0          -1.3323E-15
1429.0          2.2204E-16
1430.0          6.6613E-16
1431.0          -8.8818E-16
1432.0          1.9984E-15
1433.0          2.6645E-15
1434.0          -1.3323E-15
1435.0          1.6653E-15
1436.0          -4.4409E-16
1437.0          1.5543E-15
1438.0          -2.2204E-16
1439.0          8.8818E-16
1440.0          -3.3307E-15
1441.0          -1.5543E-15
1442.0          2.4425E-15
1443.0          2.2204E-16
1444.0          3.3307E-15
1445.0          1.6653E-15
1446.0          -1.5543E-15
1447.0          1.5543E-15
1448.0          -3.9968E-15
1449.0          -1.5543E-15
1450.0          1.1102E-15
1451.0          2.2204E-15
1452.0          -1.3323E-15
1453.0          -1.9984E-15
1454.0          2.2204E-16
1455.0          -1.3323E-15
1456.0          -2.2204E-16
1457.0          -1.5543E-15
1458.0          -4.4409E-16
1459.0          0.0000
1460.0          -3.1086E-15
1461.0          1.3323E-15
1462.0          -8.8818E-16
1463.0          6.6613E-16
1464.0          -1.5543E-15
1465.0          4.4409E-16
1466.0          -6.6613E-16
1467.0          -1.5543E-15
1468.0          4.4409E-16
1469.0          -1.3323E-15
1470.0          -8.8818E-16
1471.0          2.8866E-15
1472.0          4.3299E-15
1473.0          -1.7764E-15
1474.0          -1.7764E-15
1475.0          -1.1102E-15
1476.0          6.6613E-16
1477.0          3.3307E-16
1478.0          6.6613E-16
1479.0          1.7764E-15
1480.0          -6.6613E-16
1481.0          -4.4409E-16
1482.0          -8.8818E-16
1483.0          -2.2204E-15
1484.0          2.2204E-15
1485.0          1.3323E-15
1486.0          -8.8818E-16
1487.0          0.0000
1488.0          9.9920E-16
1489.0          -8.8818E-16
1490.0          -3.3307E-15
1491.0          -8.8818E-16
1492.0          7.7716E-16
1493.0          -1.5543E-15
1494.0          -3.5527E-15
1495.0          -1.3323E-15
1496.0          8.8818E-16
1497.0          -6.6613E-16
1498.0          -4.4409E-16
1499.0          2.6645E-15
1500.0          2.2204E-16
1501.0          8.8818E-16
1502.0          -8.8818E-16
1503.0          -1.7764E-15
1504.0          -2.6645E-15
1505.0          -1.5543E-15
1506.0          -1.3323E-15
1507.0          -1.5543E-15
1508.0          -6.6613E-16
1509.0          3.7748E-15
1510.0          1.4433E-15
1511.0          1.1102E-16
1512.0          1.5543E-15
1513.0          2.4425E-15
1514.0          0.0000
1515.0          -2.4425E-15
1516.0          9.9920E-16
1517.0          4.4409E-16
1518.0          6.6613E-16
1519.0          -4.4409E-16
1520.0          -1.5543E-15
1521.0          1.1102E-15
1522.0          -6.6613E-16
1523.0          -6.6613E-16
1524.0          1.9984E-15
1525.0          -4.4409E-16
1526.0          -1.5543E-15
1527.0          1.3323E-15
1528.0          2.2204E-16
1529.0          2.4425E-15
1530.0          1.5543E-15
1531.0          -4.4409E-16
1532.0          -2.2204E-16
1533.0          -1.3323E-15
1534.0          -4.4409E-16
1535.0          -4.4409E-16
1536.0          2.2204E-16
1537.0          4.2188E-15
1538.0          -6.6613E-16
1539.0          6.6613E-16
1540.0          -2.2204E-16
1541.0          4.4409E-16
1542.0          -1.5543E-15
1543.0          -2.2204E-16
1544.0          -8.8818E-16
1545.0          1.3323E-15
1546.0          2.4425E-15
1547.0          2.2204E-16
1548.0          8.8818E-16
1549.0          6.6613E-16
1550.0          2.2204E-15
1551.0          -2.2204E-15
1552.0          -4.4409E-16
1553.0          8.8818E-16
1554.0          -2.2204E-15
1555.0          -1.7764E-15
1556.0          2.7756E-15
1557.0          6.6613E-16
1558.0          -4.2188E-15
1559.0          -2.2204E-16
1560.0          0.0000
1561.0          0.0000
1562.0          -3.5527E-15
1563.0          0.0000
1564.0          2.2204E-16
1565.0          -1.5543E-15
1566.0          -4.4409E-16
1567.0          -4.4409E-16
1568.0          0.0000
1569.0          1.3323E-15
1570.0          2.4425E-15
1571.0          1.5543E-15
1572.0          2.3315E-15
1573.0          -4.4409E-16
1574.0          -1.1102E-15
1575.0          -4.4409E-16
1576.0          -1.3323E-15
1577.0          -2.8866E-15
1578.0          -1.3323E-15
1579.0          9.9920E-16
1580.0          -4.4409E-16
1581.0          1.3323E-15
1582.0          0.0000
1583.0          1.1102E-16
1584.0          -1.3323E-15
1585.0          -1.9984E-15
1586.0          1.2212E-15
1587.0          8.8818E-16
1588.0          0.0000
1589.0          -2.2204E-15
1590.0          1.1102E-16
1591.0          -1.3323E-15
1592.0          -2.4425E-15
1593.0          -2.2204E-16
1594.0          5.3291E-15
1595.0          7.7716E-16
1596.0          -2.2204E-16
1597.0          -3.3307E-15
1598.0          2.2204E-15
1599.0          -1.7764E-15
1600.0          -1.7764E-15
1601.0          2.2204E-15
1602.0          2.1094E-15
1603.0          -3.1086E-15
1604.0          2.7756E-15
1605.0          -2.2204E-15
1606.0          0.0000
1607.0          -2.2204E-15
1608.0          1.4433E-15
1609.0          -1.7764E-15
1610.0          -6.6613E-16
1611.0          -2.2204E-16
1612.0          -2.2204E-16
1613.0          -3.7748E-15
1614.0          2.2204E-16
1615.0          -8.8818E-16
1616.0          -1.1102E-15
1617.0          -2.6645E-15
1618.0          0.0000
1619.0          -1.7764E-15
1620.0          -1.9984E-15
1621.0          -4.4409E-16
1622.0          1.8874E-15
1623.0          -1.3323E-15
1624.0          1.3323E-15
1625.0          -8.8818E-16
1626.0          -4.4409E-16
1627.0          2.2204E-16
1628.0          8.8818E-16
1629.0          -2.6645E-15
1630.0          1.5543E-15
1631.0          9.9920E-16
1632.0          1.1102E-15
1633.0          1.6653E-15
1634.0          -3.9968E-15
1635.0          0.0000
1636.0          -4.4409E-16
1637.0          2.6645E-15
1638.0          -4.4409E-16
1639.0          6.6613E-16
1640.0          -3.3307E-15
1641.0          2.2204E-16
1642.0          -6.6613E-16
1643.0          -2.2204E-16
1644.0          0.0000
1645.0          2.8866E-15
1646.0          1.5543E-15
1647.0          6.6613E-16
1648.0          1.2212E-15
1649.0          6.6613E-16
1650.0          -1.1102E-15
