1400.0          0.99009
1401.0          0.99668
1402.0          0.99964
1403.0          0.99974
1404.0          0.99764
1405.0          0.99389
1406.0          0.98890
1407.0          0.98301
1408.0          0.97649
1409.0          0.96955
1410.0          0.96236
1411.0          0.95503
1412.0          0.94766
1413.0          0.94033
1414.0          0.93309
1415.0          0.92597
1416.0          0.91901
1417.0          0.91223
1418.0          0.90563
1419.0          0.89924
1420.0          0.89304
1421.0          0.88705
1422.0          0.88126
1423.0          0.87567
1424.0          0.87028
1425.0          0.86508
1426.0          0.86006
1427.0          0.85522
1428.0          0.85056
1429.0          0.84606
1430.0          0.84172
1431.0          0.83753
1432.0          0.83349
1433.0          0.82959
1434.0          0.82583
1435.0          0.82220
1436.0          0.81869
1437.0          0.81530
1438.0          0.81203
1439.0          0.80886
1440.0          0.80580
1441.0          0.80283
1442.0          0.79996
1443.0          0.79718
1444.0          0.79449
1445.0          0.79189
1446.0          0.78936
1447.0          0.78691
1448.0          0.78453
1449.0          0.78223
1450.0          0.77999
1451.0          0.77781
1452.0          0.77570
1453.0          0.77365
1454.0          0.77165
1455.0          0.76971
1456.0          0.76783
1457.0          0.76599
1458.0          0.76420
1459.0          0.76246
1460.0          0.76076
1461.0          0.75911
1462.0          0.75750
1463.0          0.75593
1464.0          0.75439
1465.0          0.75290
1466.0          0.75144
1467.0          0.75001
1468.0          0.74862
1469.0          0.74726
1470.0          0.74594
1471.0          0.74464
1472.0          0.74337
1473.0          0.74213
1474.0          0.74091
1475.0          0.73972
1476.0          0.73856
1477.0          0.73742
1478.0          0.73630
1479.0          0.73521
1480.0          0.73414
1481.0          0.73309
1482.0          0.73206
1483.0          0.73105
1484.0          0.73006
1485.0          0.72909
1486.0          0.72814
1487.0          0.72720
1488.0          0.72628
1489.0          0.72538
1490.0          0.72449
1491.0          0.72362
1492.0          0.72277
1493.0          0.72192
1494.0          0.72110
1495.0          0.72028
1496.0          0.71948
1497.0          0.71870
1498.0          0.71792
1499.0          0.71716
1500.0          0.71641
1501.0          0.71567
1502.0          0.71494
1503.0          0.71422
1504.0          0.71351
1505.0          0.71281
1506.0          0.71213
1507.0          0.71145
1508.0          0.71078
1509.0          0.71012
1510.0          0.70947
1511.0          0.70883
1512.0          0.70820
1513.0          0.70757
1514.0          0.70696
1515.0          0.70635
1516.0          0.70575
1517.0          0.70515
1518.0          0.70456
1519.0          0.70398
1520.0          0.70341
1521.0          0.70284
1522.0          0.70228
1523.0          0.70173
1524.0          0.70118
1525.0          0.70064
1526.0          0.70010
1527.0          0.69957
1528.0          0.69905
1529.0          0.69853
1530.0          0.69801
1531.0          0.69751
1532.0          0.69700
1533.0          0.69650
1534.0          0.69601
1535.0          0.69552
1536.0          0.69503
1537.0          0.69455
1538.0          0.69407
1539.0          0.69360
1540.0          0.69313
1541.0          0.69267
1542.0          0.69221
1543.0          0.69175
1544.0          0.69130
1545.0          0.69085
1546.0          0.69041
1547.0          0.68996
1548.0          0.68953
1549.0          0.68909
1550.0          0.68866
1551.0          0.68823
1552.0          0.68780
1553.0          0.68738
1554.0          0.68696
1555.0          0.68654
1556.0          0.68613
1557.0          0.68572
1558.0          0.68531
1559.0          0.68491
1560.0          0.68450
1561.0          0.68410
1562.0          0.68370
1563.0          0.68331
1564.0          0.68291
1565.0          0.68252
1566.0          0.68213
1567.0          0.68175
1568.0          0.68136
1569.0          0.68098
1570.0          0.68060
1571.0          0.68022
1572.0          0.67985
1573.0          0.67947
1574.0          0.67910
1575.0          0.67873
1576.0          0.67836
1577.0          0.67800
1578.0          0.67763
1579.0          0.67727
1580.0          0.67691
1581.0          0.67655
1582.0          0.67619
1583.0          0.67583
1584.0          0.67548
1585.0          0.67512
1586.0          0.67477
1587.0          0.67442
1588.0          0.67407
1589.0          0.67372
1590.0          0.67337
1591.0          0.67303
1592.0          0.67269
1593.0          0.67234
1594.0          0.67200
1595.0          0.67166
1596.0          0.67132
1597.0          0.67099
1598.0          0.67065
1599.0          0.67031
1600.0          0.66998
1601.0          0.66965
1602.0          0.66931
1603.0          0.66898
1604.0          0.66865
1605.0          0.66832
1606.0          0.66800
1607.0          0.66767
1608.0          0.66734
1609.0          0.66702
1610.0          0.66669
1611.0          0.66637
1612.0          0.66605
1613.0          0.66573
1614.0          0.66541
1615.0          0.66509
1616.0          0.66477
1617.0          0.66445
1618.0          0.66413
1619.0          0.66382
1620.0          0.66350
1621.0          0.66319
1622.0          0.66287
1623.0          0.66256
1624.0          0.66225
1625.0          0.66193
1626.0          0.66162
1627.0          0.66131
1628.0          0.66100
1629.0          0.66069
1630.0          0.66038
1631.0          0.66007
1632.0          0.65977
1633.0          0.65946
1634.0          0.65915
1635.0          0.65885
1636.0          0.65854
1637.0          0.65824
1638.0          0.65793
1639.0          0.65763
1640.0          0.65733
1641.0          0.65702
1642.0          0.65672
1643.0          0.65642
1644.0          0.65612
1645.0          0.65582
1646.0          0.65552
1647.0          0.65522
1648.0          0.65492
1649.0          0.65462
1650.0          0.65432
1400.0          0.0099149
1401.0          0.0033187
1402.0          3.6484E-4
1403.0          2.6226E-4
1404.0          0.0023558
1405.0          0.0061124
1406.0          0.011105
1407.0          0.016993
1408.0          0.023510
1409.0          0.030446
1410.0          0.037641
1411.0          0.044970
1412.0          0.052336
1413.0          0.059668
1414.0          0.066913
1415.0          0.074029
1416.0          0.080990
1417.0          0.087773
1418.0          0.094368
1419.0          0.10076
1420.0          0.10696
1421.0          0.11295
1422.0          0.11874
1423.0          0.12433
1424.0          0.12972
1425.0          0.13492
1426.0          0.13994
1427.0          0.14478
1428.0          0.14944
1429.0          0.15394
1430.0          0.15828
1431.0          0.16247
1432.0          0.16651
1433.0          0.17041
1434.0          0.17417
1435.0          0.17780
1436.0          0.18131
1437.0          0.18470
1438.0          0.18797
1439.0          0.19114
1440.0          0.19420
1441.0          0.19717
1442.0          0.20004
1443.0          0.20282
1444.0          0.20551
1445.0          0.20811
1446.0          0.21064
1447.0          0.21309
1448.0          0.21547
1449.0          0.21777
1450.0          0.22001
1451.0          0.22219
1452.0          0.22430
1453.0          0.22635
1454.0          0.22835
1455.0          0.23029
1456.0          0.23217
1457.0          0.23401
1458.0          0.23580
1459.0          0.23754
1460.0          0.23924
1461.0          0.24089
1462.0          0.24250
1463.0          0.24407
1464.0          0.24561
1465.0          0.24710
1466.0          0.24856
1467.0          0.24999
1468.0          0.25138
1469.0          0.25274
1470.0          0.25406
1471.0          0.25536
1472.0          0.25663
1473.0          0.25787
1474.0          0.25909
1475.0          0.26028
1476.0          0.26144
1477.0          0.26258
1478.0          0.26370
1479.0          0.26479
1480.0          0.26586
1481.0          0.26691
1482.0          0.26794
1483.0          0.26895
1484.0          0.26994
1485.0          0.27091
1486.0          0.27186
1487.0          0.27280
1488.0          0.27372
1489.0          0.27462
1490.0          0.27551
1491.0          0.27638
1492.0          0.27723
1493.0          0.27808
1494.0          0.27890
1495.0          0.27972
1496.0          0.28052
1497.0          0.28130
1498.0          0.28208
1499.0          0.28284
1500.0          0.28359
1501.0          0.28433
1502.0          0.28506
1503.0          0.28578
1504.0          0.28649
1505.0          0.28719
1506.0          0.28787
1507.0          0.28855
1508.0          0.28922
1509.0          0.28988
1510.0          0.29053
1511.0          0.29117
1512.0          0.29180
1513.0          0.29243
1514.0          0.29304
1515.0          0.29365
1516.0          0.29425
1517.0          0.29485
1518.0          0.29544
1519.0          0.29602
1520.0          0.29659
1521.0          0.29716
1522.0          0.29772
1523.0          0.29827
1524.0          0.29882
1525.0          0.29936
1526.0          0.29990
1527.0          0.30043
1528.0          0.30095
1529.0          0.30147
1530.0          0.30199
1531.0          0.30249
1532.0          0.30300
1533.0          0.30350
1534.0          0.30399
1535.0          0.30448
1536.0          0.30497
1537.0          0.30545
1538.0          0.30593
1539.0          0.30640
1540.0          0.30687
1541.0          0.30733
1542.0          0.30779
1543.0          0.30825
1544.0          0.30870
1545.0          0.30915
1546.0          0.30959
1547.0          0.31004
1548.0          0.31047
1549.0          0.31091
1550.0          0.31134
1551.0          0.31177
1552.0          0.31220
1553.0          0.31262
1554.0          0.31304
1555.0          0.31346
1556.0          0.31387
1557.0          0.31428
1558.0          0.31469
1559.0          0.31509
1560.0          0.31550
1561.0          0.31590
1562.0          0.31630
1563.0          0.31669
1564.0          0.31709
1565.0          0.31748
1566.0          0.31787
1567.0          0.31825
1568.0          0.31864
1569.0          0.31902
1570.0          0.31940
1571.0          0.31978
1572.0          0.32015
1573.0          0.32053
1574.0          0.32090
1575.0          0.32127
1576.0          0.32164
1577.0          0.32200
1578.0          0.32237
1579.0          0.32273
1580.0          0.32309
1581.0          0.32345
1582.0          0.32381
1583.0          0.32417
1584.0          0.32452
1585.0          0.32488
1586.0          0.32523
1587.0          0.32558
1588.0          0.32593
1589.0          0.32628
1590.0          0.32663
1591.0          0.32697
1592.0          0.32731
1593.0          0.32766
1594.0          0.32800
1595.0          0.32834
1596.0          0.32868
1597.0          0.32901
1598.0          0.32935
1599.0          0.32969
1600.0          0.33002
1601.0          0.33035
1602.0          0.33069
1603.0          0.33102
1604.0          0.33135
1605.0          0.33168
1606.0          0.33200
1607.0          0.33233
1608.0          0.33266
1609.0          0.33298
1610.0          0.33331
1611.0          0.33363
1612.0          0.33395
1613.0          0.33427
1614.0          0.33459
1615.0          0.33491
1616.0          0.33523
1617.0          0.33555
1618.0          0.33587
1619.0          0.33618
1620.0          0.33650
1621.0          0.33681
1622.0          0.33713
1623.0          0.33744
1624.0          0.33775
1625.0          0.33807
1626.0          0.33838
1627.0          0.33869
1628.0          0.33900
1629.0          0.33931
1630.0          0.33962
1631.0          0.33993
1632.0          0.34023
1633.0          0.34054
1634.0          0.34085
1635.0          0.34115
1636.0          0.34146
1637.0          0.34176
1638.0          0.34207
1639.0          0.34237
1640.0          0.34267
1641.0          0.34298
1642.0          0.34328
1643.0          0.34358
1644.0          0.34388
1645.0          0.34418
1646.0          0.34448
1647.0          0.34478
1648.0          0.34508
1649.0          0.34538
1650.0          0.34568
1400.0          1.0000
1401.0          1.0000
1402.0          1.0000
1403.0          1.0000
1404.0          1.0000
1405.0          1.0000
1406.0          1.0000
1407.0          1.0000
1408.0          1.0000
1409.0          1.0000
1410.0          1.0000
1411.0          1.0000
1412.0          1.0000
1413.0          1.0000
1414.0          1.0000
1415.0          1.0000
1416.0          1.0000
1417.0          1.0000
1418.0          1.0000
1419.0          1.0000
1420.0          1.0000
1421.0          1.0000
1422.0          1.0000
1423.0          1.0000
1424.0          1.0000
1425.0          1.0000
1426.0          1.0000
1427.0          1.0000
1428.0          1.0000
1429.0          1.0000
1430.0          1.0000
1431.0          1.0000
1432.0          1.0000
1433.0          1.0000
1434.0          1.0000
1435.0          1.0000
1436.0          1.0000
1437.0          1.0000
1438.0          1.0000
1439.0          1.0000
1440.0          1.0000
1441.0          1.0000
1442.0          1.0000
1443.0          1.0000
1444.0          1.0000
1445.0          1.0000
1446.0          1.0000
1447.0          1.0000
1448.0          1.0000
1449.0          1.0000
1450.0          1.0000
1451.0          1.0000
1452.0          1.0000
1453.0          1.0000
1454.0          1.0000
1455.0          1.0000
1456.0          1.0000
1457.0          1.0000
1458.0          1.0000
1459.0          1.0000
1460.0          1.0000
1461.0          1.0000
1462.0          1.0000
1463.0          1.0000
1464.0          1.0000
1465.0          1.0000
1466.0          1.0000
1467.0          1.0000
1468.0          1.0000
1469.0          1.0000
1470.0          1.0000
1471.0          1.0000
1472.0          1.0000
1473.0          1.0000
1474.0          1.0000
1475.0          1.0000
1476.0          1.0000
1477.0          1.0000
1478.0          1.0000
1479.0          1.0000
1480.0          1.0000
1481.0          1.0000
1482.0          1.0000
1483.0          1.0000
1484.0          1.0000
1485.0          1.0000
1486.0          1.0000
1487.0          1.0000
1488.0          1.0000
1489.0          1.0000
1490.0          1.0000
1491.0          1.0000
1492.0          1.0000
1493.0          1.0000
1494.0          1.0000
1495.0          1.0000
1496.0          1.0000
1497.0          1.0000
1498.0          1.0000
1499.0          1.0000
1500.0          1.0000
1501.0          1.0000
1502.0          1.0000
1503.0          1.0000
1504.0          1.0000
1505.0          1.0000
1506.0          1.0000
1507.0          1.0000
1508.0          1.0000
1509.0          1.0000
1510.0          1.0000
1511.0          1.0000
1512.0          1.0000
1513.0          1.0000
1514.0          1.0000
1515.0          1.0000
1516.0          1.0000
1517.0          1.0000
1518.0          1.0000
1519.0          1.0000
1520.0          1.0000
1521.0          1.0000
1522.0          1.0000
1523.0          1.0000
1524.0          1.0000
1525.0          1.0000
1526.0          1.0000
1527.0          1.0000
1528.0          1.0000
1529.0          1.0000
1530.0          1.0000
1531.0          1.0000
1532.0          1.0000
1533.0          1.0000
1534.0          1.0000
1535.0          1.0000
1536.0          1.0000
1537.0          1.0000
1538.0          1.0000
1539.0          1.0000
1540.0          1.0000
1541.0          1.0000
1542.0          1.0000
1543.0          1.0000
1544.0          1.0000
1545.0          1.0000
1546.0          1.0000
1547.0          1.0000
1548.0          1.0000
1549.0          1.0000
1550.0          1.0000
1551.0          1.0000
1552.0          1.0000
1553.0          1.0000
1554.0          1.0000
1555.0          1.0000
1556.0          1.0000
1557.0          1.0000
1558.0          1.0000
1559.0          1.0000
1560.0          1.0000
1561.0          1.0000
1562.0          1.0000
1563.0          1.0000
1564.0          1.0000
1565.0          1.0000
1566.0          1.0000
1567.0          1.0000
1568.0          1.0000
1569.0          1.0000
1570.0          1.0000
1571.0          1.0000
1572.0          1.0000
1573.0          1.0000
1574.0          1.0000
1575.0          1.0000
1576.0          1.0000
1577.0          1.0000
1578.0          1.0000
1579.0          1.0000
1580.0          1.0000
1581.0          1.0000
1582.0          1.0000
1583.0          1.0000
1584.0          1.0000
1585.0          1.0000
1586.0          1.0000
1587.0          1.0000
1588.0          1.0000
1589.0          1.0000
1590.0          1.0000
1591.0          1.0000
1592.0          1.0000
1593.0          1.0000
1594.0          1.0000
1595.0          1.0000
1596.0          1.0000
1597.0          1.0000
1598.0          1.0000
1599.0          1.0000
1600.0          1.0000
1601.0          1.0000
1602.0          1.0000
1603.0          1.0000
1604.0          1.0000
1605.0          1.0000
1606.0          1.0000
1607.0          1.0000
1608.0          1.0000
1609.0          1.0000
1610.0          1.0000
1611.0          1.0000
1612.0          1.0000
1613.0          1.0000
1614.0          1.0000
1615.0          1.0000
1616.0          1.0000
1617.0          1.0000
1618.0          1.0000
1619.0          1.0000
1620.0          1.0000
1621.0          1.0000
1622.0          1.0000
1623.0          1.0000
1624.0          1.0000
1625.0          1.0000
1626.0          1.0000
1627.0          1.0000
1628.0          1.0000
1629.0          1.0000
1630.0          1.0000
1631.0          1.0000
1632.0          1.0000
1633.0          1.0000
1634.0          1.0000
1635.0          1.0000
1636.0          1.0000
1637.0          1.0000
1638.0          1.0000
1639.0          1.0000
1640.0          1.0000
1641.0          1.0000
1642.0          1.0000
1643.0          1.0000
1644.0          1.0000
1645.0          1.0000
1646.0          1.0000
1647.0          1.0000
1648.0          1.0000
1649.0          1.0000
1650.0          1.0000
1400.0          4.1078E-15
1401.0          2.2204E-16
1402.0          -8.8818E-16
1403.0          2.6645E-15
1404.0          1.8874E-15
1405.0          -7.9936E-15
1406.0          4.4409E-16
1407.0          5.4401E-15
1408.0          -4.2188E-15
1409.0          3.3307E-16
1410.0          7.7716E-16
1411.0          1.2212E-15
1412.0          2.2204E-15
1413.0          -3.9968E-15
1414.0          5.5511E-16
1415.0          1.3323E-15
1416.0          -1.9984E-15
1417.0          3.3307E-15
1418.0          2.4425E-15
1419.0          1.1102E-15
1420.0          5.6621E-15
1421.0          -2.8866E-15
1422.0          -5.5511E-15
1423.0          5.5511E-16
1424.0          1.1102E-15
1425.0          2.2204E-15
1426.0          -4.4409E-16
1427.0          -1.1102E-15
1428.0          -1.9984E-15
1429.0          3.2196E-15
1430.0          -8.8818E-16
1431.0          -1.1102E-15
1432.0          -4.4409E-16
1433.0          -8.8818E-16
1434.0          3.1086E-15
1435.0          2.2204E-16
1436.0          -1.7764E-15
1437.0          -4.4409E-16
1438.0          1.2212E-15
1439.0          9.9920E-16
1440.0          9.9920E-16
1441.0          1.7764E-15
1442.0          2.2204E-16
1443.0          -2.6645E-15
1444.0          -1.5543E-15
1445.0          5.5511E-16
1446.0          -1.7764E-15
1447.0          0.0000
1448.0          -2.6645E-15
1449.0          2.2204E-16
1450.0          0.0000
1451.0          2.2204E-16
1452.0          -1.3323E-15
1453.0          1.3323E-15
1454.0          2.2204E-16
1455.0          -1.1102E-15
1456.0          7.7716E-16
1457.0          8.8818E-16
1458.0          2.3315E-15
1459.0          8.8818E-16
1460.0          -1.3323E-15
1461.0          1.8874E-15
1462.0          3.3307E-16
1463.0          -1.7764E-15
1464.0          1.2212E-15
1465.0          -4.4409E-16
1466.0          -1.7764E-15
1467.0          -2.2204E-15
1468.0          -4.4409E-16
1469.0          -1.9984E-15
1470.0          -8.8818E-16
1471.0          2.3315E-15
1472.0          1.9984E-15
1473.0          4.4409E-16
1474.0          2.2204E-15
1475.0          -2.2204E-16
1476.0          8.8818E-16
1477.0          -6.6613E-16
1478.0          -1.5543E-15
1479.0          -1.3323E-15
1480.0          -1.7764E-15
1481.0          -6.6613E-16
1482.0          2.2204E-16
1483.0          -8.8818E-16
1484.0          -3.3307E-15
1485.0          2.2204E-16
1486.0          -6.6613E-16
1487.0          2.3315E-15
1488.0          -8.8818E-16
1489.0          -4.4409E-16
1490.0          -2.2204E-16
1491.0          -1.3323E-15
1492.0          2.4425E-15
1493.0          3.1086E-15
1494.0          -1.7764E-15
1495.0          4.4409E-16
1496.0          2.8866E-15
1497.0          6.6613E-16
1498.0          8.8818E-16
1499.0          2.7756E-15
1500.0          2.4425E-15
1501.0          6.6613E-16
1502.0          -1.5543E-15
1503.0          -2.2204E-15
1504.0          -8.8818E-16
1505.0          -6.6613E-16
1506.0          -2.2204E-16
1507.0          6.6613E-16
1508.0          6.6613E-16
1509.0          6.6613E-16
1510.0          -1.1102E-15
1511.0          0.0000
1512.0          7.7716E-16
1513.0          -4.4409E-16
1514.0          0.0000
1515.0          -1.1102E-15
1516.0          -1.3323E-15
1517.0          5.5511E-16
1518.0          -3.1086E-15
1519.0          -8.8818E-16
1520.0          6.6613E-16
1521.0          0.0000
1522.0          -2.2204E-15
1523.0          -1.9984E-15
1524.0          1.3323E-15
1525.0          -4.4409E-16
1526.0          3.3307E-16
1527.0          1.6653E-15
1528.0          0.0000
1529.0          1.9984E-15
1530.0          -3.5527E-15
1531.0          3.3307E-15
1532.0          -1.1102E-15
1533.0          3.3307E-16
1534.0          1.3323E-15
1535.0          2.2204E-16
1536.0          7.7716E-16
1537.0          2.2204E-16
1538.0          -8.8818E-16
1539.0          3.7748E-15
1540.0          2.2204E-15
1541.0          1.8874E-15
1542.0          -8.8818E-16
1543.0          8.8818E-16
1544.0          1.3323E-15
1545.0          -8.8818E-16
1546.0          -1.7764E-15
1547.0          -6.6613E-16
1548.0          2.6645E-15
1549.0          8.8818E-16
1550.0          1.1102E-15
1551.0          -8.8818E-16
1552.0          -1.1102E-15
1553.0          8.8818E-16
1554.0          2.1094E-15
1555.0          8.8818E-16
1556.0          -2.8866E-15
1557.0          -4.4409E-16
1558.0          2.4425E-15
1559.0          2.2204E-15
1560.0          -1.3323E-15
1561.0          2.2204E-16
1562.0          1.5543E-15
1563.0          1.1102E-15
1564.0          0.0000
1565.0          -2.6645E-15
1566.0          -1.7764E-15
1567.0          -3.3307E-15
1568.0          1.6653E-15
1569.0          -2.2204E-15
1570.0          -2.2204E-16
1571.0          -4.4409E-16
1572.0          2.6645E-15
1573.0          2.2204E-16
1574.0          -8.8818E-16
1575.0          -3.9968E-15
1576.0          -6.6613E-16
1577.0          -4.4409E-16
1578.0          4.4409E-16
1579.0          -8.8818E-16
1580.0          4.4409E-16
1581.0          -1.7764E-15
1582.0          0.0000
1583.0          6.6613E-16
1584.0          2.5535E-15
1585.0          1.1102E-15
1586.0          -3.3307E-15
1587.0          2.2204E-16
1588.0          1.5543E-15
1589.0          -8.8818E-16
1590.0          4.2188E-15
1591.0          2.4425E-15
1592.0          -8.8818E-16
1593.0          5.5511E-16
1594.0          -1.3323E-15
1595.0          -6.6613E-16
1596.0          1.7764E-15
1597.0          2.2204E-15
1598.0          -1.3323E-15
1599.0          2.7756E-15
1600.0          -1.5543E-15
1601.0          6.6613E-16
1602.0          -4.8850E-15
1603.0          0.0000
1604.0          4.4409E-15
1605.0          2.4425E-15
1606.0          -1.1102E-15
1607.0          -1.5543E-15
1608.0          -2.8866E-15
1609.0          -5.7732E-15
1610.0          0.0000
1611.0          0.0000
1612.0          6.6613E-16
1613.0          -2.2204E-16
1614.0          6.6613E-16
1615.0          1.9984E-15
1616.0          2.2204E-16
1617.0          -1.3323E-15
1618.0          -6.6613E-16
1619.0          -4.4409E-16
1620.0          -2.2204E-15
1621.0          -4.4409E-16
1622.0          -3.1086E-15
1623.0          -1.1102E-15
1624.0          -8.8818E-16
1625.0          4.4409E-16
1626.0          -1.5543E-15
1627.0          -1.7764E-15
1628.0          8.8818E-16
1629.0          3.3307E-16
1630.0          1.1102E-15
1631.0          -8.8818E-16
1632.0          -8.8818E-16
1633.0          1.5543E-15
1634.0          2.4425E-15
1635.0          -3.5527E-15
1636.0          -8.8818E-16
1637.0          -4.8850E-15
1638.0          -8.8818E-16
1639.0          -4.4409E-16
1640.0          -1.3323E-15
1641.0          -1.7764E-15
1642.0          4.4409E-16
1643.0          1.1102E-15
1644.0          2.2204E-16
1645.0          -4.2188E-15
1646.0          1.5543E-15
1647.0          1.5543E-15
1648.0          -4.4409E-16
1649.0          3.3307E-15
1650.0          4.2188E-15
