1400.0          0.42406
1401.0          0.42484
1402.0          0.42562
1403.0          0.42639
1404.0          0.42717
1405.0          0.42794
1406.0          0.42871
1407.0          0.42947
1408.0          0.43024
1409.0          0.43100
1410.0          0.43176
1411.0          0.43252
1412.0          0.43327
1413.0          0.43403
1414.0          0.43477
1415.0          0.43552
1416.0          0.43626
1417.0          0.43700
1418.0          0.43774
1419.0          0.43848
1420.0          0.43921
1421.0          0.43994
1422.0          0.44066
1423.0          0.44138
1424.0          0.44210
1425.0          0.44281
1426.0          0.44353
1427.0          0.44423
1428.0          0.44494
1429.0          0.44564
1430.0          0.44634
1431.0          0.44703
1432.0          0.44772
1433.0          0.44841
1434.0          0.44909
1435.0          0.44977
1436.0          0.45044
1437.0          0.45112
1438.0          0.45179
1439.0          0.45245
1440.0          0.45311
1441.0          0.45377
1442.0          0.45442
1443.0          0.45507
1444.0          0.45572
1445.0          0.45636
1446.0          0.45700
1447.0          0.45763
1448.0          0.45826
1449.0          0.45889
1450.0          0.45951
1451.0          0.46013
1452.0          0.46075
1453.0          0.46136
1454.0          0.46197
1455.0          0.46257
1456.0          0.46317
1457.0          0.46377
1458.0          0.46436
1459.0          0.46495
1460.0          0.46554
1461.0          0.46612
1462.0          0.46669
1463.0          0.46727
1464.0          0.46784
1465.0          0.46840
1466.0          0.46897
1467.0          0.46953
1468.0          0.47008
1469.0          0.47063
1470.0          0.47118
1471.0          0.47172
1472.0          0.47226
1473.0          0.47280
1474.0          0.47333
1475.0          0.47386
1476.0          0.47439
1477.0          0.47491
1478.0          0.47543
1479.0          0.47594
1480.0          0.47645
1481.0          0.47696
1482.0          0.47746
1483.0          0.47796
1484.0          0.47846
1485.0          0.47895
1486.0          0.47944
1487.0          0.47993
1488.0          0.48041
1489.0          0.48089
1490.0          0.48137
1491.0          0.48184
1492.0          0.48231
1493.0          0.48277
1494.0          0.48323
1495.0          0.48369
1496.0          0.48415
1497.0          0.48460
1498.0          0.48504
1499.0          0.48549
1500.0          0.48593
1501.0          0.48637
1502.0          0.48680
1503.0          0.48723
1504.0          0.48766
1505.0          0.48809
1506.0          0.48851
1507.0          0.48893
1508.0          0.48934
1509.0          0.48975
1510.0          0.49016
1511.0          0.49057
1512.0          0.49097
1513.0          0.49137
1514.0          0.49177
1515.0          0.49216
1516.0          0.49255
1517.0          0.49294
1518.0          0.49332
1519.0          0.49370
1520.0          0.49408
1521.0          0.49445
1522.0          0.49482
1523.0          0.49519
1524.0          0.49556
1525.0          0.49592
1526.0          0.49628
1527.0          0.49664
1528.0          0.49699
1529.0          0.49734
1530.0          0.49769
1531.0          0.49804
1532.0          0.49838
1533.0          0.49872
1534.0          0.49905
1535.0          0.49939
1536.0          0.49972
1537.0          0.50005
1538.0          0.50037
1539.0          0.50070
1540.0          0.50102
1541.0          0.50133
1542.0          0.50165
1543.0          0.50196
1544.0          0.50227
1545.0          0.50258
1546.0          0.50288
1547.0          0.50318
1548.0          0.50348
1549.0          0.50378
1550.0          0.50407
1551.0          0.50436
1552.0          0.50465
1553.0          0.50494
1554.0          0.50522
1555.0          0.50550
1556.0          0.50578
1557.0          0.50605
1558.0          0.50633
1559.0          0.50660
1560.0          0.50687
1561.0          0.50713
1562.0          0.50740
1563.0          0.50766
1564.0          0.50792
1565.0          0.50817
1566.0          0.50843
1567.0          0.50868
1568.0          0.50893
1569.0          0.50918
1570.0          0.50942
1571.0          0.50966
1572.0          0.50991
1573.0          0.51014
1574.0          0.51038
1575.0          0.51061
1576.0          0.51084
1577.0          0.51107
1578.0          0.51130
1579.0          0.51153
1580.0          0.51175
1581.0          0.51197
1582.0          0.51219
1583.0          0.51240
1584.0          0.51262
1585.0          0.51283
1586.0          0.51304
1587.0          0.51325
1588.0          0.51345
1589.0          0.51366
1590.0          0.51386
1591.0          0.51406
1592.0          0.51425
1593.0          0.51445
1594.0          0.51464
1595.0          0.51484
1596.0          0.51502
1597.0          0.51521
1598.0          0.51540
1599.0          0.51558
1600.0          0.51576
1601.0          0.51594
1602.0          0.51612
1603.0          0.51630
1604.0          0.51647
1605.0          0.51664
1606.0          0.51681
1607.0          0.51698
1608.0          0.51715
1609.0          0.51731
1610.0          0.51748
1611.0          0.51764
1612.0          0.51780
1613.0          0.51795
1614.0          0.51811
1615.0          0.51826
1616.0          0.51842
1617.0          0.51857
1618.0          0.51872
1619.0          0.51886
1620.0          0.51901
1621.0          0.51915
1622.0          0.51929
1623.0          0.51943
1624.0          0.51957
1625.0          0.51971
1626.0          0.51985
1627.0          0.51998
1628.0          0.52011
1629.0          0.52024
1630.0          0.52037
1631.0          0.52050
1632.0          0.52062
1633.0          0.52075
1634.0          0.52087
1635.0          0.52099
1636.0          0.52111
1637.0          0.52123
1638.0          0.52134
1639.0          0.52146
1640.0          0.52157
1641.0          0.52168
1642.0          0.52179
1643.0          0.52190
1644.0          0.52201
1645.0          0.52211
1646.0          0.52222
1647.0          0.52232
1648.0          0.52242
1649.0          0.52252
1650.0          0.52262
1400.0          0.57594
1401.0          0.57516
1402.0          0.57438
1403.0          0.57361
1404.0          0.57283
1405.0          0.57206
1406.0          0.57129
1407.0          0.57053
1408.0          0.56976
1409.0          0.56900
1410.0          0.56824
1411.0          0.56748
1412.0          0.56673
1413.0          0.56597
1414.0          0.56523
1415.0          0.56448
1416.0          0.56374
1417.0          0.56300
1418.0          0.56226
1419.0          0.56152
1420.0          0.56079
1421.0          0.56006
1422.0          0.55934
1423.0          0.55862
1424.0          0.55790
1425.0          0.55719
1426.0          0.55647
1427.0          0.55577
1428.0          0.55506
1429.0          0.55436
1430.0          0.55366
1431.0          0.55297
1432.0          0.55228
1433.0          0.55159
1434.0          0.55091
1435.0          0.55023
1436.0          0.54956
1437.0          0.54888
1438.0          0.54821
1439.0          0.54755
1440.0          0.54689
1441.0          0.54623
1442.0          0.54558
1443.0          0.54493
1444.0          0.54428
1445.0          0.54364
1446.0          0.54300
1447.0          0.54237
1448.0          0.54174
1449.0          0.54111
1450.0          0.54049
1451.0          0.53987
1452.0          0.53925
1453.0          0.53864
1454.0          0.53803
1455.0          0.53743
1456.0          0.53683
1457.0          0.53623
1458.0          0.53564
1459.0          0.53505
1460.0          0.53446
1461.0          0.53388
1462.0          0.53331
1463.0          0.53273
1464.0          0.53216
1465.0          0.53160
1466.0          0.53103
1467.0          0.53047
1468.0          0.52992
1469.0          0.52937
1470.0          0.52882
1471.0          0.52828
1472.0          0.52774
1473.0          0.52720
1474.0          0.52667
1475.0          0.52614
1476.0          0.52561
1477.0          0.52509
1478.0          0.52457
1479.0          0.52406
1480.0          0.52355
1481.0          0.52304
1482.0          0.52254
1483.0          0.52204
1484.0          0.52154
1485.0          0.52105
1486.0          0.52056
1487.0          0.52007
1488.0          0.51959
1489.0          0.51911
1490.0          0.51863
1491.0          0.51816
1492.0          0.51769
1493.0          0.51723
1494.0          0.51677
1495.0          0.51631
1496.0          0.51585
1497.0          0.51540
1498.0          0.51496
1499.0          0.51451
1500.0          0.51407
1501.0          0.51363
1502.0          0.51320
1503.0          0.51277
1504.0          0.51234
1505.0          0.51191
1506.0          0.51149
1507.0          0.51107
1508.0          0.51066
1509.0          0.51025
1510.0          0.50984
1511.0          0.50943
1512.0          0.50903
1513.0          0.50863
1514.0          0.50823
1515.0          0.50784
1516.0          0.50745
1517.0          0.50706
1518.0          0.50668
1519.0          0.50630
1520.0          0.50592
1521.0          0.50555
1522.0          0.50518
1523.0          0.50481
1524.0          0.50444
1525.0          0.50408
1526.0          0.50372
1527.0          0.50336
1528.0          0.50301
1529.0          0.50266
1530.0          0.50231
1531.0          0.50196
1532.0          0.50162
1533.0          0.50128
1534.0          0.50095
1535.0          0.50061
1536.0          0.50028
1537.0          0.49995
1538.0          0.49963
1539.0          0.49930
1540.0          0.49898
1541.0          0.49867
1542.0          0.49835
1543.0          0.49804
1544.0          0.49773
1545.0          0.49742
1546.0          0.49712
1547.0          0.49682
1548.0          0.49652
1549.0          0.49622
1550.0          0.49593
1551.0          0.49564
1552.0          0.49535
1553.0          0.49506
1554.0          0.49478
1555.0          0.49450
1556.0          0.49422
1557.0          0.49395
1558.0          0.49367
1559.0          0.49340
1560.0          0.49313
1561.0          0.49287
1562.0          0.49260
1563.0          0.49234
1564.0          0.49208
1565.0          0.49183
1566.0          0.49157
1567.0          0.49132
1568.0          0.49107
1569.0          0.49082
1570.0          0.49058
1571.0          0.49034
1572.0          0.49009
1573.0          0.48986
1574.0          0.48962
1575.0          0.48939
1576.0          0.48916
1577.0          0.48893
1578.0          0.48870
1579.0          0.48847
1580.0          0.48825
1581.0          0.48803
1582.0          0.48781
1583.0          0.48760
1584.0          0.48738
1585.0          0.48717
1586.0          0.48696
1587.0          0.48675
1588.0          0.48655
1589.0          0.48634
1590.0          0.48614
1591.0          0.48594
1592.0          0.48575
1593.0          0.48555
1594.0          0.48536
1595.0          0.48516
1596.0          0.48498
1597.0          0.48479
1598.0          0.48460
1599.0          0.48442
1600.0          0.48424
1601.0          0.48406
1602.0          0.48388
1603.0          0.48370
1604.0          0.48353
1605.0          0.48336
1606.0          0.48319
1607.0          0.48302
1608.0          0.48285
1609.0          0.48269
1610.0          0.48252
1611.0          0.48236
1612.0          0.48220
1613.0          0.48205
1614.0          0.48189
1615.0          0.48174
1616.0          0.48158
1617.0          0.48143
1618.0          0.48128
1619.0          0.48114
1620.0          0.48099
1621.0          0.48085
1622.0          0.48071
1623.0          0.48057
1624.0          0.48043
1625.0          0.48029
1626.0          0.48015
1627.0          0.48002
1628.0          0.47989
1629.0          0.47976
1630.0          0.47963
1631.0          0.47950
1632.0          0.47938
1633.0          0.47925
1634.0          0.47913
1635.0          0.47901
1636.0          0.47889
1637.0          0.47877
1638.0          0.47866
1639.0          0.47854
1640.0          0.47843
1641.0          0.47832
1642.0          0.47821
1643.0          0.47810
1644.0          0.47799
1645.0          0.47789
1646.0          0.47778
1647.0          0.47768
1648.0          0.47758
1649.0          0.47748
1650.0          0.47738
1400.0          1.0000
1401.0          1.0000
1402.0          1.0000
1403.0          1.0000
1404.0          1.0000
1405.0          1.0000
1406.0          1.0000
1407.0          1.0000
1408.0          1.0000
1409.0          1.0000
1410.0          1.0000
1411.0          1.0000
1412.0          1.0000
1413.0          1.0000
1414.0          1.0000
1415.0          1.0000
1416.0          1.0000
1417.0          1.0000
1418.0          1.0000
1419.0          1.0000
1420.0          1.0000
1421.0          1.0000
1422.0          1.0000
1423.0          1.0000
1424.0          1.0000
1425.0          1.0000
1426.0          1.0000
1427.0          1.0000
1428.0          1.0000
1429.0          1.0000
1430.0          1.0000
1431.0          1.0000
1432.0          1.0000
1433.0          1.0000
1434.0          1.0000
1435.0          1.0000
1436.0          1.0000
1437.0          1.0000
1438.0          1.0000
1439.0          1.0000
1440.0          1.0000
1441.0          1.0000
1442.0          1.0000
1443.0          1.0000
1444.0          1.0000
1445.0          1.0000
1446.0          1.0000
1447.0          1.0000
1448.0          1.0000
1449.0          1.0000
1450.0          1.0000
1451.0          1.0000
1452.0          1.0000
1453.0          1.0000
1454.0          1.0000
1455.0          1.0000
1456.0          1.0000
1457.0          1.0000
1458.0          1.0000
1459.0          1.0000
1460.0          1.0000
1461.0          1.0000
1462.0          1.0000
1463.0          1.0000
1464.0          1.0000
1465.0          1.0000
1466.0          1.0000
1467.0          1.0000
1468.0          1.0000
1469.0          1.0000
1470.0          1.0000
1471.0          1.0000
1472.0          1.0000
1473.0          1.0000
1474.0          1.0000
1475.0          1.0000
1476.0          1.0000
1477.0          1.0000
1478.0          1.0000
1479.0          1.0000
1480.0          1.0000
1481.0          1.0000
1482.0          1.0000
1483.0          1.0000
1484.0          1.0000
1485.0          1.0000
1486.0          1.0000
1487.0          1.0000
1488.0          1.0000
1489.0          1.0000
1490.0          1.0000
1491.0          1.0000
1492.0          1.0000
1493.0          1.0000
1494.0          1.0000
1495.0          1.0000
1496.0          1.0000
1497.0          1.0000
1498.0          1.0000
1499.0          1.0000
1500.0          1.0000
1501.0          1.0000
1502.0          1.0000
1503.0          1.0000
1504.0          1.0000
1505.0          1.0000
1506.0          1.0000
1507.0          1.0000
1508.0          1.0000
1509.0          1.0000
1510.0          1.0000
1511.0          1.0000
1512.0          1.0000
1513.0          1.0000
1514.0          1.0000
1515.0          1.0000
1516.0          1.0000
1517.0          1.0000
1518.0          1.0000
1519.0          1.0000
1520.0          1.0000
1521.0          1.0000
1522.0          1.0000
1523.0          1.0000
1524.0          1.0000
1525.0          1.0000
1526.0          1.0000
1527.0          1.0000
1528.0          1.0000
1529.0          1.0000
1530.0          1.0000
1531.0          1.0000
1532.0          1.0000
1533.0          1.0000
1534.0          1.0000
1535.0          1.0000
1536.0          1.0000
1537.0          1.0000
1538.0          1.0000
1539.0          1.0000
1540.0          1.0000
1541.0          1.0000
1542.0          1.0000
1543.0          1.0000
1544.0          1.0000
1545.0          1.0000
1546.0          1.0000
1547.0          1.0000
1548.0          1.0000
1549.0          1.0000
1550.0          1.0000
1551.0          1.0000
1552.0          1.0000
1553.0          1.0000
1554.0          1.0000
1555.0          1.0000
1556.0          1.0000
1557.0          1.0000
1558.0          1.0000
1559.0          1.0000
1560.0          1.0000
1561.0          1.0000
1562.0          1.0000
1563.0          1.0000
1564.0          1.0000
1565.0          1.0000
1566.0          1.0000
1567.0          1.0000
1568.0          1.0000
1569.0          1.0000
1570.0          1.0000
1571.0          1.0000
1572.0          1.0000
1573.0          1.0000
1574.0          1.0000
1575.0          1.0000
1576.0          1.0000
1577.0          1.0000
1578.0          1.0000
1579.0          1.0000
1580.0          1.0000
1581.0          1.0000
1582.0          1.0000
1583.0          1.0000
1584.0          1.0000
1585.0          1.0000
1586.0          1.0000
1587.0          1.0000
1588.0          1.0000
1589.0          1.0000
1590.0          1.0000
1591.0          1.0000
1592.0          1.0000
1593.0          1.0000
1594.0          1.0000
1595.0          1.0000
1596.0          1.0000
1597.0          1.0000
1598.0          1.0000
1599.0          1.0000
1600.0          1.0000
1601.0          1.0000
1602.0          1.0000
1603.0          1.0000
1604.0          1.0000
1605.0          1.0000
1606.0          1.0000
1607.0          1.0000
1608.0          1.0000
1609.0          1.0000
1610.0          1.0000
1611.0          1.0000
1612.0          1.0000
1613.0          1.0000
1614.0          1.0000
1615.0          1.0000
1616.0          1.0000
1617.0          1.0000
1618.0          1.0000
1619.0          1.0000
1620.0          1.0000
1621.0          1.0000
1622.0          1.0000
1623.0          1.0000
1624.0          1.0000
1625.0          1.0000
1626.0          1.0000
1627.0          1.0000
1628.0          1.0000
1629.0          1.0000
1630.0          1.0000
1631.0          1.0000
1632.0          1.0000
1633.0          1.0000
1634.0          1.0000
1635.0          1.0000
1636.0          1.0000
1637.0          1.0000
1638.0          1.0000
1639.0          1.0000
1640.0          1.0000
1641.0          1.0000
1642.0          1.0000
1643.0          1.0000
1644.0          1.0000
1645.0          1.0000
1646.0          1.0000
1647.0          1.0000
1648.0          1.0000
1649.0          1.0000
1650.0          1.0000
1400.0          2.2204E-15
1401.0          -3.9968E-15
1402.0          1.3323E-15
1403.0          -1.3323E-15
1404.0          1.9984E-15
1405.0          1.8874E-15
1406.0          1.4433E-15
1407.0          2.1094E-15
1408.0          0.0000
1409.0          -6.6613E-16
1410.0          -6.6613E-16
1411.0          1.9984E-15
1412.0          0.0000
1413.0          1.1102E-15
1414.0          -1.9984E-15
1415.0          8.8818E-16
1416.0          6.6613E-16
1417.0          8.8818E-16
1418.0          2.2204E-16
1419.0          -4.4409E-16
1420.0          2.8866E-15
1421.0          -6.6613E-16
1422.0          -1.1102E-15
1423.0          -1.3323E-15
1424.0          -2.2204E-15
1425.0          2.2204E-16
1426.0          3.5527E-15
1427.0          3.1086E-15
1428.0          -4.4409E-15
1429.0          3.4417E-15
1430.0          7.1054E-15
1431.0          -1.9984E-15
1432.0          4.2188E-15
1433.0          1.1102E-15
1434.0          3.4417E-15
1435.0          -6.6613E-16
1436.0          4.4409E-16
1437.0          2.6645E-15
1438.0          2.2204E-16
1439.0          3.1086E-15
1440.0          -3.1086E-15
1441.0          8.8818E-16
1442.0          -8.8818E-16
1443.0          -4.4409E-16
1444.0          2.9976E-15
1445.0          -8.8818E-16
1446.0          -1.3323E-15
1447.0          1.5543E-15
1448.0          2.2204E-16
1449.0          1.6653E-15
1450.0          -2.2204E-15
1451.0          0.0000
1452.0          -1.9984E-15
1453.0          2.1094E-15
1454.0          -2.8866E-15
1455.0          6.6613E-16
1456.0          1.4433E-15
1457.0          -3.3307E-15
1458.0          6.6613E-16
1459.0          4.9960E-15
1460.0          -1.7764E-15
1461.0          -1.3323E-15
1462.0          -4.4409E-16
1463.0          0.0000
1464.0          1.5543E-15
1465.0          -1.1102E-15
1466.0          9.9920E-16
1467.0          5.5511E-16
1468.0          -6.6613E-16
1469.0          -1.5543E-15
1470.0          8.8818E-16
1471.0          -4.4409E-16
1472.0          1.2212E-15
1473.0          1.3323E-15
1474.0          6.6613E-16
1475.0          4.4409E-16
1476.0          6.6613E-16
1477.0          -4.4409E-16
1478.0          -4.4409E-16
1479.0          -2.2204E-15
1480.0          7.7716E-16
1481.0          2.2204E-16
1482.0          -4.4409E-16
1483.0          -1.1102E-15
1484.0          1.6653E-15
1485.0          4.4409E-16
1486.0          1.9984E-15
1487.0          -3.9968E-15
1488.0          1.9984E-15
1489.0          -1.7764E-15
1490.0          2.4425E-15
1491.0          -8.8818E-16
1492.0          2.2204E-16
1493.0          1.5543E-15
1494.0          -1.7764E-15
1495.0          -4.4409E-16
1496.0          -2.2204E-16
1497.0          -1.7764E-15
1498.0          5.5511E-16
1499.0          0.0000
1500.0          -4.4409E-16
1501.0          3.3307E-16
1502.0          7.7716E-16
1503.0          1.3323E-15
1504.0          -2.8866E-15
1505.0          4.4409E-16
1506.0          -1.9984E-15
1507.0          2.1094E-15
1508.0          -1.3323E-15
1509.0          0.0000
1510.0          2.2204E-16
1511.0          3.6637E-15
1512.0          -2.2204E-15
1513.0          -1.7764E-15
1514.0          -8.8818E-16
1515.0          2.2204E-15
1516.0          -1.3323E-15
1517.0          -1.1102E-15
1518.0          -1.1102E-15
1519.0          -1.7764E-15
1520.0          -8.8818E-16
1521.0          -8.8818E-16
1522.0          -6.6613E-16
1523.0          -1.3323E-15
1524.0          -8.8818E-16
1525.0          1.2212E-15
1526.0          -8.8818E-16
1527.0          -2.6645E-15
1528.0          -1.5543E-15
1529.0          1.3323E-15
1530.0          -8.8818E-16
1531.0          -2.4425E-15
1532.0          -1.9984E-15
1533.0          4.4409E-16
1534.0          1.3323E-15
1535.0          0.0000
1536.0          -4.4409E-16
1537.0          -1.3323E-15
1538.0          2.3315E-15
1539.0          1.3323E-15
1540.0          8.8818E-16
1541.0          -1.7764E-15
1542.0          -1.9984E-15
1543.0          2.2204E-16
1544.0          -1.1102E-15
1545.0          1.3323E-15
1546.0          -8.8818E-16
1547.0          2.5535E-15
1548.0          -3.3307E-15
1549.0          2.1094E-15
1550.0          -2.2204E-16
1551.0          -2.2204E-16
1552.0          1.5543E-15
1553.0          4.4409E-16
1554.0          -2.2204E-15
1555.0          9.9920E-16
1556.0          1.9984E-15
1557.0          3.3307E-16
1558.0          6.6613E-16
1559.0          -4.4409E-16
1560.0          -2.4425E-15
1561.0          8.8818E-16
1562.0          -6.6613E-16
1563.0          2.6645E-15
1564.0          -8.8818E-16
1565.0          3.1086E-15
1566.0          6.6613E-16
1567.0          -4.4409E-16
1568.0          5.1070E-15
1569.0          -1.3323E-15
1570.0          7.7716E-16
1571.0          -1.1102E-15
1572.0          2.8866E-15
1573.0          1.3323E-15
1574.0          2.4425E-15
1575.0          -1.3323E-15
1576.0          7.7716E-16
1577.0          -2.2204E-16
1578.0          1.5543E-15
1579.0          2.1094E-15
1580.0          -2.2204E-16
1581.0          -2.2204E-15
1582.0          8.8818E-16
1583.0          3.7748E-15
1584.0          4.4409E-16
1585.0          -1.1102E-15
1586.0          2.8866E-15
1587.0          -4.4409E-15
1588.0          3.6637E-15
1589.0          -2.4425E-15
1590.0          1.2212E-15
1591.0          -5.5511E-15
1592.0          3.3307E-15
1593.0          1.5543E-15
1594.0          1.3323E-15
1595.0          1.4433E-15
1596.0          -2.2204E-15
1597.0          -1.9984E-15
1598.0          -3.3307E-15
1599.0          0.0000
1600.0          1.1102E-15
1601.0          7.6605E-15
1602.0          3.3307E-15
1603.0          -2.4425E-15
1604.0          -4.8850E-15
1605.0          -5.3291E-15
1606.0          -2.4425E-15
1607.0          1.6653E-15
1608.0          -2.4425E-15
1609.0          -3.9968E-15
1610.0          -3.9968E-15
1611.0          1.5543E-15
1612.0          -2.4425E-15
1613.0          -1.3323E-15
1614.0          3.8858E-15
1615.0          -2.4425E-15
1616.0          2.4425E-15
1617.0          4.4409E-16
1618.0          4.4409E-16
1619.0          -6.6613E-16
1620.0          4.9960E-15
1621.0          0.0000
1622.0          -1.3323E-15
1623.0          4.4409E-16
1624.0          -8.8818E-16
1625.0          -1.1102E-15
1626.0          -5.7732E-15
1627.0          1.6653E-15
1628.0          -2.8866E-15
1629.0          -4.4409E-16
1630.0          -1.7764E-15
1631.0          0.0000
1632.0          -6.6613E-16
1633.0          -1.9984E-15
1634.0          -2.2204E-15
1635.0          4.8850E-15
1636.0          -2.2204E-16
1637.0          3.7748E-15
1638.0          2.2204E-15
1639.0          -6.6613E-16
1640.0          8.8818E-16
1641.0          0.0000
1642.0          -1.5543E-15
1643.0          2.1094E-15
1644.0          3.7748E-15
1645.0          -4.8850E-15
1646.0          -6.2172E-15
1647.0          2.7756E-15
1648.0          9.9920E-16
1649.0          -4.6629E-15
1650.0          -4.4409E-16
