1400.0          0.27353
1401.0          0.27393
1402.0          0.27432
1403.0          0.27472
1404.0          0.27511
1405.0          0.27550
1406.0          0.27588
1407.0          0.27626
1408.0          0.27664
1409.0          0.27702
1410.0          0.27739
1411.0          0.27776
1412.0          0.27813
1413.0          0.27850
1414.0          0.27886
1415.0          0.27922
1416.0          0.27958
1417.0          0.27993
1418.0          0.28029
1419.0          0.28063
1420.0          0.28098
1421.0          0.28133
1422.0          0.28167
1423.0          0.28201
1424.0          0.28234
1425.0          0.28268
1426.0          0.28301
1427.0          0.28334
1428.0          0.28366
1429.0          0.28399
1430.0          0.28431
1431.0          0.28462
1432.0          0.28494
1433.0          0.28525
1434.0          0.28557
1435.0          0.28587
1436.0          0.28618
1437.0          0.28648
1438.0          0.28679
1439.0          0.28708
1440.0          0.28738
1441.0          0.28768
1442.0          0.28797
1443.0          0.28826
1444.0          0.28854
1445.0          0.28883
1446.0          0.28911
1447.0          0.28939
1448.0          0.28967
1449.0          0.28995
1450.0          0.29022
1451.0          0.29049
1452.0          0.29076
1453.0          0.29103
1454.0          0.29129
1455.0          0.29156
1456.0          0.29182
1457.0          0.29207
1458.0          0.29233
1459.0          0.29258
1460.0          0.29284
1461.0          0.29309
1462.0          0.29333
1463.0          0.29358
1464.0          0.29382
1465.0          0.29407
1466.0          0.29430
1467.0          0.29454
1468.0          0.29478
1469.0          0.29501
1470.0          0.29524
1471.0          0.29547
1472.0          0.29570
1473.0          0.29592
1474.0          0.29615
1475.0          0.29637
1476.0          0.29659
1477.0          0.29681
1478.0          0.29702
1479.0          0.29724
1480.0          0.29745
1481.0          0.29766
1482.0          0.29787
1483.0          0.29807
1484.0          0.29828
1485.0          0.29848
1486.0          0.29868
1487.0          0.29888
1488.0          0.29908
1489.0          0.29927
1490.0          0.29947
1491.0          0.29966
1492.0          0.29985
1493.0          0.30004
1494.0          0.30022
1495.0          0.30041
1496.0          0.30059
1497.0          0.30077
1498.0          0.30095
1499.0          0.30113
1500.0          0.30131
1501.0          0.30148
1502.0          0.30165
1503.0          0.30183
1504.0          0.30200
1505.0          0.30216
1506.0          0.30233
1507.0          0.30249
1508.0          0.30266
1509.0          0.30282
1510.0          0.30298
1511.0          0.30314
1512.0          0.30329
1513.0          0.30345
1514.0          0.30360
1515.0          0.30375
1516.0          0.30391
1517.0          0.30405
1518.0          0.30420
1519.0          0.30435
1520.0          0.30449
1521.0          0.30464
1522.0          0.30478
1523.0          0.30492
1524.0          0.30506
1525.0          0.30519
1526.0          0.30533
1527.0          0.30546
1528.0          0.30559
1529.0          0.30573
1530.0          0.30586
1531.0          0.30598
1532.0          0.30611
1533.0          0.30624
1534.0          0.30636
1535.0          0.30648
1536.0          0.30661
1537.0          0.30673
1538.0          0.30684
1539.0          0.30696
1540.0          0.30708
1541.0          0.30719
1542.0          0.30731
1543.0          0.30742
1544.0          0.30753
1545.0          0.30764
1546.0          0.30775
1547.0          0.30785
1548.0          0.30796
1549.0          0.30806
1550.0          0.30817
1551.0          0.30827
1552.0          0.30837
1553.0          0.30847
1554.0          0.30857
1555.0          0.30866
1556.0          0.30876
1557.0          0.30885
1558.0          0.30895
1559.0          0.30904
1560.0          0.30913
1561.0          0.30922
1562.0          0.30931
1563.0          0.30939
1564.0          0.30948
1565.0          0.30957
1566.0          0.30965
1567.0          0.30973
1568.0          0.30981
1569.0          0.30989
1570.0          0.30997
1571.0          0.31005
1572.0          0.31013
1573.0          0.31020
1574.0          0.31028
1575.0          0.31035
1576.0          0.31042
1577.0          0.31050
1578.0          0.31057
1579.0          0.31063
1580.0          0.31070
1581.0          0.31077
1582.0          0.31084
1583.0          0.31090
1584.0          0.31096
1585.0          0.31103
1586.0          0.31109
1587.0          0.31115
1588.0          0.31121
1589.0          0.31127
1590.0          0.31133
1591.0          0.31138
1592.0          0.31144
1593.0          0.31149
1594.0          0.31155
1595.0          0.31160
1596.0          0.31165
1597.0          0.31170
1598.0          0.31175
1599.0          0.31180
1600.0          0.31185
1601.0          0.31190
1602.0          0.31194
1603.0          0.31199
1604.0          0.31203
1605.0          0.31207
1606.0          0.31212
1607.0          0.31216
1608.0          0.31220
1609.0          0.31224
1610.0          0.31228
1611.0          0.31231
1612.0          0.31235
1613.0          0.31239
1614.0          0.31242
1615.0          0.31246
1616.0          0.31249
1617.0          0.31252
1618.0          0.31255
1619.0          0.31259
1620.0          0.31261
1621.0          0.31264
1622.0          0.31267
1623.0          0.31270
1624.0          0.31273
1625.0          0.31275
1626.0          0.31278
1627.0          0.31280
1628.0          0.31282
1629.0          0.31285
1630.0          0.31287
1631.0          0.31289
1632.0          0.31291
1633.0          0.31293
1634.0          0.31295
1635.0          0.31296
1636.0          0.31298
1637.0          0.31300
1638.0          0.31301
1639.0          0.31303
1640.0          0.31304
1641.0          0.31305
1642.0          0.31306
1643.0          0.31308
1644.0          0.31309
1645.0          0.31310
1646.0          0.31311
1647.0          0.31311
1648.0          0.31312
1649.0          0.31313
1650.0          0.31314
1400.0          0.72647
1401.0          0.72607
1402.0          0.72568
1403.0          0.72528
1404.0          0.72489
1405.0          0.72450
1406.0          0.72412
1407.0          0.72374
1408.0          0.72336
1409.0          0.72298
1410.0          0.72261
1411.0          0.72224
1412.0          0.72187
1413.0          0.72150
1414.0          0.72114
1415.0          0.72078
1416.0          0.72042
1417.0          0.72007
1418.0          0.71971
1419.0          0.71937
1420.0          0.71902
1421.0          0.71867
1422.0          0.71833
1423.0          0.71799
1424.0          0.71766
1425.0          0.71732
1426.0          0.71699
1427.0          0.71666
1428.0          0.71634
1429.0          0.71601
1430.0          0.71569
1431.0          0.71538
1432.0          0.71506
1433.0          0.71475
1434.0          0.71443
1435.0          0.71413
1436.0          0.71382
1437.0          0.71352
1438.0          0.71321
1439.0          0.71292
1440.0          0.71262
1441.0          0.71232
1442.0          0.71203
1443.0          0.71174
1444.0          0.71146
1445.0          0.71117
1446.0          0.71089
1447.0          0.71061
1448.0          0.71033
1449.0          0.71005
1450.0          0.70978
1451.0          0.70951
1452.0          0.70924
1453.0          0.70897
1454.0          0.70871
1455.0          0.70844
1456.0          0.70818
1457.0          0.70793
1458.0          0.70767
1459.0          0.70742
1460.0          0.70716
1461.0          0.70691
1462.0          0.70667
1463.0          0.70642
1464.0          0.70618
1465.0          0.70593
1466.0          0.70570
1467.0          0.70546
1468.0          0.70522
1469.0          0.70499
1470.0          0.70476
1471.0          0.70453
1472.0          0.70430
1473.0          0.70408
1474.0          0.70385
1475.0          0.70363
1476.0          0.70341
1477.0          0.70319
1478.0          0.70298
1479.0          0.70276
1480.0          0.70255
1481.0          0.70234
1482.0          0.70213
1483.0          0.70193
1484.0          0.70172
1485.0          0.70152
1486.0          0.70132
1487.0          0.70112
1488.0          0.70092
1489.0          0.70073
1490.0          0.70053
1491.0          0.70034
1492.0          0.70015
1493.0          0.69996
1494.0          0.69978
1495.0          0.69959
1496.0          0.69941
1497.0          0.69923
1498.0          0.69905
1499.0          0.69887
1500.0          0.69869
1501.0          0.69852
1502.0          0.69835
1503.0          0.69817
1504.0          0.69800
1505.0          0.69784
1506.0          0.69767
1507.0          0.69751
1508.0          0.69734
1509.0          0.69718
1510.0          0.69702
1511.0          0.69686
1512.0          0.69671
1513.0          0.69655
1514.0          0.69640
1515.0          0.69625
1516.0          0.69609
1517.0          0.69595
1518.0          0.69580
1519.0          0.69565
1520.0          0.69551
1521.0          0.69536
1522.0          0.69522
1523.0          0.69508
1524.0          0.69494
1525.0          0.69481
1526.0          0.69467
1527.0          0.69454
1528.0          0.69441
1529.0          0.69427
1530.0          0.69414
1531.0          0.69402
1532.0          0.69389
1533.0          0.69376
1534.0          0.69364
1535.0          0.69352
1536.0          0.69339
1537.0          0.69327
1538.0          0.69316
1539.0          0.69304
1540.0          0.69292
1541.0          0.69281
1542.0          0.69269
1543.0          0.69258
1544.0          0.69247
1545.0          0.69236
1546.0          0.69225
1547.0          0.69215
1548.0          0.69204
1549.0          0.69194
1550.0          0.69183
1551.0          0.69173
1552.0          0.69163
1553.0          0.69153
1554.0          0.69143
1555.0          0.69134
1556.0          0.69124
1557.0          0.69115
1558.0          0.69105
1559.0          0.69096
1560.0          0.69087
1561.0          0.69078
1562.0          0.69069
1563.0          0.69061
1564.0          0.69052
1565.0          0.69043
1566.0          0.69035
1567.0          0.69027
1568.0          0.69019
1569.0          0.69011
1570.0          0.69003
1571.0          0.68995
1572.0          0.68987
1573.0          0.68980
1574.0          0.68972
1575.0          0.68965
1576.0          0.68958
1577.0          0.68950
1578.0          0.68943
1579.0          0.68937
1580.0          0.68930
1581.0          0.68923
1582.0          0.68916
1583.0          0.68910
1584.0          0.68904
1585.0          0.68897
1586.0          0.68891
1587.0          0.68885
1588.0          0.68879
1589.0          0.68873
1590.0          0.68867
1591.0          0.68862
1592.0          0.68856
1593.0          0.68851
1594.0          0.68845
1595.0          0.68840
1596.0          0.68835
1597.0          0.68830
1598.0          0.68825
1599.0          0.68820
1600.0          0.68815
1601.0          0.68810
1602.0          0.68806
1603.0          0.68801
1604.0          0.68797
1605.0          0.68793
1606.0          0.68788
1607.0          0.68784
1608.0          0.68780
1609.0          0.68776
1610.0          0.68772
1611.0          0.68769
1612.0          0.68765
1613.0          0.68761
1614.0          0.68758
1615.0          0.68754
1616.0          0.68751
1617.0          0.68748
1618.0          0.68745
1619.0          0.68741
1620.0          0.68739
1621.0          0.68736
1622.0          0.68733
1623.0          0.68730
1624.0          0.68727
1625.0          0.68725
1626.0          0.68722
1627.0          0.68720
1628.0          0.68718
1629.0          0.68715
1630.0          0.68713
1631.0          0.68711
1632.0          0.68709
1633.0          0.68707
1634.0          0.68705
1635.0          0.68704
1636.0          0.68702
1637.0          0.68700
1638.0          0.68699
1639.0          0.68697
1640.0          0.68696
1641.0          0.68695
1642.0          0.68694
1643.0          0.68692
1644.0          0.68691
1645.0          0.68690
1646.0          0.68689
1647.0          0.68689
1648.0          0.68688
1649.0          0.68687
1650.0          0.68686
1400.0          1.0000
1401.0          1.0000
1402.0          1.0000
1403.0          1.0000
1404.0          1.0000
1405.0          1.0000
1406.0          1.0000
1407.0          1.0000
1408.0          1.0000
1409.0          1.0000
1410.0          1.0000
1411.0          1.0000
1412.0          1.0000
1413.0          1.0000
1414.0          1.0000
1415.0          1.0000
1416.0          1.0000
1417.0          1.0000
1418.0          1.0000
1419.0          1.0000
1420.0          1.0000
1421.0          1.0000
1422.0          1.0000
1423.0          1.0000
1424.0          1.0000
1425.0          1.0000
1426.0          1.0000
1427.0          1.0000
1428.0          1.0000
1429.0          1.0000
1430.0          1.0000
1431.0          1.0000
1432.0          1.0000
1433.0          1.0000
1434.0          1.0000
1435.0          1.0000
1436.0          1.0000
1437.0          1.0000
1438.0          1.0000
1439.0          1.0000
1440.0          1.0000
1441.0          1.0000
1442.0          1.0000
1443.0          1.0000
1444.0          1.0000
1445.0          1.0000
1446.0          1.0000
1447.0          1.0000
1448.0          1.0000
1449.0          1.0000
1450.0          1.0000
1451.0          1.0000
1452.0          1.0000
1453.0          1.0000
1454.0          1.0000
1455.0          1.0000
1456.0          1.0000
1457.0          1.0000
1458.0          1.0000
1459.0          1.0000
1460.0          1.0000
1461.0          1.0000
1462.0          1.0000
1463.0          1.0000
1464.0          1.0000
1465.0          1.0000
1466.0          1.0000
1467.0          1.0000
1468.0          1.0000
1469.0          1.0000
1470.0          1.0000
1471.0          1.0000
1472.0          1.0000
1473.0          1.0000
1474.0          1.0000
1475.0          1.0000
1476.0          1.0000
1477.0          1.0000
1478.0          1.0000
1479.0          1.0000
1480.0          1.0000
1481.0          1.0000
1482.0          1.0000
1483.0          1.0000
1484.0          1.0000
1485.0          1.0000
1486.0          1.0000
1487.0          1.0000
1488.0          1.0000
1489.0          1.0000
1490.0          1.0000
1491.0          1.0000
1492.0          1.0000
1493.0          1.0000
1494.0          1.0000
1495.0          1.0000
1496.0          1.0000
1497.0          1.0000
1498.0          1.0000
1499.0          1.0000
1500.0          1.0000
1501.0          1.0000
1502.0          1.0000
1503.0          1.0000
1504.0          1.0000
1505.0          1.0000
1506.0          1.0000
1507.0          1.0000
1508.0          1.0000
1509.0          1.0000
1510.0          1.0000
1511.0          1.0000
1512.0          1.0000
1513.0          1.0000
1514.0          1.0000
1515.0          1.0000
1516.0          1.0000
1517.0          1.0000
1518.0          1.0000
1519.0          1.0000
1520.0          1.0000
1521.0          1.0000
1522.0          1.0000
1523.0          1.0000
1524.0          1.0000
1525.0          1.0000
1526.0          1.0000
1527.0          1.0000
1528.0          1.0000
1529.0          1.0000
1530.0          1.0000
1531.0          1.0000
1532.0          1.0000
1533.0          1.0000
1534.0          1.0000
1535.0          1.0000
1536.0          1.0000
1537.0          1.0000
1538.0          1.0000
1539.0          1.0000
1540.0          1.0000
1541.0          1.0000
1542.0          1.0000
1543.0          1.0000
1544.0          1.0000
1545.0          1.0000
1546.0          1.0000
1547.0          1.0000
1548.0          1.0000
1549.0          1.0000
1550.0          1.0000
1551.0          1.0000
1552.0          1.0000
1553.0          1.0000
1554.0          1.0000
1555.0          1.0000
1556.0          1.0000
1557.0          1.0000
1558.0          1.0000
1559.0          1.0000
1560.0          1.0000
1561.0          1.0000
1562.0          1.0000
1563.0          1.0000
1564.0          1.0000
1565.0          1.0000
1566.0          1.0000
1567.0          1.0000
1568.0          1.0000
1569.0          1.0000
1570.0          1.0000
1571.0          1.0000
1572.0          1.0000
1573.0          1.0000
1574.0          1.0000
1575.0          1.0000
1576.0          1.0000
1577.0          1.0000
1578.0          1.0000
1579.0          1.0000
1580.0          1.0000
1581.0          1.0000
1582.0          1.0000
1583.0          1.0000
1584.0          1.0000
1585.0          1.0000
1586.0          1.0000
1587.0          1.0000
1588.0          1.0000
1589.0          1.0000
1590.0          1.0000
1591.0          1.0000
1592.0          1.0000
1593.0          1.0000
1594.0          1.0000
1595.0          1.0000
1596.0          1.0000
1597.0          1.0000
1598.0          1.0000
1599.0          1.0000
1600.0          1.0000
1601.0          1.0000
1602.0          1.0000
1603.0          1.0000
1604.0          1.0000
1605.0          1.0000
1606.0          1.0000
1607.0          1.0000
1608.0          1.0000
1609.0          1.0000
1610.0          1.0000
1611.0          1.0000
1612.0          1.0000
1613.0          1.0000
1614.0          1.0000
1615.0          1.0000
1616.0          1.0000
1617.0          1.0000
1618.0          1.0000
1619.0          1.0000
1620.0          1.0000
1621.0          1.0000
1622.0          1.0000
1623.0          1.0000
1624.0          1.0000
1625.0          1.0000
1626.0          1.0000
1627.0          1.0000
1628.0          1.0000
1629.0          1.0000
1630.0          1.0000
1631.0          1.0000
1632.0          1.0000
1633.0          1.0000
1634.0          1.0000
1635.0          1.0000
1636.0          1.0000
1637.0          1.0000
1638.0          1.0000
1639.0          1.0000
1640.0          1.0000
1641.0          1.0000
1642.0          1.0000
1643.0          1.0000
1644.0          1.0000
1645.0          1.0000
1646.0          1.0000
1647.0          1.0000
1648.0          1.0000
1649.0          1.0000
1650.0          1.0000
1400.0          4.4409E-16
1401.0          -1.5543E-15
1402.0          -3.5527E-15
1403.0          4.4409E-16
1404.0          -1.1102E-15
1405.0          1.3323E-15
1406.0          5.5511E-16
1407.0          -1.7764E-15
1408.0          2.2204E-16
1409.0          -2.4425E-15
1410.0          1.2212E-15
1411.0          -1.5543E-15
1412.0          -1.1102E-15
1413.0          -2.6645E-15
1414.0          1.5543E-15
1415.0          9.9920E-16
1416.0          4.4409E-16
1417.0          7.7716E-16
1418.0          -4.4409E-16
1419.0          0.0000
1420.0          -4.4409E-16
1421.0          -4.4409E-16
1422.0          8.8818E-16
1423.0          1.9984E-15
1424.0          -2.2204E-15
1425.0          -8.8818E-16
1426.0          -6.4393E-15
1427.0          6.6613E-16
1428.0          7.7716E-16
1429.0          -4.4409E-16
1430.0          -2.6645E-15
1431.0          -2.8866E-15
1432.0          2.2204E-16
1433.0          2.8866E-15
1434.0          -6.6613E-15
1435.0          1.6653E-15
1436.0          4.7740E-15
1437.0          -1.7764E-15
1438.0          2.8866E-15
1439.0          -4.4409E-16
1440.0          2.4425E-15
1441.0          -1.7764E-15
1442.0          -1.1102E-15
1443.0          -1.3323E-15
1444.0          1.9984E-15
1445.0          0.0000
1446.0          -1.5543E-15
1447.0          -4.4409E-16
1448.0          -8.8818E-16
1449.0          7.7716E-16
1450.0          2.1094E-15
1451.0          1.5543E-15
1452.0          -6.6613E-16
1453.0          -1.7764E-15
1454.0          1.4433E-15
1455.0          3.3307E-15
1456.0          1.7764E-15
1457.0          -4.4409E-16
1458.0          -4.4409E-16
1459.0          -6.6613E-16
1460.0          5.5511E-16
1461.0          3.1086E-15
1462.0          9.9920E-16
1463.0          9.9920E-16
1464.0          -6.6613E-16
1465.0          -8.8818E-16
1466.0          9.9920E-16
1467.0          -3.3307E-15
1468.0          4.1078E-15
1469.0          -2.2204E-16
1470.0          2.3315E-15
1471.0          -1.9984E-15
1472.0          -4.6629E-15
1473.0          3.3307E-16
1474.0          4.4409E-16
1475.0          -4.4409E-16
1476.0          -1.3323E-15
1477.0          -1.3323E-15
1478.0          -8.8818E-16
1479.0          -2.2204E-16
1480.0          0.0000
1481.0          -1.1102E-15
1482.0          -2.2204E-15
1483.0          -2.2204E-16
1484.0          -1.7764E-15
1485.0          -2.2204E-15
1486.0          1.7764E-15
1487.0          8.8818E-16
1488.0          1.1102E-15
1489.0          2.2204E-16
1490.0          -3.1086E-15
1491.0          -8.8818E-16
1492.0          2.3315E-15
1493.0          1.5543E-15
1494.0          -8.8818E-16
1495.0          0.0000
1496.0          2.3315E-15
1497.0          -8.8818E-16
1498.0          2.2204E-15
1499.0          9.9920E-16
1500.0          0.0000
1501.0          -2.8866E-15
1502.0          4.2188E-15
1503.0          -4.4409E-16
1504.0          2.1094E-15
1505.0          1.6653E-15
1506.0          -1.1102E-15
1507.0          2.4425E-15
1508.0          -8.8818E-16
1509.0          -1.3323E-15
1510.0          -1.3323E-15
1511.0          -4.4409E-16
1512.0          2.5535E-15
1513.0          -2.2204E-15
1514.0          -1.7764E-15
1515.0          -1.9984E-15
1516.0          -2.8866E-15
1517.0          1.3323E-15
1518.0          7.7716E-16
1519.0          2.5535E-15
1520.0          -4.2188E-15
1521.0          -6.6613E-16
1522.0          -2.4425E-15
1523.0          8.8818E-16
1524.0          2.8866E-15
1525.0          -5.5511E-15
1526.0          0.0000
1527.0          -4.4409E-16
1528.0          1.1102E-16
1529.0          -1.3323E-15
1530.0          3.9968E-15
1531.0          -2.8866E-15
1532.0          -3.1086E-15
1533.0          1.5543E-15
1534.0          -1.3323E-15
1535.0          8.8818E-16
1536.0          1.6653E-15
1537.0          -8.8818E-16
1538.0          3.5527E-15
1539.0          3.7748E-15
1540.0          2.2204E-15
1541.0          -2.2204E-15
1542.0          -8.8818E-16
1543.0          -8.8818E-16
1544.0          -8.8818E-16
1545.0          -2.4425E-15
1546.0          -2.8866E-15
1547.0          2.5535E-15
1548.0          -6.6613E-16
1549.0          1.3323E-15
1550.0          2.8866E-15
1551.0          -1.1102E-15
1552.0          2.8866E-15
1553.0          1.8874E-15
1554.0          -6.6613E-16
1555.0          5.5511E-16
1556.0          8.8818E-16
1557.0          1.1102E-15
1558.0          -2.2204E-15
1559.0          -1.7764E-15
1560.0          2.4425E-15
1561.0          -2.2204E-15
1562.0          -1.7764E-15
1563.0          -2.2204E-15
1564.0          1.2212E-15
1565.0          8.8818E-16
1566.0          2.1094E-15
1567.0          -2.2204E-16
1568.0          1.1102E-15
1569.0          -1.1102E-15
1570.0          -4.4409E-16
1571.0          -1.5543E-15
1572.0          2.8866E-15
1573.0          -1.5543E-15
1574.0          -2.4425E-15
1575.0          8.8818E-16
1576.0          -8.8818E-16
1577.0          -6.6613E-16
1578.0          -2.2204E-15
1579.0          -1.9984E-15
1580.0          -2.2204E-16
1581.0          -3.1086E-15
1582.0          -5.7732E-15
1583.0          1.5543E-15
1584.0          8.8818E-16
1585.0          2.2204E-16
1586.0          -8.8818E-16
1587.0          -2.4425E-15
1588.0          2.8866E-15
1589.0          1.7764E-15
1590.0          4.6629E-15
1591.0          -2.2204E-15
1592.0          -1.7764E-15
1593.0          4.7740E-15
1594.0          2.2204E-16
1595.0          0.0000
1596.0          2.9976E-15
1597.0          -4.4409E-16
1598.0          8.8818E-16
1599.0          -1.3323E-15
1600.0          -2.2204E-16
1601.0          -1.7764E-15
1602.0          -1.5543E-15
1603.0          3.3307E-15
1604.0          -8.8818E-16
1605.0          -2.6645E-15
1606.0          1.7764E-15
1607.0          -6.6613E-16
1608.0          -1.3323E-15
1609.0          4.4409E-16
1610.0          -1.7764E-15
1611.0          2.6645E-15
1612.0          -2.2204E-16
1613.0          2.8866E-15
1614.0          -6.6613E-16
1615.0          1.5543E-15
1616.0          1.4433E-15
1617.0          -4.4409E-16
1618.0          -1.5543E-15
1619.0          2.2204E-15
1620.0          -2.4425E-15
1621.0          -8.8818E-16
1622.0          1.3323E-15
1623.0          -1.1102E-15
1624.0          0.0000
1625.0          -3.7748E-15
1626.0          -4.4409E-16
1627.0          -3.3307E-15
1628.0          1.4433E-15
1629.0          -3.1086E-15
1630.0          -1.1102E-15
1631.0          1.1102E-16
1632.0          -2.6645E-15
1633.0          -3.5527E-15
1634.0          4.4409E-16
1635.0          3.1086E-15
1636.0          2.5535E-15
1637.0          -2.4425E-15
1638.0          7.7716E-16
1639.0          8.8818E-16
1640.0          1.3323E-15
1641.0          -4.4409E-16
1642.0          -8.8818E-16
1643.0          6.6613E-16
1644.0          2.2204E-16
1645.0          2.6645E-15
1646.0          -2.2204E-16
1647.0          4.4409E-16
1648.0          0.0000
1649.0          1.3323E-15
1650.0          -1.1102E-15
