1400.0          0.077394
1401.0          0.079021
1402.0          0.080656
1403.0          0.082298
1404.0          0.083947
1405.0          0.085603
1406.0          0.087264
1407.0          0.088932
1408.0          0.090604
1409.0          0.092282
1410.0          0.093964
1411.0          0.095651
1412.0          0.097342
1413.0          0.099036
1414.0          0.10073
1415.0          0.10243
1416.0          0.10414
1417.0          0.10584
1418.0          0.10755
1419.0          0.10925
1420.0          0.11096
1421.0          0.11267
1422.0          0.11438
1423.0          0.11609
1424.0          0.11780
1425.0          0.11951
1426.0          0.12122
1427.0          0.12293
1428.0          0.12464
1429.0          0.12634
1430.0          0.12804
1431.0          0.12974
1432.0          0.13144
1433.0          0.13314
1434.0          0.13483
1435.0          0.13651
1436.0          0.13820
1437.0          0.13988
1438.0          0.14155
1439.0          0.14322
1440.0          0.14489
1441.0          0.14655
1442.0          0.14820
1443.0          0.14985
1444.0          0.15149
1445.0          0.15313
1446.0          0.15476
1447.0          0.15638
1448.0          0.15799
1449.0          0.15960
1450.0          0.16120
1451.0          0.16279
1452.0          0.16438
1453.0          0.16595
1454.0          0.16752
1455.0          0.16908
1456.0          0.17062
1457.0          0.17216
1458.0          0.17369
1459.0          0.17521
1460.0          0.17672
1461.0          0.17822
1462.0          0.17970
1463.0          0.18118
1464.0          0.18265
1465.0          0.18410
1466.0          0.18554
1467.0          0.18697
1468.0          0.18839
1469.0          0.18979
1470.0          0.19118
1471.0          0.19256
1472.0          0.19393
1473.0          0.19528
1474.0          0.19661
1475.0          0.19794
1476.0          0.19925
1477.0          0.20054
1478.0          0.20182
1479.0          0.20308
1480.0          0.20433
1481.0          0.20556
1482.0          0.20678
1483.0          0.20798
1484.0          0.20916
1485.0          0.21032
1486.0          0.21147
1487.0          0.21260
1488.0          0.21371
1489.0          0.21480
1490.0          0.21588
1491.0          0.21693
1492.0          0.21797
1493.0          0.21898
1494.0          0.21998
1495.0          0.22095
1496.0          0.22190
1497.0          0.22283
1498.0          0.22374
1499.0          0.22462
1500.0          0.22548
1501.0          0.22632
1502.0          0.22714
1503.0          0.22793
1504.0          0.22869
1505.0          0.22943
1506.0          0.23014
1507.0          0.23082
1508.0          0.23148
1509.0          0.23211
1510.0          0.23270
1511.0          0.23327
1512.0          0.23381
1513.0          0.23432
1514.0          0.23479
1515.0          0.23523
1516.0          0.23564
1517.0          0.23601
1518.0          0.23634
1519.0          0.23664
1520.0          0.23690
1521.0          0.23712
1522.0          0.23730
1523.0          0.23744
1524.0          0.23753
1525.0          0.23758
1526.0          0.23759
1527.0          0.23754
1528.0          0.23745
1529.0          0.23730
1530.0          0.23710
1531.0          0.23685
1532.0          0.23654
1533.0          0.23617
1534.0          0.23574
1535.0          0.23525
1536.0          0.23469
1537.0          0.23406
1538.0          0.23336
1539.0          0.23258
1540.0          0.23173
1541.0          0.23079
1542.0          0.22977
1543.0          0.22866
1544.0          0.22746
1545.0          0.22615
1546.0          0.22475
1547.0          0.22324
1548.0          0.22161
1549.0          0.21987
1550.0          0.21800
1551.0          0.21600
1552.0          0.21386
1553.0          0.21157
1554.0          0.20913
1555.0          0.20652
1556.0          0.20375
1557.0          0.20079
1558.0          0.19764
1559.0          0.19428
1560.0          0.19071
1561.0          0.18691
1562.0          0.18287
1563.0          0.17856
1564.0          0.17399
1565.0          0.16913
1566.0          0.16397
1567.0          0.15848
1568.0          0.15266
1569.0          0.14648
1570.0          0.13994
1571.0          0.13302
1572.0          0.12571
1573.0          0.11800
1574.0          0.10991
1575.0          0.10146
1576.0          0.092672
1577.0          0.083620
1578.0          0.074405
1579.0          0.065183
1580.0          0.056188
1581.0          0.047762
1582.0          0.040396
1583.0          0.034790
1584.0          0.031926
1585.0          0.033157
1586.0          0.040308
1587.0          0.055750
1588.0          0.082403
1589.0          0.12356
1590.0          0.18236
1591.0          0.26083
1592.0          0.35854
1593.0          0.47128
1594.0          0.59080
1595.0          0.70638
1596.0          0.80778
1597.0          0.88808
1598.0          0.94495
1599.0          0.97989
1600.0          0.99667
1601.0          0.99971
1602.0          0.99309
1603.0          0.98016
1604.0          0.96340
1605.0          0.94459
1606.0          0.92494
1607.0          0.90523
1608.0          0.88598
1609.0          0.86747
1610.0          0.84987
1611.0          0.83326
1612.0          0.81767
1613.0          0.80306
1614.0          0.78941
1615.0          0.77666
1616.0          0.76476
1617.0          0.75366
1618.0          0.74330
1619.0          0.73362
1620.0          0.72457
1621.0          0.71611
1622.0          0.70819
1623.0          0.70076
1624.0          0.69380
1625.0          0.68726
1626.0          0.68111
1627.0          0.67533
1628.0          0.66988
1629.0          0.66475
1630.0          0.65991
1631.0          0.65533
1632.0          0.65102
1633.0          0.64693
1634.0          0.64306
1635.0          0.63940
1636.0          0.63593
1637.0          0.63263
1638.0          0.62951
1639.0          0.62654
1640.0          0.62372
1641.0          0.62103
1642.0          0.61848
1643.0          0.61605
1644.0          0.61373
1645.0          0.61152
1646.0          0.60942
1647.0          0.60741
1648.0          0.60550
1649.0          0.60367
1650.0          0.60192
1400.0          0.92261
1401.0          0.92098
1402.0          0.91934
1403.0          0.91770
1404.0          0.91605
1405.0          0.91440
1406.0          0.91274
1407.0          0.91107
1408.0          0.90940
1409.0          0.90772
1410.0          0.90604
1411.0          0.90435
1412.0          0.90266
1413.0          0.90096
1414.0          0.89927
1415.0          0.89757
1416.0          0.89586
1417.0          0.89416
1418.0          0.89245
1419.0          0.89075
1420.0          0.88904
1421.0          0.88733
1422.0          0.88562
1423.0          0.88391
1424.0          0.88220
1425.0          0.88049
1426.0          0.87878
1427.0          0.87707
1428.0          0.87536
1429.0          0.87366
1430.0          0.87196
1431.0          0.87026
1432.0          0.86856
1433.0          0.86686
1434.0          0.86517
1435.0          0.86349
1436.0          0.86180
1437.0          0.86012
1438.0          0.85845
1439.0          0.85678
1440.0          0.85511
1441.0          0.85345
1442.0          0.85180
1443.0          0.85015
1444.0          0.84851
1445.0          0.84687
1446.0          0.84524
1447.0          0.84362
1448.0          0.84201
1449.0          0.84040
1450.0          0.83880
1451.0          0.83721
1452.0          0.83562
1453.0          0.83405
1454.0          0.83248
1455.0          0.83092
1456.0          0.82938
1457.0          0.82784
1458.0          0.82631
1459.0          0.82479
1460.0          0.82328
1461.0          0.82178
1462.0          0.82030
1463.0          0.81882
1464.0          0.81735
1465.0          0.81590
1466.0          0.81446
1467.0          0.81303
1468.0          0.81161
1469.0          0.81021
1470.0          0.80882
1471.0          0.80744
1472.0          0.80607
1473.0          0.80472
1474.0          0.80339
1475.0          0.80206
1476.0          0.80075
1477.0          0.79946
1478.0          0.79818
1479.0          0.79692
1480.0          0.79567
1481.0          0.79444
1482.0          0.79322
1483.0          0.79202
1484.0          0.79084
1485.0          0.78968
1486.0          0.78853
1487.0          0.78740
1488.0          0.78629
1489.0          0.78520
1490.0          0.78412
1491.0          0.78307
1492.0          0.78203
1493.0          0.78102
1494.0          0.78002
1495.0          0.77905
1496.0          0.77810
1497.0          0.77717
1498.0          0.77626
1499.0          0.77538
1500.0          0.77452
1501.0          0.77368
1502.0          0.77286
1503.0          0.77207
1504.0          0.77131
1505.0          0.77057
1506.0          0.76986
1507.0          0.76918
1508.0          0.76852
1509.0          0.76789
1510.0          0.76730
1511.0          0.76673
1512.0          0.76619
1513.0          0.76568
1514.0          0.76521
1515.0          0.76477
1516.0          0.76436
1517.0          0.76399
1518.0          0.76366
1519.0          0.76336
1520.0          0.76310
1521.0          0.76288
1522.0          0.76270
1523.0          0.76256
1524.0          0.76247
1525.0          0.76242
1526.0          0.76241
1527.0          0.76246
1528.0          0.76255
1529.0          0.76270
1530.0          0.76290
1531.0          0.76315
1532.0          0.76346
1533.0          0.76383
1534.0          0.76426
1535.0          0.76475
1536.0          0.76531
1537.0          0.76594
1538.0          0.76664
1539.0          0.76742
1540.0          0.76827
1541.0          0.76921
1542.0          0.77023
1543.0          0.77134
1544.0          0.77254
1545.0          0.77385
1546.0          0.77525
1547.0          0.77676
1548.0          0.77839
1549.0          0.78013
1550.0          0.78200
1551.0          0.78400
1552.0          0.78614
1553.0          0.78843
1554.0          0.79087
1555.0          0.79348
1556.0          0.79625
1557.0          0.79921
1558.0          0.80236
1559.0          0.80572
1560.0          0.80929
1561.0          0.81309
1562.0          0.81713
1563.0          0.82144
1564.0          0.82601
1565.0          0.83087
1566.0          0.83603
1567.0          0.84152
1568.0          0.84734
1569.0          0.85352
1570.0          0.86006
1571.0          0.86698
1572.0          0.87429
1573.0          0.88200
1574.0          0.89009
1575.0          0.89854
1576.0          0.90733
1577.0          0.91638
1578.0          0.92559
1579.0          0.93482
1580.0          0.94381
1581.0          0.95224
1582.0          0.95960
1583.0          0.96521
1584.0          0.96807
1585.0          0.96684
1586.0          0.95969
1587.0          0.94425
1588.0          0.91760
1589.0          0.87644
1590.0          0.81764
1591.0          0.73917
1592.0          0.64146
1593.0          0.52872
1594.0          0.40920
1595.0          0.29362
1596.0          0.19222
1597.0          0.11192
1598.0          0.055053
1599.0          0.020110
1600.0          0.0033315
1601.0          2.9433E-4
1602.0          0.0069072
1603.0          0.019842
1604.0          0.036601
1605.0          0.055411
1606.0          0.075064
1607.0          0.094767
1608.0          0.11402
1609.0          0.13253
1610.0          0.15013
1611.0          0.16674
1612.0          0.18233
1613.0          0.19694
1614.0          0.21059
1615.0          0.22334
1616.0          0.23524
1617.0          0.24634
1618.0          0.25670
1619.0          0.26638
1620.0          0.27543
1621.0          0.28389
1622.0          0.29181
1623.0          0.29924
1624.0          0.30620
1625.0          0.31274
1626.0          0.31889
1627.0          0.32467
1628.0          0.33012
1629.0          0.33525
1630.0          0.34009
1631.0          0.34467
1632.0          0.34898
1633.0          0.35307
1634.0          0.35694
1635.0          0.36060
1636.0          0.36407
1637.0          0.36737
1638.0          0.37049
1639.0          0.37346
1640.0          0.37628
1641.0          0.37897
1642.0          0.38152
1643.0          0.38395
1644.0          0.38627
1645.0          0.38848
1646.0          0.39058
1647.0          0.39259
1648.0          0.39450
1649.0          0.39633
1650.0          0.39808
1400.0          1.0000
1401.0          1.0000
1402.0          1.0000
1403.0          1.0000
1404.0          1.0000
1405.0          1.0000
1406.0          1.0000
1407.0          1.0000
1408.0          1.0000
1409.0          1.0000
1410.0          1.0000
1411.0          1.0000
1412.0          1.0000
1413.0          1.0000
1414.0          1.0000
1415.0          1.0000
1416.0          1.0000
1417.0          1.0000
1418.0          1.0000
1419.0          1.0000
1420.0          1.0000
1421.0          1.0000
1422.0          1.0000
1423.0          1.0000
1424.0          1.0000
1425.0          1.0000
1426.0          1.0000
1427.0          1.0000
1428.0          1.0000
1429.0          1.0000
1430.0          1.0000
1431.0          1.0000
1432.0          1.0000
1433.0          1.0000
1434.0          1.0000
1435.0          1.0000
1436.0          1.0000
1437.0          1.0000
1438.0          1.0000
1439.0          1.0000
1440.0          1.0000
1441.0          1.0000
1442.0          1.0000
1443.0          1.0000
1444.0          1.0000
1445.0          1.0000
1446.0          1.0000
1447.0          1.0000
1448.0          1.0000
1449.0          1.0000
1450.0          1.0000
1451.0          1.0000
1452.0          1.0000
1453.0          1.0000
1454.0          1.0000
1455.0          1.0000
1456.0          1.0000
1457.0          1.0000
1458.0          1.0000
1459.0          1.0000
1460.0          1.0000
1461.0          1.0000
1462.0          1.0000
1463.0          1.0000
1464.0          1.0000
1465.0          1.0000
1466.0          1.0000
1467.0          1.0000
1468.0          1.0000
1469.0          1.0000
1470.0          1.0000
1471.0          1.0000
1472.0          1.0000
1473.0          1.0000
1474.0          1.0000
1475.0          1.0000
1476.0          1.0000
1477.0          1.0000
1478.0          1.0000
1479.0          1.0000
1480.0          1.0000
1481.0          1.0000
1482.0          1.0000
1483.0          1.0000
1484.0          1.0000
1485.0          1.0000
1486.0          1.0000
1487.0          1.0000
1488.0          1.0000
1489.0          1.0000
1490.0          1.0000
1491.0          1.0000
1492.0          1.0000
1493.0          1.0000
1494.0          1.0000
1495.0          1.0000
1496.0          1.0000
1497.0          1.0000
1498.0          1.0000
1499.0          1.0000
1500.0          1.0000
1501.0          1.0000
1502.0          1.0000
1503.0          1.0000
1504.0          1.0000
1505.0          1.0000
1506.0          1.0000
1507.0          1.0000
1508.0          1.0000
1509.0          1.0000
1510.0          1.0000
1511.0          1.0000
1512.0          1.0000
1513.0          1.0000
1514.0          1.0000
1515.0          1.0000
1516.0          1.0000
1517.0          1.0000
1518.0          1.0000
1519.0          1.0000
1520.0          1.0000
1521.0          1.0000
1522.0          1.0000
1523.0          1.0000
1524.0          1.0000
1525.0          1.0000
1526.0          1.0000
1527.0          1.0000
1528.0          1.0000
1529.0          1.0000
1530.0          1.0000
1531.0          1.0000
1532.0          1.0000
1533.0          1.0000
1534.0          1.0000
1535.0          1.0000
1536.0          1.0000
1537.0          1.0000
1538.0          1.0000
1539.0          1.0000
1540.0          1.0000
1541.0          1.0000
1542.0          1.0000
1543.0          1.0000
1544.0          1.0000
1545.0          1.0000
1546.0          1.0000
1547.0          1.0000
1548.0          1.0000
1549.0          1.0000
1550.0          1.0000
1551.0          1.0000
1552.0          1.0000
1553.0          1.0000
1554.0          1.0000
1555.0          1.0000
1556.0          1.0000
1557.0          1.0000
1558.0          1.0000
1559.0          1.0000
1560.0          1.0000
1561.0          1.0000
1562.0          1.0000
1563.0          1.0000
1564.0          1.0000
1565.0          1.0000
1566.0          1.0000
1567.0          1.0000
1568.0          1.0000
1569.0          1.0000
1570.0          1.0000
1571.0          1.0000
1572.0          1.0000
1573.0          1.0000
1574.0          1.0000
1575.0          1.0000
1576.0          1.0000
1577.0          1.0000
1578.0          1.0000
1579.0          1.0000
1580.0          1.0000
1581.0          1.0000
1582.0          1.0000
1583.0          1.0000
1584.0          1.0000
1585.0          1.0000
1586.0          1.0000
1587.0          1.0000
1588.0          1.0000
1589.0          1.0000
1590.0          1.0000
1591.0          1.0000
1592.0          1.0000
1593.0          1.0000
1594.0          1.0000
1595.0          1.0000
1596.0          1.0000
1597.0          1.0000
1598.0          1.0000
1599.0          1.0000
1600.0          1.0000
1601.0          1.0000
1602.0          1.0000
1603.0          1.0000
1604.0          1.0000
1605.0          1.0000
1606.0          1.0000
1607.0          1.0000
1608.0          1.0000
1609.0          1.0000
1610.0          1.0000
1611.0          1.0000
1612.0          1.0000
1613.0          1.0000
1614.0          1.0000
1615.0          1.0000
1616.0          1.0000
1617.0          1.0000
1618.0          1.0000
1619.0          1.0000
1620.0          1.0000
1621.0          1.0000
1622.0          1.0000
1623.0          1.0000
1624.0          1.0000
1625.0          1.0000
1626.0          1.0000
1627.0          1.0000
1628.0          1.0000
1629.0          1.0000
1630.0          1.0000
1631.0          1.0000
1632.0          1.0000
1633.0          1.0000
1634.0          1.0000
1635.0          1.0000
1636.0          1.0000
1637.0          1.0000
1638.0          1.0000
1639.0          1.0000
1640.0          1.0000
1641.0          1.0000
1642.0          1.0000
1643.0          1.0000
1644.0          1.0000
1645.0          1.0000
1646.0          1.0000
1647.0          1.0000
1648.0          1.0000
1649.0          1.0000
1650.0          1.0000
1400.0          0.0000
1401.0          3.5527E-15
1402.0          1.9984E-15
1403.0          1.2212E-15
1404.0          1.5543E-15
1405.0          -6.6613E-16
1406.0          1.1102E-16
1407.0          -1.3323E-15
1408.0          1.5543E-15
1409.0          -4.4409E-16
1410.0          -2.2204E-15
1411.0          1.8874E-15
1412.0          3.3307E-16
1413.0          1.9984E-15
1414.0          3.3307E-16
1415.0          -1.7764E-15
1416.0          4.2188E-15
1417.0          1.8874E-15
1418.0          1.2212E-15
1419.0          3.2196E-15
1420.0          -1.3323E-15
1421.0          1.6653E-15
1422.0          2.8866E-15
1423.0          -8.8818E-16
1424.0          8.8818E-16
1425.0          0.0000
1426.0          1.6653E-15
1427.0          -1.7764E-15
1428.0          -4.4409E-16
1429.0          1.2212E-15
1430.0          2.2204E-16
1431.0          -6.6613E-16
1432.0          4.4409E-15
1433.0          -2.2204E-16
1434.0          2.2204E-16
1435.0          -8.8818E-16
1436.0          1.8874E-15
1437.0          -8.8818E-16
1438.0          1.9984E-15
1439.0          1.1102E-15
1440.0          3.3307E-15
1441.0          -1.7764E-15
1442.0          -8.8818E-16
1443.0          1.5543E-15
1444.0          0.0000
1445.0          2.6645E-15
1446.0          -6.6613E-16
1447.0          5.5511E-16
1448.0          2.2204E-15
1449.0          2.4425E-15
1450.0          -8.8818E-16
1451.0          2.1094E-15
1452.0          -4.4409E-16
1453.0          8.8818E-16
1454.0          -1.9984E-15
1455.0          1.1102E-15
1456.0          1.1102E-16
1457.0          2.2204E-15
1458.0          -1.5543E-15
1459.0          -6.6613E-16
1460.0          1.1102E-15
1461.0          6.6613E-16
1462.0          2.1094E-15
1463.0          7.7716E-16
1464.0          3.1086E-15
1465.0          1.7764E-15
1466.0          -8.8818E-16
1467.0          1.7764E-15
1468.0          2.4425E-15
1469.0          3.7748E-15
1470.0          8.8818E-16
1471.0          1.1102E-15
1472.0          -4.4409E-16
1473.0          1.9984E-15
1474.0          -4.4409E-16
1475.0          6.6613E-16
1476.0          -2.2204E-16
1477.0          8.8818E-16
1478.0          4.4409E-16
1479.0          5.5511E-16
1480.0          -2.2204E-16
1481.0          -1.1102E-15
1482.0          -3.7748E-15
1483.0          -1.3323E-15
1484.0          9.9920E-16
1485.0          7.7716E-16
1486.0          -1.3323E-15
1487.0          6.6613E-16
1488.0          6.6613E-16
1489.0          -6.6613E-16
1490.0          -6.6613E-16
1491.0          1.6653E-15
1492.0          9.9920E-16
1493.0          3.1086E-15
1494.0          4.4409E-16
1495.0          -1.1102E-15
1496.0          -2.2204E-16
1497.0          -4.4409E-16
1498.0          1.6653E-15
1499.0          2.2204E-16
1500.0          -1.9984E-15
1501.0          4.4409E-16
1502.0          -2.2204E-16
1503.0          2.1094E-15
1504.0          2.2204E-16
1505.0          -1.7764E-15
1506.0          3.7748E-15
1507.0          -2.2204E-16
1508.0          1.7764E-15
1509.0          1.4433E-15
1510.0          1.9984E-15
1511.0          2.7756E-15
1512.0          2.4425E-15
1513.0          3.1086E-15
1514.0          2.2204E-16
1515.0          -1.1102E-15
1516.0          -4.4409E-16
1517.0          8.8818E-16
1518.0          2.8866E-15
1519.0          2.2204E-16
1520.0          2.4425E-15
1521.0          2.6645E-15
1522.0          1.2212E-15
1523.0          2.2204E-15
1524.0          3.3307E-16
1525.0          1.2212E-15
1526.0          -4.4409E-16
1527.0          5.5511E-16
1528.0          8.8818E-16
1529.0          8.8818E-16
1530.0          1.5543E-15
1531.0          2.4425E-15
1532.0          2.4425E-15
1533.0          -1.1102E-15
1534.0          3.9968E-15
1535.0          -8.8818E-16
1536.0          -1.7764E-15
1537.0          -2.2204E-16
1538.0          -6.6613E-16
1539.0          -1.3323E-15
1540.0          -2.6645E-15
1541.0          1.8874E-15
1542.0          1.1102E-16
1543.0          8.8818E-16
1544.0          1.6653E-15
1545.0          7.8826E-15
1546.0          -1.5543E-15
1547.0          0.0000
1548.0          -3.3307E-15
1549.0          -4.4409E-16
1550.0          1.5543E-15
1551.0          -1.3323E-15
1552.0          3.3307E-16
1553.0          -8.8818E-16
1554.0          2.4425E-15
1555.0          8.8818E-16
1556.0          1.3323E-15
1557.0          1.8874E-15
1558.0          1.1102E-15
1559.0          -3.7748E-15
1560.0          -2.2204E-16
1561.0          -3.9968E-15
1562.0          -4.4409E-16
1563.0          -1.7764E-15
1564.0          -2.2204E-16
1565.0          5.7732E-15
1566.0          1.5543E-15
1567.0          2.2204E-16
1568.0          -5.1070E-15
1569.0          5.2180E-15
1570.0          5.3291E-15
1571.0          -3.1086E-15
1572.0          1.7764E-15
1573.0          -2.4425E-15
1574.0          8.8818E-16
1575.0          5.5511E-16
1576.0          2.1094E-15
1577.0          -8.8818E-16
1578.0          -2.4425E-15
1579.0          -2.8866E-15
1580.0          2.8866E-15
1581.0          1.2212E-15
1582.0          2.2204E-16
1583.0          -3.9968E-15
1584.0          8.8818E-16
1585.0          1.1102E-16
1586.0          -1.5543E-15
1587.0          -1.3323E-15
1588.0          8.8818E-16
1589.0          -7.5495E-15
1590.0          4.4409E-15
1591.0          1.0880E-14
1592.0          8.8818E-15
1593.0          -1.7319E-14
1594.0          3.1086E-15
1595.0          2.2649E-14
1596.0          -1.0880E-14
1597.0          -9.7700E-15
1598.0          -1.5321E-14
1599.0          -4.8850E-15
1600.0          -2.1760E-14
1601.0          -9.7700E-15
1602.0          -4.8850E-15
1603.0          -7.3275E-15
1604.0          -3.5527E-15
1605.0          -4.8850E-15
1606.0          6.9944E-15
1607.0          3.8858E-15
1608.0          1.2212E-15
1609.0          2.9976E-15
1610.0          6.2172E-15
1611.0          -5.1070E-15
1612.0          1.8541E-14
1613.0          -1.7764E-15
1614.0          -3.1086E-15
1615.0          -2.6645E-15
1616.0          -8.8818E-16
1617.0          4.4409E-15
1618.0          3.8858E-15
1619.0          1.8874E-15
1620.0          -5.3291E-15
1621.0          3.3307E-15
1622.0          2.8866E-15
1623.0          -2.2204E-16
1624.0          2.2204E-16
1625.0          -8.8818E-16
1626.0          -1.1102E-15
1627.0          5.5511E-15
1628.0          -2.2204E-15
1629.0          6.6613E-16
1630.0          3.3307E-15
1631.0          1.5543E-15
1632.0          -1.1102E-15
1633.0          1.5543E-15
1634.0          -4.4409E-16
1635.0          2.6645E-15
1636.0          2.2204E-16
1637.0          2.2204E-16
1638.0          1.8874E-15
1639.0          1.1102E-15
1640.0          0.0000
1641.0          -2.4425E-15
1642.0          9.9920E-16
1643.0          -1.3323E-15
1644.0          2.8866E-15
1645.0          -1.9984E-15
1646.0          -2.2204E-16
1647.0          -8.8818E-16
1648.0          -4.4409E-16
1649.0          1.5543E-15
1650.0          8.8818E-16
