1400.0          0.63259
1401.0          0.63070
1402.0          0.62876
1403.0          0.62677
1404.0          0.62473
1405.0          0.62265
1406.0          0.62051
1407.0          0.61832
1408.0          0.61608
1409.0          0.61378
1410.0          0.61142
1411.0          0.60900
1412.0          0.60652
1413.0          0.60397
1414.0          0.60136
1415.0          0.59867
1416.0          0.59592
1417.0          0.59308
1418.0          0.59017
1419.0          0.58718
1420.0          0.58410
1421.0          0.58094
1422.0          0.57768
1423.0          0.57432
1424.0          0.57087
1425.0          0.56731
1426.0          0.56365
1427.0          0.55987
1428.0          0.55597
1429.0          0.55195
1430.0          0.54780
1431.0          0.54351
1432.0          0.53908
1433.0          0.53450
1434.0          0.52977
1435.0          0.52487
1436.0          0.51980
1437.0          0.51455
1438.0          0.50911
1439.0          0.50347
1440.0          0.49763
1441.0          0.49156
1442.0          0.48525
1443.0          0.47871
1444.0          0.47190
1445.0          0.46483
1446.0          0.45746
1447.0          0.44980
1448.0          0.44181
1449.0          0.43349
1450.0          0.42481
1451.0          0.41576
1452.0          0.40631
1453.0          0.39644
1454.0          0.38613
1455.0          0.37536
1456.0          0.36410
1457.0          0.35233
1458.0          0.34003
1459.0          0.32716
1460.0          0.31372
1461.0          0.29967
1462.0          0.28500
1463.0          0.26969
1464.0          0.25375
1465.0          0.23716
1466.0          0.21996
1467.0          0.20215
1468.0          0.18381
1469.0          0.16499
1470.0          0.14583
1471.0          0.12647
1472.0          0.10712
1473.0          0.088074
1474.0          0.069680
1475.0          0.052398
1476.0          0.036793
1477.0          0.023547
1478.0          0.013462
1479.0          0.0074520
1480.0          0.0065155
1481.0          0.011684
1482.0          0.023945
1483.0          0.044144
1484.0          0.072857
1485.0          0.11027
1486.0          0.15609
1487.0          0.20949
1488.0          0.26911
1489.0          0.33322
1490.0          0.39984
1491.0          0.46693
1492.0          0.53261
1493.0          0.59530
1494.0          0.65379
1495.0          0.70725
1496.0          0.75527
1497.0          0.79773
1498.0          0.83474
1499.0          0.86660
1500.0          0.89372
1501.0          0.91654
1502.0          0.93555
1503.0          0.95120
1504.0          0.96393
1505.0          0.97413
1506.0          0.98216
1507.0          0.98835
1508.0          0.99296
1509.0          0.99623
1510.0          0.99839
1511.0          0.99959
1512.0          1.0000
1513.0          0.99974
1514.0          0.99893
1515.0          0.99765
1516.0          0.99600
1517.0          0.99403
1518.0          0.99180
1519.0          0.98937
1520.0          0.98676
1521.0          0.98403
1522.0          0.98119
1523.0          0.97827
1524.0          0.97530
1525.0          0.97229
1526.0          0.96925
1527.0          0.96620
1528.0          0.96314
1529.0          0.96010
1530.0          0.95706
1531.0          0.95405
1532.0          0.95106
1533.0          0.94810
1534.0          0.94518
1535.0          0.94229
1536.0          0.93944
1537.0          0.93662
1538.0          0.93385
1539.0          0.93111
1540.0          0.92842
1541.0          0.92577
1542.0          0.92317
1543.0          0.92060
1544.0          0.91808
1545.0          0.91560
1546.0          0.91316
1547.0          0.91076
1548.0          0.90840
1549.0          0.90608
1550.0          0.90380
1551.0          0.90155
1552.0          0.89935
1553.0          0.89718
1554.0          0.89505
1555.0          0.89295
1556.0          0.89089
1557.0          0.88886
1558.0          0.88686
1559.0          0.88490
1560.0          0.88296
1561.0          0.88106
1562.0          0.87919
1563.0          0.87735
1564.0          0.87553
1565.0          0.87375
1566.0          0.87199
1567.0          0.87025
1568.0          0.86855
1569.0          0.86687
1570.0          0.86521
1571.0          0.86357
1572.0          0.86196
1573.0          0.86038
1574.0          0.85881
1575.0          0.85727
1576.0          0.85575
1577.0          0.85425
1578.0          0.85277
1579.0          0.85130
1580.0          0.84986
1581.0          0.84844
1582.0          0.84703
1583.0          0.84564
1584.0          0.84427
1585.0          0.84292
1586.0          0.84158
1587.0          0.84026
1588.0          0.83896
1589.0          0.83767
1590.0          0.83640
1591.0          0.83514
1592.0          0.83389
1593.0          0.83266
1594.0          0.83144
1595.0          0.83024
1596.0          0.82905
1597.0          0.82787
1598.0          0.82671
1599.0          0.82555
1600.0          0.82441
1601.0          0.82328
1602.0          0.82216
1603.0          0.82106
1604.0          0.81996
1605.0          0.81888
1606.0          0.81780
1607.0          0.81674
1608.0          0.81569
1609.0          0.81464
1610.0          0.81361
1611.0          0.81258
1612.0          0.81157
1613.0          0.81056
1614.0          0.80956
1615.0          0.80857
1616.0          0.80759
1617.0          0.80662
1618.0          0.80566
1619.0          0.80470
1620.0          0.80375
1621.0          0.80281
1622.0          0.80188
1623.0          0.80096
1624.0          0.80004
1625.0          0.79913
1626.0          0.79823
1627.0          0.79733
1628.0          0.79644
1629.0          0.79556
1630.0          0.79468
1631.0          0.79381
1632.0          0.79294
1633.0          0.79209
1634.0          0.79124
1635.0          0.79039
1636.0          0.78955
1637.0          0.78872
1638.0          0.78789
1639.0          0.78706
1640.0          0.78625
1641.0          0.78543
1642.0          0.78463
1643.0          0.78383
1644.0          0.78303
1645.0          0.78224
1646.0          0.78145
1647.0          0.78067
1648.0          0.77989
1649.0          0.77912
1650.0          0.77835
1400.0          0.36741
1401.0          0.36930
1402.0          0.37124
1403.0          0.37323
1404.0          0.37527
1405.0          0.37735
1406.0          0.37949
1407.0          0.38168
1408.0          0.38392
1409.0          0.38622
1410.0          0.38858
1411.0          0.39100
1412.0          0.39348
1413.0          0.39603
1414.0          0.39864
1415.0          0.40133
1416.0          0.40408
1417.0          0.40692
1418.0          0.40983
1419.0          0.41282
1420.0          0.41590
1421.0          0.41906
1422.0          0.42232
1423.0          0.42568
1424.0          0.42913
1425.0          0.43269
1426.0          0.43635
1427.0          0.44013
1428.0          0.44403
1429.0          0.44805
1430.0          0.45220
1431.0          0.45649
1432.0          0.46092
1433.0          0.46550
1434.0          0.47023
1435.0          0.47513
1436.0          0.48020
1437.0          0.48545
1438.0          0.49089
1439.0          0.49653
1440.0          0.50237
1441.0          0.50844
1442.0          0.51475
1443.0          0.52129
1444.0          0.52810
1445.0          0.53517
1446.0          0.54254
1447.0          0.55020
1448.0          0.55819
1449.0          0.56651
1450.0          0.57519
1451.0          0.58424
1452.0          0.59369
1453.0          0.60356
1454.0          0.61387
1455.0          0.62464
1456.0          0.63590
1457.0          0.64767
1458.0          0.65997
1459.0          0.67284
1460.0          0.68628
1461.0          0.70033
1462.0          0.71500
1463.0          0.73031
1464.0          0.74625
1465.0          0.76284
1466.0          0.78004
1467.0          0.79785
1468.0          0.81619
1469.0          0.83501
1470.0          0.85417
1471.0          0.87353
1472.0          0.89288
1473.0          0.91193
1474.0          0.93032
1475.0          0.94760
1476.0          0.96321
1477.0          0.97645
1478.0          0.98654
1479.0          0.99255
1480.0          0.99348
1481.0          0.98832
1482.0          0.97605
1483.0          0.95586
1484.0          0.92714
1485.0          0.88973
1486.0          0.84391
1487.0          0.79051
1488.0          0.73089
1489.0          0.66678
1490.0          0.60016
1491.0          0.53307
1492.0          0.46739
1493.0          0.40470
1494.0          0.34621
1495.0          0.29275
1496.0          0.24473
1497.0          0.20227
1498.0          0.16526
1499.0          0.13340
1500.0          0.10628
1501.0          0.083458
1502.0          0.064450
1503.0          0.048800
1504.0          0.036073
1505.0          0.025871
1506.0          0.017837
1507.0          0.011653
1508.0          0.0070423
1509.0          0.0037652
1510.0          0.0016139
1511.0          4.1037E-4
1512.0          2.3134E-6
1513.0          2.5993E-4
1514.0          0.0010728
1515.0          0.0023469
1516.0          0.0040027
1517.0          0.0059726
1518.0          0.0081993
1519.0          0.010634
1520.0          0.013237
1521.0          0.015972
1522.0          0.018810
1523.0          0.021727
1524.0          0.024701
1525.0          0.027715
1526.0          0.030754
1527.0          0.033805
1528.0          0.036858
1529.0          0.039905
1530.0          0.042937
1531.0          0.045950
1532.0          0.048937
1533.0          0.051895
1534.0          0.054821
1535.0          0.057711
1536.0          0.060564
1537.0          0.063378
1538.0          0.066152
1539.0          0.068885
1540.0          0.071576
1541.0          0.074226
1542.0          0.076833
1543.0          0.079398
1544.0          0.081921
1545.0          0.084403
1546.0          0.086843
1547.0          0.089243
1548.0          0.091603
1549.0          0.093923
1550.0          0.096204
1551.0          0.098447
1552.0          0.10065
1553.0          0.10282
1554.0          0.10495
1555.0          0.10705
1556.0          0.10911
1557.0          0.11114
1558.0          0.11314
1559.0          0.11510
1560.0          0.11704
1561.0          0.11894
1562.0          0.12081
1563.0          0.12265
1564.0          0.12447
1565.0          0.12625
1566.0          0.12801
1567.0          0.12975
1568.0          0.13145
1569.0          0.13313
1570.0          0.13479
1571.0          0.13643
1572.0          0.13804
1573.0          0.13962
1574.0          0.14119
1575.0          0.14273
1576.0          0.14425
1577.0          0.14575
1578.0          0.14723
1579.0          0.14870
1580.0          0.15014
1581.0          0.15156
1582.0          0.15297
1583.0          0.15436
1584.0          0.15573
1585.0          0.15708
1586.0          0.15842
1587.0          0.15974
1588.0          0.16104
1589.0          0.16233
1590.0          0.16360
1591.0          0.16486
1592.0          0.16611
1593.0          0.16734
1594.0          0.16856
1595.0          0.16976
1596.0          0.17095
1597.0          0.17213
1598.0          0.17329
1599.0          0.17445
1600.0          0.17559
1601.0          0.17672
1602.0          0.17784
1603.0          0.17894
1604.0          0.18004
1605.0          0.18112
1606.0          0.18220
1607.0          0.18326
1608.0          0.18431
1609.0          0.18536
1610.0          0.18639
1611.0          0.18742
1612.0          0.18843
1613.0          0.18944
1614.0          0.19044
1615.0          0.19143
1616.0          0.19241
1617.0          0.19338
1618.0          0.19434
1619.0          0.19530
1620.0          0.19625
1621.0          0.19719
1622.0          0.19812
1623.0          0.19904
1624.0          0.19996
1625.0          0.20087
1626.0          0.20177
1627.0          0.20267
1628.0          0.20356
1629.0          0.20444
1630.0          0.20532
1631.0          0.20619
1632.0          0.20706
1633.0          0.20791
1634.0          0.20876
1635.0          0.20961
1636.0          0.21045
1637.0          0.21128
1638.0          0.21211
1639.0          0.21294
1640.0          0.21375
1641.0          0.21457
1642.0          0.21537
1643.0          0.21617
1644.0          0.21697
1645.0          0.21776
1646.0          0.21855
1647.0          0.21933
1648.0          0.22011
1649.0          0.22088
1650.0          0.22165
1400.0          1.0000
1401.0          1.0000
1402.0          1.0000
1403.0          1.0000
1404.0          1.0000
1405.0          1.0000
1406.0          1.0000
1407.0          1.0000
1408.0          1.0000
1409.0          1.0000
1410.0          1.0000
1411.0          1.0000
1412.0          1.0000
1413.0          1.0000
1414.0          1.0000
1415.0          1.0000
1416.0          1.0000
1417.0          1.0000
1418.0          1.0000
1419.0          1.0000
1420.0          1.0000
1421.0          1.0000
1422.0          1.0000
1423.0          1.0000
1424.0          1.0000
1425.0          1.0000
1426.0          1.0000
1427.0          1.0000
1428.0          1.0000
1429.0          1.0000
1430.0          1.0000
1431.0          1.0000
1432.0          1.0000
1433.0          1.0000
1434.0          1.0000
1435.0          1.0000
1436.0          1.0000
1437.0          1.0000
1438.0          1.0000
1439.0          1.0000
1440.0          1.0000
1441.0          1.0000
1442.0          1.0000
1443.0          1.0000
1444.0          1.0000
1445.0          1.0000
1446.0          1.0000
1447.0          1.0000
1448.0          1.0000
1449.0          1.0000
1450.0          1.0000
1451.0          1.0000
1452.0          1.0000
1453.0          1.0000
1454.0          1.0000
1455.0          1.0000
1456.0          1.0000
1457.0          1.0000
1458.0          1.0000
1459.0          1.0000
1460.0          1.0000
1461.0          1.0000
1462.0          1.0000
1463.0          1.0000
1464.0          1.0000
1465.0          1.0000
1466.0          1.0000
1467.0          1.0000
1468.0          1.0000
1469.0          1.0000
1470.0          1.0000
1471.0          1.0000
1472.0          1.0000
1473.0          1.0000
1474.0          1.0000
1475.0          1.0000
1476.0          1.0000
1477.0          1.0000
1478.0          1.0000
1479.0          1.0000
1480.0          1.0000
1481.0          1.0000
1482.0          1.0000
1483.0          1.0000
1484.0          1.0000
1485.0          1.0000
1486.0          1.0000
1487.0          1.0000
1488.0          1.0000
1489.0          1.0000
1490.0          1.0000
1491.0          1.0000
1492.0          1.0000
1493.0          1.0000
1494.0          1.0000
1495.0          1.0000
1496.0          1.0000
1497.0          1.0000
1498.0          1.0000
1499.0          1.0000
1500.0          1.0000
1501.0          1.0000
1502.0          1.0000
1503.0          1.0000
1504.0          1.0000
1505.0          1.0000
1506.0          1.0000
1507.0          1.0000
1508.0          1.0000
1509.0          1.0000
1510.0          1.0000
1511.0          1.0000
1512.0          1.0000
1513.0          1.0000
1514.0          1.0000
1515.0          1.0000
1516.0          1.0000
1517.0          1.0000
1518.0          1.0000
1519.0          1.0000
1520.0          1.0000
1521.0          1.0000
1522.0          1.0000
1523.0          1.0000
1524.0          1.0000
1525.0          1.0000
1526.0          1.0000
1527.0          1.0000
1528.0          1.0000
1529.0          1.0000
1530.0          1.0000
1531.0          1.0000
1532.0          1.0000
1533.0          1.0000
1534.0          1.0000
1535.0          1.0000
1536.0          1.0000
1537.0          1.0000
1538.0          1.0000
1539.0          1.0000
1540.0          1.0000
1541.0          1.0000
1542.0          1.0000
1543.0          1.0000
1544.0          1.0000
1545.0          1.0000
1546.0          1.0000
1547.0          1.0000
1548.0          1.0000
1549.0          1.0000
1550.0          1.0000
1551.0          1.0000
1552.0          1.0000
1553.0          1.0000
1554.0          1.0000
1555.0          1.0000
1556.0          1.0000
1557.0          1.0000
1558.0          1.0000
1559.0          1.0000
1560.0          1.0000
1561.0          1.0000
1562.0          1.0000
1563.0          1.0000
1564.0          1.0000
1565.0          1.0000
1566.0          1.0000
1567.0          1.0000
1568.0          1.0000
1569.0          1.0000
1570.0          1.0000
1571.0          1.0000
1572.0          1.0000
1573.0          1.0000
1574.0          1.0000
1575.0          1.0000
1576.0          1.0000
1577.0          1.0000
1578.0          1.0000
1579.0          1.0000
1580.0          1.0000
1581.0          1.0000
1582.0          1.0000
1583.0          1.0000
1584.0          1.0000
1585.0          1.0000
1586.0          1.0000
1587.0          1.0000
1588.0          1.0000
1589.0          1.0000
1590.0          1.0000
1591.0          1.0000
1592.0          1.0000
1593.0          1.0000
1594.0          1.0000
1595.0          1.0000
1596.0          1.0000
1597.0          1.0000
1598.0          1.0000
1599.0          1.0000
1600.0          1.0000
1601.0          1.0000
1602.0          1.0000
1603.0          1.0000
1604.0          1.0000
1605.0          1.0000
1606.0          1.0000
1607.0          1.0000
1608.0          1.0000
1609.0          1.0000
1610.0          1.0000
1611.0          1.0000
1612.0          1.0000
1613.0          1.0000
1614.0          1.0000
1615.0          1.0000
1616.0          1.0000
1617.0          1.0000
1618.0          1.0000
1619.0          1.0000
1620.0          1.0000
1621.0          1.0000
1622.0          1.0000
1623.0          1.0000
1624.0          1.0000
1625.0          1.0000
1626.0          1.0000
1627.0          1.0000
1628.0          1.0000
1629.0          1.0000
1630.0          1.0000
1631.0          1.0000
1632.0          1.0000
1633.0          1.0000
1634.0          1.0000
1635.0          1.0000
1636.0          1.0000
1637.0          1.0000
1638.0          1.0000
1639.0          1.0000
1640.0          1.0000
1641.0          1.0000
1642.0          1.0000
1643.0          1.0000
1644.0          1.0000
1645.0          1.0000
1646.0          1.0000
1647.0          1.0000
1648.0          1.0000
1649.0          1.0000
1650.0          1.0000
1400.0          -2.6645E-15
1401.0          -3.1086E-15
1402.0          -4.4409E-15
1403.0          4.4409E-15
1404.0          -1.7764E-15
1405.0          1.7764E-15
1406.0          8.8818E-16
1407.0          1.3323E-15
1408.0          0.0000
1409.0          1.3323E-15
1410.0          -3.7748E-15
1411.0          -1.1102E-15
1412.0          -3.5527E-15
1413.0          3.5527E-15
1414.0          4.4409E-16
1415.0          -3.3307E-15
1416.0          1.5543E-15
1417.0          -1.9984E-15
1418.0          -8.8818E-16
1419.0          2.4425E-15
1420.0          3.7748E-15
1421.0          -4.4409E-16
1422.0          6.6613E-16
1423.0          -1.5543E-15
1424.0          -4.4409E-16
1425.0          2.8866E-15
1426.0          1.6653E-15
1427.0          -4.4409E-16
1428.0          -1.3323E-15
1429.0          4.4409E-16
1430.0          -8.8818E-16
1431.0          2.7756E-15
1432.0          -1.3323E-15
1433.0          2.8866E-15
1434.0          0.0000
1435.0          -3.1086E-15
1436.0          6.6613E-16
1437.0          -1.1102E-15
1438.0          6.6613E-16
1439.0          -1.5543E-15
1440.0          3.9968E-15
1441.0          8.8818E-16
1442.0          -1.3323E-15
1443.0          4.4409E-16
1444.0          -1.7764E-15
1445.0          -4.4409E-16
1446.0          2.6645E-15
1447.0          -1.3323E-15
1448.0          2.6645E-15
1449.0          6.6613E-16
1450.0          9.9920E-16
1451.0          8.8818E-16
1452.0          -1.1102E-15
1453.0          4.2188E-15
1454.0          -2.2204E-15
1455.0          -1.1102E-15
1456.0          1.1102E-15
1457.0          2.2204E-16
1458.0          1.9984E-15
1459.0          8.8818E-16
1460.0          2.5535E-15
1461.0          1.7764E-15
1462.0          -8.8818E-16
1463.0          6.6613E-16
1464.0          3.3307E-15
1465.0          -1.9984E-15
1466.0          -1.1102E-15
1467.0          -3.5527E-15
1468.0          1.6653E-15
1469.0          -1.3323E-15
1470.0          6.6613E-16
1471.0          4.2188E-15
1472.0          -2.4425E-15
1473.0          -2.2204E-16
1474.0          -1.5543E-15
1475.0          -2.2204E-15
1476.0          -2.6645E-15
1477.0          0.0000
1478.0          -2.6645E-15
1479.0          1.3323E-15
1480.0          9.9920E-16
1481.0          -2.4425E-15
1482.0          5.1070E-15
1483.0          1.1102E-16
1484.0          2.3315E-15
1485.0          2.4425E-15
1486.0          -2.2204E-15
1487.0          -5.7732E-15
1488.0          -8.8818E-16
1489.0          -1.3323E-15
1490.0          1.1102E-15
1491.0          -3.9968E-15
1492.0          1.5543E-15
1493.0          -2.2204E-16
1494.0          -2.8866E-15
1495.0          -3.5527E-15
1496.0          -4.4409E-16
1497.0          -4.4409E-16
1498.0          2.6645E-15
1499.0          5.9952E-15
1500.0          -3.3307E-15
1501.0          5.8842E-15
1502.0          2.4425E-15
1503.0          3.3307E-15
1504.0          -8.8818E-16
1505.0          6.5503E-15
1506.0          -3.5527E-15
1507.0          2.2204E-16
1508.0          -1.5543E-15
1509.0          -2.6645E-15
1510.0          2.9976E-15
1511.0          1.6653E-15
1512.0          -1.9984E-15
1513.0          -1.5543E-15
1514.0          -2.2204E-16
1515.0          7.7716E-16
1516.0          9.9920E-16
1517.0          1.7764E-15
1518.0          1.1102E-15
1519.0          -3.3307E-15
1520.0          0.0000
1521.0          -1.5543E-15
1522.0          -2.4425E-15
1523.0          1.1102E-15
1524.0          -2.2204E-16
1525.0          3.6637E-15
1526.0          1.9984E-15
1527.0          -4.4409E-16
1528.0          -2.8866E-15
1529.0          2.5535E-15
1530.0          -6.6613E-16
1531.0          -6.6613E-16
1532.0          -1.9984E-15
1533.0          -1.5543E-15
1534.0          -4.4409E-16
1535.0          3.3307E-16
1536.0          -2.2204E-16
1537.0          -3.5527E-15
1538.0          0.0000
1539.0          -2.4425E-15
1540.0          -1.9984E-15
1541.0          -2.2204E-15
1542.0          1.3323E-15
1543.0          4.4409E-16
1544.0          -8.8818E-16
1545.0          1.8874E-15
1546.0          3.3307E-15
1547.0          -2.2204E-16
1548.0          3.1086E-15
1549.0          -2.2204E-15
1550.0          4.4409E-16
1551.0          -6.6613E-16
1552.0          3.4417E-15
1553.0          -2.8866E-15
1554.0          -2.4425E-15
1555.0          -1.3323E-15
1556.0          -2.2204E-16
1557.0          -4.4409E-16
1558.0          4.4409E-16
1559.0          2.3315E-15
1560.0          -1.3323E-15
1561.0          8.8818E-16
1562.0          -1.7764E-15
1563.0          5.1070E-15
1564.0          4.6629E-15
1565.0          2.3315E-15
1566.0          6.6613E-16
1567.0          -1.5543E-15
1568.0          -8.8818E-16
1569.0          -2.2204E-16
1570.0          -2.8866E-15
1571.0          2.2204E-15
1572.0          -6.6613E-15
1573.0          4.4409E-16
1574.0          1.1102E-15
1575.0          -4.4409E-16
1576.0          2.4425E-15
1577.0          3.5527E-15
1578.0          -1.9984E-15
1579.0          -1.7764E-15
1580.0          5.5511E-16
1581.0          1.6653E-15
1582.0          2.2204E-15
1583.0          2.4425E-15
1584.0          3.1086E-15
1585.0          -4.4409E-16
1586.0          1.3323E-15
1587.0          7.7716E-16
1588.0          -4.4409E-15
1589.0          1.1102E-15
1590.0          -1.9984E-15
1591.0          -2.2204E-16
1592.0          -4.8850E-15
1593.0          -4.4409E-16
1594.0          -8.8818E-16
1595.0          3.8858E-15
1596.0          -2.2204E-15
1597.0          -2.2204E-16
1598.0          3.3307E-16
1599.0          -1.3323E-15
1600.0          -3.5527E-15
1601.0          -2.2204E-16
1602.0          -1.3323E-15
1603.0          6.6613E-16
1604.0          1.3323E-15
1605.0          2.7756E-15
1606.0          3.4417E-15
1607.0          -1.1102E-15
1608.0          -3.3307E-15
1609.0          1.7764E-15
1610.0          8.8818E-16
1611.0          2.3315E-15
1612.0          1.7764E-15
1613.0          -2.8866E-15
1614.0          1.3323E-15
1615.0          2.2204E-16
1616.0          -3.9968E-15
1617.0          -1.5543E-15
1618.0          -6.6613E-16
1619.0          -2.6645E-15
1620.0          6.6613E-16
1621.0          -2.6645E-15
1622.0          1.2212E-15
1623.0          1.1102E-15
1624.0          -1.7764E-15
1625.0          -2.2204E-15
1626.0          2.5535E-15
1627.0          -1.3323E-15
1628.0          -1.7764E-15
1629.0          2.4425E-15
1630.0          6.6613E-16
1631.0          -3.9968E-15
1632.0          4.6629E-15
1633.0          6.6613E-16
1634.0          -1.7764E-15
1635.0          -4.4409E-16
1636.0          -5.1070E-15
1637.0          -2.6645E-15
1638.0          2.6645E-15
1639.0          -2.6645E-15
1640.0          1.5543E-15
1641.0          -1.1102E-15
1642.0          1.3323E-15
1643.0          2.2204E-16
1644.0          -2.8866E-15
1645.0          -2.6645E-15
1646.0          5.3291E-15
1647.0          -4.4409E-16
1648.0          -8.8818E-16
1649.0          -8.8818E-16
1650.0          3.2196E-15
