1400.0          0.35346
1401.0          0.34763
1402.0          0.34179
1403.0          0.33590
1404.0          0.32990
1405.0          0.32376
1406.0          0.31741
1407.0          0.31079
1408.0          0.30382
1409.0          0.29641
1410.0          0.28846
1411.0          0.27982
1412.0          0.27031
1413.0          0.25969
1414.0          0.24765
1415.0          0.23373
1416.0          0.21731
1417.0          0.19748
1418.0          0.17293
1419.0          0.14176
1420.0          0.10181
1421.0          0.054046
1422.0          0.030131
1423.0          0.26738
1424.0          0.93336
1425.0          0.92875
1426.0          0.75947
1427.0          0.64637
1428.0          0.57429
1429.0          0.52549
1430.0          0.49040
1431.0          0.46385
1432.0          0.44293
1433.0          0.42591
1434.0          0.41168
1435.0          0.39950
1436.0          0.38889
1437.0          0.37947
1438.0          0.37101
1439.0          0.36330
1440.0          0.35620
1441.0          0.34960
1442.0          0.34339
1443.0          0.33751
1444.0          0.33190
1445.0          0.32649
1446.0          0.32124
1447.0          0.31610
1448.0          0.31102
1449.0          0.30596
1450.0          0.30085
1451.0          0.29564
1452.0          0.29023
1453.0          0.28451
1454.0          0.27832
1455.0          0.27141
1456.0          0.26338
1457.0          0.25350
1458.0          0.24036
1459.0          0.22078
1460.0          0.18567
1461.0          0.098749
1462.0          0.96295
1463.0          0.48086
1464.0          0.37887
1465.0          0.34162
1466.0          0.32156
1467.0          0.30849
1468.0          0.29894
1469.0          0.29141
1470.0          0.28517
1471.0          0.27978
1472.0          0.27500
1473.0          0.27068
1474.0          0.26669
1475.0          0.26297
1476.0          0.25947
1477.0          0.25614
1478.0          0.25296
1479.0          0.24989
1480.0          0.24694
1481.0          0.24407
1482.0          0.24129
1483.0          0.23857
1484.0          0.23592
1485.0          0.23333
1486.0          0.23078
1487.0          0.22828
1488.0          0.22582
1489.0          0.22341
1490.0          0.22102
1491.0          0.21868
1492.0          0.21636
1493.0          0.21407
1494.0          0.21181
1495.0          0.20958
1496.0          0.20737
1497.0          0.20519
1498.0          0.20303
1499.0          0.20089
1500.0          0.19877
1501.0          0.19668
1502.0          0.19460
1503.0          0.19254
1504.0          0.19050
1505.0          0.18848
1506.0          0.18647
1507.0          0.18449
1508.0          0.18251
1509.0          0.18056
1510.0          0.17862
1511.0          0.17670
1512.0          0.17479
1513.0          0.17290
1514.0          0.17102
1515.0          0.16915
1516.0          0.16730
1517.0          0.16547
1518.0          0.16365
1519.0          0.16184
1520.0          0.16005
1521.0          0.15827
1522.0          0.15651
1523.0          0.15476
1524.0          0.15302
1525.0          0.15129
1526.0          0.14958
1527.0          0.14788
1528.0          0.14620
1529.0          0.14453
1530.0          0.14287
1531.0          0.14122
1532.0          0.13959
1533.0          0.13797
1534.0          0.13636
1535.0          0.13477
1536.0          0.13319
1537.0          0.13162
1538.0          0.13006
1539.0          0.12852
1540.0          0.12699
1541.0          0.12547
1542.0          0.12397
1543.0          0.12247
1544.0          0.12099
1545.0          0.11953
1546.0          0.11807
1547.0          0.11663
1548.0          0.11520
1549.0          0.11379
1550.0          0.11239
1551.0          0.11100
1552.0          0.10962
1553.0          0.10825
1554.0          0.10690
1555.0          0.10556
1556.0          0.10424
1557.0          0.10292
1558.0          0.10162
1559.0          0.10034
1560.0          0.099061
1561.0          0.097799
1562.0          0.096550
1563.0          0.095313
1564.0          0.094090
1565.0          0.092879
1566.0          0.091682
1567.0          0.090497
1568.0          0.089326
1569.0          0.088167
1570.0          0.087021
1571.0          0.085888
1572.0          0.084768
1573.0          0.083661
1574.0          0.082567
1575.0          0.081486
1576.0          0.080418
1577.0          0.079364
1578.0          0.078322
1579.0          0.077293
1580.0          0.076277
1581.0          0.075274
1582.0          0.074284
1583.0          0.073308
1584.0          0.072344
1585.0          0.071394
1586.0          0.070456
1587.0          0.069532
1588.0          0.068620
1589.0          0.067722
1590.0          0.066836
1591.0          0.065964
1592.0          0.065105
1593.0          0.064259
1594.0          0.063426
1595.0          0.062606
1596.0          0.061799
1597.0          0.061005
1598.0          0.060224
1599.0          0.059456
1600.0          0.058701
1601.0          0.057959
1602.0          0.057230
1603.0          0.056514
1604.0          0.055811
1605.0          0.055121
1606.0          0.054444
1607.0          0.053780
1608.0          0.053128
1609.0          0.052490
1610.0          0.051865
1611.0          0.051252
1612.0          0.050652
1613.0          0.050065
1614.0          0.049491
1615.0          0.048929
1616.0          0.048381
1617.0          0.047844
1618.0          0.047321
1619.0          0.046811
1620.0          0.046313
1621.0          0.045827
1622.0          0.045354
1623.0          0.044894
1624.0          0.044446
1625.0          0.044011
1626.0          0.043588
1627.0          0.043178
1628.0          0.042780
1629.0          0.042395
1630.0          0.042022
1631.0          0.041661
1632.0          0.041312
1633.0          0.040976
1634.0          0.040651
1635.0          0.040339
1636.0          0.040039
1637.0          0.039751
1638.0          0.039475
1639.0          0.039211
1640.0          0.038959
1641.0          0.038719
1642.0          0.038491
1643.0          0.038274
1644.0          0.038070
1645.0          0.037877
1646.0          0.037695
1647.0          0.037526
1648.0          0.037367
1649.0          0.037221
1650.0          0.037085
1400.0          0.64654
1401.0          0.65237
1402.0          0.65821
1403.0          0.66410
1404.0          0.67010
1405.0          0.67624
1406.0          0.68259
1407.0          0.68921
1408.0          0.69618
1409.0          0.70359
1410.0          0.71154
1411.0          0.72018
1412.0          0.72969
1413.0          0.74031
1414.0          0.75235
1415.0          0.76627
1416.0          0.78269
1417.0          0.80252
1418.0          0.82707
1419.0          0.85824
1420.0          0.89819
1421.0          0.94595
1422.0          0.96987
1423.0          0.73262
1424.0          0.066641
1425.0          0.071248
1426.0          0.24053
1427.0          0.35363
1428.0          0.42571
1429.0          0.47451
1430.0          0.50960
1431.0          0.53615
1432.0          0.55707
1433.0          0.57409
1434.0          0.58832
1435.0          0.60050
1436.0          0.61111
1437.0          0.62053
1438.0          0.62899
1439.0          0.63670
1440.0          0.64380
1441.0          0.65040
1442.0          0.65661
1443.0          0.66249
1444.0          0.66810
1445.0          0.67351
1446.0          0.67876
1447.0          0.68390
1448.0          0.68898
1449.0          0.69404
1450.0          0.69915
1451.0          0.70436
1452.0          0.70977
1453.0          0.71549
1454.0          0.72168
1455.0          0.72859
1456.0          0.73662
1457.0          0.74650
1458.0          0.75964
1459.0          0.77922
1460.0          0.81433
1461.0          0.90125
1462.0          0.037049
1463.0          0.51914
1464.0          0.62113
1465.0          0.65838
1466.0          0.67844
1467.0          0.69151
1468.0          0.70106
1469.0          0.70859
1470.0          0.71483
1471.0          0.72022
1472.0          0.72500
1473.0          0.72932
1474.0          0.73331
1475.0          0.73703
1476.0          0.74053
1477.0          0.74386
1478.0          0.74704
1479.0          0.75011
1480.0          0.75306
1481.0          0.75593
1482.0          0.75871
1483.0          0.76143
1484.0          0.76408
1485.0          0.76667
1486.0          0.76922
1487.0          0.77172
1488.0          0.77418
1489.0          0.77659
1490.0          0.77898
1491.0          0.78132
1492.0          0.78364
1493.0          0.78593
1494.0          0.78819
1495.0          0.79042
1496.0          0.79263
1497.0          0.79481
1498.0          0.79697
1499.0          0.79911
1500.0          0.80123
1501.0          0.80332
1502.0          0.80540
1503.0          0.80746
1504.0          0.80950
1505.0          0.81152
1506.0          0.81353
1507.0          0.81551
1508.0          0.81749
1509.0          0.81944
1510.0          0.82138
1511.0          0.82330
1512.0          0.82521
1513.0          0.82710
1514.0          0.82898
1515.0          0.83085
1516.0          0.83270
1517.0          0.83453
1518.0          0.83635
1519.0          0.83816
1520.0          0.83995
1521.0          0.84173
1522.0          0.84349
1523.0          0.84524
1524.0          0.84698
1525.0          0.84871
1526.0          0.85042
1527.0          0.85212
1528.0          0.85380
1529.0          0.85547
1530.0          0.85713
1531.0          0.85878
1532.0          0.86041
1533.0          0.86203
1534.0          0.86364
1535.0          0.86523
1536.0          0.86681
1537.0          0.86838
1538.0          0.86994
1539.0          0.87148
1540.0          0.87301
1541.0          0.87453
1542.0          0.87603
1543.0          0.87753
1544.0          0.87901
1545.0          0.88047
1546.0          0.88193
1547.0          0.88337
1548.0          0.88480
1549.0          0.88621
1550.0          0.88761
1551.0          0.88900
1552.0          0.89038
1553.0          0.89175
1554.0          0.89310
1555.0          0.89444
1556.0          0.89576
1557.0          0.89708
1558.0          0.89838
1559.0          0.89966
1560.0          0.90094
1561.0          0.90220
1562.0          0.90345
1563.0          0.90469
1564.0          0.90591
1565.0          0.90712
1566.0          0.90832
1567.0          0.90950
1568.0          0.91067
1569.0          0.91183
1570.0          0.91298
1571.0          0.91411
1572.0          0.91523
1573.0          0.91634
1574.0          0.91743
1575.0          0.91851
1576.0          0.91958
1577.0          0.92064
1578.0          0.92168
1579.0          0.92271
1580.0          0.92372
1581.0          0.92473
1582.0          0.92572
1583.0          0.92669
1584.0          0.92766
1585.0          0.92861
1586.0          0.92954
1587.0          0.93047
1588.0          0.93138
1589.0          0.93228
1590.0          0.93316
1591.0          0.93404
1592.0          0.93489
1593.0          0.93574
1594.0          0.93657
1595.0          0.93739
1596.0          0.93820
1597.0          0.93900
1598.0          0.93978
1599.0          0.94054
1600.0          0.94130
1601.0          0.94204
1602.0          0.94277
1603.0          0.94349
1604.0          0.94419
1605.0          0.94488
1606.0          0.94556
1607.0          0.94622
1608.0          0.94687
1609.0          0.94751
1610.0          0.94814
1611.0          0.94875
1612.0          0.94935
1613.0          0.94994
1614.0          0.95051
1615.0          0.95107
1616.0          0.95162
1617.0          0.95216
1618.0          0.95268
1619.0          0.95319
1620.0          0.95369
1621.0          0.95417
1622.0          0.95465
1623.0          0.95511
1624.0          0.95555
1625.0          0.95599
1626.0          0.95641
1627.0          0.95682
1628.0          0.95722
1629.0          0.95761
1630.0          0.95798
1631.0          0.95834
1632.0          0.95869
1633.0          0.95902
1634.0          0.95935
1635.0          0.95966
1636.0          0.95996
1637.0          0.96025
1638.0          0.96052
1639.0          0.96079
1640.0          0.96104
1641.0          0.96128
1642.0          0.96151
1643.0          0.96173
1644.0          0.96193
1645.0          0.96212
1646.0          0.96230
1647.0          0.96247
1648.0          0.96263
1649.0          0.96278
1650.0          0.96291
1400.0          1.0000
1401.0          1.0000
1402.0          1.0000
1403.0          1.0000
1404.0          1.0000
1405.0          1.0000
1406.0          1.0000
1407.0          1.0000
1408.0          1.0000
1409.0          1.0000
1410.0          1.0000
1411.0          1.0000
1412.0          1.0000
1413.0          1.0000
1414.0          1.0000
1415.0          1.0000
1416.0          1.0000
1417.0          1.0000
1418.0          1.0000
1419.0          1.0000
1420.0          1.0000
1421.0          1.0000
1422.0          1.0000
1423.0          1.0000
1424.0          1.0000
1425.0          1.0000
1426.0          1.0000
1427.0          1.0000
1428.0          1.0000
1429.0          1.0000
1430.0          1.0000
1431.0          1.0000
1432.0          1.0000
1433.0          1.0000
1434.0          1.0000
1435.0          1.0000
1436.0          1.0000
1437.0          1.0000
1438.0          1.0000
1439.0          1.0000
1440.0          1.0000
1441.0          1.0000
1442.0          1.0000
1443.0          1.0000
1444.0          1.0000
1445.0          1.0000
1446.0          1.0000
1447.0          1.0000
1448.0          1.0000
1449.0          1.0000
1450.0          1.0000
1451.0          1.0000
1452.0          1.0000
1453.0          1.0000
1454.0          1.0000
1455.0          1.0000
1456.0          1.0000
1457.0          1.0000
1458.0          1.0000
1459.0          1.0000
1460.0          1.0000
1461.0          1.0000
1462.0          1.0000
1463.0          1.0000
1464.0          1.0000
1465.0          1.0000
1466.0          1.0000
1467.0          1.0000
1468.0          1.0000
1469.0          1.0000
1470.0          1.0000
1471.0          1.0000
1472.0          1.0000
1473.0          1.0000
1474.0          1.0000
1475.0          1.0000
1476.0          1.0000
1477.0          1.0000
1478.0          1.0000
1479.0          1.0000
1480.0          1.0000
1481.0          1.0000
1482.0          1.0000
1483.0          1.0000
1484.0          1.0000
1485.0          1.0000
1486.0          1.0000
1487.0          1.0000
1488.0          1.0000
1489.0          1.0000
1490.0          1.0000
1491.0          1.0000
1492.0          1.0000
1493.0          1.0000
1494.0          1.0000
1495.0          1.0000
1496.0          1.0000
1497.0          1.0000
1498.0          1.0000
1499.0          1.0000
1500.0          1.0000
1501.0          1.0000
1502.0          1.0000
1503.0          1.0000
1504.0          1.0000
1505.0          1.0000
1506.0          1.0000
1507.0          1.0000
1508.0          1.0000
1509.0          1.0000
1510.0          1.0000
1511.0          1.0000
1512.0          1.0000
1513.0          1.0000
1514.0          1.0000
1515.0          1.0000
1516.0          1.0000
1517.0          1.0000
1518.0          1.0000
1519.0          1.0000
1520.0          1.0000
1521.0          1.0000
1522.0          1.0000
1523.0          1.0000
1524.0          1.0000
1525.0          1.0000
1526.0          1.0000
1527.0          1.0000
1528.0          1.0000
1529.0          1.0000
1530.0          1.0000
1531.0          1.0000
1532.0          1.0000
1533.0          1.0000
1534.0          1.0000
1535.0          1.0000
1536.0          1.0000
1537.0          1.0000
1538.0          1.0000
1539.0          1.0000
1540.0          1.0000
1541.0          1.0000
1542.0          1.0000
1543.0          1.0000
1544.0          1.0000
1545.0          1.0000
1546.0          1.0000
1547.0          1.0000
1548.0          1.0000
1549.0          1.0000
1550.0          1.0000
1551.0          1.0000
1552.0          1.0000
1553.0          1.0000
1554.0          1.0000
1555.0          1.0000
1556.0          1.0000
1557.0          1.0000
1558.0          1.0000
1559.0          1.0000
1560.0          1.0000
1561.0          1.0000
1562.0          1.0000
1563.0          1.0000
1564.0          1.0000
1565.0          1.0000
1566.0          1.0000
1567.0          1.0000
1568.0          1.0000
1569.0          1.0000
1570.0          1.0000
1571.0          1.0000
1572.0          1.0000
1573.0          1.0000
1574.0          1.0000
1575.0          1.0000
1576.0          1.0000
1577.0          1.0000
1578.0          1.0000
1579.0          1.0000
1580.0          1.0000
1581.0          1.0000
1582.0          1.0000
1583.0          1.0000
1584.0          1.0000
1585.0          1.0000
1586.0          1.0000
1587.0          1.0000
1588.0          1.0000
1589.0          1.0000
1590.0          1.0000
1591.0          1.0000
1592.0          1.0000
1593.0          1.0000
1594.0          1.0000
1595.0          1.0000
1596.0          1.0000
1597.0          1.0000
1598.0          1.0000
1599.0          1.0000
1600.0          1.0000
1601.0          1.0000
1602.0          1.0000
1603.0          1.0000
1604.0          1.0000
1605.0          1.0000
1606.0          1.0000
1607.0          1.0000
1608.0          1.0000
1609.0          1.0000
1610.0          1.0000
1611.0          1.0000
1612.0          1.0000
1613.0          1.0000
1614.0          1.0000
1615.0          1.0000
1616.0          1.0000
1617.0          1.0000
1618.0          1.0000
1619.0          1.0000
1620.0          1.0000
1621.0          1.0000
1622.0          1.0000
1623.0          1.0000
1624.0          1.0000
1625.0          1.0000
1626.0          1.0000
1627.0          1.0000
1628.0          1.0000
1629.0          1.0000
1630.0          1.0000
1631.0          1.0000
1632.0          1.0000
1633.0          1.0000
1634.0          1.0000
1635.0          1.0000
1636.0          1.0000
1637.0          1.0000
1638.0          1.0000
1639.0          1.0000
1640.0          1.0000
1641.0          1.0000
1642.0          1.0000
1643.0          1.0000
1644.0          1.0000
1645.0          1.0000
1646.0          1.0000
1647.0          1.0000
1648.0          1.0000
1649.0          1.0000
1650.0          1.0000
1400.0          7.7716E-16
1401.0          -4.4409E-16
1402.0          -8.8818E-16
1403.0          7.7716E-16
1404.0          1.1102E-16
1405.0          -1.5543E-15
1406.0          -4.2188E-15
1407.0          -8.8818E-16
1408.0          -2.2204E-15
1409.0          6.6613E-16
1410.0          4.4409E-16
1411.0          3.3307E-16
1412.0          2.2204E-15
1413.0          -2.6645E-15
1414.0          -1.7764E-15
1415.0          -1.7764E-15
1416.0          1.7764E-15
1417.0          4.4409E-16
1418.0          2.7756E-15
1419.0          -1.5543E-15
1420.0          3.7748E-15
1421.0          4.4409E-15
1422.0          1.2212E-15
1423.0          -4.4409E-16
1424.0          1.4877E-14
1425.0          -7.7716E-15
1426.0          -8.8818E-16
1427.0          -3.3307E-15
1428.0          -2.8866E-15
1429.0          4.4409E-16
1430.0          2.6645E-15
1431.0          1.3323E-15
1432.0          -2.2204E-15
1433.0          2.9976E-15
1434.0          -2.2204E-16
1435.0          4.4409E-16
1436.0          6.6613E-16
1437.0          0.0000
1438.0          -2.2204E-16
1439.0          2.2204E-16
1440.0          1.3323E-15
1441.0          3.9968E-15
1442.0          2.2204E-15
1443.0          -8.8818E-16
1444.0          -6.6613E-16
1445.0          -1.3323E-15
1446.0          1.1102E-15
1447.0          -2.2204E-15
1448.0          -4.4409E-16
1449.0          1.2212E-15
1450.0          -3.9968E-15
1451.0          1.5543E-15
1452.0          0.0000
1453.0          -1.3323E-15
1454.0          1.8874E-15
1455.0          -1.9984E-15
1456.0          -6.6613E-16
1457.0          -2.2204E-15
1458.0          8.8818E-16
1459.0          8.8818E-16
1460.0          3.3307E-15
1461.0          9.5479E-15
1462.0          -7.8382E-14
1463.0          -1.6431E-14
1464.0          -6.6613E-15
1465.0          7.7716E-16
1466.0          -2.4425E-15
1467.0          1.7764E-15
1468.0          2.2204E-15
1469.0          -1.3323E-15
1470.0          3.3307E-16
1471.0          -8.8818E-16
1472.0          1.6653E-15
1473.0          1.4433E-15
1474.0          4.4409E-16
1475.0          0.0000
1476.0          -4.4409E-16
1477.0          1.9984E-15
1478.0          -4.4409E-16
1479.0          9.9920E-16
1480.0          -1.1102E-15
1481.0          -4.4409E-16
1482.0          -1.7764E-15
1483.0          3.9968E-15
1484.0          -1.7764E-15
1485.0          2.5535E-15
1486.0          -6.6613E-16
1487.0          8.8818E-16
1488.0          -2.2204E-16
1489.0          1.2212E-15
1490.0          3.9968E-15
1491.0          -1.7764E-15
1492.0          0.0000
1493.0          3.3307E-16
1494.0          -4.4409E-16
1495.0          -1.5543E-15
1496.0          -2.6645E-15
1497.0          -1.1102E-15
1498.0          1.6653E-15
1499.0          -8.8818E-16
1500.0          -8.8818E-16
1501.0          4.4409E-15
1502.0          -1.3323E-15
1503.0          1.1102E-16
1504.0          0.0000
1505.0          -1.3323E-15
1506.0          1.2212E-15
1507.0          2.1094E-15
1508.0          -1.9984E-15
1509.0          -2.4425E-15
1510.0          -8.8818E-16
1511.0          -8.8818E-16
1512.0          2.2204E-15
1513.0          -6.6613E-16
1514.0          -1.7764E-15
1515.0          -1.9984E-15
1516.0          2.8866E-15
1517.0          2.3315E-15
1518.0          6.6613E-16
1519.0          3.3307E-15
1520.0          -2.8866E-15
1521.0          1.4433E-15
1522.0          1.2212E-15
1523.0          -1.1102E-15
1524.0          1.6653E-15
1525.0          -2.6645E-15
1526.0          1.2212E-15
1527.0          -4.4409E-16
1528.0          -2.4425E-15
1529.0          -4.4409E-16
1530.0          -2.2204E-15
1531.0          2.1094E-15
1532.0          -3.7748E-15
1533.0          -4.4409E-16
1534.0          -8.8818E-16
1535.0          -1.5543E-15
1536.0          1.1102E-15
1537.0          1.1102E-15
1538.0          2.1094E-15
1539.0          -4.4409E-16
1540.0          -4.8850E-15
1541.0          -1.5543E-15
1542.0          1.6653E-15
1543.0          -2.8866E-15
1544.0          1.9984E-15
1545.0          -2.2204E-15
1546.0          1.1102E-15
1547.0          1.2212E-15
1548.0          -2.8866E-15
1549.0          1.8874E-15
1550.0          -3.1086E-15
1551.0          -1.3323E-15
1552.0          -6.6613E-16
1553.0          -8.8818E-16
1554.0          1.5543E-15
1555.0          1.1102E-15
1556.0          -3.5527E-15
1557.0          1.4433E-15
1558.0          3.9968E-15
1559.0          1.3323E-15
1560.0          -5.3291E-15
1561.0          -6.6613E-15
1562.0          -4.4409E-16
1563.0          -4.4409E-16
1564.0          3.1086E-15
1565.0          -2.2204E-16
1566.0          2.2204E-16
1567.0          2.8866E-15
1568.0          1.3323E-15
1569.0          1.5543E-15
1570.0          2.2204E-16
1571.0          3.3307E-16
1572.0          -6.6613E-16
1573.0          1.6653E-15
1574.0          -2.4425E-15
1575.0          -4.4409E-16
1576.0          2.8866E-15
1577.0          7.7716E-16
1578.0          1.1102E-16
1579.0          5.5511E-16
1580.0          -3.7748E-15
1581.0          6.6613E-16
1582.0          3.3307E-16
1583.0          -1.7764E-15
1584.0          3.5527E-15
1585.0          -3.1086E-15
1586.0          -2.2204E-16
1587.0          -2.2204E-16
1588.0          -3.9968E-15
1589.0          3.5527E-15
1590.0          1.4433E-15
1591.0          4.4409E-16
1592.0          -6.6613E-16
1593.0          6.6613E-16
1594.0          9.9920E-16
1595.0          1.2212E-15
1596.0          1.9984E-15
1597.0          -3.3307E-15
1598.0          -1.7764E-15
1599.0          8.8818E-16
1600.0          -2.8866E-15
1601.0          2.5535E-15
1602.0          -1.3323E-15
1603.0          1.2212E-15
1604.0          -2.2204E-15
1605.0          3.9968E-15
1606.0          -1.1102E-15
1607.0          8.8818E-16
1608.0          2.2204E-16
1609.0          0.0000
1610.0          -4.4409E-16
1611.0          -8.8818E-16
1612.0          3.3307E-16
1613.0          -4.4409E-16
1614.0          1.1102E-16
1615.0          -2.2204E-15
1616.0          6.6613E-16
1617.0          2.2204E-15
1618.0          -2.4425E-15
1619.0          2.1094E-15
1620.0          -6.6613E-16
1621.0          2.4425E-15
1622.0          -1.7764E-15
1623.0          1.1102E-15
1624.0          1.1102E-16
1625.0          -8.8818E-16
1626.0          -2.2204E-15
1627.0          1.4433E-15
1628.0          -4.4409E-16
1629.0          -6.6613E-16
1630.0          9.9920E-16
1631.0          6.6613E-16
1632.0          -1.1102E-15
1633.0          7.7716E-16
1634.0          2.2204E-15
1635.0          4.4409E-16
1636.0          -2.8866E-15
1637.0          -2.2204E-16
1638.0          1.1102E-16
1639.0          -6.6613E-16
1640.0          -1.7764E-15
1641.0          1.1102E-16
1642.0          2.5535E-15
1643.0          2.9976E-15
1644.0          -1.7764E-15
1645.0          2.3315E-15
1646.0          2.3315E-15
1647.0          -1.5543E-15
1648.0          8.8818E-16
1649.0          1.1102E-16
1650.0          -1.5543E-15
