1400.0          0.16845
1401.0          0.16701
1402.0          0.16558
1403.0          0.16415
1404.0          0.16271
1405.0          0.16128
1406.0          0.15985
1407.0          0.15842
1408.0          0.15700
1409.0          0.15557
1410.0          0.15415
1411.0          0.15273
1412.0          0.15132
1413.0          0.14990
1414.0          0.14849
1415.0          0.14709
1416.0          0.14568
1417.0          0.14429
1418.0          0.14289
1419.0          0.14150
1420.0          0.14012
1421.0          0.13873
1422.0          0.13736
1423.0          0.13599
1424.0          0.13462
1425.0          0.13326
1426.0          0.13190
1427.0          0.13055
1428.0          0.12921
1429.0          0.12787
1430.0          0.12654
1431.0          0.12521
1432.0          0.12389
1433.0          0.12258
1434.0          0.12127
1435.0          0.11997
1436.0          0.11867
1437.0          0.11739
1438.0          0.11611
1439.0          0.11484
1440.0          0.11357
1441.0          0.11231
1442.0          0.11106
1443.0          0.10982
1444.0          0.10858
1445.0          0.10736
1446.0          0.10614
1447.0          0.10493
1448.0          0.10372
1449.0          0.10253
1450.0          0.10134
1451.0          0.10017
1452.0          0.098996
1453.0          0.097835
1454.0          0.096683
1455.0          0.095540
1456.0          0.094406
1457.0          0.093281
1458.0          0.092165
1459.0          0.091059
1460.0          0.089961
1461.0          0.088873
1462.0          0.087794
1463.0          0.086725
1464.0          0.085665
1465.0          0.084615
1466.0          0.083575
1467.0          0.082545
1468.0          0.081524
1469.0          0.080514
1470.0          0.079513
1471.0          0.078523
1472.0          0.077542
1473.0          0.076572
1474.0          0.075612
1475.0          0.074662
1476.0          0.073723
1477.0          0.072795
1478.0          0.071876
1479.0          0.070969
1480.0          0.070071
1481.0          0.069185
1482.0          0.068309
1483.0          0.067444
1484.0          0.066590
1485.0          0.065747
1486.0          0.064914
1487.0          0.064093
1488.0          0.063282
1489.0          0.062482
1490.0          0.061694
1491.0          0.060917
1492.0          0.060150
1493.0          0.059395
1494.0          0.058651
1495.0          0.057918
1496.0          0.057197
1497.0          0.056487
1498.0          0.055788
1499.0          0.055100
1500.0          0.054424
1501.0          0.053759
1502.0          0.053106
1503.0          0.052464
1504.0          0.051833
1505.0          0.051214
1506.0          0.050607
1507.0          0.050011
1508.0          0.049426
1509.0          0.048853
1510.0          0.048291
1511.0          0.047741
1512.0          0.047203
1513.0          0.046676
1514.0          0.046161
1515.0          0.045657
1516.0          0.045165
1517.0          0.044684
1518.0          0.044215
1519.0          0.043758
1520.0          0.043312
1521.0          0.042878
1522.0          0.042455
1523.0          0.042044
1524.0          0.041644
1525.0          0.041256
1526.0          0.040880
1527.0          0.040515
1528.0          0.040161
1529.0          0.039819
1530.0          0.039489
1531.0          0.039170
1532.0          0.038863
1533.0          0.038567
1534.0          0.038282
1535.0          0.038009
1536.0          0.037748
1537.0          0.037497
1538.0          0.037258
1539.0          0.037031
1540.0          0.036814
1541.0          0.036609
1542.0          0.036416
1543.0          0.036233
1544.0          0.036062
1545.0          0.035902
1546.0          0.035753
1547.0          0.035615
1548.0          0.035488
1549.0          0.035372
1550.0          0.035268
1551.0          0.035174
1552.0          0.035091
1553.0          0.035020
1554.0          0.034959
1555.0          0.034909
1556.0          0.034869
1557.0          0.034841
1558.0          0.034823
1559.0          0.034816
1560.0          0.034820
1561.0          0.034834
1562.0          0.034858
1563.0          0.034894
1564.0          0.034939
1565.0          0.034995
1566.0          0.035062
1567.0          0.035139
1568.0          0.035226
1569.0          0.035323
1570.0          0.035431
1571.0          0.035548
1572.0          0.035676
1573.0          0.035814
1574.0          0.035962
1575.0          0.036120
1576.0          0.036287
1577.0          0.036465
1578.0          0.036652
1579.0          0.036849
1580.0          0.037055
1581.0          0.037271
1582.0          0.037497
1583.0          0.037732
1584.0          0.037977
1585.0          0.038231
1586.0          0.038494
1587.0          0.038767
1588.0          0.039049
1589.0          0.039340
1590.0          0.039640
1591.0          0.039949
1592.0          0.040267
1593.0          0.040594
1594.0          0.040930
1595.0          0.041274
1596.0          0.041628
1597.0          0.041990
1598.0          0.042360
1599.0          0.042739
1600.0          0.043127
1601.0          0.043523
1602.0          0.043927
1603.0          0.044340
1604.0          0.044760
1605.0          0.045189
1606.0          0.045626
1607.0          0.046071
1608.0          0.046524
1609.0          0.046985
1610.0          0.047454
1611.0          0.047931
1612.0          0.048415
1613.0          0.048907
1614.0          0.049406
1615.0          0.049913
1616.0          0.050427
1617.0          0.050949
1618.0          0.051478
1619.0          0.052014
1620.0          0.052558
1621.0          0.053108
1622.0          0.053666
1623.0          0.054230
1624.0          0.054802
1625.0          0.055380
1626.0          0.055965
1627.0          0.056557
1628.0          0.057155
1629.0          0.057760
1630.0          0.058371
1631.0          0.058989
1632.0          0.059613
1633.0          0.060244
1634.0          0.060881
1635.0          0.061524
1636.0          0.062173
1637.0          0.062828
1638.0          0.063489
1639.0          0.064156
1640.0          0.064829
1641.0          0.065507
1642.0          0.066192
1643.0          0.066882
1644.0          0.067577
1645.0          0.068278
1646.0          0.068985
1647.0          0.069697
1648.0          0.070414
1649.0          0.071136
1650.0          0.071864
1400.0          0.83155
1401.0          0.83299
1402.0          0.83442
1403.0          0.83585
1404.0          0.83729
1405.0          0.83872
1406.0          0.84015
1407.0          0.84158
1408.0          0.84300
1409.0          0.84443
1410.0          0.84585
1411.0          0.84727
1412.0          0.84868
1413.0          0.85010
1414.0          0.85151
1415.0          0.85291
1416.0          0.85432
1417.0          0.85571
1418.0          0.85711
1419.0          0.85850
1420.0          0.85988
1421.0          0.86127
1422.0          0.86264
1423.0          0.86401
1424.0          0.86538
1425.0          0.86674
1426.0          0.86810
1427.0          0.86945
1428.0          0.87079
1429.0          0.87213
1430.0          0.87346
1431.0          0.87479
1432.0          0.87611
1433.0          0.87742
1434.0          0.87873
1435.0          0.88003
1436.0          0.88133
1437.0          0.88261
1438.0          0.88389
1439.0          0.88516
1440.0          0.88643
1441.0          0.88769
1442.0          0.88894
1443.0          0.89018
1444.0          0.89142
1445.0          0.89264
1446.0          0.89386
1447.0          0.89507
1448.0          0.89628
1449.0          0.89747
1450.0          0.89866
1451.0          0.89983
1452.0          0.90100
1453.0          0.90216
1454.0          0.90332
1455.0          0.90446
1456.0          0.90559
1457.0          0.90672
1458.0          0.90783
1459.0          0.90894
1460.0          0.91004
1461.0          0.91113
1462.0          0.91221
1463.0          0.91327
1464.0          0.91433
1465.0          0.91538
1466.0          0.91642
1467.0          0.91746
1468.0          0.91848
1469.0          0.91949
1470.0          0.92049
1471.0          0.92148
1472.0          0.92246
1473.0          0.92343
1474.0          0.92439
1475.0          0.92534
1476.0          0.92628
1477.0          0.92721
1478.0          0.92812
1479.0          0.92903
1480.0          0.92993
1481.0          0.93082
1482.0          0.93169
1483.0          0.93256
1484.0          0.93341
1485.0          0.93425
1486.0          0.93509
1487.0          0.93591
1488.0          0.93672
1489.0          0.93752
1490.0          0.93831
1491.0          0.93908
1492.0          0.93985
1493.0          0.94060
1494.0          0.94135
1495.0          0.94208
1496.0          0.94280
1497.0          0.94351
1498.0          0.94421
1499.0          0.94490
1500.0          0.94558
1501.0          0.94624
1502.0          0.94689
1503.0          0.94754
1504.0          0.94817
1505.0          0.94879
1506.0          0.94939
1507.0          0.94999
1508.0          0.95057
1509.0          0.95115
1510.0          0.95171
1511.0          0.95226
1512.0          0.95280
1513.0          0.95332
1514.0          0.95384
1515.0          0.95434
1516.0          0.95484
1517.0          0.95532
1518.0          0.95578
1519.0          0.95624
1520.0          0.95669
1521.0          0.95712
1522.0          0.95755
1523.0          0.95796
1524.0          0.95836
1525.0          0.95874
1526.0          0.95912
1527.0          0.95949
1528.0          0.95984
1529.0          0.96018
1530.0          0.96051
1531.0          0.96083
1532.0          0.96114
1533.0          0.96143
1534.0          0.96172
1535.0          0.96199
1536.0          0.96225
1537.0          0.96250
1538.0          0.96274
1539.0          0.96297
1540.0          0.96319
1541.0          0.96339
1542.0          0.96358
1543.0          0.96377
1544.0          0.96394
1545.0          0.96410
1546.0          0.96425
1547.0          0.96439
1548.0          0.96451
1549.0          0.96463
1550.0          0.96473
1551.0          0.96483
1552.0          0.96491
1553.0          0.96498
1554.0          0.96504
1555.0          0.96509
1556.0          0.96513
1557.0          0.96516
1558.0          0.96518
1559.0          0.96518
1560.0          0.96518
1561.0          0.96517
1562.0          0.96514
1563.0          0.96511
1564.0          0.96506
1565.0          0.96500
1566.0          0.96494
1567.0          0.96486
1568.0          0.96477
1569.0          0.96468
1570.0          0.96457
1571.0          0.96445
1572.0          0.96432
1573.0          0.96419
1574.0          0.96404
1575.0          0.96388
1576.0          0.96371
1577.0          0.96354
1578.0          0.96335
1579.0          0.96315
1580.0          0.96294
1581.0          0.96273
1582.0          0.96250
1583.0          0.96227
1584.0          0.96202
1585.0          0.96177
1586.0          0.96151
1587.0          0.96123
1588.0          0.96095
1589.0          0.96066
1590.0          0.96036
1591.0          0.96005
1592.0          0.95973
1593.0          0.95941
1594.0          0.95907
1595.0          0.95873
1596.0          0.95837
1597.0          0.95801
1598.0          0.95764
1599.0          0.95726
1600.0          0.95687
1601.0          0.95648
1602.0          0.95607
1603.0          0.95566
1604.0          0.95524
1605.0          0.95481
1606.0          0.95437
1607.0          0.95393
1608.0          0.95348
1609.0          0.95301
1610.0          0.95255
1611.0          0.95207
1612.0          0.95159
1613.0          0.95109
1614.0          0.95059
1615.0          0.95009
1616.0          0.94957
1617.0          0.94905
1618.0          0.94852
1619.0          0.94799
1620.0          0.94744
1621.0          0.94689
1622.0          0.94633
1623.0          0.94577
1624.0          0.94520
1625.0          0.94462
1626.0          0.94404
1627.0          0.94344
1628.0          0.94284
1629.0          0.94224
1630.0          0.94163
1631.0          0.94101
1632.0          0.94039
1633.0          0.93976
1634.0          0.93912
1635.0          0.93848
1636.0          0.93783
1637.0          0.93717
1638.0          0.93651
1639.0          0.93584
1640.0          0.93517
1641.0          0.93449
1642.0          0.93381
1643.0          0.93312
1644.0          0.93242
1645.0          0.93172
1646.0          0.93102
1647.0          0.93030
1648.0          0.92959
1649.0          0.92886
1650.0          0.92814
1400.0          1.0000
1401.0          1.0000
1402.0          1.0000
1403.0          1.0000
1404.0          1.0000
1405.0          1.0000
1406.0          1.0000
1407.0          1.0000
1408.0          1.0000
1409.0          1.0000
1410.0          1.0000
1411.0          1.0000
1412.0          1.0000
1413.0          1.0000
1414.0          1.0000
1415.0          1.0000
1416.0          1.0000
1417.0          1.0000
1418.0          1.0000
1419.0          1.0000
1420.0          1.0000
1421.0          1.0000
1422.0          1.0000
1423.0          1.0000
1424.0          1.0000
1425.0          1.0000
1426.0          1.0000
1427.0          1.0000
1428.0          1.0000
1429.0          1.0000
1430.0          1.0000
1431.0          1.0000
1432.0          1.0000
1433.0          1.0000
1434.0          1.0000
1435.0          1.0000
1436.0          1.0000
1437.0          1.0000
1438.0          1.0000
1439.0          1.0000
1440.0          1.0000
1441.0          1.0000
1442.0          1.0000
1443.0          1.0000
1444.0          1.0000
1445.0          1.0000
1446.0          1.0000
1447.0          1.0000
1448.0          1.0000
1449.0          1.0000
1450.0          1.0000
1451.0          1.0000
1452.0          1.0000
1453.0          1.0000
1454.0          1.0000
1455.0          1.0000
1456.0          1.0000
1457.0          1.0000
1458.0          1.0000
1459.0          1.0000
1460.0          1.0000
1461.0          1.0000
1462.0          1.0000
1463.0          1.0000
1464.0          1.0000
1465.0          1.0000
1466.0          1.0000
1467.0          1.0000
1468.0          1.0000
1469.0          1.0000
1470.0          1.0000
1471.0          1.0000
1472.0          1.0000
1473.0          1.0000
1474.0          1.0000
1475.0          1.0000
1476.0          1.0000
1477.0          1.0000
1478.0          1.0000
1479.0          1.0000
1480.0          1.0000
1481.0          1.0000
1482.0          1.0000
1483.0          1.0000
1484.0          1.0000
1485.0          1.0000
1486.0          1.0000
1487.0          1.0000
1488.0          1.0000
1489.0          1.0000
1490.0          1.0000
1491.0          1.0000
1492.0          1.0000
1493.0          1.0000
1494.0          1.0000
1495.0          1.0000
1496.0          1.0000
1497.0          1.0000
1498.0          1.0000
1499.0          1.0000
1500.0          1.0000
1501.0          1.0000
1502.0          1.0000
1503.0          1.0000
1504.0          1.0000
1505.0          1.0000
1506.0          1.0000
1507.0          1.0000
1508.0          1.0000
1509.0          1.0000
1510.0          1.0000
1511.0          1.0000
1512.0          1.0000
1513.0          1.0000
1514.0          1.0000
1515.0          1.0000
1516.0          1.0000
1517.0          1.0000
1518.0          1.0000
1519.0          1.0000
1520.0          1.0000
1521.0          1.0000
1522.0          1.0000
1523.0          1.0000
1524.0          1.0000
1525.0          1.0000
1526.0          1.0000
1527.0          1.0000
1528.0          1.0000
1529.0          1.0000
1530.0          1.0000
1531.0          1.0000
1532.0          1.0000
1533.0          1.0000
1534.0          1.0000
1535.0          1.0000
1536.0          1.0000
1537.0          1.0000
1538.0          1.0000
1539.0          1.0000
1540.0          1.0000
1541.0          1.0000
1542.0          1.0000
1543.0          1.0000
1544.0          1.0000
1545.0          1.0000
1546.0          1.0000
1547.0          1.0000
1548.0          1.0000
1549.0          1.0000
1550.0          1.0000
1551.0          1.0000
1552.0          1.0000
1553.0          1.0000
1554.0          1.0000
1555.0          1.0000
1556.0          1.0000
1557.0          1.0000
1558.0          1.0000
1559.0          1.0000
1560.0          1.0000
1561.0          1.0000
1562.0          1.0000
1563.0          1.0000
1564.0          1.0000
1565.0          1.0000
1566.0          1.0000
1567.0          1.0000
1568.0          1.0000
1569.0          1.0000
1570.0          1.0000
1571.0          1.0000
1572.0          1.0000
1573.0          1.0000
1574.0          1.0000
1575.0          1.0000
1576.0          1.0000
1577.0          1.0000
1578.0          1.0000
1579.0          1.0000
1580.0          1.0000
1581.0          1.0000
1582.0          1.0000
1583.0          1.0000
1584.0          1.0000
1585.0          1.0000
1586.0          1.0000
1587.0          1.0000
1588.0          1.0000
1589.0          1.0000
1590.0          1.0000
1591.0          1.0000
1592.0          1.0000
1593.0          1.0000
1594.0          1.0000
1595.0          1.0000
1596.0          1.0000
1597.0          1.0000
1598.0          1.0000
1599.0          1.0000
1600.0          1.0000
1601.0          1.0000
1602.0          1.0000
1603.0          1.0000
1604.0          1.0000
1605.0          1.0000
1606.0          1.0000
1607.0          1.0000
1608.0          1.0000
1609.0          1.0000
1610.0          1.0000
1611.0          1.0000
1612.0          1.0000
1613.0          1.0000
1614.0          1.0000
1615.0          1.0000
1616.0          1.0000
1617.0          1.0000
1618.0          1.0000
1619.0          1.0000
1620.0          1.0000
1621.0          1.0000
1622.0          1.0000
1623.0          1.0000
1624.0          1.0000
1625.0          1.0000
1626.0          1.0000
1627.0          1.0000
1628.0          1.0000
1629.0          1.0000
1630.0          1.0000
1631.0          1.0000
1632.0          1.0000
1633.0          1.0000
1634.0          1.0000
1635.0          1.0000
1636.0          1.0000
1637.0          1.0000
1638.0          1.0000
1639.0          1.0000
1640.0          1.0000
1641.0          1.0000
1642.0          1.0000
1643.0          1.0000
1644.0          1.0000
1645.0          1.0000
1646.0          1.0000
1647.0          1.0000
1648.0          1.0000
1649.0          1.0000
1650.0          1.0000
1400.0          -1.3323E-15
1401.0          1.5543E-15
1402.0          -4.4409E-16
1403.0          8.8818E-16
1404.0          -2.6645E-15
1405.0          -6.6613E-16
1406.0          2.2204E-16
1407.0          1.1102E-15
1408.0          -1.1102E-15
1409.0          2.3315E-15
1410.0          2.3315E-15
1411.0          -6.6613E-16
1412.0          3.3307E-15
1413.0          -1.9984E-15
1414.0          1.1102E-15
1415.0          1.9984E-15
1416.0          -8.8818E-16
1417.0          -2.2204E-16
1418.0          -1.5543E-15
1419.0          3.3307E-16
1420.0          -2.8866E-15
1421.0          1.6653E-15
1422.0          -8.8818E-16
1423.0          0.0000
1424.0          4.4409E-16
1425.0          -4.4409E-16
1426.0          -2.2204E-16
1427.0          2.6645E-15
1428.0          1.5543E-15
1429.0          4.4409E-16
1430.0          -3.5527E-15
1431.0          -1.7764E-15
1432.0          1.5543E-15
1433.0          -4.4409E-16
1434.0          1.5543E-15
1435.0          -2.4425E-15
1436.0          8.8818E-16
1437.0          -1.5543E-15
1438.0          -1.1102E-15
1439.0          2.2204E-15
1440.0          3.5527E-15
1441.0          1.9984E-15
1442.0          1.6653E-15
1443.0          1.7764E-15
1444.0          7.7716E-16
1445.0          -2.2204E-15
1446.0          -1.3323E-15
1447.0          -2.2204E-16
1448.0          2.7756E-15
1449.0          -8.8818E-16
1450.0          -6.6613E-16
1451.0          -3.1086E-15
1452.0          -3.5527E-15
1453.0          -4.2188E-15
1454.0          9.9920E-16
1455.0          1.7764E-15
1456.0          -4.4409E-16
1457.0          3.3307E-16
1458.0          4.4409E-16
1459.0          -1.5543E-15
1460.0          -3.1086E-15
1461.0          -2.2204E-16
1462.0          2.2204E-16
1463.0          -3.3307E-15
1464.0          0.0000
1465.0          4.5519E-15
1466.0          -5.1070E-15
1467.0          5.5511E-16
1468.0          -1.9984E-15
1469.0          5.9952E-15
1470.0          4.4409E-16
1471.0          9.5479E-15
1472.0          1.4655E-14
1473.0          -1.7764E-15
1474.0          -1.7764E-15
1475.0          -1.1102E-15
1476.0          2.2204E-15
1477.0          2.3315E-15
1478.0          -4.8850E-15
1479.0          3.1086E-15
1480.0          3.1086E-15
1481.0          1.9984E-15
1482.0          -2.4425E-15
1483.0          4.4409E-16
1484.0          2.5535E-15
1485.0          -3.7748E-15
1486.0          -2.2204E-16
1487.0          -5.9952E-15
1488.0          5.5511E-16
1489.0          7.7716E-16
1490.0          -1.5543E-15
1491.0          1.5543E-15
1492.0          -8.8818E-16
1493.0          5.3291E-15
1494.0          6.8834E-15
1495.0          -8.8818E-16
1496.0          3.9968E-15
1497.0          2.8866E-15
1498.0          -3.3307E-15
1499.0          8.9928E-15
1500.0          2.2204E-15
1501.0          -1.7764E-15
1502.0          -8.8818E-16
1503.0          1.1102E-16
1504.0          -1.1102E-15
1505.0          -2.6645E-15
1506.0          -2.4425E-15
1507.0          -1.7764E-15
1508.0          -1.3323E-15
1509.0          -2.2204E-16
1510.0          -1.7764E-15
1511.0          1.3323E-15
1512.0          4.4409E-16
1513.0          2.3315E-15
1514.0          -2.8866E-15
1515.0          1.1102E-16
1516.0          2.3315E-15
1517.0          -1.7764E-15
1518.0          9.9920E-16
1519.0          3.2196E-15
1520.0          3.3307E-16
1521.0          2.2204E-15
1522.0          1.6653E-15
1523.0          6.6613E-16
1524.0          -2.6645E-15
1525.0          2.1094E-15
1526.0          -2.2204E-16
1527.0          -6.6613E-16
1528.0          1.2212E-15
1529.0          2.9976E-15
1530.0          3.3307E-15
1531.0          3.3307E-16
1532.0          -2.6645E-15
1533.0          -1.7764E-15
1534.0          1.3323E-15
1535.0          -8.8818E-16
1536.0          2.5535E-15
1537.0          -2.6645E-15
1538.0          -8.8818E-16
1539.0          5.5511E-16
1540.0          1.9984E-15
1541.0          1.6653E-15
1542.0          2.1094E-15
1543.0          -3.7748E-15
1544.0          -6.6613E-16
1545.0          -3.1086E-15
1546.0          -1.9984E-15
1547.0          -1.7764E-15
1548.0          -8.8818E-16
1549.0          2.5535E-15
1550.0          -2.2204E-16
1551.0          4.4409E-16
1552.0          -1.1102E-15
1553.0          -1.9984E-15
1554.0          -6.6613E-16
1555.0          -1.1102E-15
1556.0          1.1102E-16
1557.0          -1.7764E-15
1558.0          7.7716E-16
1559.0          3.3307E-16
1560.0          1.1102E-16
1561.0          -2.2204E-16
1562.0          -2.4425E-15
1563.0          3.3307E-15
1564.0          3.4417E-15
1565.0          -5.3291E-15
1566.0          -6.6613E-16
1567.0          1.1102E-15
1568.0          -1.5543E-15
1569.0          -1.3323E-15
1570.0          1.2212E-15
1571.0          1.3323E-15
1572.0          -2.8866E-15
1573.0          0.0000
1574.0          -1.9984E-15
1575.0          -2.2204E-15
1576.0          1.8874E-15
1577.0          -6.6613E-16
1578.0          -2.8866E-15
1579.0          3.7748E-15
1580.0          -2.2204E-15
1581.0          1.5543E-15
1582.0          4.4409E-16
1583.0          1.1102E-15
1584.0          -1.5543E-15
1585.0          -6.6613E-16
1586.0          1.8874E-15
1587.0          1.8874E-15
1588.0          -1.9984E-15
1589.0          8.8818E-16
1590.0          -2.2204E-16
1591.0          1.3323E-15
1592.0          2.2204E-16
1593.0          -1.9984E-15
1594.0          -1.9984E-15
1595.0          3.3307E-16
1596.0          -2.2204E-16
1597.0          9.9920E-16
1598.0          -1.3323E-15
1599.0          2.3315E-15
1600.0          1.3323E-15
1601.0          1.6653E-15
1602.0          5.4401E-15
1603.0          7.7716E-16
1604.0          2.2204E-16
1605.0          -5.7732E-15
1606.0          -4.4409E-16
1607.0          -1.5543E-15
1608.0          3.3307E-15
1609.0          6.6613E-16
1610.0          -1.1102E-15
1611.0          -2.6645E-15
1612.0          -1.1102E-15
1613.0          1.4433E-15
1614.0          -1.1102E-15
1615.0          1.9984E-15
1616.0          -2.2204E-16
1617.0          -1.5543E-15
1618.0          1.1102E-16
1619.0          2.3315E-15
1620.0          2.3315E-15
1621.0          2.2204E-16
1622.0          4.4409E-16
1623.0          -1.3323E-15
1624.0          8.8818E-16
1625.0          -2.4425E-15
1626.0          -6.6613E-16
1627.0          5.5511E-16
1628.0          -1.9984E-15
1629.0          1.8874E-15
1630.0          -6.6613E-16
1631.0          -1.9984E-15
1632.0          -4.2188E-15
1633.0          -2.8866E-15
1634.0          1.7764E-15
1635.0          -3.5527E-15
1636.0          -8.8818E-16
1637.0          -1.3323E-15
1638.0          1.1102E-15
1639.0          -6.6613E-16
1640.0          3.6637E-15
1641.0          -3.7748E-15
1642.0          -3.1086E-15
1643.0          2.3315E-15
1644.0          -1.3323E-15
1645.0          1.3323E-15
1646.0          -1.1102E-15
1647.0          -3.7748E-15
1648.0          -4.4409E-16
1649.0          1.5543E-15
1650.0          6.6613E-16
