1400.0          0.23075
1401.0          0.22936
1402.0          0.22799
1403.0          0.22663
1404.0          0.22528
1405.0          0.22396
1406.0          0.22265
1407.0          0.22137
1408.0          0.22011
1409.0          0.21887
1410.0          0.21766
1411.0          0.21648
1412.0          0.21534
1413.0          0.21423
1414.0          0.21317
1415.0          0.21215
1416.0          0.21118
1417.0          0.21027
1418.0          0.20943
1419.0          0.20866
1420.0          0.20798
1421.0          0.20740
1422.0          0.20693
1423.0          0.20660
1424.0          0.20644
1425.0          0.20646
1426.0          0.20672
1427.0          0.20727
1428.0          0.20817
1429.0          0.20953
1430.0          0.21149
1431.0          0.21424
1432.0          0.21808
1433.0          0.22347
1434.0          0.23121
1435.0          0.24267
1436.0          0.26062
1437.0          0.29132
1438.0          0.35228
1439.0          0.51115
1440.0          0.99362
1441.0          0.059868
1442.0          0.016914
1443.0          0.046985
1444.0          0.067852
1445.0          0.081471
1446.0          0.090667
1447.0          0.097086
1448.0          0.10167
1449.0          0.10500
1450.0          0.10742
1451.0          0.10918
1452.0          0.11042
1453.0          0.11128
1454.0          0.11183
1455.0          0.11213
1456.0          0.11223
1457.0          0.11216
1458.0          0.11196
1459.0          0.11164
1460.0          0.11122
1461.0          0.11073
1462.0          0.11016
1463.0          0.10954
1464.0          0.10886
1465.0          0.10814
1466.0          0.10738
1467.0          0.10659
1468.0          0.10577
1469.0          0.10492
1470.0          0.10405
1471.0          0.10317
1472.0          0.10226
1473.0          0.10135
1474.0          0.10042
1475.0          0.099485
1476.0          0.098540
1477.0          0.097588
1478.0          0.096631
1479.0          0.095669
1480.0          0.094704
1481.0          0.093737
1482.0          0.092769
1483.0          0.091799
1484.0          0.090830
1485.0          0.089862
1486.0          0.088896
1487.0          0.087931
1488.0          0.086969
1489.0          0.086010
1490.0          0.085055
1491.0          0.084103
1492.0          0.083156
1493.0          0.082214
1494.0          0.081276
1495.0          0.080344
1496.0          0.079418
1497.0          0.078498
1498.0          0.077584
1499.0          0.076677
1500.0          0.075776
1501.0          0.074883
1502.0          0.073997
1503.0          0.073118
1504.0          0.072247
1505.0          0.071383
1506.0          0.070528
1507.0          0.069681
1508.0          0.068842
1509.0          0.068011
1510.0          0.067189
1511.0          0.066376
1512.0          0.065572
1513.0          0.064776
1514.0          0.063990
1515.0          0.063213
1516.0          0.062446
1517.0          0.061688
1518.0          0.060939
1519.0          0.060200
1520.0          0.059471
1521.0          0.058751
1522.0          0.058042
1523.0          0.057342
1524.0          0.056653
1525.0          0.055973
1526.0          0.055304
1527.0          0.054645
1528.0          0.053996
1529.0          0.053358
1530.0          0.052730
1531.0          0.052113
1532.0          0.051506
1533.0          0.050910
1534.0          0.050324
1535.0          0.049749
1536.0          0.049185
1537.0          0.048631
1538.0          0.048088
1539.0          0.047557
1540.0          0.047035
1541.0          0.046525
1542.0          0.046026
1543.0          0.045538
1544.0          0.045060
1545.0          0.044594
1546.0          0.044138
1547.0          0.043694
1548.0          0.043261
1549.0          0.042838
1550.0          0.042427
1551.0          0.042027
1552.0          0.041638
1553.0          0.041260
1554.0          0.040893
1555.0          0.040537
1556.0          0.040192
1557.0          0.039859
1558.0          0.039536
1559.0          0.039225
1560.0          0.038925
1561.0          0.038635
1562.0          0.038357
1563.0          0.038090
1564.0          0.037835
1565.0          0.037590
1566.0          0.037356
1567.0          0.037133
1568.0          0.036922
1569.0          0.036721
1570.0          0.036532
1571.0          0.036353
1572.0          0.036185
1573.0          0.036029
1574.0          0.035883
1575.0          0.035748
1576.0          0.035624
1577.0          0.035511
1578.0          0.035409
1579.0          0.035317
1580.0          0.035237
1581.0          0.035167
1582.0          0.035108
1583.0          0.035059
1584.0          0.035022
1585.0          0.034995
1586.0          0.034978
1587.0          0.034972
1588.0          0.034977
1589.0          0.034992
1590.0          0.035018
1591.0          0.035054
1592.0          0.035100
1593.0          0.035157
1594.0          0.035224
1595.0          0.035302
1596.0          0.035389
1597.0          0.035487
1598.0          0.035595
1599.0          0.035713
1600.0          0.035841
1601.0          0.035980
1602.0          0.036128
1603.0          0.036286
1604.0          0.036454
1605.0          0.036631
1606.0          0.036819
1607.0          0.037016
1608.0          0.037223
1609.0          0.037440
1610.0          0.037666
1611.0          0.037902
1612.0          0.038147
1613.0          0.038402
1614.0          0.038666
1615.0          0.038939
1616.0          0.039222
1617.0          0.039513
1618.0          0.039814
1619.0          0.040124
1620.0          0.040444
1621.0          0.040772
1622.0          0.041109
1623.0          0.041455
1624.0          0.041809
1625.0          0.042173
1626.0          0.042545
1627.0          0.042926
1628.0          0.043315
1629.0          0.043713
1630.0          0.044119
1631.0          0.044534
1632.0          0.044957
1633.0          0.045389
1634.0          0.045828
1635.0          0.046276
1636.0          0.046732
1637.0          0.047196
1638.0          0.047667
1639.0          0.048147
1640.0          0.048635
1641.0          0.049130
1642.0          0.049633
1643.0          0.050144
1644.0          0.050662
1645.0          0.051188
1646.0          0.051722
1647.0          0.052262
1648.0          0.052810
1649.0          0.053366
1650.0          0.053928
1400.0          0.76925
1401.0          0.77064
1402.0          0.77201
1403.0          0.77337
1404.0          0.77472
1405.0          0.77604
1406.0          0.77735
1407.0          0.77863
1408.0          0.77989
1409.0          0.78113
1410.0          0.78234
1411.0          0.78352
1412.0          0.78466
1413.0          0.78577
1414.0          0.78683
1415.0          0.78785
1416.0          0.78882
1417.0          0.78973
1418.0          0.79057
1419.0          0.79134
1420.0          0.79202
1421.0          0.79260
1422.0          0.79307
1423.0          0.79340
1424.0          0.79356
1425.0          0.79354
1426.0          0.79328
1427.0          0.79273
1428.0          0.79183
1429.0          0.79047
1430.0          0.78851
1431.0          0.78576
1432.0          0.78192
1433.0          0.77653
1434.0          0.76879
1435.0          0.75733
1436.0          0.73938
1437.0          0.70868
1438.0          0.64772
1439.0          0.48885
1440.0          0.0063845
1441.0          0.94013
1442.0          0.98309
1443.0          0.95301
1444.0          0.93215
1445.0          0.91853
1446.0          0.90933
1447.0          0.90291
1448.0          0.89833
1449.0          0.89500
1450.0          0.89258
1451.0          0.89082
1452.0          0.88958
1453.0          0.88872
1454.0          0.88817
1455.0          0.88787
1456.0          0.88777
1457.0          0.88784
1458.0          0.88804
1459.0          0.88836
1460.0          0.88878
1461.0          0.88927
1462.0          0.88984
1463.0          0.89046
1464.0          0.89114
1465.0          0.89186
1466.0          0.89262
1467.0          0.89341
1468.0          0.89423
1469.0          0.89508
1470.0          0.89595
1471.0          0.89683
1472.0          0.89774
1473.0          0.89865
1474.0          0.89958
1475.0          0.90051
1476.0          0.90146
1477.0          0.90241
1478.0          0.90337
1479.0          0.90433
1480.0          0.90530
1481.0          0.90626
1482.0          0.90723
1483.0          0.90820
1484.0          0.90917
1485.0          0.91014
1486.0          0.91110
1487.0          0.91207
1488.0          0.91303
1489.0          0.91399
1490.0          0.91495
1491.0          0.91590
1492.0          0.91684
1493.0          0.91779
1494.0          0.91872
1495.0          0.91966
1496.0          0.92058
1497.0          0.92150
1498.0          0.92242
1499.0          0.92332
1500.0          0.92422
1501.0          0.92512
1502.0          0.92600
1503.0          0.92688
1504.0          0.92775
1505.0          0.92862
1506.0          0.92947
1507.0          0.93032
1508.0          0.93116
1509.0          0.93199
1510.0          0.93281
1511.0          0.93362
1512.0          0.93443
1513.0          0.93522
1514.0          0.93601
1515.0          0.93679
1516.0          0.93755
1517.0          0.93831
1518.0          0.93906
1519.0          0.93980
1520.0          0.94053
1521.0          0.94125
1522.0          0.94196
1523.0          0.94266
1524.0          0.94335
1525.0          0.94403
1526.0          0.94470
1527.0          0.94535
1528.0          0.94600
1529.0          0.94664
1530.0          0.94727
1531.0          0.94789
1532.0          0.94849
1533.0          0.94909
1534.0          0.94968
1535.0          0.95025
1536.0          0.95082
1537.0          0.95137
1538.0          0.95191
1539.0          0.95244
1540.0          0.95296
1541.0          0.95347
1542.0          0.95397
1543.0          0.95446
1544.0          0.95494
1545.0          0.95541
1546.0          0.95586
1547.0          0.95631
1548.0          0.95674
1549.0          0.95716
1550.0          0.95757
1551.0          0.95797
1552.0          0.95836
1553.0          0.95874
1554.0          0.95911
1555.0          0.95946
1556.0          0.95981
1557.0          0.96014
1558.0          0.96046
1559.0          0.96078
1560.0          0.96108
1561.0          0.96136
1562.0          0.96164
1563.0          0.96191
1564.0          0.96217
1565.0          0.96241
1566.0          0.96264
1567.0          0.96287
1568.0          0.96308
1569.0          0.96328
1570.0          0.96347
1571.0          0.96365
1572.0          0.96381
1573.0          0.96397
1574.0          0.96412
1575.0          0.96425
1576.0          0.96438
1577.0          0.96449
1578.0          0.96459
1579.0          0.96468
1580.0          0.96476
1581.0          0.96483
1582.0          0.96489
1583.0          0.96494
1584.0          0.96498
1585.0          0.96501
1586.0          0.96502
1587.0          0.96503
1588.0          0.96502
1589.0          0.96501
1590.0          0.96498
1591.0          0.96495
1592.0          0.96490
1593.0          0.96484
1594.0          0.96478
1595.0          0.96470
1596.0          0.96461
1597.0          0.96451
1598.0          0.96440
1599.0          0.96429
1600.0          0.96416
1601.0          0.96402
1602.0          0.96387
1603.0          0.96371
1604.0          0.96355
1605.0          0.96337
1606.0          0.96318
1607.0          0.96298
1608.0          0.96278
1609.0          0.96256
1610.0          0.96233
1611.0          0.96210
1612.0          0.96185
1613.0          0.96160
1614.0          0.96133
1615.0          0.96106
1616.0          0.96078
1617.0          0.96049
1618.0          0.96019
1619.0          0.95988
1620.0          0.95956
1621.0          0.95923
1622.0          0.95889
1623.0          0.95855
1624.0          0.95819
1625.0          0.95783
1626.0          0.95746
1627.0          0.95707
1628.0          0.95668
1629.0          0.95629
1630.0          0.95588
1631.0          0.95547
1632.0          0.95504
1633.0          0.95461
1634.0          0.95417
1635.0          0.95372
1636.0          0.95327
1637.0          0.95280
1638.0          0.95233
1639.0          0.95185
1640.0          0.95137
1641.0          0.95087
1642.0          0.95037
1643.0          0.94986
1644.0          0.94934
1645.0          0.94881
1646.0          0.94828
1647.0          0.94774
1648.0          0.94719
1649.0          0.94663
1650.0          0.94607
1400.0          1.0000
1401.0          1.0000
1402.0          1.0000
1403.0          1.0000
1404.0          1.0000
1405.0          1.0000
1406.0          1.0000
1407.0          1.0000
1408.0          1.0000
1409.0          1.0000
1410.0          1.0000
1411.0          1.0000
1412.0          1.0000
1413.0          1.0000
1414.0          1.0000
1415.0          1.0000
1416.0          1.0000
1417.0          1.0000
1418.0          1.0000
1419.0          1.0000
1420.0          1.0000
1421.0          1.0000
1422.0          1.0000
1423.0          1.0000
1424.0          1.0000
1425.0          1.0000
1426.0          1.0000
1427.0          1.0000
1428.0          1.0000
1429.0          1.0000
1430.0          1.0000
1431.0          1.0000
1432.0          1.0000
1433.0          1.0000
1434.0          1.0000
1435.0          1.0000
1436.0          1.0000
1437.0          1.0000
1438.0          1.0000
1439.0          1.0000
1440.0          1.0000
1441.0          1.0000
1442.0          1.0000
1443.0          1.0000
1444.0          1.0000
1445.0          1.0000
1446.0          1.0000
1447.0          1.0000
1448.0          1.0000
1449.0          1.0000
1450.0          1.0000
1451.0          1.0000
1452.0          1.0000
1453.0          1.0000
1454.0          1.0000
1455.0          1.0000
1456.0          1.0000
1457.0          1.0000
1458.0          1.0000
1459.0          1.0000
1460.0          1.0000
1461.0          1.0000
1462.0          1.0000
1463.0          1.0000
1464.0          1.0000
1465.0          1.0000
1466.0          1.0000
1467.0          1.0000
1468.0          1.0000
1469.0          1.0000
1470.0          1.0000
1471.0          1.0000
1472.0          1.0000
1473.0          1.0000
1474.0          1.0000
1475.0          1.0000
1476.0          1.0000
1477.0          1.0000
1478.0          1.0000
1479.0          1.0000
1480.0          1.0000
1481.0          1.0000
1482.0          1.0000
1483.0          1.0000
1484.0          1.0000
1485.0          1.0000
1486.0          1.0000
1487.0          1.0000
1488.0          1.0000
1489.0          1.0000
1490.0          1.0000
1491.0          1.0000
1492.0          1.0000
1493.0          1.0000
1494.0          1.0000
1495.0          1.0000
1496.0          1.0000
1497.0          1.0000
1498.0          1.0000
1499.0          1.0000
1500.0          1.0000
1501.0          1.0000
1502.0          1.0000
1503.0          1.0000
1504.0          1.0000
1505.0          1.0000
1506.0          1.0000
1507.0          1.0000
1508.0          1.0000
1509.0          1.0000
1510.0          1.0000
1511.0          1.0000
1512.0          1.0000
1513.0          1.0000
1514.0          1.0000
1515.0          1.0000
1516.0          1.0000
1517.0          1.0000
1518.0          1.0000
1519.0          1.0000
1520.0          1.0000
1521.0          1.0000
1522.0          1.0000
1523.0          1.0000
1524.0          1.0000
1525.0          1.0000
1526.0          1.0000
1527.0          1.0000
1528.0          1.0000
1529.0          1.0000
1530.0          1.0000
1531.0          1.0000
1532.0          1.0000
1533.0          1.0000
1534.0          1.0000
1535.0          1.0000
1536.0          1.0000
1537.0          1.0000
1538.0          1.0000
1539.0          1.0000
1540.0          1.0000
1541.0          1.0000
1542.0          1.0000
1543.0          1.0000
1544.0          1.0000
1545.0          1.0000
1546.0          1.0000
1547.0          1.0000
1548.0          1.0000
1549.0          1.0000
1550.0          1.0000
1551.0          1.0000
1552.0          1.0000
1553.0          1.0000
1554.0          1.0000
1555.0          1.0000
1556.0          1.0000
1557.0          1.0000
1558.0          1.0000
1559.0          1.0000
1560.0          1.0000
1561.0          1.0000
1562.0          1.0000
1563.0          1.0000
1564.0          1.0000
1565.0          1.0000
1566.0          1.0000
1567.0          1.0000
1568.0          1.0000
1569.0          1.0000
1570.0          1.0000
1571.0          1.0000
1572.0          1.0000
1573.0          1.0000
1574.0          1.0000
1575.0          1.0000
1576.0          1.0000
1577.0          1.0000
1578.0          1.0000
1579.0          1.0000
1580.0          1.0000
1581.0          1.0000
1582.0          1.0000
1583.0          1.0000
1584.0          1.0000
1585.0          1.0000
1586.0          1.0000
1587.0          1.0000
1588.0          1.0000
1589.0          1.0000
1590.0          1.0000
1591.0          1.0000
1592.0          1.0000
1593.0          1.0000
1594.0          1.0000
1595.0          1.0000
1596.0          1.0000
1597.0          1.0000
1598.0          1.0000
1599.0          1.0000
1600.0          1.0000
1601.0          1.0000
1602.0          1.0000
1603.0          1.0000
1604.0          1.0000
1605.0          1.0000
1606.0          1.0000
1607.0          1.0000
1608.0          1.0000
1609.0          1.0000
1610.0          1.0000
1611.0          1.0000
1612.0          1.0000
1613.0          1.0000
1614.0          1.0000
1615.0          1.0000
1616.0          1.0000
1617.0          1.0000
1618.0          1.0000
1619.0          1.0000
1620.0          1.0000
1621.0          1.0000
1622.0          1.0000
1623.0          1.0000
1624.0          1.0000
1625.0          1.0000
1626.0          1.0000
1627.0          1.0000
1628.0          1.0000
1629.0          1.0000
1630.0          1.0000
1631.0          1.0000
1632.0          1.0000
1633.0          1.0000
1634.0          1.0000
1635.0          1.0000
1636.0          1.0000
1637.0          1.0000
1638.0          1.0000
1639.0          1.0000
1640.0          1.0000
1641.0          1.0000
1642.0          1.0000
1643.0          1.0000
1644.0          1.0000
1645.0          1.0000
1646.0          1.0000
1647.0          1.0000
1648.0          1.0000
1649.0          1.0000
1650.0          1.0000
1400.0          -6.6613E-16
1401.0          6.6613E-16
1402.0          -5.3291E-15
1403.0          2.3315E-15
1404.0          3.6637E-15
1405.0          -1.5543E-15
1406.0          -6.6613E-16
1407.0          4.4409E-16
1408.0          -2.2204E-16
1409.0          2.6645E-15
1410.0          -3.3307E-15
1411.0          4.4409E-16
1412.0          2.2204E-16
1413.0          -1.1102E-15
1414.0          -1.3323E-15
1415.0          -1.3323E-15
1416.0          4.2188E-15
1417.0          -4.6629E-15
1418.0          -1.7764E-15
1419.0          -1.1102E-15
1420.0          2.7756E-15
1421.0          -2.2204E-16
1422.0          5.3291E-15
1423.0          5.9952E-15
1424.0          1.1102E-16
1425.0          -3.1086E-15
1426.0          1.7764E-15
1427.0          3.6637E-15
1428.0          -1.5543E-15
1429.0          -8.8818E-16
1430.0          1.5543E-15
1431.0          0.0000
1432.0          1.3323E-15
1433.0          2.3315E-15
1434.0          -1.7764E-15
1435.0          1.5543E-15
1436.0          -2.2204E-15
1437.0          -4.4409E-16
1438.0          -1.7764E-15
1439.0          -1.3323E-14
1440.0          2.3315E-15
1441.0          -2.9088E-14
1442.0          -5.7732E-15
1443.0          -8.8818E-16
1444.0          6.8834E-15
1445.0          9.9920E-16
1446.0          -5.5511E-15
1447.0          4.1078E-15
1448.0          -6.6613E-16
1449.0          -1.1102E-15
1450.0          1.1102E-15
1451.0          -3.7748E-15
1452.0          1.1102E-16
1453.0          -2.8866E-15
1454.0          7.7716E-16
1455.0          2.3315E-15
1456.0          -1.7764E-15
1457.0          1.5543E-15
1458.0          -4.4409E-16
1459.0          -1.5543E-15
1460.0          -1.1102E-15
1461.0          -6.6613E-16
1462.0          -1.9984E-15
1463.0          -2.6645E-15
1464.0          0.0000
1465.0          3.3307E-16
1466.0          -8.8818E-16
1467.0          -1.9984E-15
1468.0          1.6653E-15
1469.0          -1.7764E-15
1470.0          2.4425E-15
1471.0          -2.2204E-16
1472.0          -1.9984E-15
1473.0          -1.3323E-15
1474.0          -1.5543E-15
1475.0          -1.7764E-15
1476.0          2.4425E-15
1477.0          1.5543E-15
1478.0          -4.4409E-16
1479.0          2.2204E-16
1480.0          2.2204E-16
1481.0          -2.6645E-15
1482.0          -1.7764E-15
1483.0          -4.4409E-16
1484.0          -8.8818E-16
1485.0          1.9984E-15
1486.0          -6.6613E-16
1487.0          -4.4409E-16
1488.0          -2.2204E-15
1489.0          -1.7764E-15
1490.0          -8.8818E-16
1491.0          5.5511E-16
1492.0          -1.7764E-15
1493.0          -2.2204E-15
1494.0          0.0000
1495.0          -1.7764E-15
1496.0          -1.7764E-15
1497.0          -1.1102E-15
1498.0          2.7756E-15
1499.0          7.7716E-16
1500.0          6.6613E-16
1501.0          -1.9984E-15
1502.0          -4.4409E-16
1503.0          -1.1102E-15
1504.0          -1.5543E-15
1505.0          7.7716E-16
1506.0          -4.6629E-15
1507.0          -4.4409E-16
1508.0          -4.4409E-16
1509.0          1.9984E-15
1510.0          1.7764E-15
1511.0          -1.9984E-15
1512.0          9.9920E-16
1513.0          -4.4409E-16
1514.0          -1.1102E-15
1515.0          -1.5543E-15
1516.0          -1.5543E-15
1517.0          7.7716E-16
1518.0          2.1094E-15
1519.0          -1.3323E-15
1520.0          -2.8866E-15
1521.0          -1.7764E-15
1522.0          -1.3323E-15
1523.0          4.4409E-16
1524.0          -2.2204E-15
1525.0          2.3315E-15
1526.0          7.7716E-16
1527.0          -1.1102E-15
1528.0          2.7756E-15
1529.0          -2.8866E-15
1530.0          -1.5543E-15
1531.0          2.5535E-15
1532.0          -1.9984E-15
1533.0          -8.8818E-16
1534.0          7.7716E-16
1535.0          -1.1102E-15
1536.0          3.6637E-15
1537.0          2.6645E-15
1538.0          -2.8866E-15
1539.0          2.2204E-16
1540.0          1.1102E-16
1541.0          -4.4409E-16
1542.0          1.9984E-15
1543.0          4.4409E-16
1544.0          -1.5543E-15
1545.0          1.1102E-15
1546.0          -2.6645E-15
1547.0          -1.5543E-15
1548.0          -8.8818E-16
1549.0          3.8858E-15
1550.0          8.8818E-16
1551.0          2.3315E-15
1552.0          2.5535E-15
1553.0          -1.1102E-15
1554.0          2.1094E-15
1555.0          1.4433E-15
1556.0          -6.6613E-16
1557.0          -2.2204E-15
1558.0          4.4409E-16
1559.0          9.9920E-16
1560.0          -1.3323E-15
1561.0          1.4433E-15
1562.0          -8.8818E-16
1563.0          2.1094E-15
1564.0          -1.1102E-15
1565.0          -1.5543E-15
1566.0          -3.3307E-15
1567.0          -2.8866E-15
1568.0          8.8818E-16
1569.0          1.1102E-15
1570.0          4.4409E-16
1571.0          5.5511E-16
1572.0          8.8818E-16
1573.0          -8.8818E-16
1574.0          3.3307E-16
1575.0          3.5527E-15
1576.0          -8.8818E-16
1577.0          -2.2204E-15
1578.0          -8.8818E-16
1579.0          1.1102E-16
1580.0          5.5511E-16
1581.0          4.4409E-16
1582.0          -1.7764E-15
1583.0          2.2204E-16
1584.0          -8.8818E-16
1585.0          0.0000
1586.0          5.5511E-16
1587.0          -2.6645E-15
1588.0          -1.9984E-15
1589.0          -2.2204E-16
1590.0          2.2204E-16
1591.0          3.1086E-15
1592.0          -8.8818E-16
1593.0          -4.4409E-16
1594.0          0.0000
1595.0          1.2212E-15
1596.0          -1.5543E-15
1597.0          -2.2204E-16
1598.0          8.8818E-16
1599.0          -6.6613E-16
1600.0          4.4409E-16
1601.0          -1.1102E-15
1602.0          1.1102E-16
1603.0          -4.4409E-16
1604.0          -1.5543E-15
1605.0          3.3307E-16
1606.0          -4.4409E-16
1607.0          2.9976E-15
1608.0          1.9984E-15
1609.0          5.5511E-16
1610.0          -1.1102E-15
1611.0          -1.1102E-15
1612.0          -4.4409E-16
1613.0          -1.1102E-15
1614.0          5.3291E-15
1615.0          -2.4425E-15
1616.0          1.1102E-16
1617.0          3.8858E-15
1618.0          1.4433E-15
1619.0          3.2196E-15
1620.0          -1.5543E-15
1621.0          3.3307E-16
1622.0          9.9920E-16
1623.0          1.1102E-16
1624.0          -3.1086E-15
1625.0          -3.3307E-15
1626.0          -2.8866E-15
1627.0          -2.2204E-16
1628.0          1.7764E-15
1629.0          -4.4409E-16
1630.0          0.0000
1631.0          1.1102E-16
1632.0          -1.1102E-15
1633.0          -2.2204E-16
1634.0          -8.8818E-16
1635.0          4.4409E-16
1636.0          -3.3307E-15
1637.0          2.5535E-15
1638.0          -1.9984E-15
1639.0          -1.1102E-15
1640.0          2.2204E-15
1641.0          9.9920E-16
1642.0          -3.7748E-15
1643.0          -4.4409E-16
1644.0          -3.3307E-15
1645.0          -1.3323E-15
1646.0          1.4433E-15
1647.0          1.6653E-15
1648.0          1.4433E-15
1649.0          1.5543E-15
1650.0          8.8818E-16
