1400.0          0.18827
1401.0          0.18926
1402.0          0.19025
1403.0          0.19123
1404.0          0.19221
1405.0          0.19319
1406.0          0.19416
1407.0          0.19513
1408.0          0.19610
1409.0          0.19707
1410.0          0.19803
1411.0          0.19899
1412.0          0.19995
1413.0          0.20090
1414.0          0.20185
1415.0          0.20280
1416.0          0.20374
1417.0          0.20468
1418.0          0.20562
1419.0          0.20655
1420.0          0.20748
1421.0          0.20841
1422.0          0.20934
1423.0          0.21026
1424.0          0.21118
1425.0          0.21209
1426.0          0.21300
1427.0          0.21391
1428.0          0.21482
1429.0          0.21572
1430.0          0.21662
1431.0          0.21751
1432.0          0.21840
1433.0          0.21929
1434.0          0.22018
1435.0          0.22106
1436.0          0.22194
1437.0          0.22281
1438.0          0.22369
1439.0          0.22455
1440.0          0.22542
1441.0          0.22628
1442.0          0.22714
1443.0          0.22800
1444.0          0.22885
1445.0          0.22970
1446.0          0.23054
1447.0          0.23139
1448.0          0.23222
1449.0          0.23306
1450.0          0.23389
1451.0          0.23472
1452.0          0.23555
1453.0          0.23637
1454.0          0.23719
1455.0          0.23800
1456.0          0.23881
1457.0          0.23962
1458.0          0.24043
1459.0          0.24123
1460.0          0.24203
1461.0          0.24283
1462.0          0.24362
1463.0          0.24441
1464.0          0.24519
1465.0          0.24598
1466.0          0.24675
1467.0          0.24753
1468.0          0.24830
1469.0          0.24907
1470.0          0.24984
1471.0          0.25060
1472.0          0.25136
1473.0          0.25212
1474.0          0.25287
1475.0          0.25362
1476.0          0.25437
1477.0          0.25511
1478.0          0.25585
1479.0          0.25659
1480.0          0.25732
1481.0          0.25805
1482.0          0.25878
1483.0          0.25950
1484.0          0.26022
1485.0          0.26094
1486.0          0.26165
1487.0          0.26236
1488.0          0.26307
1489.0          0.26378
1490.0          0.26448
1491.0          0.26518
1492.0          0.26587
1493.0          0.26657
1494.0          0.26725
1495.0          0.26794
1496.0          0.26862
1497.0          0.26930
1498.0          0.26998
1499.0          0.27065
1500.0          0.27132
1501.0          0.27199
1502.0          0.27266
1503.0          0.27332
1504.0          0.27398
1505.0          0.27463
1506.0          0.27528
1507.0          0.27593
1508.0          0.27658
1509.0          0.27722
1510.0          0.27786
1511.0          0.27850
1512.0          0.27914
1513.0          0.27977
1514.0          0.28040
1515.0          0.28102
1516.0          0.28164
1517.0          0.28226
1518.0          0.28288
1519.0          0.28349
1520.0          0.28410
1521.0          0.28471
1522.0          0.28532
1523.0          0.28592
1524.0          0.28652
1525.0          0.28712
1526.0          0.28771
1527.0          0.28830
1528.0          0.28889
1529.0          0.28947
1530.0          0.29006
1531.0          0.29064
1532.0          0.29121
1533.0          0.29179
1534.0          0.29236
1535.0          0.29293
1536.0          0.29349
1537.0          0.29406
1538.0          0.29462
1539.0          0.29517
1540.0          0.29573
1541.0          0.29628
1542.0          0.29683
1543.0          0.29738
1544.0          0.29792
1545.0          0.29846
1546.0          0.29900
1547.0          0.29954
1548.0          0.30007
1549.0          0.30060
1550.0          0.30113
1551.0          0.30165
1552.0          0.30218
1553.0          0.30270
1554.0          0.30322
1555.0          0.30373
1556.0          0.30424
1557.0          0.30475
1558.0          0.30526
1559.0          0.30577
1560.0          0.30627
1561.0          0.30677
1562.0          0.30727
1563.0          0.30776
1564.0          0.30826
1565.0          0.30875
1566.0          0.30923
1567.0          0.30972
1568.0          0.31020
1569.0          0.31068
1570.0          0.31116
1571.0          0.31164
1572.0          0.31211
1573.0          0.31258
1574.0          0.31305
1575.0          0.31351
1576.0          0.31398
1577.0          0.31444
1578.0          0.31490
1579.0          0.31535
1580.0          0.31581
1581.0          0.31626
1582.0          0.31671
1583.0          0.31716
1584.0          0.31760
1585.0          0.31804
1586.0          0.31848
1587.0          0.31892
1588.0          0.31936
1589.0          0.31979
1590.0          0.32022
1591.0          0.32065
1592.0          0.32108
1593.0          0.32150
1594.0          0.32193
1595.0          0.32235
1596.0          0.32277
1597.0          0.32318
1598.0          0.32360
1599.0          0.32401
1600.0          0.32442
1601.0          0.32482
1602.0          0.32523
1603.0          0.32563
1604.0          0.32603
1605.0          0.32643
1606.0          0.32683
1607.0          0.32722
1608.0          0.32762
1609.0          0.32801
1610.0          0.32840
1611.0          0.32878
1612.0          0.32917
1613.0          0.32955
1614.0          0.32993
1615.0          0.33031
1616.0          0.33068
1617.0          0.33106
1618.0          0.33143
1619.0          0.33180
1620.0          0.33217
1621.0          0.33254
1622.0          0.33290
1623.0          0.33326
1624.0          0.33362
1625.0          0.33398
1626.0          0.33434
1627.0          0.33469
1628.0          0.33505
1629.0          0.33540
1630.0          0.33575
1631.0          0.33609
1632.0          0.33644
1633.0          0.33678
1634.0          0.33712
1635.0          0.33746
1636.0          0.33780
1637.0          0.33814
1638.0          0.33847
1639.0          0.33880
1640.0          0.33913
1641.0          0.33946
1642.0          0.33979
1643.0          0.34011
1644.0          0.34044
1645.0          0.34076
1646.0          0.34108
1647.0          0.34140
1648.0          0.34171
1649.0          0.34203
1650.0          0.34234
1400.0          0.81173
1401.0          0.81074
1402.0          0.80975
1403.0          0.80877
1404.0          0.80779
1405.0          0.80681
1406.0          0.80584
1407.0          0.80487
1408.0          0.80390
1409.0          0.80293
1410.0          0.80197
1411.0          0.80101
1412.0          0.80005
1413.0          0.79910
1414.0          0.79815
1415.0          0.79720
1416.0          0.79626
1417.0          0.79532
1418.0          0.79438
1419.0          0.79345
1420.0          0.79252
1421.0          0.79159
1422.0          0.79066
1423.0          0.78974
1424.0          0.78882
1425.0          0.78791
1426.0          0.78700
1427.0          0.78609
1428.0          0.78518
1429.0          0.78428
1430.0          0.78338
1431.0          0.78249
1432.0          0.78160
1433.0          0.78071
1434.0          0.77982
1435.0          0.77894
1436.0          0.77806
1437.0          0.77719
1438.0          0.77631
1439.0          0.77545
1440.0          0.77458
1441.0          0.77372
1442.0          0.77286
1443.0          0.77200
1444.0          0.77115
1445.0          0.77030
1446.0          0.76946
1447.0          0.76861
1448.0          0.76778
1449.0          0.76694
1450.0          0.76611
1451.0          0.76528
1452.0          0.76445
1453.0          0.76363
1454.0          0.76281
1455.0          0.76200
1456.0          0.76119
1457.0          0.76038
1458.0          0.75957
1459.0          0.75877
1460.0          0.75797
1461.0          0.75717
1462.0          0.75638
1463.0          0.75559
1464.0          0.75481
1465.0          0.75402
1466.0          0.75325
1467.0          0.75247
1468.0          0.75170
1469.0          0.75093
1470.0          0.75016
1471.0          0.74940
1472.0          0.74864
1473.0          0.74788
1474.0          0.74713
1475.0          0.74638
1476.0          0.74563
1477.0          0.74489
1478.0          0.74415
1479.0          0.74341
1480.0          0.74268
1481.0          0.74195
1482.0          0.74122
1483.0          0.74050
1484.0          0.73978
1485.0          0.73906
1486.0          0.73835
1487.0          0.73764
1488.0          0.73693
1489.0          0.73622
1490.0          0.73552
1491.0          0.73482
1492.0          0.73413
1493.0          0.73343
1494.0          0.73275
1495.0          0.73206
1496.0          0.73138
1497.0          0.73070
1498.0          0.73002
1499.0          0.72935
1500.0          0.72868
1501.0          0.72801
1502.0          0.72734
1503.0          0.72668
1504.0          0.72602
1505.0          0.72537
1506.0          0.72472
1507.0          0.72407
1508.0          0.72342
1509.0          0.72278
1510.0          0.72214
1511.0          0.72150
1512.0          0.72086
1513.0          0.72023
1514.0          0.71960
1515.0          0.71898
1516.0          0.71836
1517.0          0.71774
1518.0          0.71712
1519.0          0.71651
1520.0          0.71590
1521.0          0.71529
1522.0          0.71468
1523.0          0.71408
1524.0          0.71348
1525.0          0.71288
1526.0          0.71229
1527.0          0.71170
1528.0          0.71111
1529.0          0.71053
1530.0          0.70994
1531.0          0.70936
1532.0          0.70879
1533.0          0.70821
1534.0          0.70764
1535.0          0.70707
1536.0          0.70651
1537.0          0.70594
1538.0          0.70538
1539.0          0.70483
1540.0          0.70427
1541.0          0.70372
1542.0          0.70317
1543.0          0.70262
1544.0          0.70208
1545.0          0.70154
1546.0          0.70100
1547.0          0.70046
1548.0          0.69993
1549.0          0.69940
1550.0          0.69887
1551.0          0.69835
1552.0          0.69782
1553.0          0.69730
1554.0          0.69678
1555.0          0.69627
1556.0          0.69576
1557.0          0.69525
1558.0          0.69474
1559.0          0.69423
1560.0          0.69373
1561.0          0.69323
1562.0          0.69273
1563.0          0.69224
1564.0          0.69174
1565.0          0.69125
1566.0          0.69077
1567.0          0.69028
1568.0          0.68980
1569.0          0.68932
1570.0          0.68884
1571.0          0.68836
1572.0          0.68789
1573.0          0.68742
1574.0          0.68695
1575.0          0.68649
1576.0          0.68602
1577.0          0.68556
1578.0          0.68510
1579.0          0.68465
1580.0          0.68419
1581.0          0.68374
1582.0          0.68329
1583.0          0.68284
1584.0          0.68240
1585.0          0.68196
1586.0          0.68152
1587.0          0.68108
1588.0          0.68064
1589.0          0.68021
1590.0          0.67978
1591.0          0.67935
1592.0          0.67892
1593.0          0.67850
1594.0          0.67807
1595.0          0.67765
1596.0          0.67723
1597.0          0.67682
1598.0          0.67640
1599.0          0.67599
1600.0          0.67558
1601.0          0.67518
1602.0          0.67477
1603.0          0.67437
1604.0          0.67397
1605.0          0.67357
1606.0          0.67317
1607.0          0.67278
1608.0          0.67238
1609.0          0.67199
1610.0          0.67160
1611.0          0.67122
1612.0          0.67083
1613.0          0.67045
1614.0          0.67007
1615.0          0.66969
1616.0          0.66932
1617.0          0.66894
1618.0          0.66857
1619.0          0.66820
1620.0          0.66783
1621.0          0.66746
1622.0          0.66710
1623.0          0.66674
1624.0          0.66638
1625.0          0.66602
1626.0          0.66566
1627.0          0.66531
1628.0          0.66495
1629.0          0.66460
1630.0          0.66425
1631.0          0.66391
1632.0          0.66356
1633.0          0.66322
1634.0          0.66288
1635.0          0.66254
1636.0          0.66220
1637.0          0.66186
1638.0          0.66153
1639.0          0.66120
1640.0          0.66087
1641.0          0.66054
1642.0          0.66021
1643.0          0.65989
1644.0          0.65956
1645.0          0.65924
1646.0          0.65892
1647.0          0.65860
1648.0          0.65829
1649.0          0.65797
1650.0          0.65766
1400.0          1.0000
1401.0          1.0000
1402.0          1.0000
1403.0          1.0000
1404.0          1.0000
1405.0          1.0000
1406.0          1.0000
1407.0          1.0000
1408.0          1.0000
1409.0          1.0000
1410.0          1.0000
1411.0          1.0000
1412.0          1.0000
1413.0          1.0000
1414.0          1.0000
1415.0          1.0000
1416.0          1.0000
1417.0          1.0000
1418.0          1.0000
1419.0          1.0000
1420.0          1.0000
1421.0          1.0000
1422.0          1.0000
1423.0          1.0000
1424.0          1.0000
1425.0          1.0000
1426.0          1.0000
1427.0          1.0000
1428.0          1.0000
1429.0          1.0000
1430.0          1.0000
1431.0          1.0000
1432.0          1.0000
1433.0          1.0000
1434.0          1.0000
1435.0          1.0000
1436.0          1.0000
1437.0          1.0000
1438.0          1.0000
1439.0          1.0000
1440.0          1.0000
1441.0          1.0000
1442.0          1.0000
1443.0          1.0000
1444.0          1.0000
1445.0          1.0000
1446.0          1.0000
1447.0          1.0000
1448.0          1.0000
1449.0          1.0000
1450.0          1.0000
1451.0          1.0000
1452.0          1.0000
1453.0          1.0000
1454.0          1.0000
1455.0          1.0000
1456.0          1.0000
1457.0          1.0000
1458.0          1.0000
1459.0          1.0000
1460.0          1.0000
1461.0          1.0000
1462.0          1.0000
1463.0          1.0000
1464.0          1.0000
1465.0          1.0000
1466.0          1.0000
1467.0          1.0000
1468.0          1.0000
1469.0          1.0000
1470.0          1.0000
1471.0          1.0000
1472.0          1.0000
1473.0          1.0000
1474.0          1.0000
1475.0          1.0000
1476.0          1.0000
1477.0          1.0000
1478.0          1.0000
1479.0          1.0000
1480.0          1.0000
1481.0          1.0000
1482.0          1.0000
1483.0          1.0000
1484.0          1.0000
1485.0          1.0000
1486.0          1.0000
1487.0          1.0000
1488.0          1.0000
1489.0          1.0000
1490.0          1.0000
1491.0          1.0000
1492.0          1.0000
1493.0          1.0000
1494.0          1.0000
1495.0          1.0000
1496.0          1.0000
1497.0          1.0000
1498.0          1.0000
1499.0          1.0000
1500.0          1.0000
1501.0          1.0000
1502.0          1.0000
1503.0          1.0000
1504.0          1.0000
1505.0          1.0000
1506.0          1.0000
1507.0          1.0000
1508.0          1.0000
1509.0          1.0000
1510.0          1.0000
1511.0          1.0000
1512.0          1.0000
1513.0          1.0000
1514.0          1.0000
1515.0          1.0000
1516.0          1.0000
1517.0          1.0000
1518.0          1.0000
1519.0          1.0000
1520.0          1.0000
1521.0          1.0000
1522.0          1.0000
1523.0          1.0000
1524.0          1.0000
1525.0          1.0000
1526.0          1.0000
1527.0          1.0000
1528.0          1.0000
1529.0          1.0000
1530.0          1.0000
1531.0          1.0000
1532.0          1.0000
1533.0          1.0000
1534.0          1.0000
1535.0          1.0000
1536.0          1.0000
1537.0          1.0000
1538.0          1.0000
1539.0          1.0000
1540.0          1.0000
1541.0          1.0000
1542.0          1.0000
1543.0          1.0000
1544.0          1.0000
1545.0          1.0000
1546.0          1.0000
1547.0          1.0000
1548.0          1.0000
1549.0          1.0000
1550.0          1.0000
1551.0          1.0000
1552.0          1.0000
1553.0          1.0000
1554.0          1.0000
1555.0          1.0000
1556.0          1.0000
1557.0          1.0000
1558.0          1.0000
1559.0          1.0000
1560.0          1.0000
1561.0          1.0000
1562.0          1.0000
1563.0          1.0000
1564.0          1.0000
1565.0          1.0000
1566.0          1.0000
1567.0          1.0000
1568.0          1.0000
1569.0          1.0000
1570.0          1.0000
1571.0          1.0000
1572.0          1.0000
1573.0          1.0000
1574.0          1.0000
1575.0          1.0000
1576.0          1.0000
1577.0          1.0000
1578.0          1.0000
1579.0          1.0000
1580.0          1.0000
1581.0          1.0000
1582.0          1.0000
1583.0          1.0000
1584.0          1.0000
1585.0          1.0000
1586.0          1.0000
1587.0          1.0000
1588.0          1.0000
1589.0          1.0000
1590.0          1.0000
1591.0          1.0000
1592.0          1.0000
1593.0          1.0000
1594.0          1.0000
1595.0          1.0000
1596.0          1.0000
1597.0          1.0000
1598.0          1.0000
1599.0          1.0000
1600.0          1.0000
1601.0          1.0000
1602.0          1.0000
1603.0          1.0000
1604.0          1.0000
1605.0          1.0000
1606.0          1.0000
1607.0          1.0000
1608.0          1.0000
1609.0          1.0000
1610.0          1.0000
1611.0          1.0000
1612.0          1.0000
1613.0          1.0000
1614.0          1.0000
1615.0          1.0000
1616.0          1.0000
1617.0          1.0000
1618.0          1.0000
1619.0          1.0000
1620.0          1.0000
1621.0          1.0000
1622.0          1.0000
1623.0          1.0000
1624.0          1.0000
1625.0          1.0000
1626.0          1.0000
1627.0          1.0000
1628.0          1.0000
1629.0          1.0000
1630.0          1.0000
1631.0          1.0000
1632.0          1.0000
1633.0          1.0000
1634.0          1.0000
1635.0          1.0000
1636.0          1.0000
1637.0          1.0000
1638.0          1.0000
1639.0          1.0000
1640.0          1.0000
1641.0          1.0000
1642.0          1.0000
1643.0          1.0000
1644.0          1.0000
1645.0          1.0000
1646.0          1.0000
1647.0          1.0000
1648.0          1.0000
1649.0          1.0000
1650.0          1.0000
1400.0          2.8866E-15
1401.0          1.1102E-16
1402.0          -2.2204E-15
1403.0          6.5503E-15
1404.0          3.4417E-15
1405.0          3.5527E-15
1406.0          4.4409E-16
1407.0          -3.5527E-15
1408.0          1.5543E-15
1409.0          0.0000
1410.0          0.0000
1411.0          -3.1086E-15
1412.0          -2.2204E-15
1413.0          -2.4425E-15
1414.0          -2.8866E-15
1415.0          6.6613E-16
1416.0          -4.4409E-16
1417.0          2.3315E-15
1418.0          4.3299E-15
1419.0          4.4409E-16
1420.0          -6.6613E-16
1421.0          -2.4425E-15
1422.0          1.1102E-16
1423.0          3.9968E-15
1424.0          1.3323E-15
1425.0          1.7764E-15
1426.0          4.4409E-15
1427.0          -2.6645E-15
1428.0          1.9984E-15
1429.0          -1.9984E-15
1430.0          5.5511E-16
1431.0          -2.2204E-16
1432.0          -8.8818E-16
1433.0          5.5511E-16
1434.0          -4.4409E-16
1435.0          2.2204E-15
1436.0          -1.1102E-15
1437.0          -1.9984E-15
1438.0          -3.9968E-15
1439.0          -8.8818E-16
1440.0          -2.8866E-15
1441.0          8.8818E-16
1442.0          1.5543E-15
1443.0          -5.1070E-15
1444.0          -3.5527E-15
1445.0          4.1078E-15
1446.0          3.9968E-15
1447.0          -3.5527E-15
1448.0          -4.6629E-15
1449.0          2.6645E-15
1450.0          3.9968E-15
1451.0          -1.1102E-15
1452.0          3.3307E-15
1453.0          6.6613E-16
1454.0          2.6645E-15
1455.0          1.7764E-15
1456.0          4.2188E-15
1457.0          8.8818E-16
1458.0          3.7748E-15
1459.0          -4.4409E-16
1460.0          -2.8866E-15
1461.0          4.4409E-16
1462.0          4.2188E-15
1463.0          2.1094E-15
1464.0          5.5511E-16
1465.0          -1.5543E-15
1466.0          0.0000
1467.0          -2.6645E-15
1468.0          2.4425E-15
1469.0          8.8818E-16
1470.0          4.1078E-15
1471.0          2.7756E-15
1472.0          4.4409E-16
1473.0          -6.6613E-16
1474.0          -1.3323E-15
1475.0          6.6613E-16
1476.0          1.7764E-15
1477.0          2.7756E-15
1478.0          -6.6613E-16
1479.0          -1.1102E-15
1480.0          -3.9968E-15
1481.0          1.1102E-15
1482.0          -6.6613E-16
1483.0          2.4425E-15
1484.0          0.0000
1485.0          -1.7764E-15
1486.0          1.1102E-16
1487.0          -2.2204E-15
1488.0          6.6613E-16
1489.0          -2.6645E-15
1490.0          0.0000
1491.0          -6.6613E-16
1492.0          2.6645E-15
1493.0          -8.8818E-16
1494.0          5.5511E-16
1495.0          0.0000
1496.0          8.8818E-16
1497.0          -2.6645E-15
1498.0          1.7764E-15
1499.0          -3.3307E-15
1500.0          1.1102E-15
1501.0          5.5511E-15
1502.0          2.2204E-16
1503.0          3.7748E-15
1504.0          1.1102E-15
1505.0          2.6645E-15
1506.0          -4.4409E-16
1507.0          4.2188E-15
1508.0          -3.1086E-15
1509.0          -2.4425E-15
1510.0          3.1086E-15
1511.0          -8.8818E-16
1512.0          -3.1086E-15
1513.0          -4.8850E-15
1514.0          0.0000
1515.0          1.9984E-15
1516.0          2.2204E-16
1517.0          -1.3323E-15
1518.0          3.1086E-15
1519.0          1.1102E-15
1520.0          -6.6613E-16
1521.0          2.5535E-15
1522.0          -8.8818E-16
1523.0          1.2212E-15
1524.0          -1.7764E-15
1525.0          2.2204E-15
1526.0          2.1094E-15
1527.0          6.6613E-16
1528.0          0.0000
1529.0          -4.4409E-15
1530.0          -8.8818E-16
1531.0          -2.4425E-15
1532.0          1.1102E-16
1533.0          6.6613E-16
1534.0          2.2204E-16
1535.0          -3.9968E-15
1536.0          2.4425E-15
1537.0          -1.3323E-15
1538.0          2.3315E-15
1539.0          4.3299E-15
1540.0          -2.6645E-15
1541.0          0.0000
1542.0          -1.7764E-15
1543.0          -1.3323E-15
1544.0          1.3323E-15
1545.0          -2.2204E-16
1546.0          1.1102E-15
1547.0          -4.4409E-16
1548.0          4.5519E-15
1549.0          -1.1102E-15
1550.0          1.2212E-15
1551.0          -2.4425E-15
1552.0          -3.1086E-15
1553.0          2.4425E-15
1554.0          -1.3323E-15
1555.0          -2.4425E-15
1556.0          3.4417E-15
1557.0          -1.3323E-15
1558.0          -1.7764E-15
1559.0          -8.8818E-16
1560.0          -2.6645E-15
1561.0          5.2180E-15
1562.0          8.8818E-16
1563.0          -3.5527E-15
1564.0          -1.1102E-15
1565.0          -3.9968E-15
1566.0          1.3323E-15
1567.0          -3.3307E-15
1568.0          2.2204E-15
1569.0          4.4409E-16
1570.0          2.2204E-15
1571.0          8.7708E-15
1572.0          -2.4425E-15
1573.0          3.4417E-15
1574.0          -1.7764E-15
1575.0          -1.1102E-15
1576.0          -2.4425E-15
1577.0          3.1086E-15
1578.0          1.6653E-15
1579.0          0.0000
1580.0          -9.1038E-15
1581.0          -4.8850E-15
1582.0          4.4409E-16
1583.0          -2.4425E-15
1584.0          -3.5527E-15
1585.0          1.9984E-15
1586.0          2.4425E-15
1587.0          3.9968E-15
1588.0          8.8818E-16
1589.0          1.7764E-15
1590.0          -6.6613E-16
1591.0          -4.6629E-15
1592.0          3.7748E-15
1593.0          1.5543E-15
1594.0          -1.3323E-15
1595.0          6.6613E-15
1596.0          -8.8818E-16
1597.0          -1.3323E-15
1598.0          -8.8818E-16
1599.0          1.1102E-15
1600.0          8.8818E-16
1601.0          2.6645E-15
1602.0          0.0000
1603.0          8.8818E-16
1604.0          6.6613E-16
1605.0          8.8818E-16
1606.0          -2.6645E-15
1607.0          8.8818E-16
1608.0          3.1086E-15
1609.0          -1.3323E-15
1610.0          1.2212E-15
1611.0          3.1086E-15
1612.0          3.2196E-15
1613.0          4.4409E-16
1614.0          4.4409E-16
1615.0          4.8850E-15
1616.0          1.7764E-15
1617.0          -4.4409E-16
1618.0          1.6653E-15
1619.0          -1.7764E-15
1620.0          1.3323E-15
1621.0          -2.2204E-16
1622.0          -1.9984E-15
1623.0          2.6645E-15
1624.0          -8.8818E-16
1625.0          -6.6613E-16
1626.0          -3.7748E-15
1627.0          -2.4425E-15
1628.0          1.3323E-15
1629.0          -8.8818E-16
1630.0          -2.4425E-15
1631.0          2.2204E-16
1632.0          8.8818E-16
1633.0          -3.7748E-15
1634.0          2.6645E-15
1635.0          1.9984E-15
1636.0          8.8818E-16
1637.0          -8.8818E-16
1638.0          -2.2204E-15
1639.0          -1.7764E-15
1640.0          -1.7764E-15
1641.0          1.1102E-15
1642.0          -4.4409E-16
1643.0          0.0000
1644.0          3.5527E-15
1645.0          1.9984E-15
1646.0          -1.3323E-15
1647.0          1.3323E-15
1648.0          2.2204E-16
1649.0          -2.6645E-15
1650.0          -4.4409E-16
