1400.0          0.32361
1401.0          0.32146
1402.0          0.31930
1403.0          0.31715
1404.0          0.31500
1405.0          0.31286
1406.0          0.31072
1407.0          0.30858
1408.0          0.30644
1409.0          0.30431
1410.0          0.30219
1411.0          0.30006
1412.0          0.29794
1413.0          0.29583
1414.0          0.29372
1415.0          0.29161
1416.0          0.28951
1417.0          0.28741
1418.0          0.28531
1419.0          0.28322
1420.0          0.28114
1421.0          0.27906
1422.0          0.27698
1423.0          0.27491
1424.0          0.27284
1425.0          0.27078
1426.0          0.26872
1427.0          0.26667
1428.0          0.26462
1429.0          0.26257
1430.0          0.26054
1431.0          0.25850
1432.0          0.25648
1433.0          0.25445
1434.0          0.25244
1435.0          0.25043
1436.0          0.24842
1437.0          0.24642
1438.0          0.24443
1439.0          0.24244
1440.0          0.24046
1441.0          0.23848
1442.0          0.23651
1443.0          0.23455
1444.0          0.23259
1445.0          0.23064
1446.0          0.22869
1447.0          0.22676
1448.0          0.22483
1449.0          0.22290
1450.0          0.22098
1451.0          0.21907
1452.0          0.21717
1453.0          0.21527
1454.0          0.21338
1455.0          0.21150
1456.0          0.20963
1457.0          0.20776
1458.0          0.20590
1459.0          0.20405
1460.0          0.20220
1461.0          0.20037
1462.0          0.19854
1463.0          0.19672
1464.0          0.19490
1465.0          0.19310
1466.0          0.19130
1467.0          0.18951
1468.0          0.18773
1469.0          0.18596
1470.0          0.18420
1471.0          0.18244
1472.0          0.18070
1473.0          0.17896
1474.0          0.17723
1475.0          0.17552
1476.0          0.17381
1477.0          0.17210
1478.0          0.17041
1479.0          0.16873
1480.0          0.16706
1481.0          0.16539
1482.0          0.16374
1483.0          0.16209
1484.0          0.16046
1485.0          0.15883
1486.0          0.15722
1487.0          0.15561
1488.0          0.15402
1489.0          0.15243
1490.0          0.15086
1491.0          0.14929
1492.0          0.14774
1493.0          0.14619
1494.0          0.14466
1495.0          0.14313
1496.0          0.14162
1497.0          0.14011
1498.0          0.13862
1499.0          0.13714
1500.0          0.13567
1501.0          0.13421
1502.0          0.13276
1503.0          0.13132
1504.0          0.12989
1505.0          0.12847
1506.0          0.12707
1507.0          0.12567
1508.0          0.12429
1509.0          0.12291
1510.0          0.12155
1511.0          0.12020
1512.0          0.11886
1513.0          0.11753
1514.0          0.11622
1515.0          0.11491
1516.0          0.11362
1517.0          0.11234
1518.0          0.11107
1519.0          0.10981
1520.0          0.10856
1521.0          0.10732
1522.0          0.10610
1523.0          0.10489
1524.0          0.10369
1525.0          0.10250
1526.0          0.10132
1527.0          0.10016
1528.0          0.099004
1529.0          0.097863
1530.0          0.096733
1531.0          0.095615
1532.0          0.094510
1533.0          0.093416
1534.0          0.092334
1535.0          0.091264
1536.0          0.090206
1537.0          0.089160
1538.0          0.088126
1539.0          0.087104
1540.0          0.086094
1541.0          0.085096
1542.0          0.084110
1543.0          0.083136
1544.0          0.082174
1545.0          0.081224
1546.0          0.080286
1547.0          0.079360
1548.0          0.078446
1549.0          0.077543
1550.0          0.076653
1551.0          0.075775
1552.0          0.074909
1553.0          0.074054
1554.0          0.073212
1555.0          0.072381
1556.0          0.071563
1557.0          0.070756
1558.0          0.069961
1559.0          0.069178
1560.0          0.068406
1561.0          0.067646
1562.0          0.066898
1563.0          0.066162
1564.0          0.065437
1565.0          0.064724
1566.0          0.064023
1567.0          0.063333
1568.0          0.062654
1569.0          0.061987
1570.0          0.061331
1571.0          0.060687
1572.0          0.060054
1573.0          0.059432
1574.0          0.058822
1575.0          0.058223
1576.0          0.057635
1577.0          0.057057
1578.0          0.056491
1579.0          0.055936
1580.0          0.055392
1581.0          0.054858
1582.0          0.054336
1583.0          0.053824
1584.0          0.053322
1585.0          0.052832
1586.0          0.052351
1587.0          0.051882
1588.0          0.051422
1589.0          0.050973
1590.0          0.050534
1591.0          0.050105
1592.0          0.049686
1593.0          0.049277
1594.0          0.048878
1595.0          0.048489
1596.0          0.048109
1597.0          0.047739
1598.0          0.047378
1599.0          0.047027
1600.0          0.046686
1601.0          0.046353
1602.0          0.046030
1603.0          0.045715
1604.0          0.045410
1605.0          0.045113
1606.0          0.044825
1607.0          0.044546
1608.0          0.044275
1609.0          0.044013
1610.0          0.043758
1611.0          0.043512
1612.0          0.043274
1613.0          0.043044
1614.0          0.042822
1615.0          0.042607
1616.0          0.042400
1617.0          0.042200
1618.0          0.042008
1619.0          0.041822
1620.0          0.041644
1621.0          0.041472
1622.0          0.041307
1623.0          0.041149
1624.0          0.040997
1625.0          0.040852
1626.0          0.040712
1627.0          0.040579
1628.0          0.040451
1629.0          0.040329
1630.0          0.040212
1631.0          0.040101
1632.0          0.039995
1633.0          0.039894
1634.0          0.039798
1635.0          0.039706
1636.0          0.039619
1637.0          0.039536
1638.0          0.039458
1639.0          0.039383
1640.0          0.039312
1641.0          0.039245
1642.0          0.039181
1643.0          0.039121
1644.0          0.039063
1645.0          0.039008
1646.0          0.038956
1647.0          0.038907
1648.0          0.038859
1649.0          0.038814
1650.0          0.038771
1400.0          0.67639
1401.0          0.67854
1402.0          0.68070
1403.0          0.68285
1404.0          0.68500
1405.0          0.68714
1406.0          0.68928
1407.0          0.69142
1408.0          0.69356
1409.0          0.69569
1410.0          0.69781
1411.0          0.69994
1412.0          0.70206
1413.0          0.70417
1414.0          0.70628
1415.0          0.70839
1416.0          0.71049
1417.0          0.71259
1418.0          0.71469
1419.0          0.71678
1420.0          0.71886
1421.0          0.72094
1422.0          0.72302
1423.0          0.72509
1424.0          0.72716
1425.0          0.72922
1426.0          0.73128
1427.0          0.73333
1428.0          0.73538
1429.0          0.73743
1430.0          0.73946
1431.0          0.74150
1432.0          0.74352
1433.0          0.74555
1434.0          0.74756
1435.0          0.74957
1436.0          0.75158
1437.0          0.75358
1438.0          0.75557
1439.0          0.75756
1440.0          0.75954
1441.0          0.76152
1442.0          0.76349
1443.0          0.76545
1444.0          0.76741
1445.0          0.76936
1446.0          0.77131
1447.0          0.77324
1448.0          0.77517
1449.0          0.77710
1450.0          0.77902
1451.0          0.78093
1452.0          0.78283
1453.0          0.78473
1454.0          0.78662
1455.0          0.78850
1456.0          0.79037
1457.0          0.79224
1458.0          0.79410
1459.0          0.79595
1460.0          0.79780
1461.0          0.79963
1462.0          0.80146
1463.0          0.80328
1464.0          0.80510
1465.0          0.80690
1466.0          0.80870
1467.0          0.81049
1468.0          0.81227
1469.0          0.81404
1470.0          0.81580
1471.0          0.81756
1472.0          0.81930
1473.0          0.82104
1474.0          0.82277
1475.0          0.82448
1476.0          0.82619
1477.0          0.82790
1478.0          0.82959
1479.0          0.83127
1480.0          0.83294
1481.0          0.83461
1482.0          0.83626
1483.0          0.83791
1484.0          0.83954
1485.0          0.84117
1486.0          0.84278
1487.0          0.84439
1488.0          0.84598
1489.0          0.84757
1490.0          0.84914
1491.0          0.85071
1492.0          0.85226
1493.0          0.85381
1494.0          0.85534
1495.0          0.85687
1496.0          0.85838
1497.0          0.85989
1498.0          0.86138
1499.0          0.86286
1500.0          0.86433
1501.0          0.86579
1502.0          0.86724
1503.0          0.86868
1504.0          0.87011
1505.0          0.87153
1506.0          0.87293
1507.0          0.87433
1508.0          0.87571
1509.0          0.87709
1510.0          0.87845
1511.0          0.87980
1512.0          0.88114
1513.0          0.88247
1514.0          0.88378
1515.0          0.88509
1516.0          0.88638
1517.0          0.88766
1518.0          0.88893
1519.0          0.89019
1520.0          0.89144
1521.0          0.89268
1522.0          0.89390
1523.0          0.89511
1524.0          0.89631
1525.0          0.89750
1526.0          0.89868
1527.0          0.89984
1528.0          0.90100
1529.0          0.90214
1530.0          0.90327
1531.0          0.90438
1532.0          0.90549
1533.0          0.90658
1534.0          0.90767
1535.0          0.90874
1536.0          0.90979
1537.0          0.91084
1538.0          0.91187
1539.0          0.91290
1540.0          0.91391
1541.0          0.91490
1542.0          0.91589
1543.0          0.91686
1544.0          0.91783
1545.0          0.91878
1546.0          0.91971
1547.0          0.92064
1548.0          0.92155
1549.0          0.92246
1550.0          0.92335
1551.0          0.92422
1552.0          0.92509
1553.0          0.92595
1554.0          0.92679
1555.0          0.92762
1556.0          0.92844
1557.0          0.92924
1558.0          0.93004
1559.0          0.93082
1560.0          0.93159
1561.0          0.93235
1562.0          0.93310
1563.0          0.93384
1564.0          0.93456
1565.0          0.93528
1566.0          0.93598
1567.0          0.93667
1568.0          0.93735
1569.0          0.93801
1570.0          0.93867
1571.0          0.93931
1572.0          0.93995
1573.0          0.94057
1574.0          0.94118
1575.0          0.94178
1576.0          0.94237
1577.0          0.94294
1578.0          0.94351
1579.0          0.94406
1580.0          0.94461
1581.0          0.94514
1582.0          0.94566
1583.0          0.94618
1584.0          0.94668
1585.0          0.94717
1586.0          0.94765
1587.0          0.94812
1588.0          0.94858
1589.0          0.94903
1590.0          0.94947
1591.0          0.94990
1592.0          0.95031
1593.0          0.95072
1594.0          0.95112
1595.0          0.95151
1596.0          0.95189
1597.0          0.95226
1598.0          0.95262
1599.0          0.95297
1600.0          0.95331
1601.0          0.95365
1602.0          0.95397
1603.0          0.95428
1604.0          0.95459
1605.0          0.95489
1606.0          0.95517
1607.0          0.95545
1608.0          0.95572
1609.0          0.95599
1610.0          0.95624
1611.0          0.95649
1612.0          0.95673
1613.0          0.95696
1614.0          0.95718
1615.0          0.95739
1616.0          0.95760
1617.0          0.95780
1618.0          0.95799
1619.0          0.95818
1620.0          0.95836
1621.0          0.95853
1622.0          0.95869
1623.0          0.95885
1624.0          0.95900
1625.0          0.95915
1626.0          0.95929
1627.0          0.95942
1628.0          0.95955
1629.0          0.95967
1630.0          0.95979
1631.0          0.95990
1632.0          0.96001
1633.0          0.96011
1634.0          0.96020
1635.0          0.96029
1636.0          0.96038
1637.0          0.96046
1638.0          0.96054
1639.0          0.96062
1640.0          0.96069
1641.0          0.96075
1642.0          0.96082
1643.0          0.96088
1644.0          0.96094
1645.0          0.96099
1646.0          0.96104
1647.0          0.96109
1648.0          0.96114
1649.0          0.96119
1650.0          0.96123
1400.0          1.0000
1401.0          1.0000
1402.0          1.0000
1403.0          1.0000
1404.0          1.0000
1405.0          1.0000
1406.0          1.0000
1407.0          1.0000
1408.0          1.0000
1409.0          1.0000
1410.0          1.0000
1411.0          1.0000
1412.0          1.0000
1413.0          1.0000
1414.0          1.0000
1415.0          1.0000
1416.0          1.0000
1417.0          1.0000
1418.0          1.0000
1419.0          1.0000
1420.0          1.0000
1421.0          1.0000
1422.0          1.0000
1423.0          1.0000
1424.0          1.0000
1425.0          1.0000
1426.0          1.0000
1427.0          1.0000
1428.0          1.0000
1429.0          1.0000
1430.0          1.0000
1431.0          1.0000
1432.0          1.0000
1433.0          1.0000
1434.0          1.0000
1435.0          1.0000
1436.0          1.0000
1437.0          1.0000
1438.0          1.0000
1439.0          1.0000
1440.0          1.0000
1441.0          1.0000
1442.0          1.0000
1443.0          1.0000
1444.0          1.0000
1445.0          1.0000
1446.0          1.0000
1447.0          1.0000
1448.0          1.0000
1449.0          1.0000
1450.0          1.0000
1451.0          1.0000
1452.0          1.0000
1453.0          1.0000
1454.0          1.0000
1455.0          1.0000
1456.0          1.0000
1457.0          1.0000
1458.0          1.0000
1459.0          1.0000
1460.0          1.0000
1461.0          1.0000
1462.0          1.0000
1463.0          1.0000
1464.0          1.0000
1465.0          1.0000
1466.0          1.0000
1467.0          1.0000
1468.0          1.0000
1469.0          1.0000
1470.0          1.0000
1471.0          1.0000
1472.0          1.0000
1473.0          1.0000
1474.0          1.0000
1475.0          1.0000
1476.0          1.0000
1477.0          1.0000
1478.0          1.0000
1479.0          1.0000
1480.0          1.0000
1481.0          1.0000
1482.0          1.0000
1483.0          1.0000
1484.0          1.0000
1485.0          1.0000
1486.0          1.0000
1487.0          1.0000
1488.0          1.0000
1489.0          1.0000
1490.0          1.0000
1491.0          1.0000
1492.0          1.0000
1493.0          1.0000
1494.0          1.0000
1495.0          1.0000
1496.0          1.0000
1497.0          1.0000
1498.0          1.0000
1499.0          1.0000
1500.0          1.0000
1501.0          1.0000
1502.0          1.0000
1503.0          1.0000
1504.0          1.0000
1505.0          1.0000
1506.0          1.0000
1507.0          1.0000
1508.0          1.0000
1509.0          1.0000
1510.0          1.0000
1511.0          1.0000
1512.0          1.0000
1513.0          1.0000
1514.0          1.0000
1515.0          1.0000
1516.0          1.0000
1517.0          1.0000
1518.0          1.0000
1519.0          1.0000
1520.0          1.0000
1521.0          1.0000
1522.0          1.0000
1523.0          1.0000
1524.0          1.0000
1525.0          1.0000
1526.0          1.0000
1527.0          1.0000
1528.0          1.0000
1529.0          1.0000
1530.0          1.0000
1531.0          1.0000
1532.0          1.0000
1533.0          1.0000
1534.0          1.0000
1535.0          1.0000
1536.0          1.0000
1537.0          1.0000
1538.0          1.0000
1539.0          1.0000
1540.0          1.0000
1541.0          1.0000
1542.0          1.0000
1543.0          1.0000
1544.0          1.0000
1545.0          1.0000
1546.0          1.0000
1547.0          1.0000
1548.0          1.0000
1549.0          1.0000
1550.0          1.0000
1551.0          1.0000
1552.0          1.0000
1553.0          1.0000
1554.0          1.0000
1555.0          1.0000
1556.0          1.0000
1557.0          1.0000
1558.0          1.0000
1559.0          1.0000
1560.0          1.0000
1561.0          1.0000
1562.0          1.0000
1563.0          1.0000
1564.0          1.0000
1565.0          1.0000
1566.0          1.0000
1567.0          1.0000
1568.0          1.0000
1569.0          1.0000
1570.0          1.0000
1571.0          1.0000
1572.0          1.0000
1573.0          1.0000
1574.0          1.0000
1575.0          1.0000
1576.0          1.0000
1577.0          1.0000
1578.0          1.0000
1579.0          1.0000
1580.0          1.0000
1581.0          1.0000
1582.0          1.0000
1583.0          1.0000
1584.0          1.0000
1585.0          1.0000
1586.0          1.0000
1587.0          1.0000
1588.0          1.0000
1589.0          1.0000
1590.0          1.0000
1591.0          1.0000
1592.0          1.0000
1593.0          1.0000
1594.0          1.0000
1595.0          1.0000
1596.0          1.0000
1597.0          1.0000
1598.0          1.0000
1599.0          1.0000
1600.0          1.0000
1601.0          1.0000
1602.0          1.0000
1603.0          1.0000
1604.0          1.0000
1605.0          1.0000
1606.0          1.0000
1607.0          1.0000
1608.0          1.0000
1609.0          1.0000
1610.0          1.0000
1611.0          1.0000
1612.0          1.0000
1613.0          1.0000
1614.0          1.0000
1615.0          1.0000
1616.0          1.0000
1617.0          1.0000
1618.0          1.0000
1619.0          1.0000
1620.0          1.0000
1621.0          1.0000
1622.0          1.0000
1623.0          1.0000
1624.0          1.0000
1625.0          1.0000
1626.0          1.0000
1627.0          1.0000
1628.0          1.0000
1629.0          1.0000
1630.0          1.0000
1631.0          1.0000
1632.0          1.0000
1633.0          1.0000
1634.0          1.0000
1635.0          1.0000
1636.0          1.0000
1637.0          1.0000
1638.0          1.0000
1639.0          1.0000
1640.0          1.0000
1641.0          1.0000
1642.0          1.0000
1643.0          1.0000
1644.0          1.0000
1645.0          1.0000
1646.0          1.0000
1647.0          1.0000
1648.0          1.0000
1649.0          1.0000
1650.0          1.0000
1400.0          3.3307E-16
1401.0          1.1102E-15
1402.0          -4.8850E-15
1403.0          1.3323E-15
1404.0          -4.4409E-16
1405.0          -2.2204E-16
1406.0          2.2204E-16
1407.0          -2.2204E-16
1408.0          6.6613E-16
1409.0          6.6613E-16
1410.0          1.9984E-15
1411.0          9.9920E-16
1412.0          4.4409E-16
1413.0          -8.8818E-16
1414.0          1.1102E-15
1415.0          1.1102E-15
1416.0          1.9984E-15
1417.0          2.1094E-15
1418.0          2.2204E-15
1419.0          -1.9984E-15
1420.0          -1.3323E-15
1421.0          0.0000
1422.0          1.3323E-15
1423.0          1.1102E-15
1424.0          0.0000
1425.0          -1.3323E-15
1426.0          3.9968E-15
1427.0          -8.8818E-16
1428.0          -4.4409E-16
1429.0          1.8874E-15
1430.0          -4.4409E-16
1431.0          2.6645E-15
1432.0          -1.3323E-15
1433.0          0.0000
1434.0          -1.1102E-15
1435.0          1.4433E-15
1436.0          3.3307E-15
1437.0          1.9984E-15
1438.0          1.6653E-15
1439.0          -1.7764E-15
1440.0          1.9984E-15
1441.0          -4.4409E-16
1442.0          -4.4409E-16
1443.0          1.1102E-15
1444.0          4.4409E-16
1445.0          0.0000
1446.0          -2.6645E-15
1447.0          5.5511E-16
1448.0          -2.2204E-16
1449.0          -2.2204E-16
1450.0          0.0000
1451.0          -1.5543E-15
1452.0          -1.3323E-15
1453.0          -4.4409E-16
1454.0          -6.6613E-16
1455.0          -1.3323E-15
1456.0          -4.4409E-16
1457.0          3.9968E-15
1458.0          -4.4409E-16
1459.0          -2.2204E-16
1460.0          2.2204E-15
1461.0          1.4433E-15
1462.0          0.0000
1463.0          -1.3323E-15
1464.0          1.1102E-15
1465.0          1.6653E-15
1466.0          -1.7764E-15
1467.0          1.3323E-15
1468.0          -2.8866E-15
1469.0          2.2204E-16
1470.0          3.4417E-15
1471.0          -1.9984E-15
1472.0          6.6613E-16
1473.0          8.8818E-16
1474.0          -6.6613E-16
1475.0          7.7716E-16
1476.0          4.2188E-15
1477.0          1.1102E-15
1478.0          1.4433E-15
1479.0          7.7716E-16
1480.0          -1.5543E-15
1481.0          4.4409E-16
1482.0          1.7764E-15
1483.0          1.4433E-15
1484.0          3.3307E-15
1485.0          1.7764E-15
1486.0          2.4425E-15
1487.0          3.7748E-15
1488.0          6.6613E-16
1489.0          1.3323E-15
1490.0          3.3307E-16
1491.0          -2.2204E-16
1492.0          3.4417E-15
1493.0          1.1102E-16
1494.0          2.9976E-15
1495.0          1.4433E-15
1496.0          6.6613E-16
1497.0          2.2204E-16
1498.0          1.7764E-15
1499.0          -2.2204E-16
1500.0          1.5543E-15
1501.0          -2.2204E-15
1502.0          -2.2204E-15
1503.0          4.4409E-16
1504.0          1.1102E-15
1505.0          2.8866E-15
1506.0          -2.4425E-15
1507.0          1.7764E-15
1508.0          1.9984E-15
1509.0          -8.8818E-16
1510.0          1.3323E-15
1511.0          -1.7764E-15
1512.0          1.3323E-15
1513.0          -4.4409E-16
1514.0          1.5543E-15
1515.0          0.0000
1516.0          -2.2204E-16
1517.0          1.4433E-15
1518.0          1.1102E-15
1519.0          2.7756E-15
1520.0          1.9984E-15
1521.0          1.8874E-15
1522.0          -4.4409E-16
1523.0          1.5543E-15
1524.0          2.5535E-15
1525.0          3.3307E-16
1526.0          1.1102E-16
1527.0          -1.5543E-15
1528.0          9.9920E-16
1529.0          2.1094E-15
1530.0          0.0000
1531.0          2.5535E-15
1532.0          2.3315E-15
1533.0          -1.5543E-15
1534.0          1.4433E-15
1535.0          2.2204E-16
1536.0          -1.9984E-15
1537.0          -4.4409E-16
1538.0          -1.3323E-15
1539.0          9.9920E-16
1540.0          0.0000
1541.0          -2.2204E-16
1542.0          6.6613E-16
1543.0          1.1102E-15
1544.0          -2.2204E-16
1545.0          -1.7764E-15
1546.0          1.7764E-15
1547.0          1.3323E-15
1548.0          1.2212E-15
1549.0          3.1086E-15
1550.0          -6.6613E-16
1551.0          1.3323E-15
1552.0          3.3307E-16
1553.0          8.8818E-16
1554.0          6.6613E-16
1555.0          1.3323E-15
1556.0          2.4425E-15
1557.0          1.6653E-15
1558.0          0.0000
1559.0          1.1102E-15
1560.0          -6.6613E-16
1561.0          -8.8818E-16
1562.0          -4.4409E-16
1563.0          3.2196E-15
1564.0          1.3323E-15
1565.0          4.4409E-16
1566.0          2.2204E-15
1567.0          9.9920E-16
1568.0          -1.3323E-15
1569.0          6.6613E-16
1570.0          -6.6613E-16
1571.0          -1.9984E-15
1572.0          -3.3307E-15
1573.0          2.2204E-16
1574.0          -1.5543E-15
1575.0          1.9984E-15
1576.0          -1.9984E-15
1577.0          1.4433E-15
1578.0          1.4433E-15
1579.0          5.5511E-16
1580.0          -1.3323E-15
1581.0          2.4425E-15
1582.0          -2.6645E-15
1583.0          3.6637E-15
1584.0          2.4425E-15
1585.0          4.4409E-16
1586.0          1.5543E-15
1587.0          1.1102E-15
1588.0          1.8874E-15
1589.0          3.9968E-15
1590.0          5.5511E-16
1591.0          -1.3323E-15
1592.0          5.5511E-16
1593.0          2.8866E-15
1594.0          -6.6613E-16
1595.0          1.6653E-15
1596.0          -8.8818E-16
1597.0          -4.4409E-16
1598.0          6.6613E-16
1599.0          1.4433E-15
1600.0          6.6613E-16
1601.0          3.3307E-16
1602.0          1.1102E-16
1603.0          0.0000
1604.0          -3.1086E-15
1605.0          1.5543E-15
1606.0          -1.3323E-15
1607.0          1.4433E-15
1608.0          1.9984E-15
1609.0          -2.2204E-16
1610.0          -8.8818E-16
1611.0          -1.3323E-15
1612.0          5.5511E-16
1613.0          2.3315E-15
1614.0          3.3307E-16
1615.0          7.7716E-16
1616.0          5.5511E-16
1617.0          -4.4409E-16
1618.0          2.9976E-15
1619.0          9.9920E-16
1620.0          2.2204E-15
1621.0          2.2204E-15
1622.0          -1.9984E-15
1623.0          7.7716E-16
1624.0          2.4425E-15
1625.0          -2.2204E-15
1626.0          0.0000
1627.0          -1.1102E-15
1628.0          -2.8866E-15
1629.0          -6.6613E-16
1630.0          -1.3323E-15
1631.0          2.9976E-15
1632.0          -8.8818E-16
1633.0          0.0000
1634.0          -4.4409E-16
1635.0          -1.3323E-15
1636.0          -1.3323E-15
1637.0          0.0000
1638.0          1.3323E-15
1639.0          1.6653E-15
1640.0          -2.2204E-16
1641.0          9.9920E-16
1642.0          1.1102E-16
1643.0          2.2204E-16
1644.0          -3.1086E-15
1645.0          3.5527E-15
1646.0          4.2188E-15
1647.0          -8.8818E-16
1648.0          1.8874E-15
1649.0          4.4409E-16
1650.0          2.5535E-15
