1400.0          0.31241
1401.0          0.31017
1402.0          0.30793
1403.0          0.30570
1404.0          0.30347
1405.0          0.30125
1406.0          0.29903
1407.0          0.29682
1408.0          0.29461
1409.0          0.29241
1410.0          0.29021
1411.0          0.28802
1412.0          0.28583
1413.0          0.28366
1414.0          0.28148
1415.0          0.27931
1416.0          0.27715
1417.0          0.27500
1418.0          0.27285
1419.0          0.27070
1420.0          0.26857
1421.0          0.26644
1422.0          0.26431
1423.0          0.26219
1424.0          0.26008
1425.0          0.25798
1426.0          0.25588
1427.0          0.25379
1428.0          0.25170
1429.0          0.24963
1430.0          0.24756
1431.0          0.24549
1432.0          0.24344
1433.0          0.24139
1434.0          0.23935
1435.0          0.23731
1436.0          0.23529
1437.0          0.23327
1438.0          0.23126
1439.0          0.22926
1440.0          0.22726
1441.0          0.22527
1442.0          0.22329
1443.0          0.22132
1444.0          0.21936
1445.0          0.21741
1446.0          0.21546
1447.0          0.21352
1448.0          0.21159
1449.0          0.20967
1450.0          0.20776
1451.0          0.20586
1452.0          0.20397
1453.0          0.20208
1454.0          0.20021
1455.0          0.19834
1456.0          0.19648
1457.0          0.19464
1458.0          0.19280
1459.0          0.19097
1460.0          0.18915
1461.0          0.18734
1462.0          0.18554
1463.0          0.18375
1464.0          0.18197
1465.0          0.18020
1466.0          0.17844
1467.0          0.17669
1468.0          0.17495
1469.0          0.17322
1470.0          0.17150
1471.0          0.16979
1472.0          0.16809
1473.0          0.16641
1474.0          0.16473
1475.0          0.16306
1476.0          0.16141
1477.0          0.15976
1478.0          0.15813
1479.0          0.15651
1480.0          0.15489
1481.0          0.15329
1482.0          0.15170
1483.0          0.15013
1484.0          0.14856
1485.0          0.14700
1486.0          0.14546
1487.0          0.14393
1488.0          0.14241
1489.0          0.14090
1490.0          0.13940
1491.0          0.13791
1492.0          0.13644
1493.0          0.13497
1494.0          0.13352
1495.0          0.13208
1496.0          0.13066
1497.0          0.12924
1498.0          0.12784
1499.0          0.12645
1500.0          0.12507
1501.0          0.12370
1502.0          0.12234
1503.0          0.12100
1504.0          0.11967
1505.0          0.11835
1506.0          0.11704
1507.0          0.11575
1508.0          0.11447
1509.0          0.11320
1510.0          0.11194
1511.0          0.11070
1512.0          0.10947
1513.0          0.10825
1514.0          0.10704
1515.0          0.10584
1516.0          0.10466
1517.0          0.10349
1518.0          0.10233
1519.0          0.10119
1520.0          0.10006
1521.0          0.098938
1522.0          0.097830
1523.0          0.096736
1524.0          0.095653
1525.0          0.094584
1526.0          0.093527
1527.0          0.092482
1528.0          0.091450
1529.0          0.090430
1530.0          0.089423
1531.0          0.088429
1532.0          0.087446
1533.0          0.086477
1534.0          0.085520
1535.0          0.084575
1536.0          0.083642
1537.0          0.082723
1538.0          0.081815
1539.0          0.080920
1540.0          0.080037
1541.0          0.079166
1542.0          0.078308
1543.0          0.077462
1544.0          0.076628
1545.0          0.075806
1546.0          0.074997
1547.0          0.074199
1548.0          0.073414
1549.0          0.072641
1550.0          0.071879
1551.0          0.071130
1552.0          0.070392
1553.0          0.069666
1554.0          0.068952
1555.0          0.068250
1556.0          0.067559
1557.0          0.066881
1558.0          0.066213
1559.0          0.065557
1560.0          0.064913
1561.0          0.064280
1562.0          0.063658
1563.0          0.063048
1564.0          0.062449
1565.0          0.061860
1566.0          0.061283
1567.0          0.060717
1568.0          0.060162
1569.0          0.059618
1570.0          0.059084
1571.0          0.058562
1572.0          0.058049
1573.0          0.057548
1574.0          0.057056
1575.0          0.056576
1576.0          0.056105
1577.0          0.055644
1578.0          0.055194
1579.0          0.054754
1580.0          0.054323
1581.0          0.053903
1582.0          0.053492
1583.0          0.053091
1584.0          0.052699
1585.0          0.052317
1586.0          0.051944
1587.0          0.051580
1588.0          0.051226
1589.0          0.050880
1590.0          0.050543
1591.0          0.050216
1592.0          0.049896
1593.0          0.049586
1594.0          0.049284
1595.0          0.048990
1596.0          0.048705
1597.0          0.048428
1598.0          0.048158
1599.0          0.047897
1600.0          0.047644
1601.0          0.047398
1602.0          0.047160
1603.0          0.046929
1604.0          0.046706
1605.0          0.046490
1606.0          0.046281
1607.0          0.046079
1608.0          0.045883
1609.0          0.045695
1610.0          0.045513
1611.0          0.045338
1612.0          0.045170
1613.0          0.045007
1614.0          0.044851
1615.0          0.044701
1616.0          0.044557
1617.0          0.044419
1618.0          0.044287
1619.0          0.044161
1620.0          0.044040
1621.0          0.043925
1622.0          0.043815
1623.0          0.043711
1624.0          0.043612
1625.0          0.043519
1626.0          0.043431
1627.0          0.043348
1628.0          0.043271
1629.0          0.043199
1630.0          0.043132
1631.0          0.043071
1632.0          0.043015
1633.0          0.042965
1634.0          0.042921
1635.0          0.042882
1636.0          0.042849
1637.0          0.042823
1638.0          0.042803
1639.0          0.042790
1640.0          0.042784
1641.0          0.042785
1642.0          0.042795
1643.0          0.042813
1644.0          0.042840
1645.0          0.042877
1646.0          0.042925
1647.0          0.042985
1648.0          0.043057
1649.0          0.043143
1650.0          0.043244
1400.0          0.68759
1401.0          0.68983
1402.0          0.69207
1403.0          0.69430
1404.0          0.69653
1405.0          0.69875
1406.0          0.70097
1407.0          0.70318
1408.0          0.70539
1409.0          0.70759
1410.0          0.70979
1411.0          0.71198
1412.0          0.71417
1413.0          0.71634
1414.0          0.71852
1415.0          0.72069
1416.0          0.72285
1417.0          0.72500
1418.0          0.72715
1419.0          0.72930
1420.0          0.73143
1421.0          0.73356
1422.0          0.73569
1423.0          0.73781
1424.0          0.73992
1425.0          0.74202
1426.0          0.74412
1427.0          0.74621
1428.0          0.74830
1429.0          0.75037
1430.0          0.75244
1431.0          0.75451
1432.0          0.75656
1433.0          0.75861
1434.0          0.76065
1435.0          0.76269
1436.0          0.76471
1437.0          0.76673
1438.0          0.76874
1439.0          0.77074
1440.0          0.77274
1441.0          0.77473
1442.0          0.77671
1443.0          0.77868
1444.0          0.78064
1445.0          0.78259
1446.0          0.78454
1447.0          0.78648
1448.0          0.78841
1449.0          0.79033
1450.0          0.79224
1451.0          0.79414
1452.0          0.79603
1453.0          0.79792
1454.0          0.79979
1455.0          0.80166
1456.0          0.80352
1457.0          0.80536
1458.0          0.80720
1459.0          0.80903
1460.0          0.81085
1461.0          0.81266
1462.0          0.81446
1463.0          0.81625
1464.0          0.81803
1465.0          0.81980
1466.0          0.82156
1467.0          0.82331
1468.0          0.82505
1469.0          0.82678
1470.0          0.82850
1471.0          0.83021
1472.0          0.83191
1473.0          0.83359
1474.0          0.83527
1475.0          0.83694
1476.0          0.83859
1477.0          0.84024
1478.0          0.84187
1479.0          0.84349
1480.0          0.84511
1481.0          0.84671
1482.0          0.84830
1483.0          0.84987
1484.0          0.85144
1485.0          0.85300
1486.0          0.85454
1487.0          0.85607
1488.0          0.85759
1489.0          0.85910
1490.0          0.86060
1491.0          0.86209
1492.0          0.86356
1493.0          0.86503
1494.0          0.86648
1495.0          0.86792
1496.0          0.86934
1497.0          0.87076
1498.0          0.87216
1499.0          0.87355
1500.0          0.87493
1501.0          0.87630
1502.0          0.87766
1503.0          0.87900
1504.0          0.88033
1505.0          0.88165
1506.0          0.88296
1507.0          0.88425
1508.0          0.88553
1509.0          0.88680
1510.0          0.88806
1511.0          0.88930
1512.0          0.89053
1513.0          0.89175
1514.0          0.89296
1515.0          0.89416
1516.0          0.89534
1517.0          0.89651
1518.0          0.89767
1519.0          0.89881
1520.0          0.89994
1521.0          0.90106
1522.0          0.90217
1523.0          0.90326
1524.0          0.90435
1525.0          0.90542
1526.0          0.90647
1527.0          0.90752
1528.0          0.90855
1529.0          0.90957
1530.0          0.91058
1531.0          0.91157
1532.0          0.91255
1533.0          0.91352
1534.0          0.91448
1535.0          0.91543
1536.0          0.91636
1537.0          0.91728
1538.0          0.91819
1539.0          0.91908
1540.0          0.91996
1541.0          0.92083
1542.0          0.92169
1543.0          0.92254
1544.0          0.92337
1545.0          0.92419
1546.0          0.92500
1547.0          0.92580
1548.0          0.92659
1549.0          0.92736
1550.0          0.92812
1551.0          0.92887
1552.0          0.92961
1553.0          0.93033
1554.0          0.93105
1555.0          0.93175
1556.0          0.93244
1557.0          0.93312
1558.0          0.93379
1559.0          0.93444
1560.0          0.93509
1561.0          0.93572
1562.0          0.93634
1563.0          0.93695
1564.0          0.93755
1565.0          0.93814
1566.0          0.93872
1567.0          0.93928
1568.0          0.93984
1569.0          0.94038
1570.0          0.94092
1571.0          0.94144
1572.0          0.94195
1573.0          0.94245
1574.0          0.94294
1575.0          0.94342
1576.0          0.94390
1577.0          0.94436
1578.0          0.94481
1579.0          0.94525
1580.0          0.94568
1581.0          0.94610
1582.0          0.94651
1583.0          0.94691
1584.0          0.94730
1585.0          0.94768
1586.0          0.94806
1587.0          0.94842
1588.0          0.94877
1589.0          0.94912
1590.0          0.94946
1591.0          0.94978
1592.0          0.95010
1593.0          0.95041
1594.0          0.95072
1595.0          0.95101
1596.0          0.95130
1597.0          0.95157
1598.0          0.95184
1599.0          0.95210
1600.0          0.95236
1601.0          0.95260
1602.0          0.95284
1603.0          0.95307
1604.0          0.95329
1605.0          0.95351
1606.0          0.95372
1607.0          0.95392
1608.0          0.95412
1609.0          0.95430
1610.0          0.95449
1611.0          0.95466
1612.0          0.95483
1613.0          0.95499
1614.0          0.95515
1615.0          0.95530
1616.0          0.95544
1617.0          0.95558
1618.0          0.95571
1619.0          0.95584
1620.0          0.95596
1621.0          0.95608
1622.0          0.95618
1623.0          0.95629
1624.0          0.95639
1625.0          0.95648
1626.0          0.95657
1627.0          0.95665
1628.0          0.95673
1629.0          0.95680
1630.0          0.95687
1631.0          0.95693
1632.0          0.95698
1633.0          0.95703
1634.0          0.95708
1635.0          0.95712
1636.0          0.95715
1637.0          0.95718
1638.0          0.95720
1639.0          0.95721
1640.0          0.95722
1641.0          0.95721
1642.0          0.95721
1643.0          0.95719
1644.0          0.95716
1645.0          0.95712
1646.0          0.95707
1647.0          0.95702
1648.0          0.95694
1649.0          0.95686
1650.0          0.95676
1400.0          1.0000
1401.0          1.0000
1402.0          1.0000
1403.0          1.0000
1404.0          1.0000
1405.0          1.0000
1406.0          1.0000
1407.0          1.0000
1408.0          1.0000
1409.0          1.0000
1410.0          1.0000
1411.0          1.0000
1412.0          1.0000
1413.0          1.0000
1414.0          1.0000
1415.0          1.0000
1416.0          1.0000
1417.0          1.0000
1418.0          1.0000
1419.0          1.0000
1420.0          1.0000
1421.0          1.0000
1422.0          1.0000
1423.0          1.0000
1424.0          1.0000
1425.0          1.0000
1426.0          1.0000
1427.0          1.0000
1428.0          1.0000
1429.0          1.0000
1430.0          1.0000
1431.0          1.0000
1432.0          1.0000
1433.0          1.0000
1434.0          1.0000
1435.0          1.0000
1436.0          1.0000
1437.0          1.0000
1438.0          1.0000
1439.0          1.0000
1440.0          1.0000
1441.0          1.0000
1442.0          1.0000
1443.0          1.0000
1444.0          1.0000
1445.0          1.0000
1446.0          1.0000
1447.0          1.0000
1448.0          1.0000
1449.0          1.0000
1450.0          1.0000
1451.0          1.0000
1452.0          1.0000
1453.0          1.0000
1454.0          1.0000
1455.0          1.0000
1456.0          1.0000
1457.0          1.0000
1458.0          1.0000
1459.0          1.0000
1460.0          1.0000
1461.0          1.0000
1462.0          1.0000
1463.0          1.0000
1464.0          1.0000
1465.0          1.0000
1466.0          1.0000
1467.0          1.0000
1468.0          1.0000
1469.0          1.0000
1470.0          1.0000
1471.0          1.0000
1472.0          1.0000
1473.0          1.0000
1474.0          1.0000
1475.0          1.0000
1476.0          1.0000
1477.0          1.0000
1478.0          1.0000
1479.0          1.0000
1480.0          1.0000
1481.0          1.0000
1482.0          1.0000
1483.0          1.0000
1484.0          1.0000
1485.0          1.0000
1486.0          1.0000
1487.0          1.0000
1488.0          1.0000
1489.0          1.0000
1490.0          1.0000
1491.0          1.0000
1492.0          1.0000
1493.0          1.0000
1494.0          1.0000
1495.0          1.0000
1496.0          1.0000
1497.0          1.0000
1498.0          1.0000
1499.0          1.0000
1500.0          1.0000
1501.0          1.0000
1502.0          1.0000
1503.0          1.0000
1504.0          1.0000
1505.0          1.0000
1506.0          1.0000
1507.0          1.0000
1508.0          1.0000
1509.0          1.0000
1510.0          1.0000
1511.0          1.0000
1512.0          1.0000
1513.0          1.0000
1514.0          1.0000
1515.0          1.0000
1516.0          1.0000
1517.0          1.0000
1518.0          1.0000
1519.0          1.0000
1520.0          1.0000
1521.0          1.0000
1522.0          1.0000
1523.0          1.0000
1524.0          1.0000
1525.0          1.0000
1526.0          1.0000
1527.0          1.0000
1528.0          1.0000
1529.0          1.0000
1530.0          1.0000
1531.0          1.0000
1532.0          1.0000
1533.0          1.0000
1534.0          1.0000
1535.0          1.0000
1536.0          1.0000
1537.0          1.0000
1538.0          1.0000
1539.0          1.0000
1540.0          1.0000
1541.0          1.0000
1542.0          1.0000
1543.0          1.0000
1544.0          1.0000
1545.0          1.0000
1546.0          1.0000
1547.0          1.0000
1548.0          1.0000
1549.0          1.0000
1550.0          1.0000
1551.0          1.0000
1552.0          1.0000
1553.0          1.0000
1554.0          1.0000
1555.0          1.0000
1556.0          1.0000
1557.0          1.0000
1558.0          1.0000
1559.0          1.0000
1560.0          1.0000
1561.0          1.0000
1562.0          1.0000
1563.0          1.0000
1564.0          1.0000
1565.0          1.0000
1566.0          1.0000
1567.0          1.0000
1568.0          1.0000
1569.0          1.0000
1570.0          1.0000
1571.0          1.0000
1572.0          1.0000
1573.0          1.0000
1574.0          1.0000
1575.0          1.0000
1576.0          1.0000
1577.0          1.0000
1578.0          1.0000
1579.0          1.0000
1580.0          1.0000
1581.0          1.0000
1582.0          1.0000
1583.0          1.0000
1584.0          1.0000
1585.0          1.0000
1586.0          1.0000
1587.0          1.0000
1588.0          1.0000
1589.0          1.0000
1590.0          1.0000
1591.0          1.0000
1592.0          1.0000
1593.0          1.0000
1594.0          1.0000
1595.0          1.0000
1596.0          1.0000
1597.0          1.0000
1598.0          1.0000
1599.0          1.0000
1600.0          1.0000
1601.0          1.0000
1602.0          1.0000
1603.0          1.0000
1604.0          1.0000
1605.0          1.0000
1606.0          1.0000
1607.0          1.0000
1608.0          1.0000
1609.0          1.0000
1610.0          1.0000
1611.0          1.0000
1612.0          1.0000
1613.0          1.0000
1614.0          1.0000
1615.0          1.0000
1616.0          1.0000
1617.0          1.0000
1618.0          1.0000
1619.0          1.0000
1620.0          1.0000
1621.0          1.0000
1622.0          1.0000
1623.0          1.0000
1624.0          1.0000
1625.0          1.0000
1626.0          1.0000
1627.0          1.0000
1628.0          1.0000
1629.0          1.0000
1630.0          1.0000
1631.0          1.0000
1632.0          1.0000
1633.0          1.0000
1634.0          1.0000
1635.0          1.0000
1636.0          1.0000
1637.0          1.0000
1638.0          1.0000
1639.0          1.0000
1640.0          1.0000
1641.0          1.0000
1642.0          1.0000
1643.0          1.0000
1644.0          1.0000
1645.0          1.0000
1646.0          1.0000
1647.0          1.0000
1648.0          1.0000
1649.0          1.0000
1650.0          1.0000
1400.0          0.0000
1401.0          2.2204E-16
1402.0          2.8866E-15
1403.0          1.1102E-15
1404.0          1.6653E-15
1405.0          -1.7764E-15
1406.0          -4.4409E-16
1407.0          3.3307E-16
1408.0          -2.2204E-15
1409.0          -8.8818E-16
1410.0          4.4409E-16
1411.0          -4.4409E-16
1412.0          -8.8818E-16
1413.0          -4.4409E-16
1414.0          -6.6613E-16
1415.0          -8.8818E-16
1416.0          4.4409E-16
1417.0          -3.3307E-15
1418.0          -3.9968E-15
1419.0          2.2204E-16
1420.0          6.6613E-16
1421.0          -6.6613E-16
1422.0          -1.7764E-15
1423.0          0.0000
1424.0          -3.5527E-15
1425.0          0.0000
1426.0          1.5543E-15
1427.0          6.6613E-16
1428.0          4.4409E-16
1429.0          -2.2204E-16
1430.0          1.4433E-15
1431.0          -2.2204E-16
1432.0          5.5511E-16
1433.0          7.7716E-16
1434.0          -1.1102E-15
1435.0          -1.5543E-15
1436.0          2.2204E-16
1437.0          -8.8818E-16
1438.0          1.5543E-15
1439.0          -1.3323E-15
1440.0          4.5519E-15
1441.0          -1.5543E-15
1442.0          5.5511E-16
1443.0          -3.7748E-15
1444.0          2.2204E-15
1445.0          -2.2204E-15
1446.0          2.4425E-15
1447.0          1.7764E-15
1448.0          -2.2204E-15
1449.0          -6.6613E-16
1450.0          -2.2204E-15
1451.0          -1.1102E-15
1452.0          8.8818E-16
1453.0          -2.2204E-16
1454.0          -1.3323E-15
1455.0          2.2204E-16
1456.0          8.8818E-16
1457.0          -4.4409E-16
1458.0          -8.8818E-16
1459.0          1.4433E-15
1460.0          -2.2204E-16
1461.0          2.4425E-15
1462.0          -8.8818E-16
1463.0          8.8818E-16
1464.0          -1.9984E-15
1465.0          -2.6645E-15
1466.0          2.2204E-15
1467.0          1.1102E-15
1468.0          6.6613E-16
1469.0          -1.3323E-15
1470.0          -1.9984E-15
1471.0          -6.6613E-16
1472.0          -1.5543E-15
1473.0          -1.9984E-15
1474.0          -2.6645E-15
1475.0          1.2212E-15
1476.0          1.7764E-15
1477.0          -8.8818E-16
1478.0          -1.1102E-15
1479.0          -4.4409E-16
1480.0          -6.6613E-16
1481.0          -2.8866E-15
1482.0          1.1102E-15
1483.0          -5.3291E-15
1484.0          -3.3307E-15
1485.0          -4.4409E-16
1486.0          2.4425E-15
1487.0          0.0000
1488.0          -8.8818E-16
1489.0          -6.6613E-16
1490.0          1.5543E-15
1491.0          -1.5543E-15
1492.0          5.5511E-16
1493.0          2.2204E-15
1494.0          -1.9984E-15
1495.0          2.2204E-16
1496.0          -1.3323E-15
1497.0          3.7748E-15
1498.0          -2.2204E-15
1499.0          4.4409E-16
1500.0          -2.2204E-16
1501.0          -6.6613E-16
1502.0          1.8874E-15
1503.0          -4.4409E-16
1504.0          0.0000
1505.0          -1.7764E-15
1506.0          -2.8866E-15
1507.0          6.6613E-16
1508.0          7.7716E-16
1509.0          1.1102E-16
1510.0          5.5511E-16
1511.0          -1.3323E-15
1512.0          7.7716E-16
1513.0          6.6613E-16
1514.0          -1.9984E-15
1515.0          -6.6613E-16
1516.0          0.0000
1517.0          -4.4409E-16
1518.0          2.2204E-16
1519.0          -3.1086E-15
1520.0          9.9920E-16
1521.0          2.9976E-15
1522.0          -1.1102E-15
1523.0          -1.9984E-15
1524.0          -2.2204E-16
1525.0          2.2204E-16
1526.0          -4.4409E-16
1527.0          9.9920E-16
1528.0          -8.8818E-16
1529.0          4.8850E-15
1530.0          7.7716E-16
1531.0          5.5511E-16
1532.0          -2.2204E-16
1533.0          -8.8818E-16
1534.0          -2.2204E-16
1535.0          2.6645E-15
1536.0          2.2204E-15
1537.0          3.1086E-15
1538.0          -2.2204E-15
1539.0          -2.2204E-16
1540.0          -1.7764E-15
1541.0          1.1102E-15
1542.0          -1.9984E-15
1543.0          -2.2204E-16
1544.0          3.3307E-16
1545.0          1.3323E-15
1546.0          -6.6613E-16
1547.0          -4.4409E-16
1548.0          -1.1102E-15
1549.0          1.3323E-15
1550.0          -2.6645E-15
1551.0          -1.7764E-15
1552.0          -1.1102E-15
1553.0          -1.3323E-15
1554.0          2.2204E-16
1555.0          0.0000
1556.0          1.5543E-15
1557.0          -1.3323E-15
1558.0          3.5527E-15
1559.0          -8.8818E-16
1560.0          -1.5543E-15
1561.0          1.1102E-16
1562.0          3.5527E-15
1563.0          -1.3323E-15
1564.0          -3.7748E-15
1565.0          0.0000
1566.0          1.1102E-15
1567.0          1.1102E-16
1568.0          -1.1102E-15
1569.0          1.7764E-15
1570.0          2.2204E-16
1571.0          5.5511E-16
1572.0          -8.8818E-16
1573.0          1.1102E-15
1574.0          4.4409E-16
1575.0          6.6613E-16
1576.0          1.2212E-15
1577.0          1.7764E-15
1578.0          -1.7764E-15
1579.0          -2.8866E-15
1580.0          2.9976E-15
1581.0          2.3315E-15
1582.0          2.6645E-15
1583.0          0.0000
1584.0          -1.9984E-15
1585.0          3.9968E-15
1586.0          -2.6645E-15
1587.0          -8.8818E-16
1588.0          -1.1102E-15
1589.0          5.5511E-16
1590.0          -2.8866E-15
1591.0          -2.2204E-16
1592.0          -1.5543E-15
1593.0          7.7716E-16
1594.0          -1.7764E-15
1595.0          1.3323E-15
1596.0          3.2196E-15
1597.0          3.2196E-15
1598.0          -4.4409E-16
1599.0          -1.3323E-15
1600.0          -1.3323E-15
1601.0          9.9920E-16
1602.0          -1.5543E-15
1603.0          -8.8818E-16
1604.0          -8.8818E-16
1605.0          -8.8818E-16
1606.0          -6.6613E-16
1607.0          -2.2204E-16
1608.0          -2.8866E-15
1609.0          -3.5527E-15
1610.0          -4.4409E-16
1611.0          2.2204E-15
1612.0          -1.1102E-15
1613.0          2.5535E-15
1614.0          -1.2212E-14
1615.0          -1.7764E-15
1616.0          -6.6613E-16
1617.0          -4.4409E-16
1618.0          2.8866E-15
1619.0          1.1102E-16
1620.0          -6.6613E-16
1621.0          1.1102E-15
1622.0          -2.2204E-15
1623.0          -1.7764E-15
1624.0          -4.4409E-16
1625.0          2.4425E-15
1626.0          -3.9968E-15
1627.0          1.9984E-15
1628.0          2.2204E-16
1629.0          -1.7764E-15
1630.0          2.6645E-15
1631.0          3.3307E-15
1632.0          0.0000
1633.0          1.1102E-15
1634.0          2.2204E-16
1635.0          -1.5543E-15
1636.0          3.5527E-15
1637.0          9.9920E-16
1638.0          1.3323E-15
1639.0          -3.5527E-15
1640.0          -2.6645E-15
1641.0          1.9984E-15
1642.0          2.8866E-15
1643.0          -2.2204E-15
1644.0          5.5511E-16
1645.0          1.2212E-15
1646.0          1.7764E-15
1647.0          6.6613E-16
1648.0          2.4425E-15
1649.0          -2.2204E-16
1650.0          1.1102E-16
