1400.0          0.10354
1401.0          0.094853
1402.0          0.084788
1403.0          0.072939
1404.0          0.058848
1405.0          0.042296
1406.0          0.024824
1407.0          0.018223
1408.0          0.10001
1409.0          0.64370
1410.0          0.95504
1411.0          0.65348
1412.0          0.47832
1413.0          0.38643
1414.0          0.33225
1415.0          0.29695
1416.0          0.27218
1417.0          0.25381
1418.0          0.23960
1419.0          0.22823
1420.0          0.21889
1421.0          0.21105
1422.0          0.20434
1423.0          0.19852
1424.0          0.19339
1425.0          0.18883
1426.0          0.18473
1427.0          0.18102
1428.0          0.17763
1429.0          0.17452
1430.0          0.17163
1431.0          0.16895
1432.0          0.16645
1433.0          0.16409
1434.0          0.16187
1435.0          0.15977
1436.0          0.15776
1437.0          0.15584
1438.0          0.15400
1439.0          0.15222
1440.0          0.15049
1441.0          0.14881
1442.0          0.14715
1443.0          0.14551
1444.0          0.14387
1445.0          0.14222
1446.0          0.14054
1447.0          0.13880
1448.0          0.13698
1449.0          0.13503
1450.0          0.13290
1451.0          0.13051
1452.0          0.12775
1453.0          0.12445
1454.0          0.12033
1455.0          0.11493
1456.0          0.10748
1457.0          0.097027
1458.0          0.090268
1459.0          0.54615
1460.0          0.43292
1461.0          0.25326
1462.0          0.20815
1463.0          0.18860
1464.0          0.17781
1465.0          0.17100
1466.0          0.16634
1467.0          0.16296
1468.0          0.16044
1469.0          0.15850
1470.0          0.15698
1471.0          0.15580
1472.0          0.15487
1473.0          0.15415
1474.0          0.15361
1475.0          0.15322
1476.0          0.15296
1477.0          0.15282
1478.0          0.15279
1479.0          0.15286
1480.0          0.15303
1481.0          0.15328
1482.0          0.15362
1483.0          0.15405
1484.0          0.15455
1485.0          0.15514
1486.0          0.15581
1487.0          0.15656
1488.0          0.15739
1489.0          0.15830
1490.0          0.15929
1491.0          0.16037
1492.0          0.16153
1493.0          0.16278
1494.0          0.16412
1495.0          0.16555
1496.0          0.16707
1497.0          0.16870
1498.0          0.17042
1499.0          0.17224
1500.0          0.17417
1501.0          0.17621
1502.0          0.17837
1503.0          0.18064
1504.0          0.18303
1505.0          0.18554
1506.0          0.18819
1507.0          0.19097
1508.0          0.19389
1509.0          0.19695
1510.0          0.20016
1511.0          0.20353
1512.0          0.20706
1513.0          0.21075
1514.0          0.21461
1515.0          0.21865
1516.0          0.22287
1517.0          0.22728
1518.0          0.23188
1519.0          0.23669
1520.0          0.24170
1521.0          0.24693
1522.0          0.25238
1523.0          0.25805
1524.0          0.26396
1525.0          0.27011
1526.0          0.27650
1527.0          0.28315
1528.0          0.29005
1529.0          0.29722
1530.0          0.30466
1531.0          0.31237
1532.0          0.32037
1533.0          0.32865
1534.0          0.33722
1535.0          0.34608
1536.0          0.35523
1537.0          0.36469
1538.0          0.37444
1539.0          0.38450
1540.0          0.39486
1541.0          0.40551
1542.0          0.41646
1543.0          0.42771
1544.0          0.43925
1545.0          0.45107
1546.0          0.46317
1547.0          0.47554
1548.0          0.48817
1549.0          0.50105
1550.0          0.51416
1551.0          0.52750
1552.0          0.54104
1553.0          0.55477
1554.0          0.56867
1555.0          0.58272
1556.0          0.59690
1557.0          0.61119
1558.0          0.62556
1559.0          0.63998
1560.0          0.65443
1561.0          0.66889
1562.0          0.68331
1563.0          0.69769
1564.0          0.71197
1565.0          0.72615
1566.0          0.74018
1567.0          0.75404
1568.0          0.76770
1569.0          0.78113
1570.0          0.79431
1571.0          0.80720
1572.0          0.81978
1573.0          0.83203
1574.0          0.84393
1575.0          0.85544
1576.0          0.86657
1577.0          0.87728
1578.0          0.88757
1579.0          0.89742
1580.0          0.90681
1581.0          0.91575
1582.0          0.92421
1583.0          0.93221
1584.0          0.93973
1585.0          0.94677
1586.0          0.95334
1587.0          0.95944
1588.0          0.96506
1589.0          0.97023
1590.0          0.97494
1591.0          0.97920
1592.0          0.98303
1593.0          0.98643
1594.0          0.98941
1595.0          0.99200
1596.0          0.99419
1597.0          0.99601
1598.0          0.99747
1599.0          0.99858
1600.0          0.99937
1601.0          0.99983
1602.0          1.0000
1603.0          0.99988
1604.0          0.99949
1605.0          0.99884
1606.0          0.99795
1607.0          0.99683
1608.0          0.99550
1609.0          0.99397
1610.0          0.99225
1611.0          0.99035
1612.0          0.98830
1613.0          0.98609
1614.0          0.98374
1615.0          0.98127
1616.0          0.97868
1617.0          0.97598
1618.0          0.97318
1619.0          0.97030
1620.0          0.96733
1621.0          0.96430
1622.0          0.96119
1623.0          0.95804
1624.0          0.95483
1625.0          0.95157
1626.0          0.94828
1627.0          0.94496
1628.0          0.94161
1629.0          0.93824
1630.0          0.93486
1631.0          0.93146
1632.0          0.92805
1633.0          0.92464
1634.0          0.92123
1635.0          0.91782
1636.0          0.91442
1637.0          0.91103
1638.0          0.90765
1639.0          0.90428
1640.0          0.90092
1641.0          0.89759
1642.0          0.89427
1643.0          0.89098
1644.0          0.88771
1645.0          0.88446
1646.0          0.88124
1647.0          0.87805
1648.0          0.87488
1649.0          0.87174
1650.0          0.86864
1400.0          0.89646
1401.0          0.90515
1402.0          0.91521
1403.0          0.92706
1404.0          0.94115
1405.0          0.95770
1406.0          0.97518
1407.0          0.98178
1408.0          0.89999
1409.0          0.35630
1410.0          0.044957
1411.0          0.34652
1412.0          0.52168
1413.0          0.61357
1414.0          0.66775
1415.0          0.70305
1416.0          0.72782
1417.0          0.74619
1418.0          0.76040
1419.0          0.77177
1420.0          0.78111
1421.0          0.78895
1422.0          0.79566
1423.0          0.80148
1424.0          0.80661
1425.0          0.81117
1426.0          0.81527
1427.0          0.81898
1428.0          0.82237
1429.0          0.82548
1430.0          0.82837
1431.0          0.83105
1432.0          0.83355
1433.0          0.83591
1434.0          0.83813
1435.0          0.84023
1436.0          0.84224
1437.0          0.84416
1438.0          0.84600
1439.0          0.84778
1440.0          0.84951
1441.0          0.85119
1442.0          0.85285
1443.0          0.85449
1444.0          0.85613
1445.0          0.85778
1446.0          0.85946
1447.0          0.86120
1448.0          0.86302
1449.0          0.86497
1450.0          0.86710
1451.0          0.86949
1452.0          0.87225
1453.0          0.87555
1454.0          0.87967
1455.0          0.88507
1456.0          0.89252
1457.0          0.90297
1458.0          0.90973
1459.0          0.45385
1460.0          0.56708
1461.0          0.74674
1462.0          0.79185
1463.0          0.81140
1464.0          0.82219
1465.0          0.82900
1466.0          0.83366
1467.0          0.83704
1468.0          0.83956
1469.0          0.84150
1470.0          0.84302
1471.0          0.84420
1472.0          0.84513
1473.0          0.84585
1474.0          0.84639
1475.0          0.84678
1476.0          0.84704
1477.0          0.84718
1478.0          0.84721
1479.0          0.84714
1480.0          0.84697
1481.0          0.84672
1482.0          0.84638
1483.0          0.84595
1484.0          0.84545
1485.0          0.84486
1486.0          0.84419
1487.0          0.84344
1488.0          0.84261
1489.0          0.84170
1490.0          0.84071
1491.0          0.83963
1492.0          0.83847
1493.0          0.83722
1494.0          0.83588
1495.0          0.83445
1496.0          0.83293
1497.0          0.83130
1498.0          0.82958
1499.0          0.82776
1500.0          0.82583
1501.0          0.82379
1502.0          0.82163
1503.0          0.81936
1504.0          0.81697
1505.0          0.81446
1506.0          0.81181
1507.0          0.80903
1508.0          0.80611
1509.0          0.80305
1510.0          0.79984
1511.0          0.79647
1512.0          0.79294
1513.0          0.78925
1514.0          0.78539
1515.0          0.78135
1516.0          0.77713
1517.0          0.77272
1518.0          0.76812
1519.0          0.76331
1520.0          0.75830
1521.0          0.75307
1522.0          0.74762
1523.0          0.74195
1524.0          0.73604
1525.0          0.72989
1526.0          0.72350
1527.0          0.71685
1528.0          0.70995
1529.0          0.70278
1530.0          0.69534
1531.0          0.68763
1532.0          0.67963
1533.0          0.67135
1534.0          0.66278
1535.0          0.65392
1536.0          0.64477
1537.0          0.63531
1538.0          0.62556
1539.0          0.61550
1540.0          0.60514
1541.0          0.59449
1542.0          0.58354
1543.0          0.57229
1544.0          0.56075
1545.0          0.54893
1546.0          0.53683
1547.0          0.52446
1548.0          0.51183
1549.0          0.49895
1550.0          0.48584
1551.0          0.47250
1552.0          0.45896
1553.0          0.44523
1554.0          0.43133
1555.0          0.41728
1556.0          0.40310
1557.0          0.38881
1558.0          0.37444
1559.0          0.36002
1560.0          0.34557
1561.0          0.33111
1562.0          0.31669
1563.0          0.30231
1564.0          0.28803
1565.0          0.27385
1566.0          0.25982
1567.0          0.24596
1568.0          0.23230
1569.0          0.21887
1570.0          0.20569
1571.0          0.19280
1572.0          0.18022
1573.0          0.16797
1574.0          0.15607
1575.0          0.14456
1576.0          0.13343
1577.0          0.12272
1578.0          0.11243
1579.0          0.10258
1580.0          0.093189
1581.0          0.084254
1582.0          0.075786
1583.0          0.067791
1584.0          0.060271
1585.0          0.053227
1586.0          0.046659
1587.0          0.040563
1588.0          0.034936
1589.0          0.029771
1590.0          0.025062
1591.0          0.020799
1592.0          0.016973
1593.0          0.013574
1594.0          0.010588
1595.0          0.0080049
1596.0          0.0058099
1597.0          0.0039897
1598.0          0.0025299
1599.0          0.0014160
1600.0          6.3313E-4
1601.0          1.6637E-4
1602.0          7.0862E-7
1603.0          1.2116E-4
1604.0          5.1284E-4
1605.0          0.0011611
1606.0          0.0020513
1607.0          0.0031694
1608.0          0.0045014
1609.0          0.0060338
1610.0          0.0077534
1611.0          0.0096476
1612.0          0.011704
1613.0          0.013911
1614.0          0.016256
1615.0          0.018730
1616.0          0.021321
1617.0          0.024019
1618.0          0.026816
1619.0          0.029701
1620.0          0.032666
1621.0          0.035704
1622.0          0.038806
1623.0          0.041965
1624.0          0.045174
1625.0          0.048426
1626.0          0.051717
1627.0          0.055038
1628.0          0.058386
1629.0          0.061756
1630.0          0.065142
1631.0          0.068540
1632.0          0.071946
1633.0          0.075356
1634.0          0.078767
1635.0          0.082175
1636.0          0.085577
1637.0          0.088971
1638.0          0.092354
1639.0          0.095723
1640.0          0.099076
1641.0          0.10241
1642.0          0.10573
1643.0          0.10902
1644.0          0.11229
1645.0          0.11554
1646.0          0.11876
1647.0          0.12195
1648.0          0.12512
1649.0          0.12826
1650.0          0.13136
1400.0          1.0000
1401.0          1.0000
1402.0          1.0000
1403.0          1.0000
1404.0          1.0000
1405.0          1.0000
1406.0          1.0000
1407.0          1.0000
1408.0          1.0000
1409.0          1.0000
1410.0          1.0000
1411.0          1.0000
1412.0          1.0000
1413.0          1.0000
1414.0          1.0000
1415.0          1.0000
1416.0          1.0000
1417.0          1.0000
1418.0          1.0000
1419.0          1.0000
1420.0          1.0000
1421.0          1.0000
1422.0          1.0000
1423.0          1.0000
1424.0          1.0000
1425.0          1.0000
1426.0          1.0000
1427.0          1.0000
1428.0          1.0000
1429.0          1.0000
1430.0          1.0000
1431.0          1.0000
1432.0          1.0000
1433.0          1.0000
1434.0          1.0000
1435.0          1.0000
1436.0          1.0000
1437.0          1.0000
1438.0          1.0000
1439.0          1.0000
1440.0          1.0000
1441.0          1.0000
1442.0          1.0000
1443.0          1.0000
1444.0          1.0000
1445.0          1.0000
1446.0          1.0000
1447.0          1.0000
1448.0          1.0000
1449.0          1.0000
1450.0          1.0000
1451.0          1.0000
1452.0          1.0000
1453.0          1.0000
1454.0          1.0000
1455.0          1.0000
1456.0          1.0000
1457.0          1.0000
1458.0          1.0000
1459.0          1.0000
1460.0          1.0000
1461.0          1.0000
1462.0          1.0000
1463.0          1.0000
1464.0          1.0000
1465.0          1.0000
1466.0          1.0000
1467.0          1.0000
1468.0          1.0000
1469.0          1.0000
1470.0          1.0000
1471.0          1.0000
1472.0          1.0000
1473.0          1.0000
1474.0          1.0000
1475.0          1.0000
1476.0          1.0000
1477.0          1.0000
1478.0          1.0000
1479.0          1.0000
1480.0          1.0000
1481.0          1.0000
1482.0          1.0000
1483.0          1.0000
1484.0          1.0000
1485.0          1.0000
1486.0          1.0000
1487.0          1.0000
1488.0          1.0000
1489.0          1.0000
1490.0          1.0000
1491.0          1.0000
1492.0          1.0000
1493.0          1.0000
1494.0          1.0000
1495.0          1.0000
1496.0          1.0000
1497.0          1.0000
1498.0          1.0000
1499.0          1.0000
1500.0          1.0000
1501.0          1.0000
1502.0          1.0000
1503.0          1.0000
1504.0          1.0000
1505.0          1.0000
1506.0          1.0000
1507.0          1.0000
1508.0          1.0000
1509.0          1.0000
1510.0          1.0000
1511.0          1.0000
1512.0          1.0000
1513.0          1.0000
1514.0          1.0000
1515.0          1.0000
1516.0          1.0000
1517.0          1.0000
1518.0          1.0000
1519.0          1.0000
1520.0          1.0000
1521.0          1.0000
1522.0          1.0000
1523.0          1.0000
1524.0          1.0000
1525.0          1.0000
1526.0          1.0000
1527.0          1.0000
1528.0          1.0000
1529.0          1.0000
1530.0          1.0000
1531.0          1.0000
1532.0          1.0000
1533.0          1.0000
1534.0          1.0000
1535.0          1.0000
1536.0          1.0000
1537.0          1.0000
1538.0          1.0000
1539.0          1.0000
1540.0          1.0000
1541.0          1.0000
1542.0          1.0000
1543.0          1.0000
1544.0          1.0000
1545.0          1.0000
1546.0          1.0000
1547.0          1.0000
1548.0          1.0000
1549.0          1.0000
1550.0          1.0000
1551.0          1.0000
1552.0          1.0000
1553.0          1.0000
1554.0          1.0000
1555.0          1.0000
1556.0          1.0000
1557.0          1.0000
1558.0          1.0000
1559.0          1.0000
1560.0          1.0000
1561.0          1.0000
1562.0          1.0000
1563.0          1.0000
1564.0          1.0000
1565.0          1.0000
1566.0          1.0000
1567.0          1.0000
1568.0          1.0000
1569.0          1.0000
1570.0          1.0000
1571.0          1.0000
1572.0          1.0000
1573.0          1.0000
1574.0          1.0000
1575.0          1.0000
1576.0          1.0000
1577.0          1.0000
1578.0          1.0000
1579.0          1.0000
1580.0          1.0000
1581.0          1.0000
1582.0          1.0000
1583.0          1.0000
1584.0          1.0000
1585.0          1.0000
1586.0          1.0000
1587.0          1.0000
1588.0          1.0000
1589.0          1.0000
1590.0          1.0000
1591.0          1.0000
1592.0          1.0000
1593.0          1.0000
1594.0          1.0000
1595.0          1.0000
1596.0          1.0000
1597.0          1.0000
1598.0          1.0000
1599.0          1.0000
1600.0          1.0000
1601.0          1.0000
1602.0          1.0000
1603.0          1.0000
1604.0          1.0000
1605.0          1.0000
1606.0          1.0000
1607.0          1.0000
1608.0          1.0000
1609.0          1.0000
1610.0          1.0000
1611.0          1.0000
1612.0          1.0000
1613.0          1.0000
1614.0          1.0000
1615.0          1.0000
1616.0          1.0000
1617.0          1.0000
1618.0          1.0000
1619.0          1.0000
1620.0          1.0000
1621.0          1.0000
1622.0          1.0000
1623.0          1.0000
1624.0          1.0000
1625.0          1.0000
1626.0          1.0000
1627.0          1.0000
1628.0          1.0000
1629.0          1.0000
1630.0          1.0000
1631.0          1.0000
1632.0          1.0000
1633.0          1.0000
1634.0          1.0000
1635.0          1.0000
1636.0          1.0000
1637.0          1.0000
1638.0          1.0000
1639.0          1.0000
1640.0          1.0000
1641.0          1.0000
1642.0          1.0000
1643.0          1.0000
1644.0          1.0000
1645.0          1.0000
1646.0          1.0000
1647.0          1.0000
1648.0          1.0000
1649.0          1.0000
1650.0          1.0000
1400.0          -2.2204E-16
1401.0          -6.6613E-16
1402.0          -8.6597E-15
1403.0          -3.3307E-15
1404.0          3.5527E-15
1405.0          8.5487E-15
1406.0          1.1657E-14
1407.0          -7.3275E-15
1408.0          -2.6867E-14
1409.0          3.3307E-14
1410.0          2.2982E-14
1411.0          -1.0658E-14
1412.0          -3.7748E-15
1413.0          -5.7732E-15
1414.0          4.5519E-15
1415.0          -1.3323E-15
1416.0          4.4409E-15
1417.0          -1.7764E-15
1418.0          -1.3323E-15
1419.0          -5.5511E-15
1420.0          4.8850E-15
1421.0          -5.3291E-15
1422.0          4.1078E-15
1423.0          -6.6613E-15
1424.0          -5.9952E-15
1425.0          -4.4409E-16
1426.0          -5.3291E-15
1427.0          -4.8850E-15
1428.0          4.1078E-15
1429.0          8.8818E-16
1430.0          -1.9984E-15
1431.0          2.3315E-15
1432.0          9.9920E-16
1433.0          -4.6629E-15
1434.0          2.6645E-15
1435.0          4.4409E-16
1436.0          -1.3323E-15
1437.0          -4.4409E-16
1438.0          -1.9984E-15
1439.0          -2.8866E-15
1440.0          -2.4425E-15
1441.0          -8.8818E-16
1442.0          -1.3323E-15
1443.0          6.6613E-16
1444.0          1.3323E-15
1445.0          3.3307E-15
1446.0          2.5535E-15
1447.0          6.6613E-16
1448.0          9.9920E-16
1449.0          8.4377E-15
1450.0          6.6613E-16
1451.0          -2.6645E-15
1452.0          4.4409E-16
1453.0          -4.4409E-16
1454.0          -1.7764E-15
1455.0          -4.2188E-15
1456.0          4.4409E-15
1457.0          0.0000
1458.0          -2.3093E-14
1459.0          6.8834E-14
1460.0          -5.3513E-14
1461.0          -1.3323E-15
1462.0          -7.9936E-15
1463.0          -6.6613E-16
1464.0          -2.2204E-16
1465.0          3.3307E-16
1466.0          -4.4409E-16
1467.0          -1.1102E-15
1468.0          -4.4409E-16
1469.0          1.5543E-15
1470.0          3.4417E-15
1471.0          1.1102E-15
1472.0          -6.6613E-16
1473.0          -2.2204E-15
1474.0          2.8866E-15
1475.0          -1.5543E-15
1476.0          -3.7748E-15
1477.0          -8.8818E-16
1478.0          3.2196E-15
1479.0          -4.2188E-15
1480.0          -3.1086E-15
1481.0          -2.8866E-15
1482.0          1.1102E-15
1483.0          6.2172E-15
1484.0          1.4433E-15
1485.0          1.1102E-15
1486.0          2.5535E-15
1487.0          -2.2204E-16
1488.0          0.0000
1489.0          1.9984E-15
1490.0          -4.4409E-16
1491.0          -1.5543E-15
1492.0          1.5543E-15
1493.0          -2.6645E-15
1494.0          0.0000
1495.0          6.6613E-16
1496.0          -6.6613E-16
1497.0          2.2204E-15
1498.0          0.0000
1499.0          7.7716E-16
1500.0          -8.8818E-16
1501.0          5.5511E-16
1502.0          -1.9984E-15
1503.0          6.6613E-16
1504.0          3.3307E-16
1505.0          -8.8818E-16
1506.0          -1.9984E-15
1507.0          8.8818E-16
1508.0          2.9976E-15
1509.0          -3.5527E-15
1510.0          1.6653E-15
1511.0          8.8818E-16
1512.0          1.1102E-16
1513.0          6.2172E-15
1514.0          -6.6613E-16
1515.0          1.7764E-15
1516.0          1.2212E-15
1517.0          1.8874E-15
1518.0          2.2204E-15
1519.0          1.5543E-15
1520.0          1.4433E-15
1521.0          -2.8866E-15
1522.0          1.1102E-15
1523.0          5.8842E-15
1524.0          -1.3323E-15
1525.0          -6.6613E-16
1526.0          3.6637E-15
1527.0          -1.3323E-15
1528.0          0.0000
1529.0          2.2204E-15
1530.0          -4.4409E-16
1531.0          -4.2188E-15
1532.0          -1.1102E-15
1533.0          -1.3323E-15
1534.0          2.6645E-15
1535.0          1.7764E-15
1536.0          4.5519E-15
1537.0          5.5511E-16
1538.0          6.6613E-16
1539.0          -8.8818E-16
1540.0          1.3323E-15
1541.0          -1.1102E-15
1542.0          2.2204E-16
1543.0          2.2204E-15
1544.0          -4.4409E-16
1545.0          3.7748E-15
1546.0          1.1102E-15
1547.0          1.7764E-15
1548.0          3.3307E-15
1549.0          3.9968E-15
1550.0          3.1086E-15
1551.0          4.8850E-15
1552.0          3.7748E-15
1553.0          5.9952E-15
1554.0          -2.4425E-15
1555.0          4.4409E-16
1556.0          -6.6613E-16
1557.0          -1.3323E-15
1558.0          -1.3323E-15
1559.0          -8.8818E-16
1560.0          4.6629E-15
1561.0          6.5503E-15
1562.0          -1.9984E-15
1563.0          0.0000
1564.0          -2.2204E-15
1565.0          4.2188E-15
1566.0          3.3307E-16
1567.0          2.7756E-15
1568.0          -1.1102E-15
1569.0          1.1102E-16
1570.0          -2.6645E-15
1571.0          7.7716E-16
1572.0          -2.8866E-15
1573.0          -3.7748E-15
1574.0          -2.4425E-15
1575.0          3.3307E-16
1576.0          1.6653E-15
1577.0          -2.6645E-15
1578.0          1.1102E-15
1579.0          5.4401E-15
1580.0          3.3307E-15
1581.0          -1.3323E-15
1582.0          0.0000
1583.0          -2.2204E-16
1584.0          6.6613E-16
1585.0          1.9984E-15
1586.0          -1.1102E-15
1587.0          3.2196E-15
1588.0          1.8874E-15
1589.0          1.2212E-15
1590.0          -2.2204E-15
1591.0          -8.8818E-16
1592.0          -2.8866E-15
1593.0          1.3323E-15
1594.0          -6.6613E-16
1595.0          -3.9968E-15
1596.0          -2.6645E-15
1597.0          1.4433E-15
1598.0          0.0000
1599.0          -8.8818E-16
1600.0          -2.8866E-15
1601.0          1.6653E-15
1602.0          2.1094E-15
1603.0          -1.7764E-15
1604.0          1.8874E-15
1605.0          -3.9968E-15
1606.0          3.3307E-16
1607.0          3.5527E-15
1608.0          1.4433E-15
1609.0          -4.4409E-16
1610.0          3.3307E-16
1611.0          3.9968E-15
1612.0          -5.5511E-15
1613.0          -1.5543E-15
1614.0          -2.2204E-15
1615.0          -2.6645E-15
1616.0          4.3299E-15
1617.0          3.3307E-15
1618.0          1.3323E-15
1619.0          -1.1102E-15
1620.0          9.9920E-16
1621.0          8.8818E-16
1622.0          3.9968E-15
1623.0          4.5519E-15
1624.0          -5.1070E-15
1625.0          -2.2204E-16
1626.0          -3.5527E-15
1627.0          -1.3323E-15
1628.0          -3.1086E-15
1629.0          8.8818E-16
1630.0          -1.5543E-15
1631.0          -1.5543E-15
1632.0          2.6645E-15
1633.0          1.2212E-15
1634.0          -1.9984E-15
1635.0          -1.1102E-15
1636.0          -1.1102E-15
1637.0          3.8858E-15
1638.0          7.7716E-16
1639.0          -3.1086E-15
1640.0          3.3307E-15
1641.0          1.8874E-15
1642.0          -2.6645E-15
1643.0          3.9968E-15
1644.0          -3.5527E-15
1645.0          -4.4409E-16
1646.0          -1.1102E-15
1647.0          -1.3323E-15
1648.0          7.7716E-16
1649.0          1.3323E-15
1650.0          9.9920E-16
