1400.0          0.92688
1401.0          0.89716
1402.0          0.87605
1403.0          0.86018
1404.0          0.84761
1405.0          0.83723
1406.0          0.82836
1407.0          0.82060
1408.0          0.81366
1409.0          0.80735
1410.0          0.80156
1411.0          0.79618
1412.0          0.79114
1413.0          0.78639
1414.0          0.78189
1415.0          0.77760
1416.0          0.77351
1417.0          0.76960
1418.0          0.76583
1419.0          0.76221
1420.0          0.75872
1421.0          0.75535
1422.0          0.75209
1423.0          0.74894
1424.0          0.74588
1425.0          0.74292
1426.0          0.74005
1427.0          0.73726
1428.0          0.73455
1429.0          0.73192
1430.0          0.72937
1431.0          0.72688
1432.0          0.72446
1433.0          0.72211
1434.0          0.71982
1435.0          0.71760
1436.0          0.71543
1437.0          0.71332
1438.0          0.71127
1439.0          0.70927
1440.0          0.70733
1441.0          0.70543
1442.0          0.70359
1443.0          0.70179
1444.0          0.70004
1445.0          0.69834
1446.0          0.69668
1447.0          0.69506
1448.0          0.69349
1449.0          0.69195
1450.0          0.69046
1451.0          0.68900
1452.0          0.68759
1453.0          0.68621
1454.0          0.68486
1455.0          0.68355
1456.0          0.68228
1457.0          0.68104
1458.0          0.67983
1459.0          0.67865
1460.0          0.67750
1461.0          0.67638
1462.0          0.67529
1463.0          0.67423
1464.0          0.67320
1465.0          0.67219
1466.0          0.67121
1467.0          0.67025
1468.0          0.66932
1469.0          0.66841
1470.0          0.66753
1471.0          0.66667
1472.0          0.66583
1473.0          0.66502
1474.0          0.66422
1475.0          0.66345
1476.0          0.66269
1477.0          0.66196
1478.0          0.66124
1479.0          0.66054
1480.0          0.65986
1481.0          0.65920
1482.0          0.65855
1483.0          0.65793
1484.0          0.65731
1485.0          0.65672
1486.0          0.65614
1487.0          0.65557
1488.0          0.65502
1489.0          0.65448
1490.0          0.65395
1491.0          0.65344
1492.0          0.65294
1493.0          0.65246
1494.0          0.65198
1495.0          0.65152
1496.0          0.65107
1497.0          0.65063
1498.0          0.65021
1499.0          0.64979
1500.0          0.64938
1501.0          0.64899
1502.0          0.64860
1503.0          0.64822
1504.0          0.64786
1505.0          0.64750
1506.0          0.64715
1507.0          0.64680
1508.0          0.64647
1509.0          0.64615
1510.0          0.64583
1511.0          0.64552
1512.0          0.64522
1513.0          0.64492
1514.0          0.64463
1515.0          0.64435
1516.0          0.64407
1517.0          0.64380
1518.0          0.64354
1519.0          0.64328
1520.0          0.64303
1521.0          0.64279
1522.0          0.64255
1523.0          0.64231
1524.0          0.64208
1525.0          0.64186
1526.0          0.64164
1527.0          0.64142
1528.0          0.64121
1529.0          0.64101
1530.0          0.64080
1531.0          0.64060
1532.0          0.64041
1533.0          0.64022
1534.0          0.64003
1535.0          0.63985
1536.0          0.63967
1537.0          0.63949
1538.0          0.63932
1539.0          0.63915
1540.0          0.63898
1541.0          0.63882
1542.0          0.63866
1543.0          0.63850
1544.0          0.63834
1545.0          0.63819
1546.0          0.63803
1547.0          0.63788
1548.0          0.63774
1549.0          0.63759
1550.0          0.63745
1551.0          0.63731
1552.0          0.63717
1553.0          0.63703
1554.0          0.63689
1555.0          0.63676
1556.0          0.63663
1557.0          0.63649
1558.0          0.63636
1559.0          0.63624
1560.0          0.63611
1561.0          0.63598
1562.0          0.63586
1563.0          0.63573
1564.0          0.63561
1565.0          0.63549
1566.0          0.63536
1567.0          0.63524
1568.0          0.63512
1569.0          0.63500
1570.0          0.63488
1571.0          0.63477
1572.0          0.63465
1573.0          0.63453
1574.0          0.63441
1575.0          0.63430
1576.0          0.63418
1577.0          0.63406
1578.0          0.63395
1579.0          0.63383
1580.0          0.63372
1581.0          0.63360
1582.0          0.63348
1583.0          0.63337
1584.0          0.63325
1585.0          0.63314
1586.0          0.63302
1587.0          0.63290
1588.0          0.63279
1589.0          0.63267
1590.0          0.63255
1591.0          0.63243
1592.0          0.63231
1593.0          0.63219
1594.0          0.63208
1595.0          0.63196
1596.0          0.63183
1597.0          0.63171
1598.0          0.63159
1599.0          0.63147
1600.0          0.63135
1601.0          0.63122
1602.0          0.63110
1603.0          0.63097
1604.0          0.63085
1605.0          0.63072
1606.0          0.63059
1607.0          0.63046
1608.0          0.63033
1609.0          0.63020
1610.0          0.63007
1611.0          0.62993
1612.0          0.62980
1613.0          0.62966
1614.0          0.62953
1615.0          0.62939
1616.0          0.62925
1617.0          0.62911
1618.0          0.62897
1619.0          0.62882
1620.0          0.62868
1621.0          0.62853
1622.0          0.62838
1623.0          0.62824
1624.0          0.62808
1625.0          0.62793
1626.0          0.62778
1627.0          0.62762
1628.0          0.62747
1629.0          0.62731
1630.0          0.62715
1631.0          0.62699
1632.0          0.62682
1633.0          0.62666
1634.0          0.62649
1635.0          0.62632
1636.0          0.62615
1637.0          0.62598
1638.0          0.62580
1639.0          0.62563
1640.0          0.62545
1641.0          0.62527
1642.0          0.62509
1643.0          0.62490
1644.0          0.62472
1645.0          0.62453
1646.0          0.62434
1647.0          0.62414
1648.0          0.62395
1649.0          0.62375
1650.0          0.62355
1400.0          0.073121
1401.0          0.10284
1402.0          0.12395
1403.0          0.13982
1404.0          0.15239
1405.0          0.16277
1406.0          0.17164
1407.0          0.17940
1408.0          0.18634
1409.0          0.19265
1410.0          0.19844
1411.0          0.20382
1412.0          0.20886
1413.0          0.21361
1414.0          0.21811
1415.0          0.22240
1416.0          0.22649
1417.0          0.23040
1418.0          0.23417
1419.0          0.23779
1420.0          0.24128
1421.0          0.24465
1422.0          0.24791
1423.0          0.25106
1424.0          0.25412
1425.0          0.25708
1426.0          0.25995
1427.0          0.26274
1428.0          0.26545
1429.0          0.26808
1430.0          0.27063
1431.0          0.27312
1432.0          0.27554
1433.0          0.27789
1434.0          0.28018
1435.0          0.28240
1436.0          0.28457
1437.0          0.28668
1438.0          0.28873
1439.0          0.29073
1440.0          0.29267
1441.0          0.29457
1442.0          0.29641
1443.0          0.29821
1444.0          0.29996
1445.0          0.30166
1446.0          0.30332
1447.0          0.30494
1448.0          0.30651
1449.0          0.30805
1450.0          0.30954
1451.0          0.31100
1452.0          0.31241
1453.0          0.31379
1454.0          0.31514
1455.0          0.31645
1456.0          0.31772
1457.0          0.31896
1458.0          0.32017
1459.0          0.32135
1460.0          0.32250
1461.0          0.32362
1462.0          0.32471
1463.0          0.32577
1464.0          0.32680
1465.0          0.32781
1466.0          0.32879
1467.0          0.32975
1468.0          0.33068
1469.0          0.33159
1470.0          0.33247
1471.0          0.33333
1472.0          0.33417
1473.0          0.33498
1474.0          0.33578
1475.0          0.33655
1476.0          0.33731
1477.0          0.33804
1478.0          0.33876
1479.0          0.33946
1480.0          0.34014
1481.0          0.34080
1482.0          0.34145
1483.0          0.34207
1484.0          0.34269
1485.0          0.34328
1486.0          0.34386
1487.0          0.34443
1488.0          0.34498
1489.0          0.34552
1490.0          0.34605
1491.0          0.34656
1492.0          0.34706
1493.0          0.34754
1494.0          0.34802
1495.0          0.34848
1496.0          0.34893
1497.0          0.34937
1498.0          0.34979
1499.0          0.35021
1500.0          0.35062
1501.0          0.35101
1502.0          0.35140
1503.0          0.35178
1504.0          0.35214
1505.0          0.35250
1506.0          0.35285
1507.0          0.35320
1508.0          0.35353
1509.0          0.35385
1510.0          0.35417
1511.0          0.35448
1512.0          0.35478
1513.0          0.35508
1514.0          0.35537
1515.0          0.35565
1516.0          0.35593
1517.0          0.35620
1518.0          0.35646
1519.0          0.35672
1520.0          0.35697
1521.0          0.35721
1522.0          0.35745
1523.0          0.35769
1524.0          0.35792
1525.0          0.35814
1526.0          0.35836
1527.0          0.35858
1528.0          0.35879
1529.0          0.35899
1530.0          0.35920
1531.0          0.35940
1532.0          0.35959
1533.0          0.35978
1534.0          0.35997
1535.0          0.36015
1536.0          0.36033
1537.0          0.36051
1538.0          0.36068
1539.0          0.36085
1540.0          0.36102
1541.0          0.36118
1542.0          0.36134
1543.0          0.36150
1544.0          0.36166
1545.0          0.36181
1546.0          0.36197
1547.0          0.36212
1548.0          0.36226
1549.0          0.36241
1550.0          0.36255
1551.0          0.36269
1552.0          0.36283
1553.0          0.36297
1554.0          0.36311
1555.0          0.36324
1556.0          0.36337
1557.0          0.36351
1558.0          0.36364
1559.0          0.36376
1560.0          0.36389
1561.0          0.36402
1562.0          0.36414
1563.0          0.36427
1564.0          0.36439
1565.0          0.36451
1566.0          0.36464
1567.0          0.36476
1568.0          0.36488
1569.0          0.36500
1570.0          0.36512
1571.0          0.36523
1572.0          0.36535
1573.0          0.36547
1574.0          0.36559
1575.0          0.36570
1576.0          0.36582
1577.0          0.36594
1578.0          0.36605
1579.0          0.36617
1580.0          0.36628
1581.0          0.36640
1582.0          0.36652
1583.0          0.36663
1584.0          0.36675
1585.0          0.36686
1586.0          0.36698
1587.0          0.36710
1588.0          0.36721
1589.0          0.36733
1590.0          0.36745
1591.0          0.36757
1592.0          0.36769
1593.0          0.36781
1594.0          0.36792
1595.0          0.36804
1596.0          0.36817
1597.0          0.36829
1598.0          0.36841
1599.0          0.36853
1600.0          0.36865
1601.0          0.36878
1602.0          0.36890
1603.0          0.36903
1604.0          0.36915
1605.0          0.36928
1606.0          0.36941
1607.0          0.36954
1608.0          0.36967
1609.0          0.36980
1610.0          0.36993
1611.0          0.37007
1612.0          0.37020
1613.0          0.37034
1614.0          0.37047
1615.0          0.37061
1616.0          0.37075
1617.0          0.37089
1618.0          0.37103
1619.0          0.37118
1620.0          0.37132
1621.0          0.37147
1622.0          0.37162
1623.0          0.37176
1624.0          0.37192
1625.0          0.37207
1626.0          0.37222
1627.0          0.37238
1628.0          0.37253
1629.0          0.37269
1630.0          0.37285
1631.0          0.37301
1632.0          0.37318
1633.0          0.37334
1634.0          0.37351
1635.0          0.37368
1636.0          0.37385
1637.0          0.37402
1638.0          0.37420
1639.0          0.37437
1640.0          0.37455
1641.0          0.37473
1642.0          0.37491
1643.0          0.37510
1644.0          0.37528
1645.0          0.37547
1646.0          0.37566
1647.0          0.37586
1648.0          0.37605
1649.0          0.37625
1650.0          0.37645
1400.0          1.0000
1401.0          1.0000
1402.0          1.0000
1403.0          1.0000
1404.0          1.0000
1405.0          1.0000
1406.0          1.0000
1407.0          1.0000
1408.0          1.0000
1409.0          1.0000
1410.0          1.0000
1411.0          1.0000
1412.0          1.0000
1413.0          1.0000
1414.0          1.0000
1415.0          1.0000
1416.0          1.0000
1417.0          1.0000
1418.0          1.0000
1419.0          1.0000
1420.0          1.0000
1421.0          1.0000
1422.0          1.0000
1423.0          1.0000
1424.0          1.0000
1425.0          1.0000
1426.0          1.0000
1427.0          1.0000
1428.0          1.0000
1429.0          1.0000
1430.0          1.0000
1431.0          1.0000
1432.0          1.0000
1433.0          1.0000
1434.0          1.0000
1435.0          1.0000
1436.0          1.0000
1437.0          1.0000
1438.0          1.0000
1439.0          1.0000
1440.0          1.0000
1441.0          1.0000
1442.0          1.0000
1443.0          1.0000
1444.0          1.0000
1445.0          1.0000
1446.0          1.0000
1447.0          1.0000
1448.0          1.0000
1449.0          1.0000
1450.0          1.0000
1451.0          1.0000
1452.0          1.0000
1453.0          1.0000
1454.0          1.0000
1455.0          1.0000
1456.0          1.0000
1457.0          1.0000
1458.0          1.0000
1459.0          1.0000
1460.0          1.0000
1461.0          1.0000
1462.0          1.0000
1463.0          1.0000
1464.0          1.0000
1465.0          1.0000
1466.0          1.0000
1467.0          1.0000
1468.0          1.0000
1469.0          1.0000
1470.0          1.0000
1471.0          1.0000
1472.0          1.0000
1473.0          1.0000
1474.0          1.0000
1475.0          1.0000
1476.0          1.0000
1477.0          1.0000
1478.0          1.0000
1479.0          1.0000
1480.0          1.0000
1481.0          1.0000
1482.0          1.0000
1483.0          1.0000
1484.0          1.0000
1485.0          1.0000
1486.0          1.0000
1487.0          1.0000
1488.0          1.0000
1489.0          1.0000
1490.0          1.0000
1491.0          1.0000
1492.0          1.0000
1493.0          1.0000
1494.0          1.0000
1495.0          1.0000
1496.0          1.0000
1497.0          1.0000
1498.0          1.0000
1499.0          1.0000
1500.0          1.0000
1501.0          1.0000
1502.0          1.0000
1503.0          1.0000
1504.0          1.0000
1505.0          1.0000
1506.0          1.0000
1507.0          1.0000
1508.0          1.0000
1509.0          1.0000
1510.0          1.0000
1511.0          1.0000
1512.0          1.0000
1513.0          1.0000
1514.0          1.0000
1515.0          1.0000
1516.0          1.0000
1517.0          1.0000
1518.0          1.0000
1519.0          1.0000
1520.0          1.0000
1521.0          1.0000
1522.0          1.0000
1523.0          1.0000
1524.0          1.0000
1525.0          1.0000
1526.0          1.0000
1527.0          1.0000
1528.0          1.0000
1529.0          1.0000
1530.0          1.0000
1531.0          1.0000
1532.0          1.0000
1533.0          1.0000
1534.0          1.0000
1535.0          1.0000
1536.0          1.0000
1537.0          1.0000
1538.0          1.0000
1539.0          1.0000
1540.0          1.0000
1541.0          1.0000
1542.0          1.0000
1543.0          1.0000
1544.0          1.0000
1545.0          1.0000
1546.0          1.0000
1547.0          1.0000
1548.0          1.0000
1549.0          1.0000
1550.0          1.0000
1551.0          1.0000
1552.0          1.0000
1553.0          1.0000
1554.0          1.0000
1555.0          1.0000
1556.0          1.0000
1557.0          1.0000
1558.0          1.0000
1559.0          1.0000
1560.0          1.0000
1561.0          1.0000
1562.0          1.0000
1563.0          1.0000
1564.0          1.0000
1565.0          1.0000
1566.0          1.0000
1567.0          1.0000
1568.0          1.0000
1569.0          1.0000
1570.0          1.0000
1571.0          1.0000
1572.0          1.0000
1573.0          1.0000
1574.0          1.0000
1575.0          1.0000
1576.0          1.0000
1577.0          1.0000
1578.0          1.0000
1579.0          1.0000
1580.0          1.0000
1581.0          1.0000
1582.0          1.0000
1583.0          1.0000
1584.0          1.0000
1585.0          1.0000
1586.0          1.0000
1587.0          1.0000
1588.0          1.0000
1589.0          1.0000
1590.0          1.0000
1591.0          1.0000
1592.0          1.0000
1593.0          1.0000
1594.0          1.0000
1595.0          1.0000
1596.0          1.0000
1597.0          1.0000
1598.0          1.0000
1599.0          1.0000
1600.0          1.0000
1601.0          1.0000
1602.0          1.0000
1603.0          1.0000
1604.0          1.0000
1605.0          1.0000
1606.0          1.0000
1607.0          1.0000
1608.0          1.0000
1609.0          1.0000
1610.0          1.0000
1611.0          1.0000
1612.0          1.0000
1613.0          1.0000
1614.0          1.0000
1615.0          1.0000
1616.0          1.0000
1617.0          1.0000
1618.0          1.0000
1619.0          1.0000
1620.0          1.0000
1621.0          1.0000
1622.0          1.0000
1623.0          1.0000
1624.0          1.0000
1625.0          1.0000
1626.0          1.0000
1627.0          1.0000
1628.0          1.0000
1629.0          1.0000
1630.0          1.0000
1631.0          1.0000
1632.0          1.0000
1633.0          1.0000
1634.0          1.0000
1635.0          1.0000
1636.0          1.0000
1637.0          1.0000
1638.0          1.0000
1639.0          1.0000
1640.0          1.0000
1641.0          1.0000
1642.0          1.0000
1643.0          1.0000
1644.0          1.0000
1645.0          1.0000
1646.0          1.0000
1647.0          1.0000
1648.0          1.0000
1649.0          1.0000
1650.0          1.0000
1400.0          -8.6597E-15
1401.0          4.2188E-15
1402.0          -5.8620E-14
1403.0          2.7756E-15
1404.0          8.4377E-15
1405.0          6.3283E-15
1406.0          -3.1086E-15
1407.0          -8.2157E-15
1408.0          6.2172E-15
1409.0          -8.2157E-15
1410.0          -5.5511E-15
1411.0          -1.1102E-15
1412.0          -4.4409E-16
1413.0          -4.4409E-15
1414.0          1.1102E-16
1415.0          5.5511E-16
1416.0          -8.8818E-16
1417.0          2.2204E-16
1418.0          -3.9968E-15
1419.0          -3.1086E-15
1420.0          4.4409E-15
1421.0          2.4425E-15
1422.0          -1.3323E-15
1423.0          3.5527E-15
1424.0          -1.3323E-15
1425.0          6.6613E-16
1426.0          0.0000
1427.0          -6.6613E-16
1428.0          -2.8866E-15
1429.0          -4.4409E-15
1430.0          -2.8866E-15
1431.0          2.4425E-15
1432.0          8.8818E-16
1433.0          3.7748E-15
1434.0          -2.4425E-15
1435.0          5.9952E-15
1436.0          -1.7764E-15
1437.0          -1.1102E-15
1438.0          -3.9968E-15
1439.0          -1.3323E-15
1440.0          1.4433E-15
1441.0          1.5543E-15
1442.0          3.1086E-15
1443.0          -4.4409E-16
1444.0          -4.4409E-16
1445.0          -3.7748E-15
1446.0          3.7748E-15
1447.0          -1.9984E-15
1448.0          1.6653E-15
1449.0          -4.4409E-16
1450.0          6.6613E-16
1451.0          2.4425E-15
1452.0          -6.6613E-16
1453.0          3.3307E-15
1454.0          4.4409E-16
1455.0          4.4409E-16
1456.0          2.2204E-16
1457.0          9.9920E-16
1458.0          2.2204E-16
1459.0          4.4409E-16
1460.0          -1.7764E-15
1461.0          -3.9968E-15
1462.0          0.0000
1463.0          2.8866E-15
1464.0          -6.6613E-16
1465.0          -1.1102E-15
1466.0          3.1086E-15
1467.0          4.4409E-16
1468.0          -2.6645E-15
1469.0          1.4433E-15
1470.0          1.1102E-15
1471.0          2.2204E-16
1472.0          2.4425E-15
1473.0          1.5543E-15
1474.0          2.2204E-15
1475.0          1.5543E-15
1476.0          -2.2204E-16
1477.0          -2.4425E-15
1478.0          -8.8818E-16
1479.0          -1.7764E-15
1480.0          1.3323E-15
1481.0          4.4409E-16
1482.0          -2.2204E-15
1483.0          -4.4409E-16
1484.0          -4.4409E-16
1485.0          -2.4425E-15
1486.0          1.7764E-15
1487.0          6.7724E-15
1488.0          1.1102E-15
1489.0          -2.2204E-15
1490.0          -6.6613E-16
1491.0          1.5543E-15
1492.0          1.1102E-15
1493.0          1.4433E-15
1494.0          -1.9984E-15
1495.0          -6.6613E-16
1496.0          9.9920E-16
1497.0          -1.1102E-15
1498.0          -2.2204E-15
1499.0          -2.6645E-15
1500.0          2.2204E-16
1501.0          1.9984E-15
1502.0          -1.3323E-15
1503.0          -6.6613E-16
1504.0          -3.1086E-15
1505.0          -4.4409E-16
1506.0          -4.4409E-16
1507.0          1.3323E-15
1508.0          -2.2204E-16
1509.0          -8.8818E-16
1510.0          -3.9968E-15
1511.0          -8.8818E-16
1512.0          -1.7764E-15
1513.0          2.8866E-15
1514.0          2.2204E-16
1515.0          1.7764E-15
1516.0          -8.8818E-16
1517.0          3.9968E-15
1518.0          3.5527E-15
1519.0          1.2212E-15
1520.0          -6.6613E-16
1521.0          -1.1102E-15
1522.0          -1.9984E-15
1523.0          1.4433E-15
1524.0          -4.4409E-16
1525.0          1.9984E-15
1526.0          0.0000
1527.0          -2.6645E-15
1528.0          4.4409E-16
1529.0          -4.4409E-16
1530.0          -1.1102E-15
1531.0          -4.4409E-16
1532.0          1.1102E-15
1533.0          6.6613E-16
1534.0          -3.5527E-15
1535.0          -4.4409E-16
1536.0          -1.3323E-15
1537.0          -3.3307E-15
1538.0          -3.7748E-15
1539.0          6.6613E-16
1540.0          -1.7764E-15
1541.0          -8.8818E-16
1542.0          -8.8818E-16
1543.0          -4.4409E-16
1544.0          0.0000
1545.0          -1.3323E-15
1546.0          -8.8818E-16
1547.0          2.2204E-15
1548.0          -2.2204E-16
1549.0          -3.3307E-15
1550.0          4.4409E-16
1551.0          1.9984E-15
1552.0          2.2204E-16
1553.0          -1.9984E-15
1554.0          -2.6645E-15
1555.0          -1.9984E-15
1556.0          -4.4409E-16
1557.0          -1.7764E-15
1558.0          2.2204E-16
1559.0          -1.1102E-15
1560.0          2.2204E-15
1561.0          -1.3323E-15
1562.0          -2.2204E-15
1563.0          -2.4425E-15
1564.0          1.9984E-15
1565.0          1.5543E-15
1566.0          1.3323E-15
1567.0          -2.6645E-15
1568.0          1.1102E-15
1569.0          -1.9984E-15
1570.0          -8.8818E-16
1571.0          8.8818E-16
1572.0          -6.6613E-16
1573.0          1.3323E-15
1574.0          -6.6613E-16
1575.0          -2.2204E-15
1576.0          -4.4409E-16
1577.0          9.9920E-16
1578.0          2.2204E-16
1579.0          1.7764E-15
1580.0          -3.5527E-15
1581.0          1.1102E-16
1582.0          -2.4425E-15
1583.0          1.5543E-15
1584.0          8.8818E-16
1585.0          -3.7748E-15
1586.0          1.4433E-15
1587.0          2.4425E-15
1588.0          1.1102E-16
1589.0          0.0000
1590.0          -2.4425E-15
1591.0          -4.4409E-16
1592.0          2.2204E-16
1593.0          0.0000
1594.0          -1.7764E-15
1595.0          -1.7764E-15
1596.0          1.7764E-15
1597.0          3.1086E-15
1598.0          2.8866E-15
1599.0          -8.8818E-16
1600.0          5.5511E-15
1601.0          3.3307E-16
1602.0          2.2204E-16
1603.0          -4.4409E-16
1604.0          -3.1086E-15
1605.0          3.3307E-16
1606.0          -2.4425E-15
1607.0          -3.9968E-15
1608.0          -1.9984E-15
1609.0          -6.6613E-16
1610.0          3.3307E-15
1611.0          2.2204E-16
1612.0          6.2172E-15
1613.0          9.9920E-16
1614.0          3.5527E-15
1615.0          6.6613E-16
1616.0          -2.2204E-16
1617.0          0.0000
1618.0          4.9960E-15
1619.0          -2.4425E-15
1620.0          3.5527E-15
1621.0          1.2212E-15
1622.0          1.7764E-15
1623.0          0.0000
1624.0          3.4417E-15
1625.0          2.6645E-15
1626.0          -2.2204E-15
1627.0          4.1078E-15
1628.0          4.2188E-15
1629.0          -8.8818E-16
1630.0          -1.3323E-15
1631.0          5.5511E-16
1632.0          -1.5543E-15
1633.0          1.1102E-16
1634.0          2.4425E-15
1635.0          -1.3323E-15
1636.0          6.6613E-16
1637.0          8.8818E-16
1638.0          1.5543E-15
1639.0          3.3307E-16
1640.0          -3.1086E-15
1641.0          -8.8818E-16
1642.0          4.4409E-16
1643.0          4.4409E-16
1644.0          2.2204E-16
1645.0          1.4433E-15
1646.0          -4.4409E-16
1647.0          1.1102E-15
1648.0          -3.9968E-15
1649.0          -1.5543E-15
1650.0          3.5527E-15
