1400.0          0.60091
1401.0          0.78509
1402.0          0.99858
1403.0          0.30055
1404.0          0.0039551
1405.0          0.019493
1406.0          0.055260
1407.0          0.083482
1408.0          0.10422
1409.0          0.11957
1410.0          0.13114
1411.0          0.14002
1412.0          0.14693
1413.0          0.15237
1414.0          0.15668
1415.0          0.16011
1416.0          0.16285
1417.0          0.16502
1418.0          0.16673
1419.0          0.16805
1420.0          0.16906
1421.0          0.16980
1422.0          0.17031
1423.0          0.17062
1424.0          0.17076
1425.0          0.17076
1426.0          0.17062
1427.0          0.17038
1428.0          0.17003
1429.0          0.16959
1430.0          0.16907
1431.0          0.16849
1432.0          0.16784
1433.0          0.16713
1434.0          0.16637
1435.0          0.16557
1436.0          0.16473
1437.0          0.16384
1438.0          0.16293
1439.0          0.16198
1440.0          0.16101
1441.0          0.16001
1442.0          0.15899
1443.0          0.15794
1444.0          0.15688
1445.0          0.15580
1446.0          0.15470
1447.0          0.15359
1448.0          0.15247
1449.0          0.15133
1450.0          0.15019
1451.0          0.14903
1452.0          0.14787
1453.0          0.14669
1454.0          0.14552
1455.0          0.14433
1456.0          0.14314
1457.0          0.14195
1458.0          0.14075
1459.0          0.13955
1460.0          0.13834
1461.0          0.13713
1462.0          0.13592
1463.0          0.13471
1464.0          0.13350
1465.0          0.13229
1466.0          0.13108
1467.0          0.12987
1468.0          0.12866
1469.0          0.12745
1470.0          0.12624
1471.0          0.12504
1472.0          0.12383
1473.0          0.12263
1474.0          0.12143
1475.0          0.12024
1476.0          0.11905
1477.0          0.11786
1478.0          0.11667
1479.0          0.11549
1480.0          0.11431
1481.0          0.11314
1482.0          0.11197
1483.0          0.11081
1484.0          0.10965
1485.0          0.10850
1486.0          0.10735
1487.0          0.10621
1488.0          0.10507
1489.0          0.10394
1490.0          0.10282
1491.0          0.10170
1492.0          0.10058
1493.0          0.099478
1494.0          0.098379
1495.0          0.097286
1496.0          0.096201
1497.0          0.095122
1498.0          0.094051
1499.0          0.092986
1500.0          0.091929
1501.0          0.090880
1502.0          0.089838
1503.0          0.088804
1504.0          0.087778
1505.0          0.086760
1506.0          0.085750
1507.0          0.084748
1508.0          0.083754
1509.0          0.082769
1510.0          0.081792
1511.0          0.080823
1512.0          0.079863
1513.0          0.078912
1514.0          0.077970
1515.0          0.077036
1516.0          0.076112
1517.0          0.075196
1518.0          0.074290
1519.0          0.073393
1520.0          0.072505
1521.0          0.071626
1522.0          0.070757
1523.0          0.069897
1524.0          0.069046
1525.0          0.068206
1526.0          0.067374
1527.0          0.066553
1528.0          0.065741
1529.0          0.064939
1530.0          0.064147
1531.0          0.063365
1532.0          0.062593
1533.0          0.061830
1534.0          0.061078
1535.0          0.060336
1536.0          0.059604
1537.0          0.058882
1538.0          0.058171
1539.0          0.057469
1540.0          0.056778
1541.0          0.056097
1542.0          0.055427
1543.0          0.054767
1544.0          0.054118
1545.0          0.053479
1546.0          0.052850
1547.0          0.052232
1548.0          0.051624
1549.0          0.051027
1550.0          0.050441
1551.0          0.049865
1552.0          0.049300
1553.0          0.048746
1554.0          0.048202
1555.0          0.047668
1556.0          0.047146
1557.0          0.046634
1558.0          0.046133
1559.0          0.045643
1560.0          0.045163
1561.0          0.044694
1562.0          0.044236
1563.0          0.043789
1564.0          0.043352
1565.0          0.042926
1566.0          0.042511
1567.0          0.042107
1568.0          0.041713
1569.0          0.041331
1570.0          0.040959
1571.0          0.040597
1572.0          0.040247
1573.0          0.039907
1574.0          0.039578
1575.0          0.039260
1576.0          0.038952
1577.0          0.038655
1578.0          0.038369
1579.0          0.038094
1580.0          0.037829
1581.0          0.037575
1582.0          0.037331
1583.0          0.037099
1584.0          0.036876
1585.0          0.036665
1586.0          0.036464
1587.0          0.036273
1588.0          0.036093
1589.0          0.035924
1590.0          0.035765
1591.0          0.035616
1592.0          0.035478
1593.0          0.035350
1594.0          0.035233
1595.0          0.035126
1596.0          0.035029
1597.0          0.034943
1598.0          0.034867
1599.0          0.034801
1600.0          0.034745
1601.0          0.034699
1602.0          0.034664
1603.0          0.034639
1604.0          0.034623
1605.0          0.034618
1606.0          0.034623
1607.0          0.034638
1608.0          0.034662
1609.0          0.034697
1610.0          0.034741
1611.0          0.034795
1612.0          0.034859
1613.0          0.034932
1614.0          0.035015
1615.0          0.035108
1616.0          0.035211
1617.0          0.035323
1618.0          0.035444
1619.0          0.035575
1620.0          0.035715
1621.0          0.035865
1622.0          0.036024
1623.0          0.036192
1624.0          0.036369
1625.0          0.036555
1626.0          0.036751
1627.0          0.036956
1628.0          0.037169
1629.0          0.037392
1630.0          0.037623
1631.0          0.037864
1632.0          0.038113
1633.0          0.038371
1634.0          0.038637
1635.0          0.038913
1636.0          0.039196
1637.0          0.039489
1638.0          0.039790
1639.0          0.040099
1640.0          0.040416
1641.0          0.040742
1642.0          0.041076
1643.0          0.041419
1644.0          0.041769
1645.0          0.042128
1646.0          0.042494
1647.0          0.042869
1648.0          0.043251
1649.0          0.043642
1650.0          0.044040
1400.0          0.39909
1401.0          0.21491
1402.0          0.0014195
1403.0          0.69945
1404.0          0.99604
1405.0          0.98051
1406.0          0.94474
1407.0          0.91652
1408.0          0.89578
1409.0          0.88043
1410.0          0.86886
1411.0          0.85998
1412.0          0.85307
1413.0          0.84763
1414.0          0.84332
1415.0          0.83989
1416.0          0.83715
1417.0          0.83498
1418.0          0.83327
1419.0          0.83195
1420.0          0.83094
1421.0          0.83020
1422.0          0.82969
1423.0          0.82938
1424.0          0.82924
1425.0          0.82924
1426.0          0.82938
1427.0          0.82962
1428.0          0.82997
1429.0          0.83041
1430.0          0.83093
1431.0          0.83151
1432.0          0.83216
1433.0          0.83287
1434.0          0.83363
1435.0          0.83443
1436.0          0.83527
1437.0          0.83616
1438.0          0.83707
1439.0          0.83802
1440.0          0.83899
1441.0          0.83999
1442.0          0.84101
1443.0          0.84206
1444.0          0.84312
1445.0          0.84420
1446.0          0.84530
1447.0          0.84641
1448.0          0.84753
1449.0          0.84867
1450.0          0.84981
1451.0          0.85097
1452.0          0.85213
1453.0          0.85331
1454.0          0.85448
1455.0          0.85567
1456.0          0.85686
1457.0          0.85805
1458.0          0.85925
1459.0          0.86045
1460.0          0.86166
1461.0          0.86287
1462.0          0.86408
1463.0          0.86529
1464.0          0.86650
1465.0          0.86771
1466.0          0.86892
1467.0          0.87013
1468.0          0.87134
1469.0          0.87255
1470.0          0.87376
1471.0          0.87496
1472.0          0.87617
1473.0          0.87737
1474.0          0.87857
1475.0          0.87976
1476.0          0.88095
1477.0          0.88214
1478.0          0.88333
1479.0          0.88451
1480.0          0.88569
1481.0          0.88686
1482.0          0.88803
1483.0          0.88919
1484.0          0.89035
1485.0          0.89150
1486.0          0.89265
1487.0          0.89379
1488.0          0.89493
1489.0          0.89606
1490.0          0.89718
1491.0          0.89830
1492.0          0.89942
1493.0          0.90052
1494.0          0.90162
1495.0          0.90271
1496.0          0.90380
1497.0          0.90488
1498.0          0.90595
1499.0          0.90701
1500.0          0.90807
1501.0          0.90912
1502.0          0.91016
1503.0          0.91120
1504.0          0.91222
1505.0          0.91324
1506.0          0.91425
1507.0          0.91525
1508.0          0.91625
1509.0          0.91723
1510.0          0.91821
1511.0          0.91918
1512.0          0.92014
1513.0          0.92109
1514.0          0.92203
1515.0          0.92296
1516.0          0.92389
1517.0          0.92480
1518.0          0.92571
1519.0          0.92661
1520.0          0.92750
1521.0          0.92837
1522.0          0.92924
1523.0          0.93010
1524.0          0.93095
1525.0          0.93179
1526.0          0.93263
1527.0          0.93345
1528.0          0.93426
1529.0          0.93506
1530.0          0.93585
1531.0          0.93664
1532.0          0.93741
1533.0          0.93817
1534.0          0.93892
1535.0          0.93966
1536.0          0.94040
1537.0          0.94112
1538.0          0.94183
1539.0          0.94253
1540.0          0.94322
1541.0          0.94390
1542.0          0.94457
1543.0          0.94523
1544.0          0.94588
1545.0          0.94652
1546.0          0.94715
1547.0          0.94777
1548.0          0.94838
1549.0          0.94897
1550.0          0.94956
1551.0          0.95013
1552.0          0.95070
1553.0          0.95125
1554.0          0.95180
1555.0          0.95233
1556.0          0.95285
1557.0          0.95337
1558.0          0.95387
1559.0          0.95436
1560.0          0.95484
1561.0          0.95531
1562.0          0.95576
1563.0          0.95621
1564.0          0.95665
1565.0          0.95707
1566.0          0.95749
1567.0          0.95789
1568.0          0.95829
1569.0          0.95867
1570.0          0.95904
1571.0          0.95940
1572.0          0.95975
1573.0          0.96009
1574.0          0.96042
1575.0          0.96074
1576.0          0.96105
1577.0          0.96134
1578.0          0.96163
1579.0          0.96191
1580.0          0.96217
1581.0          0.96243
1582.0          0.96267
1583.0          0.96290
1584.0          0.96312
1585.0          0.96334
1586.0          0.96354
1587.0          0.96373
1588.0          0.96391
1589.0          0.96408
1590.0          0.96424
1591.0          0.96438
1592.0          0.96452
1593.0          0.96465
1594.0          0.96477
1595.0          0.96487
1596.0          0.96497
1597.0          0.96506
1598.0          0.96513
1599.0          0.96520
1600.0          0.96526
1601.0          0.96530
1602.0          0.96534
1603.0          0.96536
1604.0          0.96538
1605.0          0.96538
1606.0          0.96538
1607.0          0.96536
1608.0          0.96534
1609.0          0.96530
1610.0          0.96526
1611.0          0.96521
1612.0          0.96514
1613.0          0.96507
1614.0          0.96498
1615.0          0.96489
1616.0          0.96479
1617.0          0.96468
1618.0          0.96456
1619.0          0.96443
1620.0          0.96428
1621.0          0.96414
1622.0          0.96398
1623.0          0.96381
1624.0          0.96363
1625.0          0.96344
1626.0          0.96325
1627.0          0.96304
1628.0          0.96283
1629.0          0.96261
1630.0          0.96238
1631.0          0.96214
1632.0          0.96189
1633.0          0.96163
1634.0          0.96136
1635.0          0.96109
1636.0          0.96080
1637.0          0.96051
1638.0          0.96021
1639.0          0.95990
1640.0          0.95958
1641.0          0.95926
1642.0          0.95892
1643.0          0.95858
1644.0          0.95823
1645.0          0.95787
1646.0          0.95751
1647.0          0.95713
1648.0          0.95675
1649.0          0.95636
1650.0          0.95596
1400.0          1.0000
1401.0          1.0000
1402.0          1.0000
1403.0          1.0000
1404.0          1.0000
1405.0          1.0000
1406.0          1.0000
1407.0          1.0000
1408.0          1.0000
1409.0          1.0000
1410.0          1.0000
1411.0          1.0000
1412.0          1.0000
1413.0          1.0000
1414.0          1.0000
1415.0          1.0000
1416.0          1.0000
1417.0          1.0000
1418.0          1.0000
1419.0          1.0000
1420.0          1.0000
1421.0          1.0000
1422.0          1.0000
1423.0          1.0000
1424.0          1.0000
1425.0          1.0000
1426.0          1.0000
1427.0          1.0000
1428.0          1.0000
1429.0          1.0000
1430.0          1.0000
1431.0          1.0000
1432.0          1.0000
1433.0          1.0000
1434.0          1.0000
1435.0          1.0000
1436.0          1.0000
1437.0          1.0000
1438.0          1.0000
1439.0          1.0000
1440.0          1.0000
1441.0          1.0000
1442.0          1.0000
1443.0          1.0000
1444.0          1.0000
1445.0          1.0000
1446.0          1.0000
1447.0          1.0000
1448.0          1.0000
1449.0          1.0000
1450.0          1.0000
1451.0          1.0000
1452.0          1.0000
1453.0          1.0000
1454.0          1.0000
1455.0          1.0000
1456.0          1.0000
1457.0          1.0000
1458.0          1.0000
1459.0          1.0000
1460.0          1.0000
1461.0          1.0000
1462.0          1.0000
1463.0          1.0000
1464.0          1.0000
1465.0          1.0000
1466.0          1.0000
1467.0          1.0000
1468.0          1.0000
1469.0          1.0000
1470.0          1.0000
1471.0          1.0000
1472.0          1.0000
1473.0          1.0000
1474.0          1.0000
1475.0          1.0000
1476.0          1.0000
1477.0          1.0000
1478.0          1.0000
1479.0          1.0000
1480.0          1.0000
1481.0          1.0000
1482.0          1.0000
1483.0          1.0000
1484.0          1.0000
1485.0          1.0000
1486.0          1.0000
1487.0          1.0000
1488.0          1.0000
1489.0          1.0000
1490.0          1.0000
1491.0          1.0000
1492.0          1.0000
1493.0          1.0000
1494.0          1.0000
1495.0          1.0000
1496.0          1.0000
1497.0          1.0000
1498.0          1.0000
1499.0          1.0000
1500.0          1.0000
1501.0          1.0000
1502.0          1.0000
1503.0          1.0000
1504.0          1.0000
1505.0          1.0000
1506.0          1.0000
1507.0          1.0000
1508.0          1.0000
1509.0          1.0000
1510.0          1.0000
1511.0          1.0000
1512.0          1.0000
1513.0          1.0000
1514.0          1.0000
1515.0          1.0000
1516.0          1.0000
1517.0          1.0000
1518.0          1.0000
1519.0          1.0000
1520.0          1.0000
1521.0          1.0000
1522.0          1.0000
1523.0          1.0000
1524.0          1.0000
1525.0          1.0000
1526.0          1.0000
1527.0          1.0000
1528.0          1.0000
1529.0          1.0000
1530.0          1.0000
1531.0          1.0000
1532.0          1.0000
1533.0          1.0000
1534.0          1.0000
1535.0          1.0000
1536.0          1.0000
1537.0          1.0000
1538.0          1.0000
1539.0          1.0000
1540.0          1.0000
1541.0          1.0000
1542.0          1.0000
1543.0          1.0000
1544.0          1.0000
1545.0          1.0000
1546.0          1.0000
1547.0          1.0000
1548.0          1.0000
1549.0          1.0000
1550.0          1.0000
1551.0          1.0000
1552.0          1.0000
1553.0          1.0000
1554.0          1.0000
1555.0          1.0000
1556.0          1.0000
1557.0          1.0000
1558.0          1.0000
1559.0          1.0000
1560.0          1.0000
1561.0          1.0000
1562.0          1.0000
1563.0          1.0000
1564.0          1.0000
1565.0          1.0000
1566.0          1.0000
1567.0          1.0000
1568.0          1.0000
1569.0          1.0000
1570.0          1.0000
1571.0          1.0000
1572.0          1.0000
1573.0          1.0000
1574.0          1.0000
1575.0          1.0000
1576.0          1.0000
1577.0          1.0000
1578.0          1.0000
1579.0          1.0000
1580.0          1.0000
1581.0          1.0000
1582.0          1.0000
1583.0          1.0000
1584.0          1.0000
1585.0          1.0000
1586.0          1.0000
1587.0          1.0000
1588.0          1.0000
1589.0          1.0000
1590.0          1.0000
1591.0          1.0000
1592.0          1.0000
1593.0          1.0000
1594.0          1.0000
1595.0          1.0000
1596.0          1.0000
1597.0          1.0000
1598.0          1.0000
1599.0          1.0000
1600.0          1.0000
1601.0          1.0000
1602.0          1.0000
1603.0          1.0000
1604.0          1.0000
1605.0          1.0000
1606.0          1.0000
1607.0          1.0000
1608.0          1.0000
1609.0          1.0000
1610.0          1.0000
1611.0          1.0000
1612.0          1.0000
1613.0          1.0000
1614.0          1.0000
1615.0          1.0000
1616.0          1.0000
1617.0          1.0000
1618.0          1.0000
1619.0          1.0000
1620.0          1.0000
1621.0          1.0000
1622.0          1.0000
1623.0          1.0000
1624.0          1.0000
1625.0          1.0000
1626.0          1.0000
1627.0          1.0000
1628.0          1.0000
1629.0          1.0000
1630.0          1.0000
1631.0          1.0000
1632.0          1.0000
1633.0          1.0000
1634.0          1.0000
1635.0          1.0000
1636.0          1.0000
1637.0          1.0000
1638.0          1.0000
1639.0          1.0000
1640.0          1.0000
1641.0          1.0000
1642.0          1.0000
1643.0          1.0000
1644.0          1.0000
1645.0          1.0000
1646.0          1.0000
1647.0          1.0000
1648.0          1.0000
1649.0          1.0000
1650.0          1.0000
1400.0          3.5527E-15
1401.0          -4.2188E-15
1402.0          5.3291E-14
1403.0          -3.1086E-14
1404.0          -1.3767E-14
1405.0          -2.6645E-15
1406.0          -2.4425E-15
1407.0          1.2212E-15
1408.0          -2.2204E-16
1409.0          -2.2204E-16
1410.0          4.5519E-15
1411.0          -1.1102E-15
1412.0          5.5511E-15
1413.0          9.9920E-16
1414.0          1.9984E-15
1415.0          -1.1102E-15
1416.0          1.5543E-15
1417.0          -2.6645E-15
1418.0          1.7764E-15
1419.0          3.3307E-16
1420.0          -1.9984E-15
1421.0          1.5543E-15
1422.0          -8.8818E-16
1423.0          -2.4425E-15
1424.0          2.4425E-15
1425.0          3.3307E-16
1426.0          -1.7764E-15
1427.0          1.7764E-15
1428.0          -6.6613E-16
1429.0          5.5511E-16
1430.0          7.7716E-16
1431.0          2.2204E-16
1432.0          1.9984E-15
1433.0          -2.2204E-16
1434.0          -4.4409E-16
1435.0          -1.5543E-15
1436.0          -1.5543E-15
1437.0          -4.4409E-16
1438.0          -2.2204E-15
1439.0          0.0000
1440.0          -2.4425E-15
1441.0          1.1102E-15
1442.0          -6.6613E-16
1443.0          2.3315E-15
1444.0          0.0000
1445.0          -4.4409E-16
1446.0          -1.5543E-15
1447.0          2.2204E-15
1448.0          -2.2204E-16
1449.0          1.1102E-16
1450.0          -2.4425E-15
1451.0          5.5511E-16
1452.0          -1.9984E-15
1453.0          3.6637E-15
1454.0          -4.4409E-15
1455.0          5.5511E-16
1456.0          -3.7748E-15
1457.0          -1.3323E-15
1458.0          2.2204E-16
1459.0          -2.4425E-15
1460.0          3.9968E-15
1461.0          -8.8818E-16
1462.0          -2.4425E-15
1463.0          -8.8818E-16
1464.0          0.0000
1465.0          -2.4425E-15
1466.0          -1.9984E-15
1467.0          0.0000
1468.0          -2.4425E-15
1469.0          4.4409E-16
1470.0          3.6637E-15
1471.0          0.0000
1472.0          -1.3323E-15
1473.0          -4.4409E-16
1474.0          -6.6613E-16
1475.0          -4.4409E-16
1476.0          -2.2204E-16
1477.0          -4.4409E-16
1478.0          -2.2204E-16
1479.0          1.3323E-15
1480.0          1.1102E-15
1481.0          -4.4409E-16
1482.0          1.5543E-15
1483.0          4.4409E-16
1484.0          -2.8866E-15
1485.0          5.5511E-16
1486.0          -2.2204E-16
1487.0          -2.2204E-16
1488.0          -3.7748E-15
1489.0          6.2172E-15
1490.0          2.1094E-15
1491.0          1.1102E-15
1492.0          -2.2204E-16
1493.0          1.5543E-15
1494.0          2.2204E-15
1495.0          1.3323E-15
1496.0          1.5543E-15
1497.0          -2.8866E-15
1498.0          -1.7764E-15
1499.0          2.2204E-15
1500.0          -1.9984E-15
1501.0          -1.5543E-15
1502.0          1.4433E-15
1503.0          3.6637E-15
1504.0          -1.5543E-15
1505.0          1.5543E-15
1506.0          1.8874E-15
1507.0          2.6645E-15
1508.0          0.0000
1509.0          2.2204E-16
1510.0          1.9984E-15
1511.0          -2.2204E-16
1512.0          3.3307E-16
1513.0          -2.2204E-16
1514.0          2.2204E-16
1515.0          2.4425E-15
1516.0          7.7716E-16
1517.0          -1.7764E-15
1518.0          -8.8818E-16
1519.0          9.9920E-16
1520.0          3.3307E-16
1521.0          3.3307E-16
1522.0          6.6613E-16
1523.0          6.6613E-16
1524.0          -1.5543E-15
1525.0          1.7764E-15
1526.0          1.7764E-15
1527.0          3.1086E-15
1528.0          -2.2204E-16
1529.0          6.6613E-16
1530.0          -1.5543E-15
1531.0          2.2204E-16
1532.0          -1.5543E-15
1533.0          6.6613E-16
1534.0          9.9920E-16
1535.0          3.3307E-16
1536.0          2.2204E-15
1537.0          -2.4425E-15
1538.0          1.5543E-15
1539.0          8.8818E-16
1540.0          -1.3323E-15
1541.0          1.9984E-15
1542.0          1.1102E-16
1543.0          0.0000
1544.0          9.9920E-16
1545.0          1.3323E-15
1546.0          4.4409E-16
1547.0          -2.8866E-15
1548.0          -4.4409E-16
1549.0          -1.1102E-15
1550.0          2.2204E-15
1551.0          2.6645E-15
1552.0          5.5511E-16
1553.0          -6.6613E-16
1554.0          -8.8818E-16
1555.0          -1.7764E-15
1556.0          -8.8818E-16
1557.0          1.8874E-15
1558.0          2.2204E-16
1559.0          -2.2204E-16
1560.0          1.1102E-15
1561.0          1.7764E-15
1562.0          -4.4409E-16
1563.0          2.2204E-15
1564.0          -1.5543E-15
1565.0          2.7756E-15
1566.0          -1.1102E-15
1567.0          -5.5511E-15
1568.0          -6.6613E-16
1569.0          0.0000
1570.0          3.6637E-15
1571.0          2.4425E-15
1572.0          2.1094E-15
1573.0          1.1102E-16
1574.0          -2.8866E-15
1575.0          -4.4409E-16
1576.0          -2.2204E-16
1577.0          1.9984E-15
1578.0          -6.6613E-16
1579.0          2.2204E-16
1580.0          -1.9984E-15
1581.0          -8.8818E-16
1582.0          3.7748E-15
1583.0          3.3307E-16
1584.0          1.1102E-16
1585.0          -4.4409E-16
1586.0          -2.2204E-16
1587.0          -4.4409E-16
1588.0          1.6653E-15
1589.0          3.5527E-15
1590.0          -1.7764E-15
1591.0          -6.6613E-16
1592.0          -3.9968E-15
1593.0          2.8866E-15
1594.0          -1.3323E-15
1595.0          -1.9984E-15
1596.0          -3.5527E-15
1597.0          -1.3323E-15
1598.0          0.0000
1599.0          -3.7748E-15
1600.0          1.6653E-15
1601.0          -1.7764E-15
1602.0          -1.1102E-15
1603.0          -1.1102E-15
1604.0          5.3291E-15
1605.0          -8.8818E-16
1606.0          -1.3323E-15
1607.0          3.6637E-15
1608.0          -1.7764E-15
1609.0          1.2212E-15
1610.0          -4.4409E-16
1611.0          -4.8850E-15
1612.0          1.3323E-15
1613.0          4.4409E-16
1614.0          -2.2204E-16
1615.0          5.5511E-16
1616.0          -4.4409E-16
1617.0          -2.2204E-15
1618.0          1.4433E-15
1619.0          -1.1102E-15
1620.0          -2.8866E-15
1621.0          -8.8818E-16
1622.0          -8.8818E-16
1623.0          -3.1086E-15
1624.0          -5.5511E-15
1625.0          0.0000
1626.0          6.6613E-16
1627.0          -3.1086E-15
1628.0          1.4433E-15
1629.0          7.7716E-16
1630.0          1.4433E-15
1631.0          7.7716E-16
1632.0          -1.5543E-15
1633.0          1.3323E-15
1634.0          0.0000
1635.0          -2.8866E-15
1636.0          9.9920E-16
1637.0          -1.1102E-15
1638.0          -1.5543E-15
1639.0          2.2204E-16
1640.0          -1.1102E-15
1641.0          1.9984E-15
1642.0          -1.5543E-15
1643.0          8.8818E-16
1644.0          -1.5543E-15
1645.0          2.9976E-15
1646.0          -4.4409E-16
1647.0          -2.4425E-15
1648.0          -3.9968E-15
1649.0          0.0000
1650.0          -4.4409E-16
