1400.0          0.041154
1401.0          0.041674
1402.0          0.042201
1403.0          0.042734
1404.0          0.043274
1405.0          0.043821
1406.0          0.044375
1407.0          0.044935
1408.0          0.045502
1409.0          0.046076
1410.0          0.046657
1411.0          0.047244
1412.0          0.047839
1413.0          0.048440
1414.0          0.049048
1415.0          0.049663
1416.0          0.050284
1417.0          0.050913
1418.0          0.051548
1419.0          0.052190
1420.0          0.052839
1421.0          0.053494
1422.0          0.054157
1423.0          0.054825
1424.0          0.055501
1425.0          0.056183
1426.0          0.056872
1427.0          0.057567
1428.0          0.058269
1429.0          0.058978
1430.0          0.059692
1431.0          0.060414
1432.0          0.061141
1433.0          0.061875
1434.0          0.062615
1435.0          0.063361
1436.0          0.064114
1437.0          0.064873
1438.0          0.065637
1439.0          0.066408
1440.0          0.067184
1441.0          0.067967
1442.0          0.068755
1443.0          0.069549
1444.0          0.070349
1445.0          0.071154
1446.0          0.071965
1447.0          0.072782
1448.0          0.073603
1449.0          0.074431
1450.0          0.075263
1451.0          0.076101
1452.0          0.076944
1453.0          0.077792
1454.0          0.078644
1455.0          0.079502
1456.0          0.080365
1457.0          0.081232
1458.0          0.082104
1459.0          0.082981
1460.0          0.083862
1461.0          0.084748
1462.0          0.085638
1463.0          0.086532
1464.0          0.087431
1465.0          0.088333
1466.0          0.089240
1467.0          0.090150
1468.0          0.091065
1469.0          0.091983
1470.0          0.092905
1471.0          0.093830
1472.0          0.094759
1473.0          0.095692
1474.0          0.096627
1475.0          0.097566
1476.0          0.098509
1477.0          0.099454
1478.0          0.10040
1479.0          0.10135
1480.0          0.10231
1481.0          0.10326
1482.0          0.10422
1483.0          0.10518
1484.0          0.10615
1485.0          0.10711
1486.0          0.10808
1487.0          0.10905
1488.0          0.11003
1489.0          0.11100
1490.0          0.11198
1491.0          0.11296
1492.0          0.11394
1493.0          0.11492
1494.0          0.11590
1495.0          0.11688
1496.0          0.11787
1497.0          0.11886
1498.0          0.11984
1499.0          0.12083
1500.0          0.12182
1501.0          0.12281
1502.0          0.12380
1503.0          0.12479
1504.0          0.12578
1505.0          0.12677
1506.0          0.12777
1507.0          0.12876
1508.0          0.12975
1509.0          0.13074
1510.0          0.13173
1511.0          0.13272
1512.0          0.13371
1513.0          0.13470
1514.0          0.13569
1515.0          0.13668
1516.0          0.13766
1517.0          0.13865
1518.0          0.13963
1519.0          0.14061
1520.0          0.14159
1521.0          0.14257
1522.0          0.14355
1523.0          0.14452
1524.0          0.14549
1525.0          0.14646
1526.0          0.14743
1527.0          0.14840
1528.0          0.14936
1529.0          0.15032
1530.0          0.15127
1531.0          0.15222
1532.0          0.15317
1533.0          0.15411
1534.0          0.15505
1535.0          0.15599
1536.0          0.15692
1537.0          0.15785
1538.0          0.15877
1539.0          0.15968
1540.0          0.16059
1541.0          0.16150
1542.0          0.16240
1543.0          0.16329
1544.0          0.16417
1545.0          0.16505
1546.0          0.16592
1547.0          0.16679
1548.0          0.16764
1549.0          0.16849
1550.0          0.16933
1551.0          0.17015
1552.0          0.17097
1553.0          0.17178
1554.0          0.17258
1555.0          0.17337
1556.0          0.17414
1557.0          0.17490
1558.0          0.17565
1559.0          0.17639
1560.0          0.17711
1561.0          0.17781
1562.0          0.17850
1563.0          0.17917
1564.0          0.17982
1565.0          0.18046
1566.0          0.18107
1567.0          0.18166
1568.0          0.18223
1569.0          0.18278
1570.0          0.18330
1571.0          0.18379
1572.0          0.18425
1573.0          0.18468
1574.0          0.18508
1575.0          0.18544
1576.0          0.18577
1577.0          0.18605
1578.0          0.18629
1579.0          0.18648
1580.0          0.18662
1581.0          0.18670
1582.0          0.18673
1583.0          0.18668
1584.0          0.18657
1585.0          0.18637
1586.0          0.18609
1587.0          0.18572
1588.0          0.18523
1589.0          0.18464
1590.0          0.18391
1591.0          0.18304
1592.0          0.18201
1593.0          0.18079
1594.0          0.17937
1595.0          0.17772
1596.0          0.17579
1597.0          0.17357
1598.0          0.17098
1599.0          0.16798
1600.0          0.16449
1601.0          0.16042
1602.0          0.15565
1603.0          0.15005
1604.0          0.14343
1605.0          0.13555
1606.0          0.12611
1607.0          0.11469
1608.0          0.10081
1609.0          0.083864
1610.0          0.063414
1611.0          0.040040
1612.0          0.019256
1613.0          0.028761
1614.0          0.18732
1615.0          0.70125
1616.0          0.99986
1617.0          0.87023
1618.0          0.71986
1619.0          0.61750
1620.0          0.54952
1621.0          0.50263
1622.0          0.46891
1623.0          0.44376
1624.0          0.42444
1625.0          0.40924
1626.0          0.39704
1627.0          0.38710
1628.0          0.37888
1629.0          0.37201
1630.0          0.36622
1631.0          0.36130
1632.0          0.35710
1633.0          0.35349
1634.0          0.35037
1635.0          0.34768
1636.0          0.34535
1637.0          0.34332
1638.0          0.34156
1639.0          0.34003
1640.0          0.33871
1641.0          0.33757
1642.0          0.33658
1643.0          0.33574
1644.0          0.33502
1645.0          0.33441
1646.0          0.33391
1647.0          0.33350
1648.0          0.33317
1649.0          0.33292
1650.0          0.33273
1400.0          0.95885
1401.0          0.95833
1402.0          0.95780
1403.0          0.95727
1404.0          0.95673
1405.0          0.95618
1406.0          0.95563
1407.0          0.95506
1408.0          0.95450
1409.0          0.95392
1410.0          0.95334
1411.0          0.95276
1412.0          0.95216
1413.0          0.95156
1414.0          0.95095
1415.0          0.95034
1416.0          0.94972
1417.0          0.94909
1418.0          0.94845
1419.0          0.94781
1420.0          0.94716
1421.0          0.94651
1422.0          0.94584
1423.0          0.94517
1424.0          0.94450
1425.0          0.94382
1426.0          0.94313
1427.0          0.94243
1428.0          0.94173
1429.0          0.94102
1430.0          0.94031
1431.0          0.93959
1432.0          0.93886
1433.0          0.93813
1434.0          0.93738
1435.0          0.93664
1436.0          0.93589
1437.0          0.93513
1438.0          0.93436
1439.0          0.93359
1440.0          0.93282
1441.0          0.93203
1442.0          0.93124
1443.0          0.93045
1444.0          0.92965
1445.0          0.92885
1446.0          0.92803
1447.0          0.92722
1448.0          0.92640
1449.0          0.92557
1450.0          0.92474
1451.0          0.92390
1452.0          0.92306
1453.0          0.92221
1454.0          0.92136
1455.0          0.92050
1456.0          0.91964
1457.0          0.91877
1458.0          0.91790
1459.0          0.91702
1460.0          0.91614
1461.0          0.91525
1462.0          0.91436
1463.0          0.91347
1464.0          0.91257
1465.0          0.91167
1466.0          0.91076
1467.0          0.90985
1468.0          0.90894
1469.0          0.90802
1470.0          0.90710
1471.0          0.90617
1472.0          0.90524
1473.0          0.90431
1474.0          0.90337
1475.0          0.90243
1476.0          0.90149
1477.0          0.90055
1478.0          0.89960
1479.0          0.89865
1480.0          0.89769
1481.0          0.89674
1482.0          0.89578
1483.0          0.89482
1484.0          0.89385
1485.0          0.89289
1486.0          0.89192
1487.0          0.89095
1488.0          0.88997
1489.0          0.88900
1490.0          0.88802
1491.0          0.88704
1492.0          0.88606
1493.0          0.88508
1494.0          0.88410
1495.0          0.88312
1496.0          0.88213
1497.0          0.88114
1498.0          0.88016
1499.0          0.87917
1500.0          0.87818
1501.0          0.87719
1502.0          0.87620
1503.0          0.87521
1504.0          0.87422
1505.0          0.87323
1506.0          0.87223
1507.0          0.87124
1508.0          0.87025
1509.0          0.86926
1510.0          0.86827
1511.0          0.86728
1512.0          0.86629
1513.0          0.86530
1514.0          0.86431
1515.0          0.86332
1516.0          0.86234
1517.0          0.86135
1518.0          0.86037
1519.0          0.85939
1520.0          0.85841
1521.0          0.85743
1522.0          0.85645
1523.0          0.85548
1524.0          0.85451
1525.0          0.85354
1526.0          0.85257
1527.0          0.85160
1528.0          0.85064
1529.0          0.84968
1530.0          0.84873
1531.0          0.84778
1532.0          0.84683
1533.0          0.84589
1534.0          0.84495
1535.0          0.84401
1536.0          0.84308
1537.0          0.84215
1538.0          0.84123
1539.0          0.84032
1540.0          0.83941
1541.0          0.83850
1542.0          0.83760
1543.0          0.83671
1544.0          0.83583
1545.0          0.83495
1546.0          0.83408
1547.0          0.83321
1548.0          0.83236
1549.0          0.83151
1550.0          0.83067
1551.0          0.82985
1552.0          0.82903
1553.0          0.82822
1554.0          0.82742
1555.0          0.82663
1556.0          0.82586
1557.0          0.82510
1558.0          0.82435
1559.0          0.82361
1560.0          0.82289
1561.0          0.82219
1562.0          0.82150
1563.0          0.82083
1564.0          0.82018
1565.0          0.81954
1566.0          0.81893
1567.0          0.81834
1568.0          0.81777
1569.0          0.81722
1570.0          0.81670
1571.0          0.81621
1572.0          0.81575
1573.0          0.81532
1574.0          0.81492
1575.0          0.81456
1576.0          0.81423
1577.0          0.81395
1578.0          0.81371
1579.0          0.81352
1580.0          0.81338
1581.0          0.81330
1582.0          0.81327
1583.0          0.81332
1584.0          0.81343
1585.0          0.81363
1586.0          0.81391
1587.0          0.81428
1588.0          0.81477
1589.0          0.81536
1590.0          0.81609
1591.0          0.81696
1592.0          0.81799
1593.0          0.81921
1594.0          0.82063
1595.0          0.82228
1596.0          0.82421
1597.0          0.82643
1598.0          0.82902
1599.0          0.83202
1600.0          0.83551
1601.0          0.83958
1602.0          0.84435
1603.0          0.84995
1604.0          0.85657
1605.0          0.86445
1606.0          0.87389
1607.0          0.88531
1608.0          0.89919
1609.0          0.91614
1610.0          0.93659
1611.0          0.95996
1612.0          0.98074
1613.0          0.97124
1614.0          0.81268
1615.0          0.29875
1616.0          1.4028E-4
1617.0          0.12977
1618.0          0.28014
1619.0          0.38250
1620.0          0.45048
1621.0          0.49737
1622.0          0.53109
1623.0          0.55624
1624.0          0.57556
1625.0          0.59076
1626.0          0.60296
1627.0          0.61290
1628.0          0.62112
1629.0          0.62799
1630.0          0.63378
1631.0          0.63870
1632.0          0.64290
1633.0          0.64651
1634.0          0.64963
1635.0          0.65232
1636.0          0.65465
1637.0          0.65668
1638.0          0.65844
1639.0          0.65997
1640.0          0.66129
1641.0          0.66243
1642.0          0.66342
1643.0          0.66426
1644.0          0.66498
1645.0          0.66559
1646.0          0.66609
1647.0          0.66650
1648.0          0.66683
1649.0          0.66708
1650.0          0.66727
1400.0          1.0000
1401.0          1.0000
1402.0          1.0000
1403.0          1.0000
1404.0          1.0000
1405.0          1.0000
1406.0          1.0000
1407.0          1.0000
1408.0          1.0000
1409.0          1.0000
1410.0          1.0000
1411.0          1.0000
1412.0          1.0000
1413.0          1.0000
1414.0          1.0000
1415.0          1.0000
1416.0          1.0000
1417.0          1.0000
1418.0          1.0000
1419.0          1.0000
1420.0          1.0000
1421.0          1.0000
1422.0          1.0000
1423.0          1.0000
1424.0          1.0000
1425.0          1.0000
1426.0          1.0000
1427.0          1.0000
1428.0          1.0000
1429.0          1.0000
1430.0          1.0000
1431.0          1.0000
1432.0          1.0000
1433.0          1.0000
1434.0          1.0000
1435.0          1.0000
1436.0          1.0000
1437.0          1.0000
1438.0          1.0000
1439.0          1.0000
1440.0          1.0000
1441.0          1.0000
1442.0          1.0000
1443.0          1.0000
1444.0          1.0000
1445.0          1.0000
1446.0          1.0000
1447.0          1.0000
1448.0          1.0000
1449.0          1.0000
1450.0          1.0000
1451.0          1.0000
1452.0          1.0000
1453.0          1.0000
1454.0          1.0000
1455.0          1.0000
1456.0          1.0000
1457.0          1.0000
1458.0          1.0000
1459.0          1.0000
1460.0          1.0000
1461.0          1.0000
1462.0          1.0000
1463.0          1.0000
1464.0          1.0000
1465.0          1.0000
1466.0          1.0000
1467.0          1.0000
1468.0          1.0000
1469.0          1.0000
1470.0          1.0000
1471.0          1.0000
1472.0          1.0000
1473.0          1.0000
1474.0          1.0000
1475.0          1.0000
1476.0          1.0000
1477.0          1.0000
1478.0          1.0000
1479.0          1.0000
1480.0          1.0000
1481.0          1.0000
1482.0          1.0000
1483.0          1.0000
1484.0          1.0000
1485.0          1.0000
1486.0          1.0000
1487.0          1.0000
1488.0          1.0000
1489.0          1.0000
1490.0          1.0000
1491.0          1.0000
1492.0          1.0000
1493.0          1.0000
1494.0          1.0000
1495.0          1.0000
1496.0          1.0000
1497.0          1.0000
1498.0          1.0000
1499.0          1.0000
1500.0          1.0000
1501.0          1.0000
1502.0          1.0000
1503.0          1.0000
1504.0          1.0000
1505.0          1.0000
1506.0          1.0000
1507.0          1.0000
1508.0          1.0000
1509.0          1.0000
1510.0          1.0000
1511.0          1.0000
1512.0          1.0000
1513.0          1.0000
1514.0          1.0000
1515.0          1.0000
1516.0          1.0000
1517.0          1.0000
1518.0          1.0000
1519.0          1.0000
1520.0          1.0000
1521.0          1.0000
1522.0          1.0000
1523.0          1.0000
1524.0          1.0000
1525.0          1.0000
1526.0          1.0000
1527.0          1.0000
1528.0          1.0000
1529.0          1.0000
1530.0          1.0000
1531.0          1.0000
1532.0          1.0000
1533.0          1.0000
1534.0          1.0000
1535.0          1.0000
1536.0          1.0000
1537.0          1.0000
1538.0          1.0000
1539.0          1.0000
1540.0          1.0000
1541.0          1.0000
1542.0          1.0000
1543.0          1.0000
1544.0          1.0000
1545.0          1.0000
1546.0          1.0000
1547.0          1.0000
1548.0          1.0000
1549.0          1.0000
1550.0          1.0000
1551.0          1.0000
1552.0          1.0000
1553.0          1.0000
1554.0          1.0000
1555.0          1.0000
1556.0          1.0000
1557.0          1.0000
1558.0          1.0000
1559.0          1.0000
1560.0          1.0000
1561.0          1.0000
1562.0          1.0000
1563.0          1.0000
1564.0          1.0000
1565.0          1.0000
1566.0          1.0000
1567.0          1.0000
1568.0          1.0000
1569.0          1.0000
1570.0          1.0000
1571.0          1.0000
1572.0          1.0000
1573.0          1.0000
1574.0          1.0000
1575.0          1.0000
1576.0          1.0000
1577.0          1.0000
1578.0          1.0000
1579.0          1.0000
1580.0          1.0000
1581.0          1.0000
1582.0          1.0000
1583.0          1.0000
1584.0          1.0000
1585.0          1.0000
1586.0          1.0000
1587.0          1.0000
1588.0          1.0000
1589.0          1.0000
1590.0          1.0000
1591.0          1.0000
1592.0          1.0000
1593.0          1.0000
1594.0          1.0000
1595.0          1.0000
1596.0          1.0000
1597.0          1.0000
1598.0          1.0000
1599.0          1.0000
1600.0          1.0000
1601.0          1.0000
1602.0          1.0000
1603.0          1.0000
1604.0          1.0000
1605.0          1.0000
1606.0          1.0000
1607.0          1.0000
1608.0          1.0000
1609.0          1.0000
1610.0          1.0000
1611.0          1.0000
1612.0          1.0000
1613.0          1.0000
1614.0          1.0000
1615.0          1.0000
1616.0          1.0000
1617.0          1.0000
1618.0          1.0000
1619.0          1.0000
1620.0          1.0000
1621.0          1.0000
1622.0          1.0000
1623.0          1.0000
1624.0          1.0000
1625.0          1.0000
1626.0          1.0000
1627.0          1.0000
1628.0          1.0000
1629.0          1.0000
1630.0          1.0000
1631.0          1.0000
1632.0          1.0000
1633.0          1.0000
1634.0          1.0000
1635.0          1.0000
1636.0          1.0000
1637.0          1.0000
1638.0          1.0000
1639.0          1.0000
1640.0          1.0000
1641.0          1.0000
1642.0          1.0000
1643.0          1.0000
1644.0          1.0000
1645.0          1.0000
1646.0          1.0000
1647.0          1.0000
1648.0          1.0000
1649.0          1.0000
1650.0          1.0000
1400.0          1.3323E-15
1401.0          -2.2204E-16
1402.0          1.2212E-15
1403.0          2.1094E-15
1404.0          4.4409E-15
1405.0          1.6653E-15
1406.0          1.4433E-15
1407.0          1.6653E-15
1408.0          2.9976E-15
1409.0          -2.2204E-16
1410.0          2.3315E-15
1411.0          8.8818E-16
1412.0          -2.8866E-15
1413.0          4.4409E-16
1414.0          -1.7764E-15
1415.0          -6.6613E-16
1416.0          9.9920E-16
1417.0          -8.8818E-16
1418.0          -1.9984E-15
1419.0          4.4409E-15
1420.0          1.4433E-15
1421.0          1.7764E-15
1422.0          -4.4409E-16
1423.0          4.4409E-16
1424.0          2.5535E-15
1425.0          -2.2204E-16
1426.0          2.2204E-16
1427.0          2.4425E-15
1428.0          3.3307E-16
1429.0          -2.2204E-15
1430.0          -3.5527E-15
1431.0          5.1070E-15
1432.0          1.4433E-15
1433.0          -1.7764E-15
1434.0          -4.4409E-16
1435.0          3.9968E-15
1436.0          8.8818E-16
1437.0          -1.3323E-15
1438.0          2.4425E-15
1439.0          5.5511E-16
1440.0          4.5519E-15
1441.0          1.8874E-15
1442.0          1.2212E-15
1443.0          -8.8818E-16
1444.0          1.7764E-15
1445.0          7.7716E-16
1446.0          2.3315E-15
1447.0          1.2212E-15
1448.0          -1.7764E-15
1449.0          -2.2204E-15
1450.0          -4.4409E-16
1451.0          -8.8818E-16
1452.0          2.8866E-15
1453.0          -1.3323E-15
1454.0          -1.3323E-15
1455.0          7.7716E-16
1456.0          4.4409E-16
1457.0          3.3307E-15
1458.0          3.8858E-15
1459.0          1.6653E-15
1460.0          -2.2204E-16
1461.0          -1.7764E-15
1462.0          2.7756E-15
1463.0          1.9984E-15
1464.0          -2.2204E-16
1465.0          3.6637E-15
1466.0          1.5543E-15
1467.0          2.1094E-15
1468.0          -2.2204E-16
1469.0          -2.4425E-15
1470.0          -4.4409E-16
1471.0          -1.5543E-15
1472.0          -2.2204E-16
1473.0          2.4425E-15
1474.0          -2.2204E-16
1475.0          0.0000
1476.0          2.2204E-16
1477.0          1.1102E-15
1478.0          1.2212E-15
1479.0          3.3307E-16
1480.0          -3.7748E-15
1481.0          3.5527E-15
1482.0          -2.2204E-15
1483.0          1.4433E-15
1484.0          2.3315E-15
1485.0          3.3307E-16
1486.0          1.4433E-15
1487.0          1.3323E-15
1488.0          -6.6613E-16
1489.0          4.4409E-16
1490.0          -2.2204E-16
1491.0          3.4417E-15
1492.0          3.3307E-16
1493.0          0.0000
1494.0          1.2212E-15
1495.0          -5.1070E-15
1496.0          -1.7764E-15
1497.0          -1.1102E-15
1498.0          1.7764E-15
1499.0          -6.6613E-16
1500.0          -2.4425E-15
1501.0          -2.6645E-15
1502.0          -1.3323E-15
1503.0          -1.3323E-15
1504.0          -2.4425E-15
1505.0          -1.5543E-15
1506.0          1.6653E-15
1507.0          1.4433E-15
1508.0          -1.9984E-15
1509.0          -3.1086E-15
1510.0          -2.4425E-15
1511.0          4.3299E-15
1512.0          3.9968E-15
1513.0          6.4393E-15
1514.0          -4.4409E-16
1515.0          1.1102E-15
1516.0          -6.6613E-16
1517.0          2.9976E-15
1518.0          1.4433E-15
1519.0          -3.1086E-15
1520.0          3.8858E-15
1521.0          4.4409E-16
1522.0          -2.2204E-15
1523.0          6.6613E-16
1524.0          1.3323E-15
1525.0          1.1102E-15
1526.0          -6.6613E-16
1527.0          1.5543E-15
1528.0          -8.8818E-16
1529.0          9.9920E-16
1530.0          2.2204E-16
1531.0          -3.5527E-15
1532.0          -1.5543E-15
1533.0          -1.7764E-15
1534.0          -2.2204E-15
1535.0          1.8874E-15
1536.0          3.1086E-15
1537.0          3.3307E-16
1538.0          1.5543E-15
1539.0          1.9984E-15
1540.0          3.1086E-15
1541.0          -1.3323E-15
1542.0          1.3323E-15
1543.0          1.7764E-15
1544.0          -8.8818E-16
1545.0          8.8818E-16
1546.0          2.6645E-15
1547.0          -4.4409E-16
1548.0          8.8818E-16
1549.0          3.6637E-15
1550.0          -8.8818E-16
1551.0          -8.8818E-16
1552.0          1.9984E-15
1553.0          -1.7764E-15
1554.0          4.4409E-16
1555.0          9.9920E-16
1556.0          -2.2204E-15
1557.0          -8.8818E-16
1558.0          2.2204E-16
1559.0          -4.8850E-15
1560.0          2.2204E-16
1561.0          6.2172E-15
1562.0          1.1102E-16
1563.0          -4.6629E-15
1564.0          -1.3323E-15
1565.0          8.8818E-16
1566.0          -2.4425E-15
1567.0          -8.8818E-16
1568.0          3.9968E-15
1569.0          3.1086E-15
1570.0          -2.8866E-15
1571.0          1.6653E-15
1572.0          2.3315E-15
1573.0          0.0000
1574.0          4.4409E-16
1575.0          -6.6613E-16
1576.0          -2.4425E-15
1577.0          2.2204E-16
1578.0          3.3307E-16
1579.0          -6.6613E-16
1580.0          -2.8866E-15
1581.0          3.5527E-15
1582.0          -2.6645E-15
1583.0          -2.6645E-15
1584.0          1.3323E-15
1585.0          0.0000
1586.0          4.4409E-16
1587.0          2.2204E-16
1588.0          3.3307E-16
1589.0          2.1094E-15
1590.0          1.8874E-15
1591.0          1.1102E-15
1592.0          -1.5543E-15
1593.0          0.0000
1594.0          -4.4409E-16
1595.0          1.7764E-15
1596.0          -1.7764E-15
1597.0          5.4401E-15
1598.0          -1.9984E-15
1599.0          1.5543E-15
1600.0          -2.2204E-16
1601.0          -1.3323E-15
1602.0          -1.5543E-15
1603.0          4.4409E-16
1604.0          0.0000
1605.0          3.3307E-16
1606.0          8.8818E-16
1607.0          -1.3323E-15
1608.0          1.3323E-15
1609.0          2.1094E-15
1610.0          4.4409E-15
1611.0          4.2188E-15
1612.0          -5.5511E-15
1613.0          1.5876E-14
1614.0          -5.0404E-14
1615.0          -6.2172E-15
1616.0          -3.0198E-14
1617.0          -6.8834E-15
1618.0          -6.4393E-15
1619.0          1.1102E-15
1620.0          -5.5511E-15
1621.0          -3.1086E-15
1622.0          -4.4409E-16
1623.0          -1.3323E-15
1624.0          1.1102E-16
1625.0          -2.2204E-15
1626.0          4.4409E-16
1627.0          4.4409E-16
1628.0          3.7748E-15
1629.0          1.9984E-15
1630.0          6.6613E-16
1631.0          5.4401E-15
1632.0          -2.4425E-15
1633.0          0.0000
1634.0          2.6645E-15
1635.0          2.2204E-16
1636.0          3.3307E-15
1637.0          3.4417E-15
1638.0          2.4425E-15
1639.0          3.5527E-15
1640.0          -2.2204E-15
1641.0          1.9984E-15
1642.0          -1.7764E-15
1643.0          -1.9984E-15
1644.0          2.4425E-15
1645.0          -2.2204E-16
1646.0          -4.4409E-16
1647.0          4.4409E-16
1648.0          1.9984E-15
1649.0          3.5527E-15
1650.0          -2.2204E-15
