1400.0          0.17879
1401.0          0.17717
1402.0          0.17556
1403.0          0.17395
1404.0          0.17235
1405.0          0.17075
1406.0          0.16916
1407.0          0.16758
1408.0          0.16600
1409.0          0.16442
1410.0          0.16285
1411.0          0.16129
1412.0          0.15973
1413.0          0.15818
1414.0          0.15664
1415.0          0.15510
1416.0          0.15357
1417.0          0.15204
1418.0          0.15052
1419.0          0.14901
1420.0          0.14750
1421.0          0.14601
1422.0          0.14451
1423.0          0.14303
1424.0          0.14155
1425.0          0.14008
1426.0          0.13862
1427.0          0.13716
1428.0          0.13572
1429.0          0.13428
1430.0          0.13284
1431.0          0.13142
1432.0          0.13000
1433.0          0.12859
1434.0          0.12719
1435.0          0.12580
1436.0          0.12442
1437.0          0.12304
1438.0          0.12167
1439.0          0.12032
1440.0          0.11896
1441.0          0.11762
1442.0          0.11629
1443.0          0.11497
1444.0          0.11365
1445.0          0.11234
1446.0          0.11105
1447.0          0.10976
1448.0          0.10848
1449.0          0.10721
1450.0          0.10595
1451.0          0.10470
1452.0          0.10346
1453.0          0.10223
1454.0          0.10101
1455.0          0.099794
1456.0          0.098592
1457.0          0.097400
1458.0          0.096218
1459.0          0.095045
1460.0          0.093883
1461.0          0.092731
1462.0          0.091589
1463.0          0.090457
1464.0          0.089336
1465.0          0.088225
1466.0          0.087125
1467.0          0.086035
1468.0          0.084956
1469.0          0.083887
1470.0          0.082829
1471.0          0.081782
1472.0          0.080746
1473.0          0.079720
1474.0          0.078706
1475.0          0.077702
1476.0          0.076710
1477.0          0.075728
1478.0          0.074758
1479.0          0.073798
1480.0          0.072850
1481.0          0.071913
1482.0          0.070988
1483.0          0.070074
1484.0          0.069171
1485.0          0.068279
1486.0          0.067399
1487.0          0.066531
1488.0          0.065674
1489.0          0.064828
1490.0          0.063995
1491.0          0.063172
1492.0          0.062362
1493.0          0.061563
1494.0          0.060776
1495.0          0.060000
1496.0          0.059237
1497.0          0.058485
1498.0          0.057745
1499.0          0.057016
1500.0          0.056300
1501.0          0.055596
1502.0          0.054903
1503.0          0.054222
1504.0          0.053554
1505.0          0.052897
1506.0          0.052252
1507.0          0.051619
1508.0          0.050998
1509.0          0.050389
1510.0          0.049792
1511.0          0.049207
1512.0          0.048635
1513.0          0.048074
1514.0          0.047525
1515.0          0.046988
1516.0          0.046464
1517.0          0.045951
1518.0          0.045450
1519.0          0.044962
1520.0          0.044485
1521.0          0.044021
1522.0          0.043568
1523.0          0.043128
1524.0          0.042699
1525.0          0.042283
1526.0          0.041878
1527.0          0.041486
1528.0          0.041105
1529.0          0.040737
1530.0          0.040380
1531.0          0.040036
1532.0          0.039703
1533.0          0.039382
1534.0          0.039073
1535.0          0.038776
1536.0          0.038491
1537.0          0.038218
1538.0          0.037956
1539.0          0.037706
1540.0          0.037468
1541.0          0.037242
1542.0          0.037027
1543.0          0.036825
1544.0          0.036633
1545.0          0.036454
1546.0          0.036286
1547.0          0.036129
1548.0          0.035984
1549.0          0.035851
1550.0          0.035729
1551.0          0.035619
1552.0          0.035519
1553.0          0.035432
1554.0          0.035355
1555.0          0.035290
1556.0          0.035236
1557.0          0.035194
1558.0          0.035162
1559.0          0.035142
1560.0          0.035132
1561.0          0.035134
1562.0          0.035147
1563.0          0.035170
1564.0          0.035205
1565.0          0.035250
1566.0          0.035307
1567.0          0.035374
1568.0          0.035451
1569.0          0.035540
1570.0          0.035639
1571.0          0.035749
1572.0          0.035869
1573.0          0.035999
1574.0          0.036140
1575.0          0.036292
1576.0          0.036453
1577.0          0.036625
1578.0          0.036807
1579.0          0.037000
1580.0          0.037202
1581.0          0.037415
1582.0          0.037637
1583.0          0.037869
1584.0          0.038111
1585.0          0.038363
1586.0          0.038625
1587.0          0.038897
1588.0          0.039178
1589.0          0.039468
1590.0          0.039768
1591.0          0.040078
1592.0          0.040397
1593.0          0.040725
1594.0          0.041063
1595.0          0.041410
1596.0          0.041765
1597.0          0.042130
1598.0          0.042504
1599.0          0.042887
1600.0          0.043279
1601.0          0.043680
1602.0          0.044089
1603.0          0.044507
1604.0          0.044934
1605.0          0.045369
1606.0          0.045813
1607.0          0.046265
1608.0          0.046725
1609.0          0.047194
1610.0          0.047671
1611.0          0.048156
1612.0          0.048650
1613.0          0.049151
1614.0          0.049660
1615.0          0.050177
1616.0          0.050702
1617.0          0.051235
1618.0          0.051775
1619.0          0.052323
1620.0          0.052879
1621.0          0.053442
1622.0          0.054012
1623.0          0.054590
1624.0          0.055175
1625.0          0.055768
1626.0          0.056367
1627.0          0.056973
1628.0          0.057587
1629.0          0.058207
1630.0          0.058835
1631.0          0.059469
1632.0          0.060110
1633.0          0.060757
1634.0          0.061411
1635.0          0.062072
1636.0          0.062739
1637.0          0.063412
1638.0          0.064092
1639.0          0.064778
1640.0          0.065470
1641.0          0.066168
1642.0          0.066873
1643.0          0.067583
1644.0          0.068299
1645.0          0.069021
1646.0          0.069749
1647.0          0.070483
1648.0          0.071222
1649.0          0.071967
1650.0          0.072717
1400.0          0.82121
1401.0          0.82283
1402.0          0.82444
1403.0          0.82605
1404.0          0.82765
1405.0          0.82925
1406.0          0.83084
1407.0          0.83242
1408.0          0.83400
1409.0          0.83558
1410.0          0.83715
1411.0          0.83871
1412.0          0.84027
1413.0          0.84182
1414.0          0.84336
1415.0          0.84490
1416.0          0.84643
1417.0          0.84796
1418.0          0.84948
1419.0          0.85099
1420.0          0.85250
1421.0          0.85399
1422.0          0.85549
1423.0          0.85697
1424.0          0.85845
1425.0          0.85992
1426.0          0.86138
1427.0          0.86284
1428.0          0.86428
1429.0          0.86572
1430.0          0.86716
1431.0          0.86858
1432.0          0.87000
1433.0          0.87141
1434.0          0.87281
1435.0          0.87420
1436.0          0.87558
1437.0          0.87696
1438.0          0.87833
1439.0          0.87968
1440.0          0.88104
1441.0          0.88238
1442.0          0.88371
1443.0          0.88503
1444.0          0.88635
1445.0          0.88766
1446.0          0.88895
1447.0          0.89024
1448.0          0.89152
1449.0          0.89279
1450.0          0.89405
1451.0          0.89530
1452.0          0.89654
1453.0          0.89777
1454.0          0.89899
1455.0          0.90021
1456.0          0.90141
1457.0          0.90260
1458.0          0.90378
1459.0          0.90495
1460.0          0.90612
1461.0          0.90727
1462.0          0.90841
1463.0          0.90954
1464.0          0.91066
1465.0          0.91177
1466.0          0.91288
1467.0          0.91396
1468.0          0.91504
1469.0          0.91611
1470.0          0.91717
1471.0          0.91822
1472.0          0.91925
1473.0          0.92028
1474.0          0.92129
1475.0          0.92230
1476.0          0.92329
1477.0          0.92427
1478.0          0.92524
1479.0          0.92620
1480.0          0.92715
1481.0          0.92809
1482.0          0.92901
1483.0          0.92993
1484.0          0.93083
1485.0          0.93172
1486.0          0.93260
1487.0          0.93347
1488.0          0.93433
1489.0          0.93517
1490.0          0.93601
1491.0          0.93683
1492.0          0.93764
1493.0          0.93844
1494.0          0.93922
1495.0          0.94000
1496.0          0.94076
1497.0          0.94152
1498.0          0.94226
1499.0          0.94298
1500.0          0.94370
1501.0          0.94440
1502.0          0.94510
1503.0          0.94578
1504.0          0.94645
1505.0          0.94710
1506.0          0.94775
1507.0          0.94838
1508.0          0.94900
1509.0          0.94961
1510.0          0.95021
1511.0          0.95079
1512.0          0.95137
1513.0          0.95193
1514.0          0.95247
1515.0          0.95301
1516.0          0.95354
1517.0          0.95405
1518.0          0.95455
1519.0          0.95504
1520.0          0.95551
1521.0          0.95598
1522.0          0.95643
1523.0          0.95687
1524.0          0.95730
1525.0          0.95772
1526.0          0.95812
1527.0          0.95851
1528.0          0.95889
1529.0          0.95926
1530.0          0.95962
1531.0          0.95996
1532.0          0.96030
1533.0          0.96062
1534.0          0.96093
1535.0          0.96122
1536.0          0.96151
1537.0          0.96178
1538.0          0.96204
1539.0          0.96229
1540.0          0.96253
1541.0          0.96276
1542.0          0.96297
1543.0          0.96318
1544.0          0.96337
1545.0          0.96355
1546.0          0.96371
1547.0          0.96387
1548.0          0.96402
1549.0          0.96415
1550.0          0.96427
1551.0          0.96438
1552.0          0.96448
1553.0          0.96457
1554.0          0.96464
1555.0          0.96471
1556.0          0.96476
1557.0          0.96481
1558.0          0.96484
1559.0          0.96486
1560.0          0.96487
1561.0          0.96487
1562.0          0.96485
1563.0          0.96483
1564.0          0.96480
1565.0          0.96475
1566.0          0.96469
1567.0          0.96463
1568.0          0.96455
1569.0          0.96446
1570.0          0.96436
1571.0          0.96425
1572.0          0.96413
1573.0          0.96400
1574.0          0.96386
1575.0          0.96371
1576.0          0.96355
1577.0          0.96337
1578.0          0.96319
1579.0          0.96300
1580.0          0.96280
1581.0          0.96259
1582.0          0.96236
1583.0          0.96213
1584.0          0.96189
1585.0          0.96164
1586.0          0.96137
1587.0          0.96110
1588.0          0.96082
1589.0          0.96053
1590.0          0.96023
1591.0          0.95992
1592.0          0.95960
1593.0          0.95927
1594.0          0.95894
1595.0          0.95859
1596.0          0.95823
1597.0          0.95787
1598.0          0.95750
1599.0          0.95711
1600.0          0.95672
1601.0          0.95632
1602.0          0.95591
1603.0          0.95549
1604.0          0.95507
1605.0          0.95463
1606.0          0.95419
1607.0          0.95374
1608.0          0.95327
1609.0          0.95281
1610.0          0.95233
1611.0          0.95184
1612.0          0.95135
1613.0          0.95085
1614.0          0.95034
1615.0          0.94982
1616.0          0.94930
1617.0          0.94877
1618.0          0.94822
1619.0          0.94768
1620.0          0.94712
1621.0          0.94656
1622.0          0.94599
1623.0          0.94541
1624.0          0.94482
1625.0          0.94423
1626.0          0.94363
1627.0          0.94303
1628.0          0.94241
1629.0          0.94179
1630.0          0.94117
1631.0          0.94053
1632.0          0.93989
1633.0          0.93924
1634.0          0.93859
1635.0          0.93793
1636.0          0.93726
1637.0          0.93659
1638.0          0.93591
1639.0          0.93522
1640.0          0.93453
1641.0          0.93383
1642.0          0.93313
1643.0          0.93242
1644.0          0.93170
1645.0          0.93098
1646.0          0.93025
1647.0          0.92952
1648.0          0.92878
1649.0          0.92803
1650.0          0.92728
1400.0          1.0000
1401.0          1.0000
1402.0          1.0000
1403.0          1.0000
1404.0          1.0000
1405.0          1.0000
1406.0          1.0000
1407.0          1.0000
1408.0          1.0000
1409.0          1.0000
1410.0          1.0000
1411.0          1.0000
1412.0          1.0000
1413.0          1.0000
1414.0          1.0000
1415.0          1.0000
1416.0          1.0000
1417.0          1.0000
1418.0          1.0000
1419.0          1.0000
1420.0          1.0000
1421.0          1.0000
1422.0          1.0000
1423.0          1.0000
1424.0          1.0000
1425.0          1.0000
1426.0          1.0000
1427.0          1.0000
1428.0          1.0000
1429.0          1.0000
1430.0          1.0000
1431.0          1.0000
1432.0          1.0000
1433.0          1.0000
1434.0          1.0000
1435.0          1.0000
1436.0          1.0000
1437.0          1.0000
1438.0          1.0000
1439.0          1.0000
1440.0          1.0000
1441.0          1.0000
1442.0          1.0000
1443.0          1.0000
1444.0          1.0000
1445.0          1.0000
1446.0          1.0000
1447.0          1.0000
1448.0          1.0000
1449.0          1.0000
1450.0          1.0000
1451.0          1.0000
1452.0          1.0000
1453.0          1.0000
1454.0          1.0000
1455.0          1.0000
1456.0          1.0000
1457.0          1.0000
1458.0          1.0000
1459.0          1.0000
1460.0          1.0000
1461.0          1.0000
1462.0          1.0000
1463.0          1.0000
1464.0          1.0000
1465.0          1.0000
1466.0          1.0000
1467.0          1.0000
1468.0          1.0000
1469.0          1.0000
1470.0          1.0000
1471.0          1.0000
1472.0          1.0000
1473.0          1.0000
1474.0          1.0000
1475.0          1.0000
1476.0          1.0000
1477.0          1.0000
1478.0          1.0000
1479.0          1.0000
1480.0          1.0000
1481.0          1.0000
1482.0          1.0000
1483.0          1.0000
1484.0          1.0000
1485.0          1.0000
1486.0          1.0000
1487.0          1.0000
1488.0          1.0000
1489.0          1.0000
1490.0          1.0000
1491.0          1.0000
1492.0          1.0000
1493.0          1.0000
1494.0          1.0000
1495.0          1.0000
1496.0          1.0000
1497.0          1.0000
1498.0          1.0000
1499.0          1.0000
1500.0          1.0000
1501.0          1.0000
1502.0          1.0000
1503.0          1.0000
1504.0          1.0000
1505.0          1.0000
1506.0          1.0000
1507.0          1.0000
1508.0          1.0000
1509.0          1.0000
1510.0          1.0000
1511.0          1.0000
1512.0          1.0000
1513.0          1.0000
1514.0          1.0000
1515.0          1.0000
1516.0          1.0000
1517.0          1.0000
1518.0          1.0000
1519.0          1.0000
1520.0          1.0000
1521.0          1.0000
1522.0          1.0000
1523.0          1.0000
1524.0          1.0000
1525.0          1.0000
1526.0          1.0000
1527.0          1.0000
1528.0          1.0000
1529.0          1.0000
1530.0          1.0000
1531.0          1.0000
1532.0          1.0000
1533.0          1.0000
1534.0          1.0000
1535.0          1.0000
1536.0          1.0000
1537.0          1.0000
1538.0          1.0000
1539.0          1.0000
1540.0          1.0000
1541.0          1.0000
1542.0          1.0000
1543.0          1.0000
1544.0          1.0000
1545.0          1.0000
1546.0          1.0000
1547.0          1.0000
1548.0          1.0000
1549.0          1.0000
1550.0          1.0000
1551.0          1.0000
1552.0          1.0000
1553.0          1.0000
1554.0          1.0000
1555.0          1.0000
1556.0          1.0000
1557.0          1.0000
1558.0          1.0000
1559.0          1.0000
1560.0          1.0000
1561.0          1.0000
1562.0          1.0000
1563.0          1.0000
1564.0          1.0000
1565.0          1.0000
1566.0          1.0000
1567.0          1.0000
1568.0          1.0000
1569.0          1.0000
1570.0          1.0000
1571.0          1.0000
1572.0          1.0000
1573.0          1.0000
1574.0          1.0000
1575.0          1.0000
1576.0          1.0000
1577.0          1.0000
1578.0          1.0000
1579.0          1.0000
1580.0          1.0000
1581.0          1.0000
1582.0          1.0000
1583.0          1.0000
1584.0          1.0000
1585.0          1.0000
1586.0          1.0000
1587.0          1.0000
1588.0          1.0000
1589.0          1.0000
1590.0          1.0000
1591.0          1.0000
1592.0          1.0000
1593.0          1.0000
1594.0          1.0000
1595.0          1.0000
1596.0          1.0000
1597.0          1.0000
1598.0          1.0000
1599.0          1.0000
1600.0          1.0000
1601.0          1.0000
1602.0          1.0000
1603.0          1.0000
1604.0          1.0000
1605.0          1.0000
1606.0          1.0000
1607.0          1.0000
1608.0          1.0000
1609.0          1.0000
1610.0          1.0000
1611.0          1.0000
1612.0          1.0000
1613.0          1.0000
1614.0          1.0000
1615.0          1.0000
1616.0          1.0000
1617.0          1.0000
1618.0          1.0000
1619.0          1.0000
1620.0          1.0000
1621.0          1.0000
1622.0          1.0000
1623.0          1.0000
1624.0          1.0000
1625.0          1.0000
1626.0          1.0000
1627.0          1.0000
1628.0          1.0000
1629.0          1.0000
1630.0          1.0000
1631.0          1.0000
1632.0          1.0000
1633.0          1.0000
1634.0          1.0000
1635.0          1.0000
1636.0          1.0000
1637.0          1.0000
1638.0          1.0000
1639.0          1.0000
1640.0          1.0000
1641.0          1.0000
1642.0          1.0000
1643.0          1.0000
1644.0          1.0000
1645.0          1.0000
1646.0          1.0000
1647.0          1.0000
1648.0          1.0000
1649.0          1.0000
1650.0          1.0000
1400.0          -2.6645E-15
1401.0          2.7756E-15
1402.0          3.8858E-15
1403.0          -1.1102E-15
1404.0          1.3323E-15
1405.0          -2.2204E-16
1406.0          -1.7764E-15
1407.0          1.3323E-15
1408.0          2.4425E-15
1409.0          6.6613E-16
1410.0          0.0000
1411.0          -1.5543E-15
1412.0          -3.5527E-15
1413.0          3.5527E-15
1414.0          -1.3323E-15
1415.0          -4.4409E-16
1416.0          -3.9968E-15
1417.0          0.0000
1418.0          -1.9984E-15
1419.0          4.3299E-15
1420.0          1.6653E-15
1421.0          4.1078E-15
1422.0          1.4433E-15
1423.0          0.0000
1424.0          -1.1102E-15
1425.0          1.7764E-15
1426.0          -1.7764E-15
1427.0          0.0000
1428.0          1.3323E-15
1429.0          -1.5543E-15
1430.0          -8.8818E-16
1431.0          5.5511E-15
1432.0          6.6613E-16
1433.0          2.7756E-15
1434.0          3.3307E-16
1435.0          -4.8850E-15
1436.0          -2.4425E-15
1437.0          2.2204E-16
1438.0          -1.3323E-15
1439.0          -1.1102E-15
1440.0          3.3307E-16
1441.0          -3.3307E-15
1442.0          -1.1102E-15
1443.0          1.3323E-15
1444.0          0.0000
1445.0          -2.2204E-15
1446.0          1.2212E-15
1447.0          2.2204E-15
1448.0          1.9984E-15
1449.0          7.7716E-16
1450.0          -1.7764E-15
1451.0          -4.4409E-16
1452.0          -4.4409E-16
1453.0          9.9920E-16
1454.0          -2.4425E-15
1455.0          -8.8818E-16
1456.0          -2.2204E-16
1457.0          1.2212E-15
1458.0          -2.4425E-15
1459.0          6.3283E-15
1460.0          1.9984E-15
1461.0          9.9920E-16
1462.0          1.2212E-15
1463.0          2.2204E-16
1464.0          1.7764E-15
1465.0          1.1102E-16
1466.0          0.0000
1467.0          1.9984E-15
1468.0          -1.9984E-15
1469.0          5.5511E-16
1470.0          -1.3323E-15
1471.0          2.5535E-15
1472.0          1.1102E-15
1473.0          1.7764E-15
1474.0          -1.5543E-15
1475.0          1.8874E-15
1476.0          1.8874E-15
1477.0          -6.6613E-16
1478.0          -1.5543E-15
1479.0          -1.1102E-15
1480.0          -1.3323E-15
1481.0          -4.4409E-16
1482.0          8.8818E-16
1483.0          -4.4409E-16
1484.0          1.9984E-15
1485.0          -1.7764E-15
1486.0          0.0000
1487.0          -3.5527E-15
1488.0          2.2204E-16
1489.0          3.3307E-16
1490.0          1.4433E-15
1491.0          1.7764E-15
1492.0          1.4433E-15
1493.0          -1.3323E-15
1494.0          5.5511E-16
1495.0          0.0000
1496.0          3.1086E-15
1497.0          2.6645E-15
1498.0          -4.4409E-16
1499.0          -1.1102E-15
1500.0          7.7716E-16
1501.0          0.0000
1502.0          1.9984E-15
1503.0          -3.7748E-15
1504.0          9.9920E-16
1505.0          1.8874E-15
1506.0          -3.5527E-15
1507.0          -6.6613E-16
1508.0          -6.6613E-16
1509.0          -2.8866E-15
1510.0          1.2212E-15
1511.0          -2.8866E-15
1512.0          -1.7764E-15
1513.0          2.1094E-15
1514.0          -2.2204E-16
1515.0          -4.4409E-16
1516.0          1.5543E-15
1517.0          -1.7764E-15
1518.0          3.4417E-15
1519.0          9.9920E-16
1520.0          -1.3323E-15
1521.0          -6.6613E-16
1522.0          -6.6613E-16
1523.0          -2.6645E-15
1524.0          9.9920E-16
1525.0          -1.1102E-15
1526.0          -1.5543E-15
1527.0          -2.2204E-16
1528.0          6.6613E-16
1529.0          -6.6613E-16
1530.0          5.2180E-15
1531.0          -2.2204E-16
1532.0          0.0000
1533.0          -8.8818E-16
1534.0          -8.8818E-16
1535.0          1.1102E-15
1536.0          -1.1102E-15
1537.0          2.2204E-16
1538.0          -8.8818E-16
1539.0          2.4425E-15
1540.0          1.9984E-15
1541.0          2.3315E-15
1542.0          -2.2204E-16
1543.0          2.1094E-15
1544.0          -8.8818E-16
1545.0          9.9920E-16
1546.0          -8.8818E-16
1547.0          -2.2204E-16
1548.0          1.7764E-15
1549.0          -2.2204E-15
1550.0          1.7764E-15
1551.0          -6.6613E-16
1552.0          -2.6645E-15
1553.0          -4.2188E-15
1554.0          8.8818E-16
1555.0          1.1102E-16
1556.0          1.5543E-15
1557.0          2.1094E-15
1558.0          1.1102E-16
1559.0          2.8866E-15
1560.0          1.5543E-15
1561.0          1.6653E-15
1562.0          8.8818E-16
1563.0          -4.4409E-16
1564.0          1.1102E-15
1565.0          -1.9984E-15
1566.0          -1.3323E-15
1567.0          1.3323E-15
1568.0          -8.8818E-16
1569.0          -6.6613E-16
1570.0          6.6613E-16
1571.0          1.3323E-15
1572.0          5.5511E-16
1573.0          0.0000
1574.0          -4.4409E-16
1575.0          -1.3323E-15
1576.0          1.3323E-15
1577.0          2.4425E-15
1578.0          1.2212E-15
1579.0          -4.4409E-16
1580.0          4.1078E-15
1581.0          -8.8818E-16
1582.0          2.4425E-15
1583.0          2.2204E-16
1584.0          2.1094E-15
1585.0          -4.4409E-16
1586.0          -3.1086E-15
1587.0          1.4433E-15
1588.0          -3.3307E-15
1589.0          3.3307E-15
1590.0          1.5543E-15
1591.0          -2.6645E-15
1592.0          1.6653E-15
1593.0          -4.4409E-16
1594.0          1.1102E-16
1595.0          4.6629E-15
1596.0          5.5511E-16
1597.0          -2.2204E-16
1598.0          0.0000
1599.0          -6.6613E-16
1600.0          1.2212E-15
1601.0          5.5511E-16
1602.0          1.7764E-15
1603.0          -2.4425E-15
1604.0          1.8874E-15
1605.0          1.2212E-15
1606.0          0.0000
1607.0          1.8874E-15
1608.0          5.5511E-16
1609.0          -2.6645E-15
1610.0          -1.7764E-15
1611.0          -2.4425E-15
1612.0          1.4433E-15
1613.0          -1.9984E-15
1614.0          -8.8818E-16
1615.0          3.3307E-16
1616.0          3.1086E-15
1617.0          -2.2204E-16
1618.0          -3.7748E-15
1619.0          1.1102E-16
1620.0          -8.8818E-16
1621.0          2.2204E-15
1622.0          -2.2204E-16
1623.0          -1.3323E-15
1624.0          -2.2204E-16
1625.0          2.4425E-15
1626.0          2.8866E-15
1627.0          -6.6613E-16
1628.0          1.1102E-16
1629.0          1.9984E-15
1630.0          0.0000
1631.0          -1.3323E-15
1632.0          -2.2204E-15
1633.0          2.2204E-16
1634.0          -8.8818E-16
1635.0          0.0000
1636.0          -1.7764E-15
1637.0          -6.4393E-15
1638.0          -2.6645E-15
1639.0          -1.9984E-15
1640.0          6.6613E-16
1641.0          8.8818E-16
1642.0          1.3323E-15
1643.0          -1.3323E-15
1644.0          -2.6645E-15
1645.0          -8.8818E-16
1646.0          -6.6613E-16
1647.0          1.1102E-15
1648.0          7.7716E-16
1649.0          1.3323E-15
1650.0          -4.4409E-16
