1400.0          0.042085
1401.0          0.041780
1402.0          0.041487
1403.0          0.041206
1404.0          0.040937
1405.0          0.040679
1406.0          0.040433
1407.0          0.040197
1408.0          0.039973
1409.0          0.039760
1410.0          0.039557
1411.0          0.039365
1412.0          0.039183
1413.0          0.039012
1414.0          0.038850
1415.0          0.038697
1416.0          0.038554
1417.0          0.038421
1418.0          0.038296
1419.0          0.038180
1420.0          0.038073
1421.0          0.037973
1422.0          0.037882
1423.0          0.037798
1424.0          0.037722
1425.0          0.037653
1426.0          0.037590
1427.0          0.037534
1428.0          0.037484
1429.0          0.037440
1430.0          0.037401
1431.0          0.037367
1432.0          0.037338
1433.0          0.037314
1434.0          0.037293
1435.0          0.037276
1436.0          0.037262
1437.0          0.037250
1438.0          0.037241
1439.0          0.037234
1440.0          0.037228
1441.0          0.037223
1442.0          0.037219
1443.0          0.037215
1444.0          0.037210
1445.0          0.037205
1446.0          0.037198
1447.0          0.037190
1448.0          0.037180
1449.0          0.037167
1450.0          0.037152
1451.0          0.037135
1452.0          0.037115
1453.0          0.037093
1454.0          0.037069
1455.0          0.037043
1456.0          0.037017
1457.0          0.036992
1458.0          0.036971
1459.0          0.036955
1460.0          0.036950
1461.0          0.036958
1462.0          0.036989
1463.0          0.037050
1464.0          0.037152
1465.0          0.037312
1466.0          0.037551
1467.0          0.037894
1468.0          0.038380
1469.0          0.039058
1470.0          0.039994
1471.0          0.041282
1472.0          0.043049
1473.0          0.045475
1474.0          0.048815
1475.0          0.053438
1476.0          0.059885
1477.0          0.068963
1478.0          0.081902
1479.0          0.10060
1480.0          0.12805
1481.0          0.16895
1482.0          0.23062
1483.0          0.32362
1484.0          0.46000
1485.0          0.64293
1486.0          0.84149
1487.0          0.97777
1488.0          0.98913
1489.0          0.89949
1490.0          0.77459
1491.0          0.65702
1492.0          0.56040
1493.0          0.48469
1494.0          0.42603
1495.0          0.38036
1496.0          0.34443
1497.0          0.31580
1498.0          0.29269
1499.0          0.27380
1500.0          0.25820
1501.0          0.24517
1502.0          0.23420
1503.0          0.22489
1504.0          0.21694
1505.0          0.21009
1506.0          0.20418
1507.0          0.19905
1508.0          0.19458
1509.0          0.19067
1510.0          0.18724
1511.0          0.18424
1512.0          0.18159
1513.0          0.17927
1514.0          0.17723
1515.0          0.17544
1516.0          0.17386
1517.0          0.17248
1518.0          0.17128
1519.0          0.17024
1520.0          0.16934
1521.0          0.16857
1522.0          0.16791
1523.0          0.16736
1524.0          0.16691
1525.0          0.16655
1526.0          0.16627
1527.0          0.16606
1528.0          0.16593
1529.0          0.16585
1530.0          0.16584
1531.0          0.16588
1532.0          0.16598
1533.0          0.16612
1534.0          0.16631
1535.0          0.16653
1536.0          0.16680
1537.0          0.16710
1538.0          0.16744
1539.0          0.16781
1540.0          0.16821
1541.0          0.16864
1542.0          0.16909
1543.0          0.16957
1544.0          0.17008
1545.0          0.17060
1546.0          0.17115
1547.0          0.17172
1548.0          0.17230
1549.0          0.17291
1550.0          0.17353
1551.0          0.17417
1552.0          0.17483
1553.0          0.17549
1554.0          0.17618
1555.0          0.17687
1556.0          0.17758
1557.0          0.17831
1558.0          0.17904
1559.0          0.17978
1560.0          0.18054
1561.0          0.18130
1562.0          0.18208
1563.0          0.18286
1564.0          0.18366
1565.0          0.18446
1566.0          0.18527
1567.0          0.18608
1568.0          0.18691
1569.0          0.18774
1570.0          0.18858
1571.0          0.18942
1572.0          0.19027
1573.0          0.19113
1574.0          0.19199
1575.0          0.19285
1576.0          0.19373
1577.0          0.19460
1578.0          0.19548
1579.0          0.19637
1580.0          0.19726
1581.0          0.19815
1582.0          0.19905
1583.0          0.19995
1584.0          0.20085
1585.0          0.20176
1586.0          0.20267
1587.0          0.20358
1588.0          0.20449
1589.0          0.20541
1590.0          0.20633
1591.0          0.20725
1592.0          0.20818
1593.0          0.20910
1594.0          0.21003
1595.0          0.21096
1596.0          0.21189
1597.0          0.21282
1598.0          0.21376
1599.0          0.21469
1600.0          0.21562
1601.0          0.21656
1602.0          0.21750
1603.0          0.21843
1604.0          0.21937
1605.0          0.22031
1606.0          0.22125
1607.0          0.22218
1608.0          0.22312
1609.0          0.22406
1610.0          0.22500
1611.0          0.22594
1612.0          0.22687
1613.0          0.22781
1614.0          0.22875
1615.0          0.22968
1616.0          0.23062
1617.0          0.23155
1618.0          0.23248
1619.0          0.23341
1620.0          0.23434
1621.0          0.23527
1622.0          0.23620
1623.0          0.23713
1624.0          0.23805
1625.0          0.23897
1626.0          0.23989
1627.0          0.24081
1628.0          0.24173
1629.0          0.24264
1630.0          0.24355
1631.0          0.24446
1632.0          0.24537
1633.0          0.24628
1634.0          0.24718
1635.0          0.24808
1636.0          0.24897
1637.0          0.24987
1638.0          0.25076
1639.0          0.25164
1640.0          0.25252
1641.0          0.25340
1642.0          0.25428
1643.0          0.25515
1644.0          0.25602
1645.0          0.25688
1646.0          0.25774
1647.0          0.25859
1648.0          0.25944
1649.0          0.26029
1650.0          0.26113
1400.0          0.95792
1401.0          0.95822
1402.0          0.95851
1403.0          0.95879
1404.0          0.95906
1405.0          0.95932
1406.0          0.95957
1407.0          0.95980
1408.0          0.96003
1409.0          0.96024
1410.0          0.96044
1411.0          0.96063
1412.0          0.96082
1413.0          0.96099
1414.0          0.96115
1415.0          0.96130
1416.0          0.96145
1417.0          0.96158
1418.0          0.96170
1419.0          0.96182
1420.0          0.96193
1421.0          0.96203
1422.0          0.96212
1423.0          0.96220
1424.0          0.96228
1425.0          0.96235
1426.0          0.96241
1427.0          0.96247
1428.0          0.96252
1429.0          0.96256
1430.0          0.96260
1431.0          0.96263
1432.0          0.96266
1433.0          0.96269
1434.0          0.96271
1435.0          0.96272
1436.0          0.96274
1437.0          0.96275
1438.0          0.96276
1439.0          0.96277
1440.0          0.96277
1441.0          0.96278
1442.0          0.96278
1443.0          0.96279
1444.0          0.96279
1445.0          0.96280
1446.0          0.96280
1447.0          0.96281
1448.0          0.96282
1449.0          0.96283
1450.0          0.96285
1451.0          0.96286
1452.0          0.96288
1453.0          0.96291
1454.0          0.96293
1455.0          0.96296
1456.0          0.96298
1457.0          0.96301
1458.0          0.96303
1459.0          0.96304
1460.0          0.96305
1461.0          0.96304
1462.0          0.96301
1463.0          0.96295
1464.0          0.96285
1465.0          0.96269
1466.0          0.96245
1467.0          0.96211
1468.0          0.96162
1469.0          0.96094
1470.0          0.96001
1471.0          0.95872
1472.0          0.95695
1473.0          0.95453
1474.0          0.95118
1475.0          0.94656
1476.0          0.94012
1477.0          0.93104
1478.0          0.91810
1479.0          0.89940
1480.0          0.87195
1481.0          0.83105
1482.0          0.76938
1483.0          0.67638
1484.0          0.54000
1485.0          0.35707
1486.0          0.15851
1487.0          0.022234
1488.0          0.010871
1489.0          0.10051
1490.0          0.22541
1491.0          0.34298
1492.0          0.43960
1493.0          0.51531
1494.0          0.57397
1495.0          0.61964
1496.0          0.65557
1497.0          0.68420
1498.0          0.70731
1499.0          0.72620
1500.0          0.74180
1501.0          0.75483
1502.0          0.76580
1503.0          0.77511
1504.0          0.78306
1505.0          0.78991
1506.0          0.79582
1507.0          0.80095
1508.0          0.80542
1509.0          0.80933
1510.0          0.81276
1511.0          0.81576
1512.0          0.81841
1513.0          0.82073
1514.0          0.82277
1515.0          0.82456
1516.0          0.82614
1517.0          0.82752
1518.0          0.82872
1519.0          0.82976
1520.0          0.83066
1521.0          0.83143
1522.0          0.83209
1523.0          0.83264
1524.0          0.83309
1525.0          0.83345
1526.0          0.83373
1527.0          0.83394
1528.0          0.83407
1529.0          0.83415
1530.0          0.83416
1531.0          0.83412
1532.0          0.83402
1533.0          0.83388
1534.0          0.83369
1535.0          0.83347
1536.0          0.83320
1537.0          0.83290
1538.0          0.83256
1539.0          0.83219
1540.0          0.83179
1541.0          0.83136
1542.0          0.83091
1543.0          0.83043
1544.0          0.82992
1545.0          0.82940
1546.0          0.82885
1547.0          0.82828
1548.0          0.82770
1549.0          0.82709
1550.0          0.82647
1551.0          0.82583
1552.0          0.82517
1553.0          0.82451
1554.0          0.82382
1555.0          0.82313
1556.0          0.82242
1557.0          0.82169
1558.0          0.82096
1559.0          0.82022
1560.0          0.81946
1561.0          0.81870
1562.0          0.81792
1563.0          0.81714
1564.0          0.81634
1565.0          0.81554
1566.0          0.81473
1567.0          0.81392
1568.0          0.81309
1569.0          0.81226
1570.0          0.81142
1571.0          0.81058
1572.0          0.80973
1573.0          0.80887
1574.0          0.80801
1575.0          0.80715
1576.0          0.80627
1577.0          0.80540
1578.0          0.80452
1579.0          0.80363
1580.0          0.80274
1581.0          0.80185
1582.0          0.80095
1583.0          0.80005
1584.0          0.79915
1585.0          0.79824
1586.0          0.79733
1587.0          0.79642
1588.0          0.79551
1589.0          0.79459
1590.0          0.79367
1591.0          0.79275
1592.0          0.79182
1593.0          0.79090
1594.0          0.78997
1595.0          0.78904
1596.0          0.78811
1597.0          0.78718
1598.0          0.78624
1599.0          0.78531
1600.0          0.78438
1601.0          0.78344
1602.0          0.78250
1603.0          0.78157
1604.0          0.78063
1605.0          0.77969
1606.0          0.77875
1607.0          0.77782
1608.0          0.77688
1609.0          0.77594
1610.0          0.77500
1611.0          0.77406
1612.0          0.77313
1613.0          0.77219
1614.0          0.77125
1615.0          0.77032
1616.0          0.76938
1617.0          0.76845
1618.0          0.76752
1619.0          0.76659
1620.0          0.76566
1621.0          0.76473
1622.0          0.76380
1623.0          0.76287
1624.0          0.76195
1625.0          0.76103
1626.0          0.76011
1627.0          0.75919
1628.0          0.75827
1629.0          0.75736
1630.0          0.75645
1631.0          0.75554
1632.0          0.75463
1633.0          0.75372
1634.0          0.75282
1635.0          0.75192
1636.0          0.75103
1637.0          0.75013
1638.0          0.74924
1639.0          0.74836
1640.0          0.74748
1641.0          0.74660
1642.0          0.74572
1643.0          0.74485
1644.0          0.74398
1645.0          0.74312
1646.0          0.74226
1647.0          0.74141
1648.0          0.74056
1649.0          0.73971
1650.0          0.73887
1400.0          1.0000
1401.0          1.0000
1402.0          1.0000
1403.0          1.0000
1404.0          1.0000
1405.0          1.0000
1406.0          1.0000
1407.0          1.0000
1408.0          1.0000
1409.0          1.0000
1410.0          1.0000
1411.0          1.0000
1412.0          1.0000
1413.0          1.0000
1414.0          1.0000
1415.0          1.0000
1416.0          1.0000
1417.0          1.0000
1418.0          1.0000
1419.0          1.0000
1420.0          1.0000
1421.0          1.0000
1422.0          1.0000
1423.0          1.0000
1424.0          1.0000
1425.0          1.0000
1426.0          1.0000
1427.0          1.0000
1428.0          1.0000
1429.0          1.0000
1430.0          1.0000
1431.0          1.0000
1432.0          1.0000
1433.0          1.0000
1434.0          1.0000
1435.0          1.0000
1436.0          1.0000
1437.0          1.0000
1438.0          1.0000
1439.0          1.0000
1440.0          1.0000
1441.0          1.0000
1442.0          1.0000
1443.0          1.0000
1444.0          1.0000
1445.0          1.0000
1446.0          1.0000
1447.0          1.0000
1448.0          1.0000
1449.0          1.0000
1450.0          1.0000
1451.0          1.0000
1452.0          1.0000
1453.0          1.0000
1454.0          1.0000
1455.0          1.0000
1456.0          1.0000
1457.0          1.0000
1458.0          1.0000
1459.0          1.0000
1460.0          1.0000
1461.0          1.0000
1462.0          1.0000
1463.0          1.0000
1464.0          1.0000
1465.0          1.0000
1466.0          1.0000
1467.0          1.0000
1468.0          1.0000
1469.0          1.0000
1470.0          1.0000
1471.0          1.0000
1472.0          1.0000
1473.0          1.0000
1474.0          1.0000
1475.0          1.0000
1476.0          1.0000
1477.0          1.0000
1478.0          1.0000
1479.0          1.0000
1480.0          1.0000
1481.0          1.0000
1482.0          1.0000
1483.0          1.0000
1484.0          1.0000
1485.0          1.0000
1486.0          1.0000
1487.0          1.0000
1488.0          1.0000
1489.0          1.0000
1490.0          1.0000
1491.0          1.0000
1492.0          1.0000
1493.0          1.0000
1494.0          1.0000
1495.0          1.0000
1496.0          1.0000
1497.0          1.0000
1498.0          1.0000
1499.0          1.0000
1500.0          1.0000
1501.0          1.0000
1502.0          1.0000
1503.0          1.0000
1504.0          1.0000
1505.0          1.0000
1506.0          1.0000
1507.0          1.0000
1508.0          1.0000
1509.0          1.0000
1510.0          1.0000
1511.0          1.0000
1512.0          1.0000
1513.0          1.0000
1514.0          1.0000
1515.0          1.0000
1516.0          1.0000
1517.0          1.0000
1518.0          1.0000
1519.0          1.0000
1520.0          1.0000
1521.0          1.0000
1522.0          1.0000
1523.0          1.0000
1524.0          1.0000
1525.0          1.0000
1526.0          1.0000
1527.0          1.0000
1528.0          1.0000
1529.0          1.0000
1530.0          1.0000
1531.0          1.0000
1532.0          1.0000
1533.0          1.0000
1534.0          1.0000
1535.0          1.0000
1536.0          1.0000
1537.0          1.0000
1538.0          1.0000
1539.0          1.0000
1540.0          1.0000
1541.0          1.0000
1542.0          1.0000
1543.0          1.0000
1544.0          1.0000
1545.0          1.0000
1546.0          1.0000
1547.0          1.0000
1548.0          1.0000
1549.0          1.0000
1550.0          1.0000
1551.0          1.0000
1552.0          1.0000
1553.0          1.0000
1554.0          1.0000
1555.0          1.0000
1556.0          1.0000
1557.0          1.0000
1558.0          1.0000
1559.0          1.0000
1560.0          1.0000
1561.0          1.0000
1562.0          1.0000
1563.0          1.0000
1564.0          1.0000
1565.0          1.0000
1566.0          1.0000
1567.0          1.0000
1568.0          1.0000
1569.0          1.0000
1570.0          1.0000
1571.0          1.0000
1572.0          1.0000
1573.0          1.0000
1574.0          1.0000
1575.0          1.0000
1576.0          1.0000
1577.0          1.0000
1578.0          1.0000
1579.0          1.0000
1580.0          1.0000
1581.0          1.0000
1582.0          1.0000
1583.0          1.0000
1584.0          1.0000
1585.0          1.0000
1586.0          1.0000
1587.0          1.0000
1588.0          1.0000
1589.0          1.0000
1590.0          1.0000
1591.0          1.0000
1592.0          1.0000
1593.0          1.0000
1594.0          1.0000
1595.0          1.0000
1596.0          1.0000
1597.0          1.0000
1598.0          1.0000
1599.0          1.0000
1600.0          1.0000
1601.0          1.0000
1602.0          1.0000
1603.0          1.0000
1604.0          1.0000
1605.0          1.0000
1606.0          1.0000
1607.0          1.0000
1608.0          1.0000
1609.0          1.0000
1610.0          1.0000
1611.0          1.0000
1612.0          1.0000
1613.0          1.0000
1614.0          1.0000
1615.0          1.0000
1616.0          1.0000
1617.0          1.0000
1618.0          1.0000
1619.0          1.0000
1620.0          1.0000
1621.0          1.0000
1622.0          1.0000
1623.0          1.0000
1624.0          1.0000
1625.0          1.0000
1626.0          1.0000
1627.0          1.0000
1628.0          1.0000
1629.0          1.0000
1630.0          1.0000
1631.0          1.0000
1632.0          1.0000
1633.0          1.0000
1634.0          1.0000
1635.0          1.0000
1636.0          1.0000
1637.0          1.0000
1638.0          1.0000
1639.0          1.0000
1640.0          1.0000
1641.0          1.0000
1642.0          1.0000
1643.0          1.0000
1644.0          1.0000
1645.0          1.0000
1646.0          1.0000
1647.0          1.0000
1648.0          1.0000
1649.0          1.0000
1650.0          1.0000
1400.0          -1.3323E-15
1401.0          -8.8818E-16
1402.0          -2.4425E-15
1403.0          -8.8818E-16
1404.0          2.3315E-15
1405.0          -1.5543E-15
1406.0          -4.4409E-16
1407.0          4.4409E-16
1408.0          -1.5543E-15
1409.0          -6.6613E-16
1410.0          8.8818E-16
1411.0          -5.9952E-15
1412.0          1.9984E-15
1413.0          -1.7764E-15
1414.0          -1.7764E-15
1415.0          -4.4409E-15
1416.0          -2.6645E-15
1417.0          6.6613E-16
1418.0          2.2204E-16
1419.0          2.4425E-15
1420.0          -2.4425E-15
1421.0          -8.8818E-16
1422.0          3.3307E-16
1423.0          1.2212E-15
1424.0          -1.3323E-15
1425.0          7.7716E-16
1426.0          9.9920E-16
1427.0          -8.8818E-16
1428.0          1.3323E-15
1429.0          -6.6613E-16
1430.0          7.7716E-16
1431.0          1.1102E-15
1432.0          6.6613E-16
1433.0          -2.4425E-15
1434.0          1.5543E-15
1435.0          -6.6613E-16
1436.0          8.8818E-16
1437.0          4.5519E-15
1438.0          3.3307E-15
1439.0          -2.2204E-16
1440.0          0.0000
1441.0          -4.4409E-16
1442.0          1.1102E-16
1443.0          -6.6613E-16
1444.0          -2.2204E-15
1445.0          -2.2204E-15
1446.0          2.4425E-15
1447.0          0.0000
1448.0          2.2204E-16
1449.0          -2.2204E-15
1450.0          1.9984E-15
1451.0          -3.9968E-15
1452.0          -1.1102E-15
1453.0          -4.4409E-16
1454.0          -1.7764E-15
1455.0          1.1102E-16
1456.0          5.5511E-16
1457.0          -1.5543E-15
1458.0          -4.6629E-15
1459.0          -3.9968E-15
1460.0          1.1102E-16
1461.0          0.0000
1462.0          0.0000
1463.0          2.1094E-15
1464.0          -3.5527E-15
1465.0          2.2204E-16
1466.0          2.3315E-15
1467.0          1.1102E-15
1468.0          -1.5543E-15
1469.0          -2.6645E-15
1470.0          -3.1086E-15
1471.0          2.3315E-15
1472.0          -5.3291E-15
1473.0          3.6637E-15
1474.0          3.3307E-15
1475.0          -6.6613E-16
1476.0          0.0000
1477.0          1.9984E-15
1478.0          1.2546E-14
1479.0          -4.4409E-15
1480.0          6.7724E-15
1481.0          1.2212E-14
1482.0          2.7756E-15
1483.0          -1.3767E-14
1484.0          -1.0436E-14
1485.0          1.2879E-14
1486.0          -1.9540E-14
1487.0          1.7097E-14
1488.0          1.6764E-14
1489.0          3.1197E-14
1490.0          -1.5099E-14
1491.0          -2.0428E-14
1492.0          2.1982E-14
1493.0          8.1046E-15
1494.0          2.6645E-15
1495.0          3.3307E-15
1496.0          -6.6613E-16
1497.0          -8.8818E-16
1498.0          8.7708E-15
1499.0          -5.3291E-15
1500.0          -2.8866E-15
1501.0          -7.1054E-15
1502.0          -2.2204E-15
1503.0          -5.5511E-15
1504.0          2.2204E-16
1505.0          -1.9984E-15
1506.0          1.1102E-15
1507.0          -6.4393E-15
1508.0          1.4433E-15
1509.0          -7.9936E-15
1510.0          -6.6613E-15
1511.0          4.2188E-15
1512.0          3.3307E-15
1513.0          5.8842E-15
1514.0          -8.8818E-16
1515.0          -7.3275E-15
1516.0          2.2204E-16
1517.0          4.4409E-16
1518.0          3.7748E-15
1519.0          1.5543E-15
1520.0          -7.9936E-15
1521.0          3.5527E-15
1522.0          2.2204E-16
1523.0          -4.4409E-16
1524.0          -1.1102E-15
1525.0          1.9984E-15
1526.0          1.5543E-15
1527.0          4.4409E-16
1528.0          -3.3307E-15
1529.0          4.1078E-15
1530.0          1.4433E-15
1531.0          2.4425E-15
1532.0          -8.8818E-16
1533.0          6.6613E-16
1534.0          8.8818E-16
1535.0          -3.3307E-15
1536.0          -3.7748E-15
1537.0          -1.5543E-15
1538.0          -2.6645E-15
1539.0          2.2204E-16
1540.0          5.8842E-15
1541.0          3.5527E-15
1542.0          -2.2204E-16
1543.0          1.4433E-15
1544.0          -1.5543E-15
1545.0          1.4433E-15
1546.0          -2.8866E-15
1547.0          2.5535E-15
1548.0          1.3323E-15
1549.0          4.4409E-16
1550.0          -8.8818E-16
1551.0          3.3307E-15
1552.0          -2.8866E-15
1553.0          -1.3323E-15
1554.0          5.5511E-16
1555.0          -2.4425E-15
1556.0          2.4425E-15
1557.0          -3.5527E-15
1558.0          -8.8818E-16
1559.0          -1.3323E-15
1560.0          5.5511E-16
1561.0          3.1086E-15
1562.0          2.2204E-16
1563.0          -1.5543E-15
1564.0          -2.6645E-15
1565.0          2.1094E-15
1566.0          -2.2204E-15
1567.0          -2.2204E-16
1568.0          3.1086E-15
1569.0          8.8818E-16
1570.0          -1.3323E-15
1571.0          -1.1102E-15
1572.0          2.5535E-15
1573.0          8.8818E-16
1574.0          -2.4425E-15
1575.0          -3.3307E-15
1576.0          -1.7764E-15
1577.0          -2.2204E-15
1578.0          -1.3323E-15
1579.0          2.3315E-15
1580.0          2.7756E-15
1581.0          4.3299E-15
1582.0          1.3323E-15
1583.0          1.9984E-15
1584.0          -2.2204E-16
1585.0          4.3299E-15
1586.0          -4.4409E-16
1587.0          8.8818E-16
1588.0          5.5511E-16
1589.0          -3.9968E-15
1590.0          0.0000
1591.0          2.2204E-16
1592.0          -1.1102E-15
1593.0          -1.1102E-15
1594.0          2.3315E-15
1595.0          -2.2204E-15
1596.0          2.6645E-15
1597.0          6.2172E-15
1598.0          -3.7748E-15
1599.0          4.1078E-15
1600.0          -3.9968E-15
1601.0          2.2204E-16
1602.0          2.4425E-15
1603.0          -2.6645E-15
1604.0          -1.9984E-15
1605.0          -2.2204E-16
1606.0          3.3307E-16
1607.0          -3.3307E-15
1608.0          0.0000
1609.0          -2.2204E-16
1610.0          -8.8818E-16
1611.0          -1.5543E-15
1612.0          -3.7748E-15
1613.0          2.6645E-15
1614.0          2.4425E-15
1615.0          -6.2172E-15
1616.0          4.1078E-15
1617.0          -2.6645E-15
1618.0          1.8874E-15
1619.0          -1.3323E-15
1620.0          -1.5543E-15
1621.0          1.3323E-15
1622.0          -5.3291E-15
1623.0          -6.6613E-16
1624.0          -1.9984E-15
1625.0          -8.8818E-16
1626.0          -1.5543E-15
1627.0          -1.9984E-15
1628.0          1.1102E-15
1629.0          -4.4409E-16
1630.0          -8.8818E-16
1631.0          3.6637E-15
1632.0          -3.7748E-15
1633.0          -4.4409E-16
1634.0          -8.8818E-16
1635.0          6.6613E-16
1636.0          1.1102E-15
1637.0          -1.1102E-15
1638.0          -2.6645E-15
1639.0          1.1102E-16
1640.0          -4.4409E-15
1641.0          3.3307E-16
1642.0          2.8866E-15
1643.0          3.3307E-15
1644.0          1.1102E-15
1645.0          2.2204E-15
1646.0          1.9984E-15
1647.0          1.9984E-15
1648.0          -1.7764E-15
1649.0          -2.2204E-16
1650.0          5.5511E-16
