1400.0          0.93331
1401.0          0.93855
1402.0          0.94369
1403.0          0.94869
1404.0          0.95355
1405.0          0.95825
1406.0          0.96278
1407.0          0.96712
1408.0          0.97125
1409.0          0.97517
1410.0          0.97884
1411.0          0.98227
1412.0          0.98543
1413.0          0.98832
1414.0          0.99091
1415.0          0.99320
1416.0          0.99517
1417.0          0.99682
1418.0          0.99813
1419.0          0.99910
1420.0          0.99972
1421.0          0.99999
1422.0          0.99990
1423.0          0.99944
1424.0          0.99862
1425.0          0.99744
1426.0          0.99589
1427.0          0.99399
1428.0          0.99173
1429.0          0.98912
1430.0          0.98618
1431.0          0.98290
1432.0          0.97929
1433.0          0.97538
1434.0          0.97116
1435.0          0.96666
1436.0          0.96188
1437.0          0.95685
1438.0          0.95156
1439.0          0.94605
1440.0          0.94033
1441.0          0.93441
1442.0          0.92830
1443.0          0.92203
1444.0          0.91561
1445.0          0.90906
1446.0          0.90239
1447.0          0.89562
1448.0          0.88876
1449.0          0.88183
1450.0          0.87484
1451.0          0.86781
1452.0          0.86075
1453.0          0.85366
1454.0          0.84658
1455.0          0.83949
1456.0          0.83242
1457.0          0.82538
1458.0          0.81837
1459.0          0.81141
1460.0          0.80449
1461.0          0.79764
1462.0          0.79085
1463.0          0.78413
1464.0          0.77749
1465.0          0.77094
1466.0          0.76447
1467.0          0.75809
1468.0          0.75181
1469.0          0.74562
1470.0          0.73954
1471.0          0.73356
1472.0          0.72768
1473.0          0.72191
1474.0          0.71625
1475.0          0.71070
1476.0          0.70526
1477.0          0.69993
1478.0          0.69470
1479.0          0.68959
1480.0          0.68459
1481.0          0.67969
1482.0          0.67491
1483.0          0.67023
1484.0          0.66566
1485.0          0.66119
1486.0          0.65683
1487.0          0.65257
1488.0          0.64842
1489.0          0.64436
1490.0          0.64040
1491.0          0.63655
1492.0          0.63278
1493.0          0.62911
1494.0          0.62554
1495.0          0.62205
1496.0          0.61866
1497.0          0.61535
1498.0          0.61212
1499.0          0.60899
1500.0          0.60593
1501.0          0.60295
1502.0          0.60006
1503.0          0.59724
1504.0          0.59449
1505.0          0.59182
1506.0          0.58922
1507.0          0.58669
1508.0          0.58423
1509.0          0.58184
1510.0          0.57952
1511.0          0.57725
1512.0          0.57505
1513.0          0.57292
1514.0          0.57084
1515.0          0.56882
1516.0          0.56685
1517.0          0.56495
1518.0          0.56309
1519.0          0.56129
1520.0          0.55954
1521.0          0.55784
1522.0          0.55619
1523.0          0.55459
1524.0          0.55303
1525.0          0.55152
1526.0          0.55005
1527.0          0.54863
1528.0          0.54725
1529.0          0.54590
1530.0          0.54460
1531.0          0.54334
1532.0          0.54212
1533.0          0.54093
1534.0          0.53978
1535.0          0.53866
1536.0          0.53758
1537.0          0.53653
1538.0          0.53551
1539.0          0.53453
1540.0          0.53358
1541.0          0.53265
1542.0          0.53176
1543.0          0.53089
1544.0          0.53005
1545.0          0.52924
1546.0          0.52846
1547.0          0.52770
1548.0          0.52697
1549.0          0.52626
1550.0          0.52557
1551.0          0.52491
1552.0          0.52427
1553.0          0.52365
1554.0          0.52306
1555.0          0.52248
1556.0          0.52193
1557.0          0.52139
1558.0          0.52088
1559.0          0.52038
1560.0          0.51990
1561.0          0.51944
1562.0          0.51900
1563.0          0.51857
1564.0          0.51816
1565.0          0.51777
1566.0          0.51739
1567.0          0.51703
1568.0          0.51669
1569.0          0.51635
1570.0          0.51604
1571.0          0.51573
1572.0          0.51544
1573.0          0.51516
1574.0          0.51490
1575.0          0.51465
1576.0          0.51441
1577.0          0.51418
1578.0          0.51396
1579.0          0.51376
1580.0          0.51356
1581.0          0.51338
1582.0          0.51321
1583.0          0.51304
1584.0          0.51289
1585.0          0.51275
1586.0          0.51261
1587.0          0.51249
1588.0          0.51237
1589.0          0.51226
1590.0          0.51216
1591.0          0.51207
1592.0          0.51199
1593.0          0.51191
1594.0          0.51185
1595.0          0.51179
1596.0          0.51173
1597.0          0.51169
1598.0          0.51165
1599.0          0.51161
1600.0          0.51159
1601.0          0.51157
1602.0          0.51155
1603.0          0.51154
1604.0          0.51154
1605.0          0.51154
1606.0          0.51155
1607.0          0.51156
1608.0          0.51158
1609.0          0.51160
1610.0          0.51163
1611.0          0.51167
1612.0          0.51170
1613.0          0.51174
1614.0          0.51179
1615.0          0.51184
1616.0          0.51190
1617.0          0.51195
1618.0          0.51201
1619.0          0.51208
1620.0          0.51215
1621.0          0.51222
1622.0          0.51230
1623.0          0.51238
1624.0          0.51246
1625.0          0.51254
1626.0          0.51263
1627.0          0.51272
1628.0          0.51282
1629.0          0.51291
1630.0          0.51301
1631.0          0.51311
1632.0          0.51321
1633.0          0.51332
1634.0          0.51343
1635.0          0.51354
1636.0          0.51365
1637.0          0.51376
1638.0          0.51388
1639.0          0.51399
1640.0          0.51411
1641.0          0.51423
1642.0          0.51436
1643.0          0.51448
1644.0          0.51460
1645.0          0.51473
1646.0          0.51486
1647.0          0.51499
1648.0          0.51512
1649.0          0.51525
1650.0          0.51538
1400.0          0.066689
1401.0          0.061445
1402.0          0.056314
1403.0          0.051311
1404.0          0.046450
1405.0          0.041748
1406.0          0.037220
1407.0          0.032881
1408.0          0.028747
1409.0          0.024834
1410.0          0.021157
1411.0          0.017730
1412.0          0.014567
1413.0          0.011683
1414.0          0.0090909
1415.0          0.0068022
1416.0          0.0048286
1417.0          0.0031804
1418.0          0.0018671
1419.0          8.9656E-4
1420.0          2.7581E-4
1421.0          1.0349E-5
1422.0          1.0436E-4
1423.0          5.6062E-4
1424.0          0.0013804
1425.0          0.0025636
1426.0          0.0041087
1427.0          0.0060124
1428.0          0.0082704
1429.0          0.010877
1430.0          0.013824
1431.0          0.017104
1432.0          0.020707
1433.0          0.024623
1434.0          0.028838
1435.0          0.033341
1436.0          0.038118
1437.0          0.043155
1438.0          0.048436
1439.0          0.053947
1440.0          0.059672
1441.0          0.065594
1442.0          0.071698
1443.0          0.077968
1444.0          0.084387
1445.0          0.090939
1446.0          0.097608
1447.0          0.10438
1448.0          0.11124
1449.0          0.11817
1450.0          0.12516
1451.0          0.13219
1452.0          0.13925
1453.0          0.14634
1454.0          0.15342
1455.0          0.16051
1456.0          0.16758
1457.0          0.17462
1458.0          0.18163
1459.0          0.18859
1460.0          0.19551
1461.0          0.20236
1462.0          0.20915
1463.0          0.21587
1464.0          0.22251
1465.0          0.22906
1466.0          0.23553
1467.0          0.24191
1468.0          0.24819
1469.0          0.25438
1470.0          0.26046
1471.0          0.26644
1472.0          0.27232
1473.0          0.27809
1474.0          0.28375
1475.0          0.28930
1476.0          0.29474
1477.0          0.30007
1478.0          0.30530
1479.0          0.31041
1480.0          0.31541
1481.0          0.32031
1482.0          0.32509
1483.0          0.32977
1484.0          0.33434
1485.0          0.33881
1486.0          0.34317
1487.0          0.34743
1488.0          0.35158
1489.0          0.35564
1490.0          0.35960
1491.0          0.36345
1492.0          0.36722
1493.0          0.37089
1494.0          0.37446
1495.0          0.37795
1496.0          0.38134
1497.0          0.38465
1498.0          0.38788
1499.0          0.39101
1500.0          0.39407
1501.0          0.39705
1502.0          0.39994
1503.0          0.40276
1504.0          0.40551
1505.0          0.40818
1506.0          0.41078
1507.0          0.41331
1508.0          0.41577
1509.0          0.41816
1510.0          0.42048
1511.0          0.42275
1512.0          0.42495
1513.0          0.42708
1514.0          0.42916
1515.0          0.43118
1516.0          0.43315
1517.0          0.43505
1518.0          0.43691
1519.0          0.43871
1520.0          0.44046
1521.0          0.44216
1522.0          0.44381
1523.0          0.44541
1524.0          0.44697
1525.0          0.44848
1526.0          0.44995
1527.0          0.45137
1528.0          0.45275
1529.0          0.45410
1530.0          0.45540
1531.0          0.45666
1532.0          0.45788
1533.0          0.45907
1534.0          0.46022
1535.0          0.46134
1536.0          0.46242
1537.0          0.46347
1538.0          0.46449
1539.0          0.46547
1540.0          0.46642
1541.0          0.46735
1542.0          0.46824
1543.0          0.46911
1544.0          0.46995
1545.0          0.47076
1546.0          0.47154
1547.0          0.47230
1548.0          0.47303
1549.0          0.47374
1550.0          0.47443
1551.0          0.47509
1552.0          0.47573
1553.0          0.47635
1554.0          0.47694
1555.0          0.47752
1556.0          0.47807
1557.0          0.47861
1558.0          0.47912
1559.0          0.47962
1560.0          0.48010
1561.0          0.48056
1562.0          0.48100
1563.0          0.48143
1564.0          0.48184
1565.0          0.48223
1566.0          0.48261
1567.0          0.48297
1568.0          0.48331
1569.0          0.48365
1570.0          0.48396
1571.0          0.48427
1572.0          0.48456
1573.0          0.48484
1574.0          0.48510
1575.0          0.48535
1576.0          0.48559
1577.0          0.48582
1578.0          0.48604
1579.0          0.48624
1580.0          0.48644
1581.0          0.48662
1582.0          0.48679
1583.0          0.48696
1584.0          0.48711
1585.0          0.48725
1586.0          0.48739
1587.0          0.48751
1588.0          0.48763
1589.0          0.48774
1590.0          0.48784
1591.0          0.48793
1592.0          0.48801
1593.0          0.48809
1594.0          0.48815
1595.0          0.48821
1596.0          0.48827
1597.0          0.48831
1598.0          0.48835
1599.0          0.48839
1600.0          0.48841
1601.0          0.48843
1602.0          0.48845
1603.0          0.48846
1604.0          0.48846
1605.0          0.48846
1606.0          0.48845
1607.0          0.48844
1608.0          0.48842
1609.0          0.48840
1610.0          0.48837
1611.0          0.48833
1612.0          0.48830
1613.0          0.48826
1614.0          0.48821
1615.0          0.48816
1616.0          0.48810
1617.0          0.48805
1618.0          0.48799
1619.0          0.48792
1620.0          0.48785
1621.0          0.48778
1622.0          0.48770
1623.0          0.48762
1624.0          0.48754
1625.0          0.48746
1626.0          0.48737
1627.0          0.48728
1628.0          0.48718
1629.0          0.48709
1630.0          0.48699
1631.0          0.48689
1632.0          0.48679
1633.0          0.48668
1634.0          0.48657
1635.0          0.48646
1636.0          0.48635
1637.0          0.48624
1638.0          0.48612
1639.0          0.48601
1640.0          0.48589
1641.0          0.48577
1642.0          0.48564
1643.0          0.48552
1644.0          0.48540
1645.0          0.48527
1646.0          0.48514
1647.0          0.48501
1648.0          0.48488
1649.0          0.48475
1650.0          0.48462
1400.0          1.0000
1401.0          1.0000
1402.0          1.0000
1403.0          1.0000
1404.0          1.0000
1405.0          1.0000
1406.0          1.0000
1407.0          1.0000
1408.0          1.0000
1409.0          1.0000
1410.0          1.0000
1411.0          1.0000
1412.0          1.0000
1413.0          1.0000
1414.0          1.0000
1415.0          1.0000
1416.0          1.0000
1417.0          1.0000
1418.0          1.0000
1419.0          1.0000
1420.0          1.0000
1421.0          1.0000
1422.0          1.0000
1423.0          1.0000
1424.0          1.0000
1425.0          1.0000
1426.0          1.0000
1427.0          1.0000
1428.0          1.0000
1429.0          1.0000
1430.0          1.0000
1431.0          1.0000
1432.0          1.0000
1433.0          1.0000
1434.0          1.0000
1435.0          1.0000
1436.0          1.0000
1437.0          1.0000
1438.0          1.0000
1439.0          1.0000
1440.0          1.0000
1441.0          1.0000
1442.0          1.0000
1443.0          1.0000
1444.0          1.0000
1445.0          1.0000
1446.0          1.0000
1447.0          1.0000
1448.0          1.0000
1449.0          1.0000
1450.0          1.0000
1451.0          1.0000
1452.0          1.0000
1453.0          1.0000
1454.0          1.0000
1455.0          1.0000
1456.0          1.0000
1457.0          1.0000
1458.0          1.0000
1459.0          1.0000
1460.0          1.0000
1461.0          1.0000
1462.0          1.0000
1463.0          1.0000
1464.0          1.0000
1465.0          1.0000
1466.0          1.0000
1467.0          1.0000
1468.0          1.0000
1469.0          1.0000
1470.0          1.0000
1471.0          1.0000
1472.0          1.0000
1473.0          1.0000
1474.0          1.0000
1475.0          1.0000
1476.0          1.0000
1477.0          1.0000
1478.0          1.0000
1479.0          1.0000
1480.0          1.0000
1481.0          1.0000
1482.0          1.0000
1483.0          1.0000
1484.0          1.0000
1485.0          1.0000
1486.0          1.0000
1487.0          1.0000
1488.0          1.0000
1489.0          1.0000
1490.0          1.0000
1491.0          1.0000
1492.0          1.0000
1493.0          1.0000
1494.0          1.0000
1495.0          1.0000
1496.0          1.0000
1497.0          1.0000
1498.0          1.0000
1499.0          1.0000
1500.0          1.0000
1501.0          1.0000
1502.0          1.0000
1503.0          1.0000
1504.0          1.0000
1505.0          1.0000
1506.0          1.0000
1507.0          1.0000
1508.0          1.0000
1509.0          1.0000
1510.0          1.0000
1511.0          1.0000
1512.0          1.0000
1513.0          1.0000
1514.0          1.0000
1515.0          1.0000
1516.0          1.0000
1517.0          1.0000
1518.0          1.0000
1519.0          1.0000
1520.0          1.0000
1521.0          1.0000
1522.0          1.0000
1523.0          1.0000
1524.0          1.0000
1525.0          1.0000
1526.0          1.0000
1527.0          1.0000
1528.0          1.0000
1529.0          1.0000
1530.0          1.0000
1531.0          1.0000
1532.0          1.0000
1533.0          1.0000
1534.0          1.0000
1535.0          1.0000
1536.0          1.0000
1537.0          1.0000
1538.0          1.0000
1539.0          1.0000
1540.0          1.0000
1541.0          1.0000
1542.0          1.0000
1543.0          1.0000
1544.0          1.0000
1545.0          1.0000
1546.0          1.0000
1547.0          1.0000
1548.0          1.0000
1549.0          1.0000
1550.0          1.0000
1551.0          1.0000
1552.0          1.0000
1553.0          1.0000
1554.0          1.0000
1555.0          1.0000
1556.0          1.0000
1557.0          1.0000
1558.0          1.0000
1559.0          1.0000
1560.0          1.0000
1561.0          1.0000
1562.0          1.0000
1563.0          1.0000
1564.0          1.0000
1565.0          1.0000
1566.0          1.0000
1567.0          1.0000
1568.0          1.0000
1569.0          1.0000
1570.0          1.0000
1571.0          1.0000
1572.0          1.0000
1573.0          1.0000
1574.0          1.0000
1575.0          1.0000
1576.0          1.0000
1577.0          1.0000
1578.0          1.0000
1579.0          1.0000
1580.0          1.0000
1581.0          1.0000
1582.0          1.0000
1583.0          1.0000
1584.0          1.0000
1585.0          1.0000
1586.0          1.0000
1587.0          1.0000
1588.0          1.0000
1589.0          1.0000
1590.0          1.0000
1591.0          1.0000
1592.0          1.0000
1593.0          1.0000
1594.0          1.0000
1595.0          1.0000
1596.0          1.0000
1597.0          1.0000
1598.0          1.0000
1599.0          1.0000
1600.0          1.0000
1601.0          1.0000
1602.0          1.0000
1603.0          1.0000
1604.0          1.0000
1605.0          1.0000
1606.0          1.0000
1607.0          1.0000
1608.0          1.0000
1609.0          1.0000
1610.0          1.0000
1611.0          1.0000
1612.0          1.0000
1613.0          1.0000
1614.0          1.0000
1615.0          1.0000
1616.0          1.0000
1617.0          1.0000
1618.0          1.0000
1619.0          1.0000
1620.0          1.0000
1621.0          1.0000
1622.0          1.0000
1623.0          1.0000
1624.0          1.0000
1625.0          1.0000
1626.0          1.0000
1627.0          1.0000
1628.0          1.0000
1629.0          1.0000
1630.0          1.0000
1631.0          1.0000
1632.0          1.0000
1633.0          1.0000
1634.0          1.0000
1635.0          1.0000
1636.0          1.0000
1637.0          1.0000
1638.0          1.0000
1639.0          1.0000
1640.0          1.0000
1641.0          1.0000
1642.0          1.0000
1643.0          1.0000
1644.0          1.0000
1645.0          1.0000
1646.0          1.0000
1647.0          1.0000
1648.0          1.0000
1649.0          1.0000
1650.0          1.0000
1400.0          1.5543E-15
1401.0          2.7756E-15
1402.0          -2.6645E-15
1403.0          3.5527E-15
1404.0          -3.5527E-15
1405.0          4.4409E-15
1406.0          4.2188E-15
1407.0          -1.1102E-15
1408.0          -1.1102E-15
1409.0          -1.1102E-15
1410.0          -2.8866E-15
1411.0          -1.3323E-15
1412.0          6.5503E-15
1413.0          -1.5543E-15
1414.0          4.9960E-15
1415.0          -3.1086E-15
1416.0          1.4211E-14
1417.0          2.1094E-15
1418.0          -1.7764E-15
1419.0          2.2204E-16
1420.0          -1.7764E-15
1421.0          1.0769E-14
1422.0          0.0000
1423.0          4.3299E-15
1424.0          5.6621E-15
1425.0          -6.4393E-15
1426.0          -1.9984E-15
1427.0          7.7716E-16
1428.0          -2.4425E-15
1429.0          -2.6645E-15
1430.0          5.8842E-15
1431.0          7.5495E-15
1432.0          4.9960E-14
1433.0          1.0880E-14
1434.0          6.1062E-15
1435.0          -3.1086E-15
1436.0          -7.1054E-15
1437.0          -2.6645E-15
1438.0          -2.2204E-15
1439.0          -2.6645E-15
1440.0          9.8810E-15
1441.0          6.8834E-15
1442.0          1.2101E-14
1443.0          -1.1102E-15
1444.0          8.6597E-15
1445.0          -1.7764E-15
1446.0          2.5535E-15
1447.0          -6.6613E-15
1448.0          -2.8866E-15
1449.0          -7.7716E-15
1450.0          8.6597E-15
1451.0          9.9920E-16
1452.0          1.9984E-15
1453.0          -3.1086E-15
1454.0          5.7732E-15
1455.0          -4.8850E-15
1456.0          -4.4409E-16
1457.0          -1.6431E-14
1458.0          1.3656E-14
1459.0          4.4409E-15
1460.0          -2.2204E-16
1461.0          -5.1070E-15
1462.0          7.7716E-15
1463.0          -6.8834E-15
1464.0          1.1657E-14
1465.0          5.6621E-15
1466.0          6.8834E-15
1467.0          -4.2188E-15
1468.0          -7.5495E-15
1469.0          -9.9920E-15
1470.0          3.1086E-15
1471.0          -3.3307E-15
1472.0          -7.5495E-15
1473.0          3.8858E-15
1474.0          0.0000
1475.0          2.6645E-15
1476.0          4.2188E-15
1477.0          6.6613E-16
1478.0          -7.1054E-15
1479.0          8.8818E-16
1480.0          8.8818E-16
1481.0          1.7764E-15
1482.0          3.7748E-15
1483.0          6.6613E-16
1484.0          3.3307E-15
1485.0          1.3323E-15
1486.0          -2.2204E-16
1487.0          2.5535E-15
1488.0          1.7764E-15
1489.0          6.2172E-15
1490.0          -6.6613E-16
1491.0          -1.1102E-15
1492.0          -1.3323E-15
1493.0          -6.6613E-16
1494.0          4.4409E-16
1495.0          -1.9984E-15
1496.0          1.3323E-15
1497.0          -8.8818E-16
1498.0          -3.7748E-15
1499.0          -1.3323E-15
1500.0          1.5543E-15
1501.0          4.4409E-16
1502.0          4.4409E-16
1503.0          2.2204E-15
1504.0          3.7748E-15
1505.0          -2.2204E-16
1506.0          -2.8866E-15
1507.0          -1.3323E-15
1508.0          7.7716E-16
1509.0          2.1094E-15
1510.0          1.9984E-15
1511.0          -8.8818E-16
1512.0          -1.1102E-15
1513.0          1.1102E-15
1514.0          0.0000
1515.0          -3.1086E-15
1516.0          1.1102E-15
1517.0          0.0000
1518.0          4.4409E-15
1519.0          2.4425E-15
1520.0          -2.2204E-16
1521.0          -1.1102E-15
1522.0          4.4409E-16
1523.0          -1.1102E-15
1524.0          6.6613E-16
1525.0          5.5511E-15
1526.0          4.4409E-16
1527.0          -4.4409E-16
1528.0          2.2204E-16
1529.0          0.0000
1530.0          -4.4409E-15
1531.0          -1.1102E-15
1532.0          3.5527E-15
1533.0          1.3323E-15
1534.0          -8.8818E-16
1535.0          1.7764E-15
1536.0          2.9976E-15
1537.0          -3.9968E-15
1538.0          -8.8818E-16
1539.0          -2.6645E-15
1540.0          -1.7764E-15
1541.0          -1.5543E-14
1542.0          5.3291E-15
1543.0          -1.9984E-15
1544.0          1.6653E-15
1545.0          -2.2204E-15
1546.0          -3.1086E-15
1547.0          -4.4409E-16
1548.0          5.1070E-15
1549.0          5.3291E-15
1550.0          1.1102E-15
1551.0          -1.5543E-15
1552.0          -2.6645E-15
1553.0          2.2204E-16
1554.0          -6.6613E-16
1555.0          1.3323E-15
1556.0          -2.4425E-15
1557.0          -2.4425E-15
1558.0          1.7764E-15
1559.0          -1.1102E-15
1560.0          3.7748E-15
1561.0          0.0000
1562.0          8.8818E-16
1563.0          -3.1086E-15
1564.0          1.5543E-15
1565.0          -6.6613E-16
1566.0          -4.4409E-16
1567.0          1.1102E-15
1568.0          3.1086E-15
1569.0          2.7756E-15
1570.0          -2.2204E-15
1571.0          3.9968E-15
1572.0          -1.3323E-15
1573.0          6.2172E-15
1574.0          1.2212E-15
1575.0          4.8850E-15
1576.0          -2.2204E-16
1577.0          2.6645E-15
1578.0          3.3307E-15
1579.0          -1.5543E-15
1580.0          -4.2188E-15
1581.0          4.4409E-16
1582.0          -1.7764E-15
1583.0          1.1102E-16
1584.0          1.4433E-15
1585.0          -2.2204E-16
1586.0          -2.4425E-15
1587.0          -3.1086E-15
1588.0          1.1102E-15
1589.0          6.6613E-16
1590.0          -1.5543E-15
1591.0          4.4409E-16
1592.0          4.4409E-16
1593.0          2.2204E-16
1594.0          -1.3323E-15
1595.0          -2.2204E-15
1596.0          -1.9984E-15
1597.0          -2.2204E-16
1598.0          -4.4409E-16
1599.0          6.6613E-16
1600.0          2.4425E-15
1601.0          -1.3323E-15
1602.0          -2.4425E-15
1603.0          -2.2204E-16
1604.0          -6.6613E-16
1605.0          -2.6645E-15
1606.0          8.8818E-16
1607.0          4.4409E-16
1608.0          -2.2204E-16
1609.0          -4.4409E-16
1610.0          -4.4409E-16
1611.0          2.3315E-15
1612.0          -8.8818E-16
1613.0          -8.8818E-16
1614.0          -1.3323E-15
1615.0          3.1086E-15
1616.0          0.0000
1617.0          -1.9984E-15
1618.0          -4.4409E-16
1619.0          7.7716E-16
1620.0          0.0000
1621.0          8.8818E-16
1622.0          -2.2204E-15
1623.0          0.0000
1624.0          1.5543E-15
1625.0          -8.8818E-16
1626.0          2.8866E-15
1627.0          -2.2204E-15
1628.0          2.8866E-15
1629.0          2.4425E-15
1630.0          -2.2204E-16
1631.0          -2.2204E-16
1632.0          6.6613E-16
1633.0          4.4409E-16
1634.0          -4.6629E-15
1635.0          -1.9984E-15
1636.0          -4.4409E-16
1637.0          4.7740E-15
1638.0          -2.4425E-15
1639.0          4.4409E-16
1640.0          2.2204E-16
1641.0          -1.9984E-15
1642.0          1.9984E-15
1643.0          3.1086E-15
1644.0          2.2204E-15
1645.0          2.1094E-15
1646.0          2.6645E-15
1647.0          -1.7764E-15
1648.0          -1.3323E-15
1649.0          -3.1086E-15
1650.0          0.0000
