1400.0          0.0093044
1401.0          0.0098082
1402.0          0.010326
1403.0          0.010857
1404.0          0.011401
1405.0          0.011959
1406.0          0.012531
1407.0          0.013116
1408.0          0.013714
1409.0          0.014326
1410.0          0.014951
1411.0          0.015589
1412.0          0.016241
1413.0          0.016905
1414.0          0.017582
1415.0          0.018272
1416.0          0.018975
1417.0          0.019691
1418.0          0.020419
1419.0          0.021160
1420.0          0.021913
1421.0          0.022679
1422.0          0.023457
1423.0          0.024247
1424.0          0.025049
1425.0          0.025863
1426.0          0.026688
1427.0          0.027526
1428.0          0.028375
1429.0          0.029236
1430.0          0.030107
1431.0          0.030991
1432.0          0.031885
1433.0          0.032790
1434.0          0.033706
1435.0          0.034633
1436.0          0.035570
1437.0          0.036518
1438.0          0.037476
1439.0          0.038444
1440.0          0.039423
1441.0          0.040411
1442.0          0.041409
1443.0          0.042417
1444.0          0.043434
1445.0          0.044460
1446.0          0.045496
1447.0          0.046541
1448.0          0.047594
1449.0          0.048657
1450.0          0.049728
1451.0          0.050807
1452.0          0.051895
1453.0          0.052991
1454.0          0.054094
1455.0          0.055206
1456.0          0.056325
1457.0          0.057452
1458.0          0.058586
1459.0          0.059728
1460.0          0.060876
1461.0          0.062031
1462.0          0.063193
1463.0          0.064362
1464.0          0.065537
1465.0          0.066718
1466.0          0.067905
1467.0          0.069098
1468.0          0.070297
1469.0          0.071502
1470.0          0.072712
1471.0          0.073927
1472.0          0.075148
1473.0          0.076373
1474.0          0.077603
1475.0          0.078838
1476.0          0.080078
1477.0          0.081321
1478.0          0.082569
1479.0          0.083821
1480.0          0.085077
1481.0          0.086336
1482.0          0.087599
1483.0          0.088866
1484.0          0.090135
1485.0          0.091408
1486.0          0.092684
1487.0          0.093962
1488.0          0.095243
1489.0          0.096527
1490.0          0.097812
1491.0          0.099100
1492.0          0.10039
1493.0          0.10168
1494.0          0.10298
1495.0          0.10427
1496.0          0.10557
1497.0          0.10686
1498.0          0.10816
1499.0          0.10946
1500.0          0.11076
1501.0          0.11207
1502.0          0.11337
1503.0          0.11467
1504.0          0.11597
1505.0          0.11727
1506.0          0.11858
1507.0          0.11988
1508.0          0.12118
1509.0          0.12248
1510.0          0.12378
1511.0          0.12508
1512.0          0.12638
1513.0          0.12768
1514.0          0.12898
1515.0          0.13027
1516.0          0.13157
1517.0          0.13286
1518.0          0.13415
1519.0          0.13544
1520.0          0.13672
1521.0          0.13801
1522.0          0.13929
1523.0          0.14057
1524.0          0.14185
1525.0          0.14312
1526.0          0.14439
1527.0          0.14566
1528.0          0.14693
1529.0          0.14819
1530.0          0.14945
1531.0          0.15071
1532.0          0.15196
1533.0          0.15321
1534.0          0.15445
1535.0          0.15569
1536.0          0.15693
1537.0          0.15816
1538.0          0.15939
1539.0          0.16061
1540.0          0.16183
1541.0          0.16304
1542.0          0.16425
1543.0          0.16545
1544.0          0.16665
1545.0          0.16784
1546.0          0.16903
1547.0          0.17021
1548.0          0.17138
1549.0          0.17255
1550.0          0.17372
1551.0          0.17487
1552.0          0.17602
1553.0          0.17717
1554.0          0.17830
1555.0          0.17943
1556.0          0.18056
1557.0          0.18167
1558.0          0.18278
1559.0          0.18388
1560.0          0.18497
1561.0          0.18606
1562.0          0.18714
1563.0          0.18821
1564.0          0.18927
1565.0          0.19032
1566.0          0.19136
1567.0          0.19240
1568.0          0.19342
1569.0          0.19444
1570.0          0.19544
1571.0          0.19644
1572.0          0.19742
1573.0          0.19840
1574.0          0.19937
1575.0          0.20032
1576.0          0.20127
1577.0          0.20220
1578.0          0.20312
1579.0          0.20403
1580.0          0.20493
1581.0          0.20581
1582.0          0.20669
1583.0          0.20755
1584.0          0.20839
1585.0          0.20923
1586.0          0.21005
1587.0          0.21085
1588.0          0.21164
1589.0          0.21242
1590.0          0.21318
1591.0          0.21393
1592.0          0.21466
1593.0          0.21537
1594.0          0.21607
1595.0          0.21674
1596.0          0.21741
1597.0          0.21805
1598.0          0.21867
1599.0          0.21928
1600.0          0.21986
1601.0          0.22042
1602.0          0.22097
1603.0          0.22149
1604.0          0.22198
1605.0          0.22246
1606.0          0.22291
1607.0          0.22333
1608.0          0.22373
1609.0          0.22411
1610.0          0.22445
1611.0          0.22477
1612.0          0.22506
1613.0          0.22531
1614.0          0.22554
1615.0          0.22573
1616.0          0.22588
1617.0          0.22601
1618.0          0.22609
1619.0          0.22613
1620.0          0.22614
1621.0          0.22610
1622.0          0.22601
1623.0          0.22589
1624.0          0.22571
1625.0          0.22548
1626.0          0.22520
1627.0          0.22486
1628.0          0.22446
1629.0          0.22401
1630.0          0.22348
1631.0          0.22289
1632.0          0.22223
1633.0          0.22149
1634.0          0.22067
1635.0          0.21976
1636.0          0.21877
1637.0          0.21768
1638.0          0.21648
1639.0          0.21518
1640.0          0.21376
1641.0          0.21222
1642.0          0.21055
1643.0          0.20873
1644.0          0.20677
1645.0          0.20464
1646.0          0.20233
1647.0          0.19984
1648.0          0.19715
1649.0          0.19424
1650.0          0.19109
1400.0          0.99070
1401.0          0.99019
1402.0          0.98967
1403.0          0.98914
1404.0          0.98860
1405.0          0.98804
1406.0          0.98747
1407.0          0.98688
1408.0          0.98629
1409.0          0.98567
1410.0          0.98505
1411.0          0.98441
1412.0          0.98376
1413.0          0.98310
1414.0          0.98242
1415.0          0.98173
1416.0          0.98102
1417.0          0.98031
1418.0          0.97958
1419.0          0.97884
1420.0          0.97809
1421.0          0.97732
1422.0          0.97654
1423.0          0.97575
1424.0          0.97495
1425.0          0.97414
1426.0          0.97331
1427.0          0.97247
1428.0          0.97162
1429.0          0.97076
1430.0          0.96989
1431.0          0.96901
1432.0          0.96812
1433.0          0.96721
1434.0          0.96629
1435.0          0.96537
1436.0          0.96443
1437.0          0.96348
1438.0          0.96252
1439.0          0.96156
1440.0          0.96058
1441.0          0.95959
1442.0          0.95859
1443.0          0.95758
1444.0          0.95657
1445.0          0.95554
1446.0          0.95450
1447.0          0.95346
1448.0          0.95241
1449.0          0.95134
1450.0          0.95027
1451.0          0.94919
1452.0          0.94811
1453.0          0.94701
1454.0          0.94591
1455.0          0.94479
1456.0          0.94367
1457.0          0.94255
1458.0          0.94141
1459.0          0.94027
1460.0          0.93912
1461.0          0.93797
1462.0          0.93681
1463.0          0.93564
1464.0          0.93446
1465.0          0.93328
1466.0          0.93209
1467.0          0.93090
1468.0          0.92970
1469.0          0.92850
1470.0          0.92729
1471.0          0.92607
1472.0          0.92485
1473.0          0.92363
1474.0          0.92240
1475.0          0.92116
1476.0          0.91992
1477.0          0.91868
1478.0          0.91743
1479.0          0.91618
1480.0          0.91492
1481.0          0.91366
1482.0          0.91240
1483.0          0.91113
1484.0          0.90986
1485.0          0.90859
1486.0          0.90732
1487.0          0.90604
1488.0          0.90476
1489.0          0.90347
1490.0          0.90219
1491.0          0.90090
1492.0          0.89961
1493.0          0.89832
1494.0          0.89702
1495.0          0.89573
1496.0          0.89443
1497.0          0.89314
1498.0          0.89184
1499.0          0.89054
1500.0          0.88924
1501.0          0.88793
1502.0          0.88663
1503.0          0.88533
1504.0          0.88403
1505.0          0.88273
1506.0          0.88142
1507.0          0.88012
1508.0          0.87882
1509.0          0.87752
1510.0          0.87622
1511.0          0.87492
1512.0          0.87362
1513.0          0.87232
1514.0          0.87102
1515.0          0.86973
1516.0          0.86843
1517.0          0.86714
1518.0          0.86585
1519.0          0.86456
1520.0          0.86328
1521.0          0.86199
1522.0          0.86071
1523.0          0.85943
1524.0          0.85815
1525.0          0.85688
1526.0          0.85561
1527.0          0.85434
1528.0          0.85307
1529.0          0.85181
1530.0          0.85055
1531.0          0.84929
1532.0          0.84804
1533.0          0.84679
1534.0          0.84555
1535.0          0.84431
1536.0          0.84307
1537.0          0.84184
1538.0          0.84061
1539.0          0.83939
1540.0          0.83817
1541.0          0.83696
1542.0          0.83575
1543.0          0.83455
1544.0          0.83335
1545.0          0.83216
1546.0          0.83097
1547.0          0.82979
1548.0          0.82862
1549.0          0.82745
1550.0          0.82628
1551.0          0.82513
1552.0          0.82398
1553.0          0.82283
1554.0          0.82170
1555.0          0.82057
1556.0          0.81944
1557.0          0.81833
1558.0          0.81722
1559.0          0.81612
1560.0          0.81503
1561.0          0.81394
1562.0          0.81286
1563.0          0.81179
1564.0          0.81073
1565.0          0.80968
1566.0          0.80864
1567.0          0.80760
1568.0          0.80658
1569.0          0.80556
1570.0          0.80456
1571.0          0.80356
1572.0          0.80258
1573.0          0.80160
1574.0          0.80063
1575.0          0.79968
1576.0          0.79873
1577.0          0.79780
1578.0          0.79688
1579.0          0.79597
1580.0          0.79507
1581.0          0.79419
1582.0          0.79331
1583.0          0.79245
1584.0          0.79161
1585.0          0.79077
1586.0          0.78995
1587.0          0.78915
1588.0          0.78836
1589.0          0.78758
1590.0          0.78682
1591.0          0.78607
1592.0          0.78534
1593.0          0.78463
1594.0          0.78393
1595.0          0.78326
1596.0          0.78259
1597.0          0.78195
1598.0          0.78133
1599.0          0.78072
1600.0          0.78014
1601.0          0.77958
1602.0          0.77903
1603.0          0.77851
1604.0          0.77802
1605.0          0.77754
1606.0          0.77709
1607.0          0.77667
1608.0          0.77627
1609.0          0.77589
1610.0          0.77555
1611.0          0.77523
1612.0          0.77494
1613.0          0.77469
1614.0          0.77446
1615.0          0.77427
1616.0          0.77412
1617.0          0.77399
1618.0          0.77391
1619.0          0.77387
1620.0          0.77386
1621.0          0.77390
1622.0          0.77399
1623.0          0.77411
1624.0          0.77429
1625.0          0.77452
1626.0          0.77480
1627.0          0.77514
1628.0          0.77554
1629.0          0.77599
1630.0          0.77652
1631.0          0.77711
1632.0          0.77777
1633.0          0.77851
1634.0          0.77933
1635.0          0.78024
1636.0          0.78123
1637.0          0.78232
1638.0          0.78352
1639.0          0.78482
1640.0          0.78624
1641.0          0.78778
1642.0          0.78945
1643.0          0.79127
1644.0          0.79323
1645.0          0.79536
1646.0          0.79767
1647.0          0.80016
1648.0          0.80285
1649.0          0.80576
1650.0          0.80891
1400.0          1.0000
1401.0          1.0000
1402.0          1.0000
1403.0          1.0000
1404.0          1.0000
1405.0          1.0000
1406.0          1.0000
1407.0          1.0000
1408.0          1.0000
1409.0          1.0000
1410.0          1.0000
1411.0          1.0000
1412.0          1.0000
1413.0          1.0000
1414.0          1.0000
1415.0          1.0000
1416.0          1.0000
1417.0          1.0000
1418.0          1.0000
1419.0          1.0000
1420.0          1.0000
1421.0          1.0000
1422.0          1.0000
1423.0          1.0000
1424.0          1.0000
1425.0          1.0000
1426.0          1.0000
1427.0          1.0000
1428.0          1.0000
1429.0          1.0000
1430.0          1.0000
1431.0          1.0000
1432.0          1.0000
1433.0          1.0000
1434.0          1.0000
1435.0          1.0000
1436.0          1.0000
1437.0          1.0000
1438.0          1.0000
1439.0          1.0000
1440.0          1.0000
1441.0          1.0000
1442.0          1.0000
1443.0          1.0000
1444.0          1.0000
1445.0          1.0000
1446.0          1.0000
1447.0          1.0000
1448.0          1.0000
1449.0          1.0000
1450.0          1.0000
1451.0          1.0000
1452.0          1.0000
1453.0          1.0000
1454.0          1.0000
1455.0          1.0000
1456.0          1.0000
1457.0          1.0000
1458.0          1.0000
1459.0          1.0000
1460.0          1.0000
1461.0          1.0000
1462.0          1.0000
1463.0          1.0000
1464.0          1.0000
1465.0          1.0000
1466.0          1.0000
1467.0          1.0000
1468.0          1.0000
1469.0          1.0000
1470.0          1.0000
1471.0          1.0000
1472.0          1.0000
1473.0          1.0000
1474.0          1.0000
1475.0          1.0000
1476.0          1.0000
1477.0          1.0000
1478.0          1.0000
1479.0          1.0000
1480.0          1.0000
1481.0          1.0000
1482.0          1.0000
1483.0          1.0000
1484.0          1.0000
1485.0          1.0000
1486.0          1.0000
1487.0          1.0000
1488.0          1.0000
1489.0          1.0000
1490.0          1.0000
1491.0          1.0000
1492.0          1.0000
1493.0          1.0000
1494.0          1.0000
1495.0          1.0000
1496.0          1.0000
1497.0          1.0000
1498.0          1.0000
1499.0          1.0000
1500.0          1.0000
1501.0          1.0000
1502.0          1.0000
1503.0          1.0000
1504.0          1.0000
1505.0          1.0000
1506.0          1.0000
1507.0          1.0000
1508.0          1.0000
1509.0          1.0000
1510.0          1.0000
1511.0          1.0000
1512.0          1.0000
1513.0          1.0000
1514.0          1.0000
1515.0          1.0000
1516.0          1.0000
1517.0          1.0000
1518.0          1.0000
1519.0          1.0000
1520.0          1.0000
1521.0          1.0000
1522.0          1.0000
1523.0          1.0000
1524.0          1.0000
1525.0          1.0000
1526.0          1.0000
1527.0          1.0000
1528.0          1.0000
1529.0          1.0000
1530.0          1.0000
1531.0          1.0000
1532.0          1.0000
1533.0          1.0000
1534.0          1.0000
1535.0          1.0000
1536.0          1.0000
1537.0          1.0000
1538.0          1.0000
1539.0          1.0000
1540.0          1.0000
1541.0          1.0000
1542.0          1.0000
1543.0          1.0000
1544.0          1.0000
1545.0          1.0000
1546.0          1.0000
1547.0          1.0000
1548.0          1.0000
1549.0          1.0000
1550.0          1.0000
1551.0          1.0000
1552.0          1.0000
1553.0          1.0000
1554.0          1.0000
1555.0          1.0000
1556.0          1.0000
1557.0          1.0000
1558.0          1.0000
1559.0          1.0000
1560.0          1.0000
1561.0          1.0000
1562.0          1.0000
1563.0          1.0000
1564.0          1.0000
1565.0          1.0000
1566.0          1.0000
1567.0          1.0000
1568.0          1.0000
1569.0          1.0000
1570.0          1.0000
1571.0          1.0000
1572.0          1.0000
1573.0          1.0000
1574.0          1.0000
1575.0          1.0000
1576.0          1.0000
1577.0          1.0000
1578.0          1.0000
1579.0          1.0000
1580.0          1.0000
1581.0          1.0000
1582.0          1.0000
1583.0          1.0000
1584.0          1.0000
1585.0          1.0000
1586.0          1.0000
1587.0          1.0000
1588.0          1.0000
1589.0          1.0000
1590.0          1.0000
1591.0          1.0000
1592.0          1.0000
1593.0          1.0000
1594.0          1.0000
1595.0          1.0000
1596.0          1.0000
1597.0          1.0000
1598.0          1.0000
1599.0          1.0000
1600.0          1.0000
1601.0          1.0000
1602.0          1.0000
1603.0          1.0000
1604.0          1.0000
1605.0          1.0000
1606.0          1.0000
1607.0          1.0000
1608.0          1.0000
1609.0          1.0000
1610.0          1.0000
1611.0          1.0000
1612.0          1.0000
1613.0          1.0000
1614.0          1.0000
1615.0          1.0000
1616.0          1.0000
1617.0          1.0000
1618.0          1.0000
1619.0          1.0000
1620.0          1.0000
1621.0          1.0000
1622.0          1.0000
1623.0          1.0000
1624.0          1.0000
1625.0          1.0000
1626.0          1.0000
1627.0          1.0000
1628.0          1.0000
1629.0          1.0000
1630.0          1.0000
1631.0          1.0000
1632.0          1.0000
1633.0          1.0000
1634.0          1.0000
1635.0          1.0000
1636.0          1.0000
1637.0          1.0000
1638.0          1.0000
1639.0          1.0000
1640.0          1.0000
1641.0          1.0000
1642.0          1.0000
1643.0          1.0000
1644.0          1.0000
1645.0          1.0000
1646.0          1.0000
1647.0          1.0000
1648.0          1.0000
1649.0          1.0000
1650.0          1.0000
1400.0          4.5519E-15
1401.0          -2.6645E-15
1402.0          -3.9968E-15
1403.0          7.1054E-15
1404.0          -2.4425E-15
1405.0          -1.1102E-15
1406.0          1.1102E-15
1407.0          1.6653E-15
1408.0          4.6629E-15
1409.0          -2.2204E-16
1410.0          4.4409E-16
1411.0          -1.5543E-15
1412.0          7.5495E-15
1413.0          -3.1086E-15
1414.0          -3.7748E-15
1415.0          5.2180E-15
1416.0          -2.2204E-16
1417.0          3.2196E-15
1418.0          3.7748E-15
1419.0          7.7716E-16
1420.0          -6.6613E-16
1421.0          1.7764E-15
1422.0          -2.2204E-15
1423.0          -1.1546E-14
1424.0          -4.2188E-15
1425.0          -1.0436E-14
1426.0          3.3307E-15
1427.0          -2.6645E-15
1428.0          -3.5527E-15
1429.0          -1.1102E-15
1430.0          2.6645E-15
1431.0          2.8866E-15
1432.0          0.0000
1433.0          9.9920E-16
1434.0          5.5511E-16
1435.0          -1.9984E-15
1436.0          -6.6613E-16
1437.0          -3.3307E-15
1438.0          1.7764E-15
1439.0          -4.6629E-15
1440.0          3.3307E-16
1441.0          -2.4425E-15
1442.0          6.6613E-16
1443.0          1.3323E-15
1444.0          0.0000
1445.0          2.2204E-15
1446.0          4.7740E-15
1447.0          1.7764E-15
1448.0          -1.3323E-15
1449.0          1.4433E-15
1450.0          -2.2204E-15
1451.0          -4.2188E-15
1452.0          2.6645E-15
1453.0          5.1070E-15
1454.0          9.9920E-16
1455.0          -3.3307E-15
1456.0          -6.6613E-16
1457.0          -1.5543E-15
1458.0          2.6645E-15
1459.0          -2.8866E-15
1460.0          0.0000
1461.0          2.1094E-15
1462.0          -4.8850E-15
1463.0          2.9976E-15
1464.0          4.4409E-15
1465.0          1.9984E-15
1466.0          4.4409E-16
1467.0          2.5535E-15
1468.0          -1.1102E-15
1469.0          4.5519E-15
1470.0          8.8818E-16
1471.0          2.6645E-15
1472.0          -7.9936E-15
1473.0          -4.2188E-15
1474.0          -9.5479E-15
1475.0          -1.1102E-15
1476.0          5.6621E-15
1477.0          0.0000
1478.0          -8.4377E-15
1479.0          -2.2204E-15
1480.0          6.3283E-15
1481.0          -1.2434E-14
1482.0          -6.8834E-15
1483.0          -3.9968E-15
1484.0          -4.4409E-16
1485.0          1.4433E-15
1486.0          1.3323E-15
1487.0          -2.2204E-15
1488.0          -2.8866E-15
1489.0          4.5519E-15
1490.0          -1.3323E-15
1491.0          1.5543E-15
1492.0          -7.1054E-15
1493.0          5.5511E-16
1494.0          1.6653E-15
1495.0          -1.3323E-15
1496.0          8.8818E-16
1497.0          -2.2204E-16
1498.0          3.3307E-15
1499.0          -5.5511E-15
1500.0          -2.2204E-15
1501.0          -4.6629E-15
1502.0          1.9984E-15
1503.0          1.1102E-16
1504.0          4.9960E-15
1505.0          -6.6613E-16
1506.0          -4.2188E-15
1507.0          1.4433E-15
1508.0          2.5535E-15
1509.0          2.1094E-15
1510.0          2.2204E-16
1511.0          2.2204E-16
1512.0          1.5543E-15
1513.0          -2.6645E-15
1514.0          3.3307E-16
1515.0          -4.4409E-16
1516.0          2.8866E-15
1517.0          3.1086E-15
1518.0          6.6613E-16
1519.0          4.4409E-16
1520.0          3.5527E-15
1521.0          -1.3323E-15
1522.0          -4.2188E-15
1523.0          7.7716E-16
1524.0          7.7716E-16
1525.0          -8.8818E-16
1526.0          -3.5527E-15
1527.0          -4.4409E-16
1528.0          8.7708E-15
1529.0          6.2172E-15
1530.0          1.6653E-14
1531.0          4.9960E-15
1532.0          -2.2204E-15
1533.0          1.9984E-15
1534.0          -1.5543E-15
1535.0          5.8842E-15
1536.0          2.2204E-16
1537.0          -1.3323E-15
1538.0          1.7764E-15
1539.0          1.7764E-15
1540.0          2.1094E-15
1541.0          4.8850E-15
1542.0          1.7764E-15
1543.0          -2.6645E-15
1544.0          -4.4409E-16
1545.0          2.4425E-15
1546.0          0.0000
1547.0          6.6613E-16
1548.0          8.8818E-16
1549.0          3.1086E-15
1550.0          1.7764E-15
1551.0          3.5527E-15
1552.0          2.9976E-15
1553.0          6.6613E-16
1554.0          1.7764E-15
1555.0          1.1102E-15
1556.0          6.2172E-15
1557.0          2.2204E-15
1558.0          5.5511E-16
1559.0          1.3323E-15
1560.0          2.6645E-15
1561.0          -2.4425E-15
1562.0          8.8818E-16
1563.0          -2.2204E-16
1564.0          -8.8818E-16
1565.0          0.0000
1566.0          2.2204E-15
1567.0          -2.6645E-15
1568.0          5.5511E-16
1569.0          0.0000
1570.0          -1.3323E-15
1571.0          -6.6613E-16
1572.0          -2.2204E-16
1573.0          -2.8866E-15
1574.0          2.7756E-15
1575.0          5.4401E-15
1576.0          6.6613E-16
1577.0          6.6613E-16
1578.0          1.1102E-15
1579.0          -6.6613E-16
1580.0          3.3307E-16
1581.0          1.8874E-15
1582.0          1.7764E-15
1583.0          4.8850E-15
1584.0          -3.5527E-15
1585.0          -2.6645E-15
1586.0          2.5535E-15
1587.0          3.8858E-15
1588.0          1.5543E-15
1589.0          2.8866E-15
1590.0          -5.3291E-15
1591.0          4.4409E-16
1592.0          -1.3323E-15
1593.0          0.0000
1594.0          2.2204E-16
1595.0          1.4433E-15
1596.0          1.1102E-15
1597.0          -1.3323E-15
1598.0          6.3283E-15
1599.0          -1.1102E-15
1600.0          7.7716E-16
1601.0          -3.3307E-15
1602.0          -2.2204E-16
1603.0          -1.5543E-15
1604.0          4.4409E-16
1605.0          -8.8818E-16
1606.0          -2.4425E-15
1607.0          -8.8818E-16
1608.0          1.5543E-15
1609.0          0.0000
1610.0          -1.7764E-15
1611.0          -1.7764E-15
1612.0          -1.3323E-15
1613.0          -3.9968E-15
1614.0          4.4409E-16
1615.0          7.7716E-16
1616.0          1.1102E-15
1617.0          6.6613E-16
1618.0          1.7764E-15
1619.0          -8.8818E-16
1620.0          3.7748E-15
1621.0          0.0000
1622.0          7.7716E-16
1623.0          1.8874E-15
1624.0          -4.4409E-16
1625.0          6.6613E-16
1626.0          -1.3323E-15
1627.0          -2.2204E-15
1628.0          1.9984E-15
1629.0          0.0000
1630.0          2.4425E-15
1631.0          4.2188E-15
1632.0          -1.9984E-15
1633.0          2.2204E-15
1634.0          2.4425E-15
1635.0          1.1102E-15
1636.0          1.6653E-15
1637.0          -1.1102E-15
1638.0          2.1094E-15
1639.0          6.6613E-16
1640.0          2.2204E-16
1641.0          0.0000
1642.0          -4.4409E-16
1643.0          -8.8818E-16
1644.0          -2.2204E-16
1645.0          -8.8818E-16
1646.0          3.3307E-16
1647.0          -2.2204E-16
1648.0          -3.5527E-15
1649.0          -8.8818E-16
1650.0          2.1094E-15
