1400.0          0.051572
1401.0          0.050964
1402.0          0.050370
1403.0          0.049792
1404.0          0.049230
1405.0          0.048682
1406.0          0.048149
1407.0          0.047631
1408.0          0.047128
1409.0          0.046639
1410.0          0.046165
1411.0          0.045706
1412.0          0.045261
1413.0          0.044831
1414.0          0.044415
1415.0          0.044013
1416.0          0.043625
1417.0          0.043251
1418.0          0.042891
1419.0          0.042545
1420.0          0.042212
1421.0          0.041893
1422.0          0.041588
1423.0          0.041296
1424.0          0.041017
1425.0          0.040751
1426.0          0.040498
1427.0          0.040259
1428.0          0.040032
1429.0          0.039817
1430.0          0.039615
1431.0          0.039426
1432.0          0.039249
1433.0          0.039084
1434.0          0.038931
1435.0          0.038790
1436.0          0.038661
1437.0          0.038543
1438.0          0.038437
1439.0          0.038342
1440.0          0.038259
1441.0          0.038186
1442.0          0.038125
1443.0          0.038074
1444.0          0.038034
1445.0          0.038005
1446.0          0.037985
1447.0          0.037976
1448.0          0.037977
1449.0          0.037988
1450.0          0.038008
1451.0          0.038038
1452.0          0.038078
1453.0          0.038126
1454.0          0.038184
1455.0          0.038251
1456.0          0.038326
1457.0          0.038410
1458.0          0.038502
1459.0          0.038602
1460.0          0.038710
1461.0          0.038826
1462.0          0.038950
1463.0          0.039081
1464.0          0.039220
1465.0          0.039365
1466.0          0.039518
1467.0          0.039676
1468.0          0.039842
1469.0          0.040014
1470.0          0.040191
1471.0          0.040375
1472.0          0.040564
1473.0          0.040759
1474.0          0.040959
1475.0          0.041164
1476.0          0.041373
1477.0          0.041587
1478.0          0.041806
1479.0          0.042028
1480.0          0.042255
1481.0          0.042485
1482.0          0.042718
1483.0          0.042954
1484.0          0.043194
1485.0          0.043435
1486.0          0.043680
1487.0          0.043926
1488.0          0.044174
1489.0          0.044423
1490.0          0.044674
1491.0          0.044926
1492.0          0.045178
1493.0          0.045430
1494.0          0.045683
1495.0          0.045935
1496.0          0.046187
1497.0          0.046438
1498.0          0.046687
1499.0          0.046935
1500.0          0.047181
1501.0          0.047425
1502.0          0.047666
1503.0          0.047904
1504.0          0.048139
1505.0          0.048370
1506.0          0.048596
1507.0          0.048818
1508.0          0.049035
1509.0          0.049247
1510.0          0.049452
1511.0          0.049651
1512.0          0.049843
1513.0          0.050028
1514.0          0.050205
1515.0          0.050374
1516.0          0.050534
1517.0          0.050684
1518.0          0.050825
1519.0          0.050954
1520.0          0.051073
1521.0          0.051180
1522.0          0.051274
1523.0          0.051356
1524.0          0.051423
1525.0          0.051476
1526.0          0.051514
1527.0          0.051537
1528.0          0.051542
1529.0          0.051530
1530.0          0.051500
1531.0          0.051450
1532.0          0.051381
1533.0          0.051291
1534.0          0.051179
1535.0          0.051044
1536.0          0.050886
1537.0          0.050703
1538.0          0.050494
1539.0          0.050259
1540.0          0.049995
1541.0          0.049703
1542.0          0.049381
1543.0          0.049027
1544.0          0.048642
1545.0          0.048223
1546.0          0.047770
1547.0          0.047281
1548.0          0.046755
1549.0          0.046192
1550.0          0.045591
1551.0          0.044950
1552.0          0.044269
1553.0          0.043548
1554.0          0.042786
1555.0          0.041983
1556.0          0.041140
1557.0          0.040257
1558.0          0.039336
1559.0          0.038379
1560.0          0.037388
1561.0          0.036368
1562.0          0.035324
1563.0          0.034264
1564.0          0.033196
1565.0          0.032132
1566.0          0.031088
1567.0          0.030083
1568.0          0.029142
1569.0          0.028296
1570.0          0.027584
1571.0          0.027057
1572.0          0.026780
1573.0          0.026832
1574.0          0.027317
1575.0          0.028367
1576.0          0.030150
1577.0          0.032881
1578.0          0.036836
1579.0          0.042367
1580.0          0.049930
1581.0          0.060103
1582.0          0.073626
1583.0          0.091434
1584.0          0.11469
1585.0          0.14480
1586.0          0.18341
1587.0          0.23230
1588.0          0.29318
1589.0          0.36721
1590.0          0.45436
1591.0          0.55254
1592.0          0.65687
1593.0          0.75971
1594.0          0.85184
1595.0          0.92485
1596.0          0.97352
1597.0          0.99694
1598.0          0.99801
1599.0          0.98178
1600.0          0.95374
1601.0          0.91872
1602.0          0.88042
1603.0          0.84143
1604.0          0.80339
1605.0          0.76726
1606.0          0.73351
1607.0          0.70235
1608.0          0.67377
1609.0          0.64766
1610.0          0.62386
1611.0          0.60219
1612.0          0.58246
1613.0          0.56448
1614.0          0.54809
1615.0          0.53311
1616.0          0.51942
1617.0          0.50688
1618.0          0.49538
1619.0          0.48481
1620.0          0.47508
1621.0          0.46612
1622.0          0.45785
1623.0          0.45020
1624.0          0.44312
1625.0          0.43656
1626.0          0.43047
1627.0          0.42482
1628.0          0.41956
1629.0          0.41467
1630.0          0.41010
1631.0          0.40585
1632.0          0.40188
1633.0          0.39818
1634.0          0.39471
1635.0          0.39148
1636.0          0.38845
1637.0          0.38561
1638.0          0.38296
1639.0          0.38048
1640.0          0.37815
1641.0          0.37597
1642.0          0.37393
1643.0          0.37202
1644.0          0.37022
1645.0          0.36855
1646.0          0.36698
1647.0          0.36551
1648.0          0.36413
1649.0          0.36285
1650.0          0.36164
1400.0          0.94843
1401.0          0.94904
1402.0          0.94963
1403.0          0.95021
1404.0          0.95077
1405.0          0.95132
1406.0          0.95185
1407.0          0.95237
1408.0          0.95287
1409.0          0.95336
1410.0          0.95383
1411.0          0.95429
1412.0          0.95474
1413.0          0.95517
1414.0          0.95559
1415.0          0.95599
1416.0          0.95638
1417.0          0.95675
1418.0          0.95711
1419.0          0.95746
1420.0          0.95779
1421.0          0.95811
1422.0          0.95841
1423.0          0.95870
1424.0          0.95898
1425.0          0.95925
1426.0          0.95950
1427.0          0.95974
1428.0          0.95997
1429.0          0.96018
1430.0          0.96038
1431.0          0.96057
1432.0          0.96075
1433.0          0.96092
1434.0          0.96107
1435.0          0.96121
1436.0          0.96134
1437.0          0.96146
1438.0          0.96156
1439.0          0.96166
1440.0          0.96174
1441.0          0.96181
1442.0          0.96188
1443.0          0.96193
1444.0          0.96197
1445.0          0.96200
1446.0          0.96201
1447.0          0.96202
1448.0          0.96202
1449.0          0.96201
1450.0          0.96199
1451.0          0.96196
1452.0          0.96192
1453.0          0.96187
1454.0          0.96182
1455.0          0.96175
1456.0          0.96167
1457.0          0.96159
1458.0          0.96150
1459.0          0.96140
1460.0          0.96129
1461.0          0.96117
1462.0          0.96105
1463.0          0.96092
1464.0          0.96078
1465.0          0.96063
1466.0          0.96048
1467.0          0.96032
1468.0          0.96016
1469.0          0.95999
1470.0          0.95981
1471.0          0.95962
1472.0          0.95944
1473.0          0.95924
1474.0          0.95904
1475.0          0.95884
1476.0          0.95863
1477.0          0.95841
1478.0          0.95819
1479.0          0.95797
1480.0          0.95775
1481.0          0.95752
1482.0          0.95728
1483.0          0.95705
1484.0          0.95681
1485.0          0.95656
1486.0          0.95632
1487.0          0.95607
1488.0          0.95583
1489.0          0.95558
1490.0          0.95533
1491.0          0.95507
1492.0          0.95482
1493.0          0.95457
1494.0          0.95432
1495.0          0.95406
1496.0          0.95381
1497.0          0.95356
1498.0          0.95331
1499.0          0.95306
1500.0          0.95282
1501.0          0.95257
1502.0          0.95233
1503.0          0.95210
1504.0          0.95186
1505.0          0.95163
1506.0          0.95140
1507.0          0.95118
1508.0          0.95096
1509.0          0.95075
1510.0          0.95055
1511.0          0.95035
1512.0          0.95016
1513.0          0.94997
1514.0          0.94979
1515.0          0.94963
1516.0          0.94947
1517.0          0.94932
1518.0          0.94918
1519.0          0.94905
1520.0          0.94893
1521.0          0.94882
1522.0          0.94873
1523.0          0.94864
1524.0          0.94858
1525.0          0.94852
1526.0          0.94849
1527.0          0.94846
1528.0          0.94846
1529.0          0.94847
1530.0          0.94850
1531.0          0.94855
1532.0          0.94862
1533.0          0.94871
1534.0          0.94882
1535.0          0.94896
1536.0          0.94911
1537.0          0.94930
1538.0          0.94951
1539.0          0.94974
1540.0          0.95000
1541.0          0.95030
1542.0          0.95062
1543.0          0.95097
1544.0          0.95136
1545.0          0.95178
1546.0          0.95223
1547.0          0.95272
1548.0          0.95324
1549.0          0.95381
1550.0          0.95441
1551.0          0.95505
1552.0          0.95573
1553.0          0.95645
1554.0          0.95721
1555.0          0.95802
1556.0          0.95886
1557.0          0.95974
1558.0          0.96066
1559.0          0.96162
1560.0          0.96261
1561.0          0.96363
1562.0          0.96468
1563.0          0.96574
1564.0          0.96680
1565.0          0.96787
1566.0          0.96891
1567.0          0.96992
1568.0          0.97086
1569.0          0.97170
1570.0          0.97242
1571.0          0.97294
1572.0          0.97322
1573.0          0.97317
1574.0          0.97268
1575.0          0.97163
1576.0          0.96985
1577.0          0.96712
1578.0          0.96316
1579.0          0.95763
1580.0          0.95007
1581.0          0.93990
1582.0          0.92637
1583.0          0.90857
1584.0          0.88531
1585.0          0.85520
1586.0          0.81659
1587.0          0.76770
1588.0          0.70682
1589.0          0.63279
1590.0          0.54564
1591.0          0.44746
1592.0          0.34313
1593.0          0.24029
1594.0          0.14816
1595.0          0.075146
1596.0          0.026483
1597.0          0.0030625
1598.0          0.0019875
1599.0          0.018217
1600.0          0.046257
1601.0          0.081280
1602.0          0.11958
1603.0          0.15857
1604.0          0.19661
1605.0          0.23274
1606.0          0.26649
1607.0          0.29765
1608.0          0.32623
1609.0          0.35234
1610.0          0.37614
1611.0          0.39781
1612.0          0.41754
1613.0          0.43552
1614.0          0.45191
1615.0          0.46689
1616.0          0.48058
1617.0          0.49312
1618.0          0.50462
1619.0          0.51519
1620.0          0.52492
1621.0          0.53388
1622.0          0.54215
1623.0          0.54980
1624.0          0.55688
1625.0          0.56344
1626.0          0.56953
1627.0          0.57518
1628.0          0.58044
1629.0          0.58533
1630.0          0.58990
1631.0          0.59415
1632.0          0.59812
1633.0          0.60182
1634.0          0.60529
1635.0          0.60852
1636.0          0.61155
1637.0          0.61439
1638.0          0.61704
1639.0          0.61952
1640.0          0.62185
1641.0          0.62403
1642.0          0.62607
1643.0          0.62798
1644.0          0.62978
1645.0          0.63145
1646.0          0.63302
1647.0          0.63449
1648.0          0.63587
1649.0          0.63715
1650.0          0.63836
1400.0          1.0000
1401.0          1.0000
1402.0          1.0000
1403.0          1.0000
1404.0          1.0000
1405.0          1.0000
1406.0          1.0000
1407.0          1.0000
1408.0          1.0000
1409.0          1.0000
1410.0          1.0000
1411.0          1.0000
1412.0          1.0000
1413.0          1.0000
1414.0          1.0000
1415.0          1.0000
1416.0          1.0000
1417.0          1.0000
1418.0          1.0000
1419.0          1.0000
1420.0          1.0000
1421.0          1.0000
1422.0          1.0000
1423.0          1.0000
1424.0          1.0000
1425.0          1.0000
1426.0          1.0000
1427.0          1.0000
1428.0          1.0000
1429.0          1.0000
1430.0          1.0000
1431.0          1.0000
1432.0          1.0000
1433.0          1.0000
1434.0          1.0000
1435.0          1.0000
1436.0          1.0000
1437.0          1.0000
1438.0          1.0000
1439.0          1.0000
1440.0          1.0000
1441.0          1.0000
1442.0          1.0000
1443.0          1.0000
1444.0          1.0000
1445.0          1.0000
1446.0          1.0000
1447.0          1.0000
1448.0          1.0000
1449.0          1.0000
1450.0          1.0000
1451.0          1.0000
1452.0          1.0000
1453.0          1.0000
1454.0          1.0000
1455.0          1.0000
1456.0          1.0000
1457.0          1.0000
1458.0          1.0000
1459.0          1.0000
1460.0          1.0000
1461.0          1.0000
1462.0          1.0000
1463.0          1.0000
1464.0          1.0000
1465.0          1.0000
1466.0          1.0000
1467.0          1.0000
1468.0          1.0000
1469.0          1.0000
1470.0          1.0000
1471.0          1.0000
1472.0          1.0000
1473.0          1.0000
1474.0          1.0000
1475.0          1.0000
1476.0          1.0000
1477.0          1.0000
1478.0          1.0000
1479.0          1.0000
1480.0          1.0000
1481.0          1.0000
1482.0          1.0000
1483.0          1.0000
1484.0          1.0000
1485.0          1.0000
1486.0          1.0000
1487.0          1.0000
1488.0          1.0000
1489.0          1.0000
1490.0          1.0000
1491.0          1.0000
1492.0          1.0000
1493.0          1.0000
1494.0          1.0000
1495.0          1.0000
1496.0          1.0000
1497.0          1.0000
1498.0          1.0000
1499.0          1.0000
1500.0          1.0000
1501.0          1.0000
1502.0          1.0000
1503.0          1.0000
1504.0          1.0000
1505.0          1.0000
1506.0          1.0000
1507.0          1.0000
1508.0          1.0000
1509.0          1.0000
1510.0          1.0000
1511.0          1.0000
1512.0          1.0000
1513.0          1.0000
1514.0          1.0000
1515.0          1.0000
1516.0          1.0000
1517.0          1.0000
1518.0          1.0000
1519.0          1.0000
1520.0          1.0000
1521.0          1.0000
1522.0          1.0000
1523.0          1.0000
1524.0          1.0000
1525.0          1.0000
1526.0          1.0000
1527.0          1.0000
1528.0          1.0000
1529.0          1.0000
1530.0          1.0000
1531.0          1.0000
1532.0          1.0000
1533.0          1.0000
1534.0          1.0000
1535.0          1.0000
1536.0          1.0000
1537.0          1.0000
1538.0          1.0000
1539.0          1.0000
1540.0          1.0000
1541.0          1.0000
1542.0          1.0000
1543.0          1.0000
1544.0          1.0000
1545.0          1.0000
1546.0          1.0000
1547.0          1.0000
1548.0          1.0000
1549.0          1.0000
1550.0          1.0000
1551.0          1.0000
1552.0          1.0000
1553.0          1.0000
1554.0          1.0000
1555.0          1.0000
1556.0          1.0000
1557.0          1.0000
1558.0          1.0000
1559.0          1.0000
1560.0          1.0000
1561.0          1.0000
1562.0          1.0000
1563.0          1.0000
1564.0          1.0000
1565.0          1.0000
1566.0          1.0000
1567.0          1.0000
1568.0          1.0000
1569.0          1.0000
1570.0          1.0000
1571.0          1.0000
1572.0          1.0000
1573.0          1.0000
1574.0          1.0000
1575.0          1.0000
1576.0          1.0000
1577.0          1.0000
1578.0          1.0000
1579.0          1.0000
1580.0          1.0000
1581.0          1.0000
1582.0          1.0000
1583.0          1.0000
1584.0          1.0000
1585.0          1.0000
1586.0          1.0000
1587.0          1.0000
1588.0          1.0000
1589.0          1.0000
1590.0          1.0000
1591.0          1.0000
1592.0          1.0000
1593.0          1.0000
1594.0          1.0000
1595.0          1.0000
1596.0          1.0000
1597.0          1.0000
1598.0          1.0000
1599.0          1.0000
1600.0          1.0000
1601.0          1.0000
1602.0          1.0000
1603.0          1.0000
1604.0          1.0000
1605.0          1.0000
1606.0          1.0000
1607.0          1.0000
1608.0          1.0000
1609.0          1.0000
1610.0          1.0000
1611.0          1.0000
1612.0          1.0000
1613.0          1.0000
1614.0          1.0000
1615.0          1.0000
1616.0          1.0000
1617.0          1.0000
1618.0          1.0000
1619.0          1.0000
1620.0          1.0000
1621.0          1.0000
1622.0          1.0000
1623.0          1.0000
1624.0          1.0000
1625.0          1.0000
1626.0          1.0000
1627.0          1.0000
1628.0          1.0000
1629.0          1.0000
1630.0          1.0000
1631.0          1.0000
1632.0          1.0000
1633.0          1.0000
1634.0          1.0000
1635.0          1.0000
1636.0          1.0000
1637.0          1.0000
1638.0          1.0000
1639.0          1.0000
1640.0          1.0000
1641.0          1.0000
1642.0          1.0000
1643.0          1.0000
1644.0          1.0000
1645.0          1.0000
1646.0          1.0000
1647.0          1.0000
1648.0          1.0000
1649.0          1.0000
1650.0          1.0000
1400.0          -2.2204E-16
1401.0          -2.2204E-16
1402.0          -8.8818E-16
1403.0          8.8818E-16
1404.0          -1.7764E-15
1405.0          -3.1086E-15
1406.0          1.6653E-15
1407.0          1.2212E-15
1408.0          -6.6613E-16
1409.0          4.4409E-16
1410.0          1.7764E-15
1411.0          -6.6613E-16
1412.0          -8.8818E-16
1413.0          -1.7764E-15
1414.0          1.9984E-15
1415.0          3.3307E-16
1416.0          -8.8818E-16
1417.0          -6.6613E-16
1418.0          -1.1102E-15
1419.0          4.4409E-16
1420.0          -2.8866E-15
1421.0          -2.4425E-15
1422.0          1.3323E-15
1423.0          -1.1102E-15
1424.0          -1.1102E-15
1425.0          2.2204E-16
1426.0          2.2204E-15
1427.0          3.5527E-15
1428.0          -6.6613E-16
1429.0          -4.2188E-15
1430.0          -8.8818E-16
1431.0          8.8818E-16
1432.0          5.5511E-16
1433.0          -1.5543E-15
1434.0          -8.8818E-16
1435.0          -4.4409E-16
1436.0          -4.4409E-16
1437.0          -2.4425E-15
1438.0          0.0000
1439.0          1.2212E-15
1440.0          -8.8818E-16
1441.0          7.7716E-16
1442.0          1.1102E-15
1443.0          -2.2204E-16
1444.0          -6.6613E-16
1445.0          5.5511E-16
1446.0          1.2212E-15
1447.0          1.2212E-15
1448.0          -4.4409E-16
1449.0          -6.6613E-16
1450.0          -4.4409E-16
1451.0          -2.2204E-16
1452.0          -2.2204E-16
1453.0          -1.9984E-15
1454.0          -1.1102E-15
1455.0          0.0000
1456.0          -2.2204E-15
1457.0          -2.2204E-16
1458.0          -4.4409E-16
1459.0          8.8818E-16
1460.0          2.2204E-16
1461.0          -2.4425E-15
1462.0          1.2212E-15
1463.0          -2.2204E-16
1464.0          -2.4425E-15
1465.0          -2.2204E-16
1466.0          1.3323E-15
1467.0          -8.8818E-16
1468.0          7.7716E-16
1469.0          1.1102E-15
1470.0          -8.8818E-16
1471.0          1.6653E-15
1472.0          3.3307E-16
1473.0          5.5511E-16
1474.0          -6.6613E-16
1475.0          -2.2204E-16
1476.0          8.8818E-16
1477.0          -1.9984E-15
1478.0          4.4409E-16
1479.0          -4.4409E-16
1480.0          -3.3307E-15
1481.0          -8.8818E-16
1482.0          1.1102E-15
1483.0          -8.8818E-16
1484.0          -1.7764E-15
1485.0          3.3307E-16
1486.0          -8.8818E-16
1487.0          4.4409E-16
1488.0          -8.8818E-16
1489.0          -8.8818E-16
1490.0          -8.8818E-16
1491.0          5.5511E-16
1492.0          1.1102E-16
1493.0          -1.3323E-15
1494.0          -2.2204E-15
1495.0          1.5543E-15
1496.0          -4.4409E-16
1497.0          2.5535E-15
1498.0          -2.2204E-16
1499.0          3.9968E-15
1500.0          1.2212E-15
1501.0          1.5543E-15
1502.0          -3.3307E-15
1503.0          -1.3323E-15
1504.0          2.2204E-16
1505.0          0.0000
1506.0          -2.8866E-15
1507.0          6.6613E-16
1508.0          -1.7764E-15
1509.0          1.3323E-15
1510.0          1.1102E-16
1511.0          -1.9984E-15
1512.0          0.0000
1513.0          9.9920E-16
1514.0          -1.1102E-15
1515.0          -1.5543E-15
1516.0          4.9960E-15
1517.0          -8.8818E-16
1518.0          -7.5495E-15
1519.0          -1.9984E-15
1520.0          1.1102E-15
1521.0          -2.2204E-16
1522.0          2.5535E-15
1523.0          -4.4409E-16
1524.0          -6.6613E-16
1525.0          1.7764E-15
1526.0          -2.4425E-15
1527.0          -1.7764E-15
1528.0          -6.6613E-16
1529.0          -6.6613E-16
1530.0          -2.2204E-15
1531.0          0.0000
1532.0          -8.8818E-16
1533.0          2.5535E-15
1534.0          1.1102E-15
1535.0          -2.2204E-15
1536.0          -3.9968E-15
1537.0          -2.4425E-15
1538.0          -1.1102E-15
1539.0          -1.5543E-15
1540.0          8.8818E-16
1541.0          1.1102E-16
1542.0          -2.8866E-15
1543.0          0.0000
1544.0          -8.8818E-16
1545.0          -8.8818E-16
1546.0          -1.1102E-15
1547.0          -1.7764E-15
1548.0          1.6653E-15
1549.0          7.1054E-15
1550.0          -3.1086E-15
1551.0          -4.4409E-16
1552.0          7.7716E-16
1553.0          2.7756E-15
1554.0          1.1102E-16
1555.0          -4.4409E-16
1556.0          -2.6645E-15
1557.0          -3.7748E-15
1558.0          1.2212E-15
1559.0          -6.6613E-16
1560.0          9.9920E-16
1561.0          2.4425E-15
1562.0          -6.6613E-16
1563.0          3.6637E-15
1564.0          -3.3307E-15
1565.0          3.3307E-16
1566.0          -1.1102E-15
1567.0          0.0000
1568.0          -3.3307E-15
1569.0          -6.8834E-15
1570.0          -2.2204E-15
1571.0          -6.6613E-16
1572.0          7.7716E-16
1573.0          4.4409E-16
1574.0          -6.6613E-16
1575.0          1.3323E-15
1576.0          5.9952E-15
1577.0          -1.9984E-15
1578.0          -3.3307E-15
1579.0          5.7732E-15
1580.0          -6.6613E-15
1581.0          3.9968E-15
1582.0          -4.4409E-16
1583.0          2.2204E-16
1584.0          -1.1768E-14
1585.0          -3.1086E-15
1586.0          2.2204E-15
1587.0          8.2157E-15
1588.0          7.1054E-15
1589.0          -1.4211E-14
1590.0          2.8866E-15
1591.0          -1.1102E-15
1592.0          2.0872E-14
1593.0          1.8319E-14
1594.0          1.1213E-14
1595.0          -6.4393E-15
1596.0          -3.3307E-15
1597.0          -1.5543E-14
1598.0          2.3315E-15
1599.0          -1.1102E-14
1600.0          -1.1768E-14
1601.0          2.5535E-15
1602.0          -8.8818E-16
1603.0          -4.2188E-15
1604.0          2.6645E-15
1605.0          -3.7748E-15
1606.0          2.6645E-15
1607.0          3.8858E-15
1608.0          4.2188E-15
1609.0          -3.1086E-15
1610.0          -1.3323E-15
1611.0          2.2204E-15
1612.0          2.2204E-15
1613.0          0.0000
1614.0          1.1102E-15
1615.0          6.6613E-16
1616.0          -1.9984E-15
1617.0          3.3307E-16
1618.0          1.4433E-15
1619.0          1.7764E-15
1620.0          -2.2204E-16
1621.0          -4.2188E-15
1622.0          -1.5543E-15
1623.0          1.7764E-15
1624.0          -2.4425E-15
1625.0          1.5543E-15
1626.0          -2.4425E-15
1627.0          -2.6645E-15
1628.0          -1.1102E-15
1629.0          -1.3323E-15
1630.0          -2.4425E-15
1631.0          -3.7748E-15
1632.0          -1.9984E-15
1633.0          3.9968E-15
1634.0          -8.8818E-16
1635.0          2.8866E-15
1636.0          -1.3323E-15
1637.0          -3.3307E-15
1638.0          -8.8818E-16
1639.0          -2.2204E-15
1640.0          -1.1102E-15
1641.0          1.7764E-15
1642.0          2.2204E-16
1643.0          1.5543E-15
1644.0          -1.1102E-15
1645.0          -1.5543E-15
1646.0          -2.2204E-16
1647.0          -1.3323E-15
1648.0          1.5543E-15
1649.0          2.7756E-15
1650.0          -2.2204E-16
