1400.0          0.52180
1401.0          0.55136
1402.0          0.58418
1403.0          0.62046
1404.0          0.66034
1405.0          0.70375
1406.0          0.75032
1407.0          0.79923
1408.0          0.84899
1409.0          0.89725
1410.0          0.94069
1411.0          0.97512
1412.0          0.99588
1413.0          0.99877
1414.0          0.98113
1415.0          0.94285
1416.0          0.88659
1417.0          0.81726
1418.0          0.74070
1419.0          0.66245
1420.0          0.58686
1421.0          0.51677
1422.0          0.45371
1423.0          0.39815
1424.0          0.34990
1425.0          0.30839
1426.0          0.27289
1427.0          0.24262
1428.0          0.21684
1429.0          0.19488
1430.0          0.17614
1431.0          0.16013
1432.0          0.14642
1433.0          0.13465
1434.0          0.12452
1435.0          0.11577
1436.0          0.10820
1437.0          0.10163
1438.0          0.095921
1439.0          0.090940
1440.0          0.086588
1441.0          0.082778
1442.0          0.079436
1443.0          0.076502
1444.0          0.073922
1445.0          0.071650
1446.0          0.069650
1447.0          0.067887
1448.0          0.066334
1449.0          0.064965
1450.0          0.063761
1451.0          0.062703
1452.0          0.061774
1453.0          0.060962
1454.0          0.060254
1455.0          0.059640
1456.0          0.059110
1457.0          0.058656
1458.0          0.058271
1459.0          0.057949
1460.0          0.057685
1461.0          0.057472
1462.0          0.057308
1463.0          0.057188
1464.0          0.057108
1465.0          0.057065
1466.0          0.057058
1467.0          0.057082
1468.0          0.057137
1469.0          0.057219
1470.0          0.057328
1471.0          0.057461
1472.0          0.057618
1473.0          0.057796
1474.0          0.057995
1475.0          0.058213
1476.0          0.058450
1477.0          0.058705
1478.0          0.058977
1479.0          0.059264
1480.0          0.059568
1481.0          0.059885
1482.0          0.060218
1483.0          0.060564
1484.0          0.060923
1485.0          0.061295
1486.0          0.061679
1487.0          0.062076
1488.0          0.062484
1489.0          0.062904
1490.0          0.063334
1491.0          0.063776
1492.0          0.064227
1493.0          0.064690
1494.0          0.065162
1495.0          0.065644
1496.0          0.066136
1497.0          0.066637
1498.0          0.067147
1499.0          0.067667
1500.0          0.068195
1501.0          0.068732
1502.0          0.069278
1503.0          0.069833
1504.0          0.070395
1505.0          0.070966
1506.0          0.071545
1507.0          0.072132
1508.0          0.072727
1509.0          0.073329
1510.0          0.073939
1511.0          0.074557
1512.0          0.075182
1513.0          0.075814
1514.0          0.076454
1515.0          0.077100
1516.0          0.077754
1517.0          0.078414
1518.0          0.079082
1519.0          0.079756
1520.0          0.080437
1521.0          0.081124
1522.0          0.081818
1523.0          0.082518
1524.0          0.083224
1525.0          0.083937
1526.0          0.084655
1527.0          0.085380
1528.0          0.086111
1529.0          0.086847
1530.0          0.087589
1531.0          0.088337
1532.0          0.089091
1533.0          0.089850
1534.0          0.090614
1535.0          0.091384
1536.0          0.092159
1537.0          0.092940
1538.0          0.093725
1539.0          0.094516
1540.0          0.095311
1541.0          0.096111
1542.0          0.096917
1543.0          0.097726
1544.0          0.098541
1545.0          0.099360
1546.0          0.10018
1547.0          0.10101
1548.0          0.10184
1549.0          0.10268
1550.0          0.10352
1551.0          0.10437
1552.0          0.10521
1553.0          0.10607
1554.0          0.10692
1555.0          0.10778
1556.0          0.10865
1557.0          0.10952
1558.0          0.11039
1559.0          0.11126
1560.0          0.11214
1561.0          0.11302
1562.0          0.11390
1563.0          0.11479
1564.0          0.11568
1565.0          0.11658
1566.0          0.11747
1567.0          0.11837
1568.0          0.11927
1569.0          0.12018
1570.0          0.12109
1571.0          0.12199
1572.0          0.12291
1573.0          0.12382
1574.0          0.12474
1575.0          0.12566
1576.0          0.12658
1577.0          0.12750
1578.0          0.12843
1579.0          0.12935
1580.0          0.13028
1581.0          0.13121
1582.0          0.13214
1583.0          0.13308
1584.0          0.13401
1585.0          0.13495
1586.0          0.13589
1587.0          0.13683
1588.0          0.13777
1589.0          0.13871
1590.0          0.13965
1591.0          0.14059
1592.0          0.14154
1593.0          0.14248
1594.0          0.14343
1595.0          0.14437
1596.0          0.14532
1597.0          0.14626
1598.0          0.14721
1599.0          0.14816
1600.0          0.14911
1601.0          0.15005
1602.0          0.15100
1603.0          0.15195
1604.0          0.15289
1605.0          0.15384
1606.0          0.15479
1607.0          0.15573
1608.0          0.15668
1609.0          0.15762
1610.0          0.15856
1611.0          0.15950
1612.0          0.16045
1613.0          0.16139
1614.0          0.16232
1615.0          0.16326
1616.0          0.16420
1617.0          0.16513
1618.0          0.16606
1619.0          0.16700
1620.0          0.16792
1621.0          0.16885
1622.0          0.16978
1623.0          0.17070
1624.0          0.17162
1625.0          0.17254
1626.0          0.17345
1627.0          0.17436
1628.0          0.17527
1629.0          0.17617
1630.0          0.17708
1631.0          0.17797
1632.0          0.17887
1633.0          0.17976
1634.0          0.18065
1635.0          0.18153
1636.0          0.18241
1637.0          0.18328
1638.0          0.18415
1639.0          0.18501
1640.0          0.18587
1641.0          0.18672
1642.0          0.18757
1643.0          0.18841
1644.0          0.18924
1645.0          0.19007
1646.0          0.19089
1647.0          0.19170
1648.0          0.19250
1649.0          0.19330
1650.0          0.19409
1400.0          0.47820
1401.0          0.44864
1402.0          0.41582
1403.0          0.37954
1404.0          0.33966
1405.0          0.29625
1406.0          0.24968
1407.0          0.20077
1408.0          0.15101
1409.0          0.10275
1410.0          0.059305
1411.0          0.024884
1412.0          0.0041229
1413.0          0.0012331
1414.0          0.018867
1415.0          0.057153
1416.0          0.11341
1417.0          0.18274
1418.0          0.25930
1419.0          0.33755
1420.0          0.41314
1421.0          0.48323
1422.0          0.54629
1423.0          0.60185
1424.0          0.65010
1425.0          0.69161
1426.0          0.72711
1427.0          0.75738
1428.0          0.78316
1429.0          0.80512
1430.0          0.82386
1431.0          0.83987
1432.0          0.85358
1433.0          0.86535
1434.0          0.87548
1435.0          0.88423
1436.0          0.89180
1437.0          0.89837
1438.0          0.90408
1439.0          0.90906
1440.0          0.91341
1441.0          0.91722
1442.0          0.92056
1443.0          0.92350
1444.0          0.92608
1445.0          0.92835
1446.0          0.93035
1447.0          0.93211
1448.0          0.93367
1449.0          0.93503
1450.0          0.93624
1451.0          0.93730
1452.0          0.93823
1453.0          0.93904
1454.0          0.93975
1455.0          0.94036
1456.0          0.94089
1457.0          0.94134
1458.0          0.94173
1459.0          0.94205
1460.0          0.94232
1461.0          0.94253
1462.0          0.94269
1463.0          0.94281
1464.0          0.94289
1465.0          0.94293
1466.0          0.94294
1467.0          0.94292
1468.0          0.94286
1469.0          0.94278
1470.0          0.94267
1471.0          0.94254
1472.0          0.94238
1473.0          0.94220
1474.0          0.94200
1475.0          0.94179
1476.0          0.94155
1477.0          0.94129
1478.0          0.94102
1479.0          0.94074
1480.0          0.94043
1481.0          0.94011
1482.0          0.93978
1483.0          0.93944
1484.0          0.93908
1485.0          0.93871
1486.0          0.93832
1487.0          0.93792
1488.0          0.93752
1489.0          0.93710
1490.0          0.93667
1491.0          0.93622
1492.0          0.93577
1493.0          0.93531
1494.0          0.93484
1495.0          0.93436
1496.0          0.93386
1497.0          0.93336
1498.0          0.93285
1499.0          0.93233
1500.0          0.93180
1501.0          0.93127
1502.0          0.93072
1503.0          0.93017
1504.0          0.92960
1505.0          0.92903
1506.0          0.92845
1507.0          0.92787
1508.0          0.92727
1509.0          0.92667
1510.0          0.92606
1511.0          0.92544
1512.0          0.92482
1513.0          0.92419
1514.0          0.92355
1515.0          0.92290
1516.0          0.92225
1517.0          0.92159
1518.0          0.92092
1519.0          0.92024
1520.0          0.91956
1521.0          0.91888
1522.0          0.91818
1523.0          0.91748
1524.0          0.91678
1525.0          0.91606
1526.0          0.91534
1527.0          0.91462
1528.0          0.91389
1529.0          0.91315
1530.0          0.91241
1531.0          0.91166
1532.0          0.91091
1533.0          0.91015
1534.0          0.90939
1535.0          0.90862
1536.0          0.90784
1537.0          0.90706
1538.0          0.90627
1539.0          0.90548
1540.0          0.90469
1541.0          0.90389
1542.0          0.90308
1543.0          0.90227
1544.0          0.90146
1545.0          0.90064
1546.0          0.89982
1547.0          0.89899
1548.0          0.89816
1549.0          0.89732
1550.0          0.89648
1551.0          0.89563
1552.0          0.89479
1553.0          0.89393
1554.0          0.89308
1555.0          0.89222
1556.0          0.89135
1557.0          0.89048
1558.0          0.88961
1559.0          0.88874
1560.0          0.88786
1561.0          0.88698
1562.0          0.88610
1563.0          0.88521
1564.0          0.88432
1565.0          0.88342
1566.0          0.88253
1567.0          0.88163
1568.0          0.88073
1569.0          0.87982
1570.0          0.87891
1571.0          0.87801
1572.0          0.87709
1573.0          0.87618
1574.0          0.87526
1575.0          0.87434
1576.0          0.87342
1577.0          0.87250
1578.0          0.87157
1579.0          0.87065
1580.0          0.86972
1581.0          0.86879
1582.0          0.86786
1583.0          0.86692
1584.0          0.86599
1585.0          0.86505
1586.0          0.86411
1587.0          0.86317
1588.0          0.86223
1589.0          0.86129
1590.0          0.86035
1591.0          0.85941
1592.0          0.85846
1593.0          0.85752
1594.0          0.85657
1595.0          0.85563
1596.0          0.85468
1597.0          0.85374
1598.0          0.85279
1599.0          0.85184
1600.0          0.85089
1601.0          0.84995
1602.0          0.84900
1603.0          0.84805
1604.0          0.84711
1605.0          0.84616
1606.0          0.84521
1607.0          0.84427
1608.0          0.84332
1609.0          0.84238
1610.0          0.84144
1611.0          0.84050
1612.0          0.83955
1613.0          0.83861
1614.0          0.83768
1615.0          0.83674
1616.0          0.83580
1617.0          0.83487
1618.0          0.83394
1619.0          0.83300
1620.0          0.83208
1621.0          0.83115
1622.0          0.83022
1623.0          0.82930
1624.0          0.82838
1625.0          0.82746
1626.0          0.82655
1627.0          0.82564
1628.0          0.82473
1629.0          0.82383
1630.0          0.82292
1631.0          0.82203
1632.0          0.82113
1633.0          0.82024
1634.0          0.81935
1635.0          0.81847
1636.0          0.81759
1637.0          0.81672
1638.0          0.81585
1639.0          0.81499
1640.0          0.81413
1641.0          0.81328
1642.0          0.81243
1643.0          0.81159
1644.0          0.81076
1645.0          0.80993
1646.0          0.80911
1647.0          0.80830
1648.0          0.80750
1649.0          0.80670
1650.0          0.80591
1400.0          1.0000
1401.0          1.0000
1402.0          1.0000
1403.0          1.0000
1404.0          1.0000
1405.0          1.0000
1406.0          1.0000
1407.0          1.0000
1408.0          1.0000
1409.0          1.0000
1410.0          1.0000
1411.0          1.0000
1412.0          1.0000
1413.0          1.0000
1414.0          1.0000
1415.0          1.0000
1416.0          1.0000
1417.0          1.0000
1418.0          1.0000
1419.0          1.0000
1420.0          1.0000
1421.0          1.0000
1422.0          1.0000
1423.0          1.0000
1424.0          1.0000
1425.0          1.0000
1426.0          1.0000
1427.0          1.0000
1428.0          1.0000
1429.0          1.0000
1430.0          1.0000
1431.0          1.0000
1432.0          1.0000
1433.0          1.0000
1434.0          1.0000
1435.0          1.0000
1436.0          1.0000
1437.0          1.0000
1438.0          1.0000
1439.0          1.0000
1440.0          1.0000
1441.0          1.0000
1442.0          1.0000
1443.0          1.0000
1444.0          1.0000
1445.0          1.0000
1446.0          1.0000
1447.0          1.0000
1448.0          1.0000
1449.0          1.0000
1450.0          1.0000
1451.0          1.0000
1452.0          1.0000
1453.0          1.0000
1454.0          1.0000
1455.0          1.0000
1456.0          1.0000
1457.0          1.0000
1458.0          1.0000
1459.0          1.0000
1460.0          1.0000
1461.0          1.0000
1462.0          1.0000
1463.0          1.0000
1464.0          1.0000
1465.0          1.0000
1466.0          1.0000
1467.0          1.0000
1468.0          1.0000
1469.0          1.0000
1470.0          1.0000
1471.0          1.0000
1472.0          1.0000
1473.0          1.0000
1474.0          1.0000
1475.0          1.0000
1476.0          1.0000
1477.0          1.0000
1478.0          1.0000
1479.0          1.0000
1480.0          1.0000
1481.0          1.0000
1482.0          1.0000
1483.0          1.0000
1484.0          1.0000
1485.0          1.0000
1486.0          1.0000
1487.0          1.0000
1488.0          1.0000
1489.0          1.0000
1490.0          1.0000
1491.0          1.0000
1492.0          1.0000
1493.0          1.0000
1494.0          1.0000
1495.0          1.0000
1496.0          1.0000
1497.0          1.0000
1498.0          1.0000
1499.0          1.0000
1500.0          1.0000
1501.0          1.0000
1502.0          1.0000
1503.0          1.0000
1504.0          1.0000
1505.0          1.0000
1506.0          1.0000
1507.0          1.0000
1508.0          1.0000
1509.0          1.0000
1510.0          1.0000
1511.0          1.0000
1512.0          1.0000
1513.0          1.0000
1514.0          1.0000
1515.0          1.0000
1516.0          1.0000
1517.0          1.0000
1518.0          1.0000
1519.0          1.0000
1520.0          1.0000
1521.0          1.0000
1522.0          1.0000
1523.0          1.0000
1524.0          1.0000
1525.0          1.0000
1526.0          1.0000
1527.0          1.0000
1528.0          1.0000
1529.0          1.0000
1530.0          1.0000
1531.0          1.0000
1532.0          1.0000
1533.0          1.0000
1534.0          1.0000
1535.0          1.0000
1536.0          1.0000
1537.0          1.0000
1538.0          1.0000
1539.0          1.0000
1540.0          1.0000
1541.0          1.0000
1542.0          1.0000
1543.0          1.0000
1544.0          1.0000
1545.0          1.0000
1546.0          1.0000
1547.0          1.0000
1548.0          1.0000
1549.0          1.0000
1550.0          1.0000
1551.0          1.0000
1552.0          1.0000
1553.0          1.0000
1554.0          1.0000
1555.0          1.0000
1556.0          1.0000
1557.0          1.0000
1558.0          1.0000
1559.0          1.0000
1560.0          1.0000
1561.0          1.0000
1562.0          1.0000
1563.0          1.0000
1564.0          1.0000
1565.0          1.0000
1566.0          1.0000
1567.0          1.0000
1568.0          1.0000
1569.0          1.0000
1570.0          1.0000
1571.0          1.0000
1572.0          1.0000
1573.0          1.0000
1574.0          1.0000
1575.0          1.0000
1576.0          1.0000
1577.0          1.0000
1578.0          1.0000
1579.0          1.0000
1580.0          1.0000
1581.0          1.0000
1582.0          1.0000
1583.0          1.0000
1584.0          1.0000
1585.0          1.0000
1586.0          1.0000
1587.0          1.0000
1588.0          1.0000
1589.0          1.0000
1590.0          1.0000
1591.0          1.0000
1592.0          1.0000
1593.0          1.0000
1594.0          1.0000
1595.0          1.0000
1596.0          1.0000
1597.0          1.0000
1598.0          1.0000
1599.0          1.0000
1600.0          1.0000
1601.0          1.0000
1602.0          1.0000
1603.0          1.0000
1604.0          1.0000
1605.0          1.0000
1606.0          1.0000
1607.0          1.0000
1608.0          1.0000
1609.0          1.0000
1610.0          1.0000
1611.0          1.0000
1612.0          1.0000
1613.0          1.0000
1614.0          1.0000
1615.0          1.0000
1616.0          1.0000
1617.0          1.0000
1618.0          1.0000
1619.0          1.0000
1620.0          1.0000
1621.0          1.0000
1622.0          1.0000
1623.0          1.0000
1624.0          1.0000
1625.0          1.0000
1626.0          1.0000
1627.0          1.0000
1628.0          1.0000
1629.0          1.0000
1630.0          1.0000
1631.0          1.0000
1632.0          1.0000
1633.0          1.0000
1634.0          1.0000
1635.0          1.0000
1636.0          1.0000
1637.0          1.0000
1638.0          1.0000
1639.0          1.0000
1640.0          1.0000
1641.0          1.0000
1642.0          1.0000
1643.0          1.0000
1644.0          1.0000
1645.0          1.0000
1646.0          1.0000
1647.0          1.0000
1648.0          1.0000
1649.0          1.0000
1650.0          1.0000
1400.0          3.1086E-15
1401.0          -6.4393E-15
1402.0          4.7740E-15
1403.0          1.0214E-14
1404.0          -8.8818E-16
1405.0          2.6645E-15
1406.0          5.6621E-15
1407.0          -7.7716E-15
1408.0          1.4655E-14
1409.0          5.9952E-15
1410.0          -6.6613E-15
1411.0          -4.6629E-15
1412.0          1.0880E-14
1413.0          -1.0658E-14
1414.0          -1.2212E-14
1415.0          -1.0658E-14
1416.0          -1.2212E-14
1417.0          1.1102E-15
1418.0          -5.9952E-15
1419.0          -6.2172E-15
1420.0          -1.7764E-15
1421.0          8.8818E-16
1422.0          9.4369E-15
1423.0          -1.3323E-14
1424.0          1.1102E-15
1425.0          -1.3323E-15
1426.0          -9.3259E-15
1427.0          2.4425E-15
1428.0          2.2204E-16
1429.0          -2.2204E-15
1430.0          8.8818E-16
1431.0          -6.2172E-15
1432.0          2.8866E-15
1433.0          -6.6613E-16
1434.0          1.8874E-15
1435.0          4.4409E-16
1436.0          -1.7764E-15
1437.0          5.5511E-16
1438.0          -2.2204E-16
1439.0          -4.4409E-16
1440.0          -2.2204E-15
1441.0          -1.9984E-15
1442.0          1.7764E-15
1443.0          2.2204E-15
1444.0          -4.4409E-16
1445.0          0.0000
1446.0          1.2212E-15
1447.0          2.8866E-15
1448.0          1.3323E-15
1449.0          2.1094E-15
1450.0          -2.2204E-16
1451.0          -1.1102E-15
1452.0          1.4433E-15
1453.0          -1.7764E-15
1454.0          1.1102E-15
1455.0          4.3299E-15
1456.0          -4.4409E-16
1457.0          -1.5543E-15
1458.0          8.8818E-16
1459.0          1.4433E-15
1460.0          -4.4409E-16
1461.0          -2.6645E-15
1462.0          1.2212E-15
1463.0          3.3307E-16
1464.0          -2.2204E-16
1465.0          -1.7764E-15
1466.0          -1.1102E-15
1467.0          1.1102E-15
1468.0          -4.4409E-16
1469.0          9.9920E-16
1470.0          1.4433E-15
1471.0          -1.1102E-15
1472.0          8.8818E-16
1473.0          1.2212E-15
1474.0          -2.6645E-15
1475.0          1.6653E-15
1476.0          0.0000
1477.0          3.5527E-15
1478.0          4.4409E-16
1479.0          9.9920E-16
1480.0          -4.4409E-16
1481.0          1.3323E-15
1482.0          7.7716E-16
1483.0          -1.3323E-15
1484.0          -1.5543E-15
1485.0          5.1070E-15
1486.0          3.3307E-16
1487.0          -4.4409E-16
1488.0          6.6613E-16
1489.0          2.7756E-15
1490.0          -1.1102E-15
1491.0          -1.1102E-15
1492.0          2.2204E-16
1493.0          -8.8818E-16
1494.0          -2.2204E-15
1495.0          -1.7764E-15
1496.0          -1.1102E-15
1497.0          -2.8866E-15
1498.0          -1.3323E-15
1499.0          -1.7764E-15
1500.0          -6.6613E-16
1501.0          -6.6613E-16
1502.0          2.5535E-15
1503.0          -1.9984E-15
1504.0          1.3323E-15
1505.0          8.8818E-16
1506.0          -1.7764E-15
1507.0          9.9920E-16
1508.0          -4.4409E-16
1509.0          2.5535E-15
1510.0          2.3315E-15
1511.0          -1.1102E-15
1512.0          -4.4409E-16
1513.0          1.2212E-15
1514.0          1.3323E-15
1515.0          -1.5543E-15
1516.0          1.4433E-15
1517.0          -1.7764E-15
1518.0          1.8874E-15
1519.0          -2.2204E-16
1520.0          -1.5543E-15
1521.0          1.7764E-15
1522.0          9.9920E-16
1523.0          4.1078E-15
1524.0          7.7716E-16
1525.0          -1.9984E-15
1526.0          -4.4409E-16
1527.0          -4.4409E-16
1528.0          3.1086E-15
1529.0          -3.1086E-15
1530.0          -2.4425E-15
1531.0          3.3307E-16
1532.0          -6.6613E-16
1533.0          -6.6613E-16
1534.0          2.2204E-15
1535.0          1.9984E-15
1536.0          1.3323E-15
1537.0          -2.8866E-15
1538.0          -1.5543E-15
1539.0          -8.8818E-16
1540.0          3.3307E-16
1541.0          1.1102E-15
1542.0          2.3315E-15
1543.0          8.8818E-16
1544.0          1.1102E-16
1545.0          -1.3323E-15
1546.0          6.6613E-16
1547.0          9.9920E-16
1548.0          -8.8818E-16
1549.0          9.9920E-16
1550.0          -4.4409E-16
1551.0          1.1102E-15
1552.0          3.3307E-16
1553.0          1.1102E-16
1554.0          -6.6613E-16
1555.0          -1.1102E-15
1556.0          -3.5527E-15
1557.0          1.3323E-15
1558.0          6.6613E-16
1559.0          -4.4409E-16
1560.0          0.0000
1561.0          -8.8818E-16
1562.0          -1.9984E-15
1563.0          -1.1102E-15
1564.0          3.3307E-16
1565.0          0.0000
1566.0          2.5535E-15
1567.0          -2.2204E-16
1568.0          9.9920E-16
1569.0          1.6653E-15
1570.0          -2.8866E-15
1571.0          1.7764E-15
1572.0          2.7756E-15
1573.0          6.6613E-16
1574.0          4.6629E-15
1575.0          3.1086E-15
1576.0          1.6653E-15
1577.0          1.1102E-16
1578.0          -4.4409E-16
1579.0          -2.2204E-15
1580.0          2.5535E-15
1581.0          2.3315E-15
1582.0          5.5511E-16
1583.0          2.2204E-15
1584.0          3.3307E-16
1585.0          -8.8818E-16
1586.0          3.3307E-16
1587.0          1.5543E-15
1588.0          1.5543E-15
1589.0          -2.4425E-15
1590.0          -1.3323E-15
1591.0          5.5511E-16
1592.0          -2.2204E-16
1593.0          -4.4409E-16
1594.0          2.5535E-15
1595.0          2.5535E-15
1596.0          2.1094E-15
1597.0          -2.4425E-15
1598.0          6.6613E-16
1599.0          2.6645E-15
1600.0          1.1102E-15
1601.0          6.6613E-16
1602.0          -3.9968E-15
1603.0          -1.9984E-15
1604.0          7.7716E-16
1605.0          -8.8818E-16
1606.0          0.0000
1607.0          -1.7764E-15
1608.0          -2.2204E-15
1609.0          1.5543E-15
1610.0          0.0000
1611.0          1.4433E-15
1612.0          1.4433E-15
1613.0          2.7756E-15
1614.0          -6.6613E-16
1615.0          -1.9984E-15
1616.0          2.3315E-15
1617.0          2.8866E-15
1618.0          -2.2204E-16
1619.0          -6.6613E-16
1620.0          -2.6645E-15
1621.0          2.6645E-15
1622.0          -1.3323E-15
1623.0          1.2212E-15
1624.0          1.9984E-15
1625.0          -6.6613E-16
1626.0          2.3315E-15
1627.0          -1.7764E-15
1628.0          1.1102E-16
1629.0          -2.2204E-16
1630.0          6.6613E-16
1631.0          1.6653E-15
1632.0          -1.9984E-15
1633.0          9.9920E-16
1634.0          -1.3323E-15
1635.0          -1.9984E-15
1636.0          4.1078E-15
1637.0          -1.1102E-15
1638.0          -1.3323E-15
1639.0          1.5543E-15
1640.0          -1.7764E-15
1641.0          -1.3323E-15
1642.0          -1.9984E-15
1643.0          -1.3323E-15
1644.0          -1.5543E-15
1645.0          -1.1102E-15
1646.0          -8.8818E-16
1647.0          4.4409E-16
1648.0          -2.2204E-15
1649.0          -4.4409E-16
1650.0          1.1102E-15
