1400.0          0.70875
1401.0          0.70865
1402.0          0.70854
1403.0          0.70843
1404.0          0.70831
1405.0          0.70820
1406.0          0.70808
1407.0          0.70796
1408.0          0.70783
1409.0          0.70770
1410.0          0.70757
1411.0          0.70744
1412.0          0.70730
1413.0          0.70716
1414.0          0.70702
1415.0          0.70688
1416.0          0.70673
1417.0          0.70658
1418.0          0.70642
1419.0          0.70626
1420.0          0.70610
1421.0          0.70594
1422.0          0.70577
1423.0          0.70560
1424.0          0.70542
1425.0          0.70524
1426.0          0.70506
1427.0          0.70488
1428.0          0.70469
1429.0          0.70450
1430.0          0.70430
1431.0          0.70410
1432.0          0.70390
1433.0          0.70369
1434.0          0.70348
1435.0          0.70327
1436.0          0.70305
1437.0          0.70283
1438.0          0.70261
1439.0          0.70238
1440.0          0.70215
1441.0          0.70191
1442.0          0.70167
1443.0          0.70143
1444.0          0.70118
1445.0          0.70093
1446.0          0.70068
1447.0          0.70042
1448.0          0.70016
1449.0          0.69989
1450.0          0.69963
1451.0          0.69935
1452.0          0.69907
1453.0          0.69879
1454.0          0.69851
1455.0          0.69822
1456.0          0.69792
1457.0          0.69763
1458.0          0.69733
1459.0          0.69702
1460.0          0.69671
1461.0          0.69640
1462.0          0.69608
1463.0          0.69576
1464.0          0.69543
1465.0          0.69510
1466.0          0.69476
1467.0          0.69442
1468.0          0.69408
1469.0          0.69373
1470.0          0.69338
1471.0          0.69302
1472.0          0.69266
1473.0          0.69230
1474.0          0.69193
1475.0          0.69155
1476.0          0.69117
1477.0          0.69079
1478.0          0.69040
1479.0          0.69000
1480.0          0.68960
1481.0          0.68920
1482.0          0.68879
1483.0          0.68838
1484.0          0.68796
1485.0          0.68754
1486.0          0.68711
1487.0          0.68668
1488.0          0.68624
1489.0          0.68579
1490.0          0.68534
1491.0          0.68489
1492.0          0.68443
1493.0          0.68396
1494.0          0.68349
1495.0          0.68301
1496.0          0.68253
1497.0          0.68204
1498.0          0.68155
1499.0          0.68105
1500.0          0.68054
1501.0          0.68003
1502.0          0.67951
1503.0          0.67899
1504.0          0.67846
1505.0          0.67792
1506.0          0.67738
1507.0          0.67683
1508.0          0.67627
1509.0          0.67571
1510.0          0.67514
1511.0          0.67456
1512.0          0.67398
1513.0          0.67338
1514.0          0.67279
1515.0          0.67218
1516.0          0.67157
1517.0          0.67094
1518.0          0.67031
1519.0          0.66968
1520.0          0.66903
1521.0          0.66838
1522.0          0.66772
1523.0          0.66705
1524.0          0.66637
1525.0          0.66568
1526.0          0.66498
1527.0          0.66427
1528.0          0.66356
1529.0          0.66283
1530.0          0.66210
1531.0          0.66136
1532.0          0.66060
1533.0          0.65984
1534.0          0.65906
1535.0          0.65827
1536.0          0.65748
1537.0          0.65667
1538.0          0.65585
1539.0          0.65502
1540.0          0.65417
1541.0          0.65332
1542.0          0.65245
1543.0          0.65157
1544.0          0.65067
1545.0          0.64977
1546.0          0.64884
1547.0          0.64791
1548.0          0.64696
1549.0          0.64600
1550.0          0.64502
1551.0          0.64402
1552.0          0.64301
1553.0          0.64198
1554.0          0.64094
1555.0          0.63988
1556.0          0.63880
1557.0          0.63770
1558.0          0.63659
1559.0          0.63545
1560.0          0.63430
1561.0          0.63313
1562.0          0.63193
1563.0          0.63072
1564.0          0.62948
1565.0          0.62822
1566.0          0.62693
1567.0          0.62563
1568.0          0.62429
1569.0          0.62294
1570.0          0.62155
1571.0          0.62014
1572.0          0.61870
1573.0          0.61723
1574.0          0.61573
1575.0          0.61421
1576.0          0.61264
1577.0          0.61105
1578.0          0.60942
1579.0          0.60776
1580.0          0.60606
1581.0          0.60432
1582.0          0.60255
1583.0          0.60073
1584.0          0.59887
1585.0          0.59697
1586.0          0.59502
1587.0          0.59302
1588.0          0.59098
1589.0          0.58888
1590.0          0.58673
1591.0          0.58453
1592.0          0.58227
1593.0          0.57995
1594.0          0.57757
1595.0          0.57512
1596.0          0.57260
1597.0          0.57002
1598.0          0.56736
1599.0          0.56462
1600.0          0.56180
1601.0          0.55890
1602.0          0.55591
1603.0          0.55283
1604.0          0.54964
1605.0          0.54636
1606.0          0.54297
1607.0          0.53947
1608.0          0.53585
1609.0          0.53210
1610.0          0.52822
1611.0          0.52421
1612.0          0.52005
1613.0          0.51573
1614.0          0.51125
1615.0          0.50660
1616.0          0.50177
1617.0          0.49675
1618.0          0.49152
1619.0          0.48607
1620.0          0.48039
1621.0          0.47447
1622.0          0.46829
1623.0          0.46184
1624.0          0.45508
1625.0          0.44802
1626.0          0.44061
1627.0          0.43285
1628.0          0.42471
1629.0          0.41616
1630.0          0.40716
1631.0          0.39770
1632.0          0.38774
1633.0          0.37725
1634.0          0.36617
1635.0          0.35449
1636.0          0.34215
1637.0          0.32911
1638.0          0.31532
1639.0          0.30075
1640.0          0.28534
1641.0          0.26906
1642.0          0.25187
1643.0          0.23375
1644.0          0.21468
1645.0          0.19469
1646.0          0.17383
1647.0          0.15219
1648.0          0.12995
1649.0          0.10738
1650.0          0.084875
1400.0          0.29125
1401.0          0.29135
1402.0          0.29146
1403.0          0.29157
1404.0          0.29169
1405.0          0.29180
1406.0          0.29192
1407.0          0.29204
1408.0          0.29217
1409.0          0.29230
1410.0          0.29243
1411.0          0.29256
1412.0          0.29270
1413.0          0.29284
1414.0          0.29298
1415.0          0.29312
1416.0          0.29327
1417.0          0.29342
1418.0          0.29358
1419.0          0.29374
1420.0          0.29390
1421.0          0.29406
1422.0          0.29423
1423.0          0.29440
1424.0          0.29458
1425.0          0.29476
1426.0          0.29494
1427.0          0.29512
1428.0          0.29531
1429.0          0.29550
1430.0          0.29570
1431.0          0.29590
1432.0          0.29610
1433.0          0.29631
1434.0          0.29652
1435.0          0.29673
1436.0          0.29695
1437.0          0.29717
1438.0          0.29739
1439.0          0.29762
1440.0          0.29785
1441.0          0.29809
1442.0          0.29833
1443.0          0.29857
1444.0          0.29882
1445.0          0.29907
1446.0          0.29932
1447.0          0.29958
1448.0          0.29984
1449.0          0.30011
1450.0          0.30037
1451.0          0.30065
1452.0          0.30093
1453.0          0.30121
1454.0          0.30149
1455.0          0.30178
1456.0          0.30208
1457.0          0.30237
1458.0          0.30267
1459.0          0.30298
1460.0          0.30329
1461.0          0.30360
1462.0          0.30392
1463.0          0.30424
1464.0          0.30457
1465.0          0.30490
1466.0          0.30524
1467.0          0.30558
1468.0          0.30592
1469.0          0.30627
1470.0          0.30662
1471.0          0.30698
1472.0          0.30734
1473.0          0.30770
1474.0          0.30807
1475.0          0.30845
1476.0          0.30883
1477.0          0.30921
1478.0          0.30960
1479.0          0.31000
1480.0          0.31040
1481.0          0.31080
1482.0          0.31121
1483.0          0.31162
1484.0          0.31204
1485.0          0.31246
1486.0          0.31289
1487.0          0.31332
1488.0          0.31376
1489.0          0.31421
1490.0          0.31466
1491.0          0.31511
1492.0          0.31557
1493.0          0.31604
1494.0          0.31651
1495.0          0.31699
1496.0          0.31747
1497.0          0.31796
1498.0          0.31845
1499.0          0.31895
1500.0          0.31946
1501.0          0.31997
1502.0          0.32049
1503.0          0.32101
1504.0          0.32154
1505.0          0.32208
1506.0          0.32262
1507.0          0.32317
1508.0          0.32373
1509.0          0.32429
1510.0          0.32486
1511.0          0.32544
1512.0          0.32602
1513.0          0.32662
1514.0          0.32721
1515.0          0.32782
1516.0          0.32843
1517.0          0.32906
1518.0          0.32969
1519.0          0.33032
1520.0          0.33097
1521.0          0.33162
1522.0          0.33228
1523.0          0.33295
1524.0          0.33363
1525.0          0.33432
1526.0          0.33502
1527.0          0.33573
1528.0          0.33644
1529.0          0.33717
1530.0          0.33790
1531.0          0.33864
1532.0          0.33940
1533.0          0.34016
1534.0          0.34094
1535.0          0.34173
1536.0          0.34252
1537.0          0.34333
1538.0          0.34415
1539.0          0.34498
1540.0          0.34583
1541.0          0.34668
1542.0          0.34755
1543.0          0.34843
1544.0          0.34933
1545.0          0.35023
1546.0          0.35116
1547.0          0.35209
1548.0          0.35304
1549.0          0.35400
1550.0          0.35498
1551.0          0.35598
1552.0          0.35699
1553.0          0.35802
1554.0          0.35906
1555.0          0.36012
1556.0          0.36120
1557.0          0.36230
1558.0          0.36341
1559.0          0.36455
1560.0          0.36570
1561.0          0.36687
1562.0          0.36807
1563.0          0.36928
1564.0          0.37052
1565.0          0.37178
1566.0          0.37307
1567.0          0.37437
1568.0          0.37571
1569.0          0.37706
1570.0          0.37845
1571.0          0.37986
1572.0          0.38130
1573.0          0.38277
1574.0          0.38427
1575.0          0.38579
1576.0          0.38736
1577.0          0.38895
1578.0          0.39058
1579.0          0.39224
1580.0          0.39394
1581.0          0.39568
1582.0          0.39745
1583.0          0.39927
1584.0          0.40113
1585.0          0.40303
1586.0          0.40498
1587.0          0.40698
1588.0          0.40902
1589.0          0.41112
1590.0          0.41327
1591.0          0.41547
1592.0          0.41773
1593.0          0.42005
1594.0          0.42243
1595.0          0.42488
1596.0          0.42740
1597.0          0.42998
1598.0          0.43264
1599.0          0.43538
1600.0          0.43820
1601.0          0.44110
1602.0          0.44409
1603.0          0.44717
1604.0          0.45036
1605.0          0.45364
1606.0          0.45703
1607.0          0.46053
1608.0          0.46415
1609.0          0.46790
1610.0          0.47178
1611.0          0.47579
1612.0          0.47995
1613.0          0.48427
1614.0          0.48875
1615.0          0.49340
1616.0          0.49823
1617.0          0.50325
1618.0          0.50848
1619.0          0.51393
1620.0          0.51961
1621.0          0.52553
1622.0          0.53171
1623.0          0.53816
1624.0          0.54492
1625.0          0.55198
1626.0          0.55939
1627.0          0.56715
1628.0          0.57529
1629.0          0.58384
1630.0          0.59284
1631.0          0.60230
1632.0          0.61226
1633.0          0.62275
1634.0          0.63383
1635.0          0.64551
1636.0          0.65785
1637.0          0.67089
1638.0          0.68468
1639.0          0.69925
1640.0          0.71466
1641.0          0.73094
1642.0          0.74813
1643.0          0.76625
1644.0          0.78532
1645.0          0.80531
1646.0          0.82617
1647.0          0.84781
1648.0          0.87005
1649.0          0.89262
1650.0          0.91513
1400.0          1.0000
1401.0          1.0000
1402.0          1.0000
1403.0          1.0000
1404.0          1.0000
1405.0          1.0000
1406.0          1.0000
1407.0          1.0000
1408.0          1.0000
1409.0          1.0000
1410.0          1.0000
1411.0          1.0000
1412.0          1.0000
1413.0          1.0000
1414.0          1.0000
1415.0          1.0000
1416.0          1.0000
1417.0          1.0000
1418.0          1.0000
1419.0          1.0000
1420.0          1.0000
1421.0          1.0000
1422.0          1.0000
1423.0          1.0000
1424.0          1.0000
1425.0          1.0000
1426.0          1.0000
1427.0          1.0000
1428.0          1.0000
1429.0          1.0000
1430.0          1.0000
1431.0          1.0000
1432.0          1.0000
1433.0          1.0000
1434.0          1.0000
1435.0          1.0000
1436.0          1.0000
1437.0          1.0000
1438.0          1.0000
1439.0          1.0000
1440.0          1.0000
1441.0          1.0000
1442.0          1.0000
1443.0          1.0000
1444.0          1.0000
1445.0          1.0000
1446.0          1.0000
1447.0          1.0000
1448.0          1.0000
1449.0          1.0000
1450.0          1.0000
1451.0          1.0000
1452.0          1.0000
1453.0          1.0000
1454.0          1.0000
1455.0          1.0000
1456.0          1.0000
1457.0          1.0000
1458.0          1.0000
1459.0          1.0000
1460.0          1.0000
1461.0          1.0000
1462.0          1.0000
1463.0          1.0000
1464.0          1.0000
1465.0          1.0000
1466.0          1.0000
1467.0          1.0000
1468.0          1.0000
1469.0          1.0000
1470.0          1.0000
1471.0          1.0000
1472.0          1.0000
1473.0          1.0000
1474.0          1.0000
1475.0          1.0000
1476.0          1.0000
1477.0          1.0000
1478.0          1.0000
1479.0          1.0000
1480.0          1.0000
1481.0          1.0000
1482.0          1.0000
1483.0          1.0000
1484.0          1.0000
1485.0          1.0000
1486.0          1.0000
1487.0          1.0000
1488.0          1.0000
1489.0          1.0000
1490.0          1.0000
1491.0          1.0000
1492.0          1.0000
1493.0          1.0000
1494.0          1.0000
1495.0          1.0000
1496.0          1.0000
1497.0          1.0000
1498.0          1.0000
1499.0          1.0000
1500.0          1.0000
1501.0          1.0000
1502.0          1.0000
1503.0          1.0000
1504.0          1.0000
1505.0          1.0000
1506.0          1.0000
1507.0          1.0000
1508.0          1.0000
1509.0          1.0000
1510.0          1.0000
1511.0          1.0000
1512.0          1.0000
1513.0          1.0000
1514.0          1.0000
1515.0          1.0000
1516.0          1.0000
1517.0          1.0000
1518.0          1.0000
1519.0          1.0000
1520.0          1.0000
1521.0          1.0000
1522.0          1.0000
1523.0          1.0000
1524.0          1.0000
1525.0          1.0000
1526.0          1.0000
1527.0          1.0000
1528.0          1.0000
1529.0          1.0000
1530.0          1.0000
1531.0          1.0000
1532.0          1.0000
1533.0          1.0000
1534.0          1.0000
1535.0          1.0000
1536.0          1.0000
1537.0          1.0000
1538.0          1.0000
1539.0          1.0000
1540.0          1.0000
1541.0          1.0000
1542.0          1.0000
1543.0          1.0000
1544.0          1.0000
1545.0          1.0000
1546.0          1.0000
1547.0          1.0000
1548.0          1.0000
1549.0          1.0000
1550.0          1.0000
1551.0          1.0000
1552.0          1.0000
1553.0          1.0000
1554.0          1.0000
1555.0          1.0000
1556.0          1.0000
1557.0          1.0000
1558.0          1.0000
1559.0          1.0000
1560.0          1.0000
1561.0          1.0000
1562.0          1.0000
1563.0          1.0000
1564.0          1.0000
1565.0          1.0000
1566.0          1.0000
1567.0          1.0000
1568.0          1.0000
1569.0          1.0000
1570.0          1.0000
1571.0          1.0000
1572.0          1.0000
1573.0          1.0000
1574.0          1.0000
1575.0          1.0000
1576.0          1.0000
1577.0          1.0000
1578.0          1.0000
1579.0          1.0000
1580.0          1.0000
1581.0          1.0000
1582.0          1.0000
1583.0          1.0000
1584.0          1.0000
1585.0          1.0000
1586.0          1.0000
1587.0          1.0000
1588.0          1.0000
1589.0          1.0000
1590.0          1.0000
1591.0          1.0000
1592.0          1.0000
1593.0          1.0000
1594.0          1.0000
1595.0          1.0000
1596.0          1.0000
1597.0          1.0000
1598.0          1.0000
1599.0          1.0000
1600.0          1.0000
1601.0          1.0000
1602.0          1.0000
1603.0          1.0000
1604.0          1.0000
1605.0          1.0000
1606.0          1.0000
1607.0          1.0000
1608.0          1.0000
1609.0          1.0000
1610.0          1.0000
1611.0          1.0000
1612.0          1.0000
1613.0          1.0000
1614.0          1.0000
1615.0          1.0000
1616.0          1.0000
1617.0          1.0000
1618.0          1.0000
1619.0          1.0000
1620.0          1.0000
1621.0          1.0000
1622.0          1.0000
1623.0          1.0000
1624.0          1.0000
1625.0          1.0000
1626.0          1.0000
1627.0          1.0000
1628.0          1.0000
1629.0          1.0000
1630.0          1.0000
1631.0          1.0000
1632.0          1.0000
1633.0          1.0000
1634.0          1.0000
1635.0          1.0000
1636.0          1.0000
1637.0          1.0000
1638.0          1.0000
1639.0          1.0000
1640.0          1.0000
1641.0          1.0000
1642.0          1.0000
1643.0          1.0000
1644.0          1.0000
1645.0          1.0000
1646.0          1.0000
1647.0          1.0000
1648.0          1.0000
1649.0          1.0000
1650.0          1.0000
1400.0          1.3323E-15
1401.0          -1.1102E-15
1402.0          -2.2204E-15
1403.0          1.1102E-15
1404.0          6.6613E-16
1405.0          0.0000
1406.0          -1.9984E-15
1407.0          4.4409E-16
1408.0          2.4425E-15
1409.0          3.1086E-15
1410.0          -1.3323E-15
1411.0          8.8818E-16
1412.0          2.5535E-15
1413.0          1.5543E-15
1414.0          4.2188E-15
1415.0          3.3307E-16
1416.0          1.1102E-15
1417.0          4.4409E-16
1418.0          1.5543E-15
1419.0          0.0000
1420.0          -2.6645E-15
1421.0          7.7716E-16
1422.0          8.8818E-16
1423.0          1.5543E-15
1424.0          -2.8866E-15
1425.0          -4.4409E-16
1426.0          1.9984E-15
1427.0          2.8866E-15
1428.0          1.8874E-15
1429.0          -2.6645E-15
1430.0          2.3315E-15
1431.0          4.1078E-15
1432.0          1.9984E-15
1433.0          9.9920E-16
1434.0          2.2204E-16
1435.0          3.9968E-15
1436.0          6.6613E-16
1437.0          1.1102E-15
1438.0          -1.3323E-15
1439.0          4.4409E-16
1440.0          2.4425E-15
1441.0          -1.9984E-15
1442.0          8.8818E-16
1443.0          -3.1086E-15
1444.0          8.8818E-16
1445.0          -1.9984E-15
1446.0          -3.7748E-15
1447.0          3.8858E-15
1448.0          2.8866E-15
1449.0          -1.7764E-15
1450.0          0.0000
1451.0          -8.8818E-16
1452.0          1.3323E-15
1453.0          -1.1102E-15
1454.0          3.2196E-15
1455.0          1.8874E-15
1456.0          -8.8818E-16
1457.0          -1.3323E-15
1458.0          9.9920E-16
1459.0          1.2212E-15
1460.0          -4.4409E-15
1461.0          2.9976E-15
1462.0          4.4409E-16
1463.0          1.5543E-15
1464.0          -3.1086E-15
1465.0          -2.2204E-15
1466.0          -2.6645E-15
1467.0          -4.4409E-16
1468.0          2.2204E-15
1469.0          -1.5543E-15
1470.0          4.4409E-15
1471.0          2.5535E-15
1472.0          -1.1102E-15
1473.0          0.0000
1474.0          7.7716E-16
1475.0          -1.7764E-15
1476.0          -2.2204E-16
1477.0          4.4409E-16
1478.0          1.1102E-16
1479.0          3.5527E-15
1480.0          4.3299E-15
1481.0          1.5543E-15
1482.0          4.4409E-16
1483.0          -4.4409E-15
1484.0          -1.3323E-15
1485.0          5.5511E-16
1486.0          -4.4409E-16
1487.0          -1.3323E-15
1488.0          1.5543E-15
1489.0          -2.6645E-15
1490.0          1.7764E-15
1491.0          2.4425E-15
1492.0          3.5527E-15
1493.0          2.5535E-15
1494.0          1.1102E-15
1495.0          -4.4409E-16
1496.0          -6.6613E-16
1497.0          -2.2204E-16
1498.0          1.3323E-15
1499.0          2.4425E-15
1500.0          -4.4409E-16
1501.0          -2.2204E-15
1502.0          6.6613E-16
1503.0          -1.1102E-15
1504.0          -1.7764E-15
1505.0          1.6653E-15
1506.0          2.2204E-16
1507.0          -1.1102E-15
1508.0          1.2212E-15
1509.0          7.7716E-16
1510.0          -6.6613E-16
1511.0          -2.2204E-15
1512.0          0.0000
1513.0          7.7716E-16
1514.0          2.4425E-15
1515.0          -3.1086E-15
1516.0          -1.1102E-15
1517.0          8.8818E-16
1518.0          -1.7764E-15
1519.0          -4.4409E-16
1520.0          -8.8818E-16
1521.0          -4.2188E-15
1522.0          1.3323E-15
1523.0          2.2204E-15
1524.0          2.2204E-16
1525.0          1.3323E-15
1526.0          -1.1102E-15
1527.0          1.6653E-15
1528.0          -1.5543E-15
1529.0          4.4409E-16
1530.0          1.5543E-15
1531.0          1.7764E-15
1532.0          0.0000
1533.0          -1.7764E-15
1534.0          -1.9984E-15
1535.0          -2.2204E-16
1536.0          -4.4409E-16
1537.0          -4.8850E-15
1538.0          1.1102E-15
1539.0          -2.4425E-15
1540.0          1.9984E-15
1541.0          -2.2204E-15
1542.0          6.6613E-16
1543.0          2.2204E-16
1544.0          8.8818E-16
1545.0          -2.2204E-15
1546.0          1.3323E-15
1547.0          -1.9984E-15
1548.0          4.7740E-15
1549.0          1.3323E-15
1550.0          9.9920E-16
1551.0          -1.1102E-15
1552.0          1.1102E-15
1553.0          6.6613E-16
1554.0          6.6613E-16
1555.0          -4.2188E-15
1556.0          3.3307E-16
1557.0          -2.6645E-15
1558.0          -2.8866E-15
1559.0          1.9984E-15
1560.0          -4.4409E-16
1561.0          6.6613E-16
1562.0          6.6613E-16
1563.0          3.9968E-15
1564.0          -2.2204E-15
1565.0          -8.8818E-16
1566.0          2.5535E-15
1567.0          -4.4409E-15
1568.0          -2.6645E-15
1569.0          5.5511E-16
1570.0          -4.4409E-16
1571.0          -3.7748E-15
1572.0          -1.7764E-15
1573.0          3.5527E-15
1574.0          1.1102E-15
1575.0          -2.2204E-16
1576.0          -2.6645E-15
1577.0          -1.7764E-15
1578.0          1.7764E-15
1579.0          -1.9984E-15
1580.0          -1.3323E-15
1581.0          2.2204E-16
1582.0          0.0000
1583.0          -2.2204E-15
1584.0          8.8818E-16
1585.0          3.6637E-15
1586.0          -4.4409E-16
1587.0          1.9984E-15
1588.0          -3.7748E-15
1589.0          2.8866E-15
1590.0          2.6645E-15
1591.0          -4.4409E-16
1592.0          1.3323E-15
1593.0          0.0000
1594.0          -1.3323E-15
1595.0          -2.2204E-15
1596.0          2.2204E-16
1597.0          -1.7764E-15
1598.0          1.1102E-15
1599.0          -8.8818E-16
1600.0          2.2204E-15
1601.0          0.0000
1602.0          -8.8818E-16
1603.0          -2.2204E-15
1604.0          4.4409E-15
1605.0          -3.1086E-15
1606.0          4.6629E-15
1607.0          1.1102E-15
1608.0          -8.8818E-16
1609.0          -8.8818E-16
1610.0          -8.8818E-16
1611.0          1.7764E-15
1612.0          2.2204E-16
1613.0          4.4409E-16
1614.0          -6.6613E-16
1615.0          1.4433E-15
1616.0          -2.6645E-15
1617.0          2.5535E-15
1618.0          -1.7764E-15
1619.0          9.9920E-16
1620.0          9.9920E-16
1621.0          4.4409E-16
1622.0          -2.8866E-15
1623.0          -3.9968E-15
1624.0          3.7748E-15
1625.0          3.8858E-15
1626.0          3.7748E-15
1627.0          5.5511E-15
1628.0          1.8874E-15
1629.0          6.6613E-16
1630.0          1.5543E-15
1631.0          8.8818E-16
1632.0          -8.8818E-16
1633.0          1.3323E-15
1634.0          3.3307E-16
1635.0          -4.4409E-16
1636.0          -3.9968E-15
1637.0          -3.1086E-15
1638.0          -1.7764E-15
1639.0          7.7716E-16
1640.0          -2.8866E-15
1641.0          3.5527E-15
1642.0          2.6645E-15
1643.0          2.2204E-15
1644.0          2.3315E-15
1645.0          1.1102E-15
1646.0          1.8874E-15
1647.0          -4.4409E-16
1648.0          -3.7748E-15
1649.0          1.1102E-16
1650.0          -1.3323E-15
