1400.0          0.13289
1401.0          0.13392
1402.0          0.13496
1403.0          0.13600
1404.0          0.13704
1405.0          0.13809
1406.0          0.13914
1407.0          0.14019
1408.0          0.14125
1409.0          0.14231
1410.0          0.14337
1411.0          0.14443
1412.0          0.14549
1413.0          0.14656
1414.0          0.14763
1415.0          0.14870
1416.0          0.14978
1417.0          0.15085
1418.0          0.15193
1419.0          0.15301
1420.0          0.15409
1421.0          0.15518
1422.0          0.15626
1423.0          0.15735
1424.0          0.15843
1425.0          0.15952
1426.0          0.16061
1427.0          0.16170
1428.0          0.16279
1429.0          0.16388
1430.0          0.16498
1431.0          0.16607
1432.0          0.16717
1433.0          0.16826
1434.0          0.16936
1435.0          0.17045
1436.0          0.17155
1437.0          0.17264
1438.0          0.17374
1439.0          0.17483
1440.0          0.17593
1441.0          0.17703
1442.0          0.17812
1443.0          0.17922
1444.0          0.18031
1445.0          0.18141
1446.0          0.18250
1447.0          0.18359
1448.0          0.18469
1449.0          0.18578
1450.0          0.18687
1451.0          0.18796
1452.0          0.18905
1453.0          0.19014
1454.0          0.19122
1455.0          0.19231
1456.0          0.19339
1457.0          0.19448
1458.0          0.19556
1459.0          0.19664
1460.0          0.19772
1461.0          0.19879
1462.0          0.19987
1463.0          0.20094
1464.0          0.20201
1465.0          0.20308
1466.0          0.20415
1467.0          0.20521
1468.0          0.20627
1469.0          0.20733
1470.0          0.20839
1471.0          0.20945
1472.0          0.21050
1473.0          0.21155
1474.0          0.21260
1475.0          0.21364
1476.0          0.21468
1477.0          0.21572
1478.0          0.21675
1479.0          0.21779
1480.0          0.21882
1481.0          0.21984
1482.0          0.22086
1483.0          0.22188
1484.0          0.22290
1485.0          0.22391
1486.0          0.22491
1487.0          0.22592
1488.0          0.22692
1489.0          0.22791
1490.0          0.22891
1491.0          0.22989
1492.0          0.23087
1493.0          0.23185
1494.0          0.23283
1495.0          0.23380
1496.0          0.23476
1497.0          0.23572
1498.0          0.23667
1499.0          0.23762
1500.0          0.23857
1501.0          0.23950
1502.0          0.24044
1503.0          0.24136
1504.0          0.24228
1505.0          0.24320
1506.0          0.24411
1507.0          0.24501
1508.0          0.24591
1509.0          0.24680
1510.0          0.24768
1511.0          0.24856
1512.0          0.24943
1513.0          0.25029
1514.0          0.25114
1515.0          0.25199
1516.0          0.25283
1517.0          0.25366
1518.0          0.25448
1519.0          0.25529
1520.0          0.25610
1521.0          0.25689
1522.0          0.25768
1523.0          0.25845
1524.0          0.25922
1525.0          0.25998
1526.0          0.26072
1527.0          0.26145
1528.0          0.26218
1529.0          0.26289
1530.0          0.26359
1531.0          0.26427
1532.0          0.26495
1533.0          0.26560
1534.0          0.26625
1535.0          0.26688
1536.0          0.26750
1537.0          0.26810
1538.0          0.26868
1539.0          0.26924
1540.0          0.26979
1541.0          0.27032
1542.0          0.27083
1543.0          0.27132
1544.0          0.27179
1545.0          0.27223
1546.0          0.27266
1547.0          0.27305
1548.0          0.27342
1549.0          0.27377
1550.0          0.27408
1551.0          0.27437
1552.0          0.27462
1553.0          0.27484
1554.0          0.27502
1555.0          0.27516
1556.0          0.27526
1557.0          0.27532
1558.0          0.27534
1559.0          0.27530
1560.0          0.27521
1561.0          0.27506
1562.0          0.27485
1563.0          0.27457
1564.0          0.27423
1565.0          0.27380
1566.0          0.27329
1567.0          0.27269
1568.0          0.27199
1569.0          0.27118
1570.0          0.27026
1571.0          0.26919
1572.0          0.26799
1573.0          0.26662
1574.0          0.26507
1575.0          0.26332
1576.0          0.26135
1577.0          0.25912
1578.0          0.25660
1579.0          0.25376
1580.0          0.25054
1581.0          0.24688
1582.0          0.24272
1583.0          0.23797
1584.0          0.23252
1585.0          0.22624
1586.0          0.21897
1587.0          0.21048
1588.0          0.20050
1589.0          0.18868
1590.0          0.17454
1591.0          0.15747
1592.0          0.13667
1593.0          0.11121
1594.0          0.080325
1595.0          0.044794
1596.0          0.012761
1597.0          0.023251
1598.0          0.21315
1599.0          0.70082
1600.0          0.99242
1601.0          0.94969
1602.0          0.84242
1603.0          0.75333
1604.0          0.68750
1605.0          0.63896
1606.0          0.60241
1607.0          0.57422
1608.0          0.55197
1609.0          0.53407
1610.0          0.51942
1611.0          0.50727
1612.0          0.49705
1613.0          0.48838
1614.0          0.48096
1615.0          0.47454
1616.0          0.46897
1617.0          0.46410
1618.0          0.45983
1619.0          0.45605
1620.0          0.45271
1621.0          0.44974
1622.0          0.44710
1623.0          0.44474
1624.0          0.44263
1625.0          0.44074
1626.0          0.43904
1627.0          0.43752
1628.0          0.43616
1629.0          0.43493
1630.0          0.43384
1631.0          0.43285
1632.0          0.43198
1633.0          0.43119
1634.0          0.43049
1635.0          0.42987
1636.0          0.42932
1637.0          0.42884
1638.0          0.42842
1639.0          0.42805
1640.0          0.42774
1641.0          0.42747
1642.0          0.42725
1643.0          0.42707
1644.0          0.42693
1645.0          0.42682
1646.0          0.42674
1647.0          0.42670
1648.0          0.42669
1649.0          0.42670
1650.0          0.42673
1400.0          0.86711
1401.0          0.86608
1402.0          0.86504
1403.0          0.86400
1404.0          0.86296
1405.0          0.86191
1406.0          0.86086
1407.0          0.85981
1408.0          0.85875
1409.0          0.85769
1410.0          0.85663
1411.0          0.85557
1412.0          0.85451
1413.0          0.85344
1414.0          0.85237
1415.0          0.85130
1416.0          0.85022
1417.0          0.84915
1418.0          0.84807
1419.0          0.84699
1420.0          0.84591
1421.0          0.84482
1422.0          0.84374
1423.0          0.84265
1424.0          0.84157
1425.0          0.84048
1426.0          0.83939
1427.0          0.83830
1428.0          0.83721
1429.0          0.83612
1430.0          0.83502
1431.0          0.83393
1432.0          0.83283
1433.0          0.83174
1434.0          0.83064
1435.0          0.82955
1436.0          0.82845
1437.0          0.82736
1438.0          0.82626
1439.0          0.82517
1440.0          0.82407
1441.0          0.82297
1442.0          0.82188
1443.0          0.82078
1444.0          0.81969
1445.0          0.81859
1446.0          0.81750
1447.0          0.81641
1448.0          0.81531
1449.0          0.81422
1450.0          0.81313
1451.0          0.81204
1452.0          0.81095
1453.0          0.80986
1454.0          0.80878
1455.0          0.80769
1456.0          0.80661
1457.0          0.80552
1458.0          0.80444
1459.0          0.80336
1460.0          0.80228
1461.0          0.80121
1462.0          0.80013
1463.0          0.79906
1464.0          0.79799
1465.0          0.79692
1466.0          0.79585
1467.0          0.79479
1468.0          0.79373
1469.0          0.79267
1470.0          0.79161
1471.0          0.79055
1472.0          0.78950
1473.0          0.78845
1474.0          0.78740
1475.0          0.78636
1476.0          0.78532
1477.0          0.78428
1478.0          0.78325
1479.0          0.78221
1480.0          0.78118
1481.0          0.78016
1482.0          0.77914
1483.0          0.77812
1484.0          0.77710
1485.0          0.77609
1486.0          0.77509
1487.0          0.77408
1488.0          0.77308
1489.0          0.77209
1490.0          0.77109
1491.0          0.77011
1492.0          0.76913
1493.0          0.76815
1494.0          0.76717
1495.0          0.76620
1496.0          0.76524
1497.0          0.76428
1498.0          0.76333
1499.0          0.76238
1500.0          0.76143
1501.0          0.76050
1502.0          0.75956
1503.0          0.75864
1504.0          0.75772
1505.0          0.75680
1506.0          0.75589
1507.0          0.75499
1508.0          0.75409
1509.0          0.75320
1510.0          0.75232
1511.0          0.75144
1512.0          0.75057
1513.0          0.74971
1514.0          0.74886
1515.0          0.74801
1516.0          0.74717
1517.0          0.74634
1518.0          0.74552
1519.0          0.74471
1520.0          0.74390
1521.0          0.74311
1522.0          0.74232
1523.0          0.74155
1524.0          0.74078
1525.0          0.74002
1526.0          0.73928
1527.0          0.73855
1528.0          0.73782
1529.0          0.73711
1530.0          0.73641
1531.0          0.73573
1532.0          0.73505
1533.0          0.73440
1534.0          0.73375
1535.0          0.73312
1536.0          0.73250
1537.0          0.73190
1538.0          0.73132
1539.0          0.73076
1540.0          0.73021
1541.0          0.72968
1542.0          0.72917
1543.0          0.72868
1544.0          0.72821
1545.0          0.72777
1546.0          0.72734
1547.0          0.72695
1548.0          0.72658
1549.0          0.72623
1550.0          0.72592
1551.0          0.72563
1552.0          0.72538
1553.0          0.72516
1554.0          0.72498
1555.0          0.72484
1556.0          0.72474
1557.0          0.72468
1558.0          0.72466
1559.0          0.72470
1560.0          0.72479
1561.0          0.72494
1562.0          0.72515
1563.0          0.72543
1564.0          0.72577
1565.0          0.72620
1566.0          0.72671
1567.0          0.72731
1568.0          0.72801
1569.0          0.72882
1570.0          0.72974
1571.0          0.73081
1572.0          0.73201
1573.0          0.73338
1574.0          0.73493
1575.0          0.73668
1576.0          0.73865
1577.0          0.74088
1578.0          0.74340
1579.0          0.74624
1580.0          0.74946
1581.0          0.75312
1582.0          0.75728
1583.0          0.76203
1584.0          0.76748
1585.0          0.77376
1586.0          0.78103
1587.0          0.78952
1588.0          0.79950
1589.0          0.81132
1590.0          0.82546
1591.0          0.84253
1592.0          0.86333
1593.0          0.88879
1594.0          0.91967
1595.0          0.95521
1596.0          0.98724
1597.0          0.97675
1598.0          0.78685
1599.0          0.29918
1600.0          0.0075809
1601.0          0.050307
1602.0          0.15758
1603.0          0.24667
1604.0          0.31250
1605.0          0.36104
1606.0          0.39759
1607.0          0.42578
1608.0          0.44803
1609.0          0.46593
1610.0          0.48058
1611.0          0.49273
1612.0          0.50295
1613.0          0.51162
1614.0          0.51904
1615.0          0.52546
1616.0          0.53103
1617.0          0.53590
1618.0          0.54017
1619.0          0.54395
1620.0          0.54729
1621.0          0.55026
1622.0          0.55290
1623.0          0.55526
1624.0          0.55737
1625.0          0.55926
1626.0          0.56096
1627.0          0.56248
1628.0          0.56384
1629.0          0.56507
1630.0          0.56616
1631.0          0.56715
1632.0          0.56802
1633.0          0.56881
1634.0          0.56951
1635.0          0.57013
1636.0          0.57068
1637.0          0.57116
1638.0          0.57158
1639.0          0.57195
1640.0          0.57226
1641.0          0.57253
1642.0          0.57275
1643.0          0.57293
1644.0          0.57307
1645.0          0.57318
1646.0          0.57326
1647.0          0.57330
1648.0          0.57331
1649.0          0.57330
1650.0          0.57327
1400.0          1.0000
1401.0          1.0000
1402.0          1.0000
1403.0          1.0000
1404.0          1.0000
1405.0          1.0000
1406.0          1.0000
1407.0          1.0000
1408.0          1.0000
1409.0          1.0000
1410.0          1.0000
1411.0          1.0000
1412.0          1.0000
1413.0          1.0000
1414.0          1.0000
1415.0          1.0000
1416.0          1.0000
1417.0          1.0000
1418.0          1.0000
1419.0          1.0000
1420.0          1.0000
1421.0          1.0000
1422.0          1.0000
1423.0          1.0000
1424.0          1.0000
1425.0          1.0000
1426.0          1.0000
1427.0          1.0000
1428.0          1.0000
1429.0          1.0000
1430.0          1.0000
1431.0          1.0000
1432.0          1.0000
1433.0          1.0000
1434.0          1.0000
1435.0          1.0000
1436.0          1.0000
1437.0          1.0000
1438.0          1.0000
1439.0          1.0000
1440.0          1.0000
1441.0          1.0000
1442.0          1.0000
1443.0          1.0000
1444.0          1.0000
1445.0          1.0000
1446.0          1.0000
1447.0          1.0000
1448.0          1.0000
1449.0          1.0000
1450.0          1.0000
1451.0          1.0000
1452.0          1.0000
1453.0          1.0000
1454.0          1.0000
1455.0          1.0000
1456.0          1.0000
1457.0          1.0000
1458.0          1.0000
1459.0          1.0000
1460.0          1.0000
1461.0          1.0000
1462.0          1.0000
1463.0          1.0000
1464.0          1.0000
1465.0          1.0000
1466.0          1.0000
1467.0          1.0000
1468.0          1.0000
1469.0          1.0000
1470.0          1.0000
1471.0          1.0000
1472.0          1.0000
1473.0          1.0000
1474.0          1.0000
1475.0          1.0000
1476.0          1.0000
1477.0          1.0000
1478.0          1.0000
1479.0          1.0000
1480.0          1.0000
1481.0          1.0000
1482.0          1.0000
1483.0          1.0000
1484.0          1.0000
1485.0          1.0000
1486.0          1.0000
1487.0          1.0000
1488.0          1.0000
1489.0          1.0000
1490.0          1.0000
1491.0          1.0000
1492.0          1.0000
1493.0          1.0000
1494.0          1.0000
1495.0          1.0000
1496.0          1.0000
1497.0          1.0000
1498.0          1.0000
1499.0          1.0000
1500.0          1.0000
1501.0          1.0000
1502.0          1.0000
1503.0          1.0000
1504.0          1.0000
1505.0          1.0000
1506.0          1.0000
1507.0          1.0000
1508.0          1.0000
1509.0          1.0000
1510.0          1.0000
1511.0          1.0000
1512.0          1.0000
1513.0          1.0000
1514.0          1.0000
1515.0          1.0000
1516.0          1.0000
1517.0          1.0000
1518.0          1.0000
1519.0          1.0000
1520.0          1.0000
1521.0          1.0000
1522.0          1.0000
1523.0          1.0000
1524.0          1.0000
1525.0          1.0000
1526.0          1.0000
1527.0          1.0000
1528.0          1.0000
1529.0          1.0000
1530.0          1.0000
1531.0          1.0000
1532.0          1.0000
1533.0          1.0000
1534.0          1.0000
1535.0          1.0000
1536.0          1.0000
1537.0          1.0000
1538.0          1.0000
1539.0          1.0000
1540.0          1.0000
1541.0          1.0000
1542.0          1.0000
1543.0          1.0000
1544.0          1.0000
1545.0          1.0000
1546.0          1.0000
1547.0          1.0000
1548.0          1.0000
1549.0          1.0000
1550.0          1.0000
1551.0          1.0000
1552.0          1.0000
1553.0          1.0000
1554.0          1.0000
1555.0          1.0000
1556.0          1.0000
1557.0          1.0000
1558.0          1.0000
1559.0          1.0000
1560.0          1.0000
1561.0          1.0000
1562.0          1.0000
1563.0          1.0000
1564.0          1.0000
1565.0          1.0000
1566.0          1.0000
1567.0          1.0000
1568.0          1.0000
1569.0          1.0000
1570.0          1.0000
1571.0          1.0000
1572.0          1.0000
1573.0          1.0000
1574.0          1.0000
1575.0          1.0000
1576.0          1.0000
1577.0          1.0000
1578.0          1.0000
1579.0          1.0000
1580.0          1.0000
1581.0          1.0000
1582.0          1.0000
1583.0          1.0000
1584.0          1.0000
1585.0          1.0000
1586.0          1.0000
1587.0          1.0000
1588.0          1.0000
1589.0          1.0000
1590.0          1.0000
1591.0          1.0000
1592.0          1.0000
1593.0          1.0000
1594.0          1.0000
1595.0          1.0000
1596.0          1.0000
1597.0          1.0000
1598.0          1.0000
1599.0          1.0000
1600.0          1.0000
1601.0          1.0000
1602.0          1.0000
1603.0          1.0000
1604.0          1.0000
1605.0          1.0000
1606.0          1.0000
1607.0          1.0000
1608.0          1.0000
1609.0          1.0000
1610.0          1.0000
1611.0          1.0000
1612.0          1.0000
1613.0          1.0000
1614.0          1.0000
1615.0          1.0000
1616.0          1.0000
1617.0          1.0000
1618.0          1.0000
1619.0          1.0000
1620.0          1.0000
1621.0          1.0000
1622.0          1.0000
1623.0          1.0000
1624.0          1.0000
1625.0          1.0000
1626.0          1.0000
1627.0          1.0000
1628.0          1.0000
1629.0          1.0000
1630.0          1.0000
1631.0          1.0000
1632.0          1.0000
1633.0          1.0000
1634.0          1.0000
1635.0          1.0000
1636.0          1.0000
1637.0          1.0000
1638.0          1.0000
1639.0          1.0000
1640.0          1.0000
1641.0          1.0000
1642.0          1.0000
1643.0          1.0000
1644.0          1.0000
1645.0          1.0000
1646.0          1.0000
1647.0          1.0000
1648.0          1.0000
1649.0          1.0000
1650.0          1.0000
1400.0          -5.7732E-15
1401.0          -3.9968E-15
1402.0          6.5503E-15
1403.0          9.9920E-16
1404.0          2.7756E-15
1405.0          -4.4409E-15
1406.0          9.9920E-16
1407.0          1.1102E-15
1408.0          -8.8818E-16
1409.0          -1.1102E-15
1410.0          -2.8866E-15
1411.0          5.5511E-16
1412.0          -6.6613E-16
1413.0          8.8818E-16
1414.0          -4.4409E-16
1415.0          0.0000
1416.0          -1.1102E-15
1417.0          -1.5543E-15
1418.0          6.6613E-16
1419.0          4.4409E-16
1420.0          4.4409E-15
1421.0          1.5543E-15
1422.0          -2.4425E-15
1423.0          -4.4409E-16
1424.0          -3.1086E-15
1425.0          2.2204E-15
1426.0          -2.2204E-16
1427.0          3.8858E-15
1428.0          1.1102E-15
1429.0          2.9976E-15
1430.0          1.1102E-16
1431.0          2.6645E-15
1432.0          -3.1086E-15
1433.0          -1.1102E-15
1434.0          6.6613E-16
1435.0          -2.6645E-15
1436.0          3.7748E-15
1437.0          3.3307E-15
1438.0          4.6629E-15
1439.0          1.2212E-15
1440.0          2.9976E-15
1441.0          -5.7732E-15
1442.0          -1.3323E-15
1443.0          2.7756E-15
1444.0          -1.1102E-15
1445.0          1.1102E-15
1446.0          -1.9984E-15
1447.0          -3.1086E-15
1448.0          1.5543E-15
1449.0          6.6613E-16
1450.0          6.6613E-16
1451.0          1.6653E-15
1452.0          6.6613E-16
1453.0          8.8818E-16
1454.0          3.9968E-15
1455.0          -4.4409E-16
1456.0          0.0000
1457.0          0.0000
1458.0          -6.6613E-16
1459.0          -1.7764E-15
1460.0          2.4425E-15
1461.0          1.3323E-15
1462.0          1.1102E-16
1463.0          4.4409E-16
1464.0          4.4409E-16
1465.0          -6.6613E-16
1466.0          1.1102E-15
1467.0          3.6637E-15
1468.0          2.1094E-15
1469.0          -8.8818E-16
1470.0          6.6613E-16
1471.0          -1.7764E-15
1472.0          1.1102E-16
1473.0          -6.6613E-16
1474.0          7.7716E-16
1475.0          1.5543E-15
1476.0          -6.6613E-16
1477.0          -2.8866E-15
1478.0          -2.6645E-15
1479.0          -2.2204E-15
1480.0          4.2188E-15
1481.0          2.4425E-15
1482.0          -4.4409E-16
1483.0          -8.8818E-16
1484.0          8.8818E-16
1485.0          1.3323E-15
1486.0          -1.5543E-15
1487.0          2.6645E-15
1488.0          2.4425E-15
1489.0          2.4425E-15
1490.0          -2.2204E-16
1491.0          -8.8818E-16
1492.0          2.3315E-15
1493.0          -2.2204E-16
1494.0          4.4409E-16
1495.0          -2.2204E-15
1496.0          3.5527E-15
1497.0          1.5543E-15
1498.0          -1.5543E-15
1499.0          2.2204E-15
1500.0          -1.7764E-15
1501.0          -1.7764E-15
1502.0          3.8858E-15
1503.0          -1.3323E-15
1504.0          -1.3323E-15
1505.0          1.9984E-15
1506.0          -8.8818E-16
1507.0          1.5543E-15
1508.0          1.1102E-16
1509.0          6.6613E-16
1510.0          1.1102E-16
1511.0          2.2204E-16
1512.0          -6.6613E-16
1513.0          1.2212E-15
1514.0          -2.4425E-15
1515.0          1.1102E-15
1516.0          1.1102E-15
1517.0          -8.8818E-16
1518.0          9.9920E-16
1519.0          -1.1102E-15
1520.0          -2.6645E-15
1521.0          -8.8818E-16
1522.0          -3.3307E-15
1523.0          1.1102E-16
1524.0          1.9984E-15
1525.0          2.4425E-15
1526.0          8.8818E-16
1527.0          2.2204E-16
1528.0          1.4433E-15
1529.0          -2.4425E-15
1530.0          -6.6613E-16
1531.0          1.1102E-15
1532.0          2.4425E-15
1533.0          1.3323E-15
1534.0          1.7764E-15
1535.0          4.4409E-16
1536.0          -8.8818E-16
1537.0          2.8866E-15
1538.0          0.0000
1539.0          7.7716E-16
1540.0          7.7716E-16
1541.0          8.8818E-16
1542.0          -1.5543E-15
1543.0          -4.4409E-16
1544.0          -1.3323E-15
1545.0          2.2204E-16
1546.0          -6.6613E-16
1547.0          7.7716E-16
1548.0          3.3307E-15
1549.0          2.4425E-15
1550.0          3.1086E-15
1551.0          6.6613E-16
1552.0          -1.3323E-15
1553.0          -1.1102E-15
1554.0          2.4425E-15
1555.0          -3.3307E-15
1556.0          -1.7764E-15
1557.0          -8.8818E-16
1558.0          -2.4425E-15
1559.0          -2.8866E-15
1560.0          1.8874E-15
1561.0          -2.2204E-16
1562.0          -3.9968E-15
1563.0          3.9968E-15
1564.0          -8.8818E-16
1565.0          -3.5527E-15
1566.0          -8.8818E-16
1567.0          -4.4409E-16
1568.0          -6.6613E-16
1569.0          -1.3323E-15
1570.0          -8.8818E-16
1571.0          -1.9984E-15
1572.0          4.4409E-16
1573.0          -3.1086E-15
1574.0          1.9984E-15
1575.0          2.2204E-16
1576.0          -1.3323E-15
1577.0          1.3323E-15
1578.0          1.7764E-15
1579.0          0.0000
1580.0          2.4425E-15
1581.0          1.7764E-15
1582.0          -1.9984E-15
1583.0          2.2204E-16
1584.0          2.2204E-16
1585.0          6.4393E-15
1586.0          -2.8866E-15
1587.0          -2.2204E-15
1588.0          3.3307E-16
1589.0          3.9968E-15
1590.0          5.5511E-16
1591.0          -1.5543E-15
1592.0          -1.7764E-15
1593.0          -4.4409E-16
1594.0          0.0000
1595.0          1.1102E-16
1596.0          7.2164E-15
1597.0          -1.6209E-14
1598.0          -7.1054E-15
1599.0          -1.1990E-14
1600.0          -2.3759E-14
1601.0          -2.6645E-15
1602.0          -1.2879E-14
1603.0          -3.3307E-15
1604.0          2.2204E-16
1605.0          5.7732E-15
1606.0          -3.9968E-15
1607.0          -4.6629E-15
1608.0          2.2204E-16
1609.0          2.6645E-15
1610.0          -6.6613E-16
1611.0          -1.1102E-15
1612.0          0.0000
1613.0          -4.4409E-16
1614.0          8.8818E-16
1615.0          2.6645E-15
1616.0          -2.2204E-15
1617.0          -2.2204E-15
1618.0          -3.5527E-15
1619.0          -1.9984E-15
1620.0          -3.3307E-15
1621.0          -1.7764E-15
1622.0          1.9984E-15
1623.0          8.8818E-16
1624.0          8.8818E-16
1625.0          6.6613E-16
1626.0          -1.7764E-15
1627.0          2.3315E-15
1628.0          -8.8818E-16
1629.0          2.5535E-15
1630.0          6.6613E-16
1631.0          -2.2204E-15
1632.0          1.4433E-15
1633.0          3.3307E-16
1634.0          -1.5543E-15
1635.0          -1.7764E-15
1636.0          6.6613E-16
1637.0          2.6645E-15
1638.0          1.9984E-15
1639.0          2.2204E-15
1640.0          8.8818E-16
1641.0          -1.3323E-15
1642.0          -1.3323E-15
1643.0          1.5543E-15
1644.0          -1.7764E-15
1645.0          2.2204E-16
1646.0          8.8818E-16
1647.0          1.3323E-15
1648.0          -1.1102E-15
1649.0          -1.7764E-15
1650.0          2.1094E-15
