1400.0          0.080759
1401.0          0.078952
1402.0          0.077241
1403.0          0.075611
1404.0          0.074053
1405.0          0.072557
1406.0          0.071117
1407.0          0.069726
1408.0          0.068380
1409.0          0.067075
1410.0          0.065806
1411.0          0.064571
1412.0          0.063366
1413.0          0.062187
1414.0          0.061033
1415.0          0.059899
1416.0          0.058781
1417.0          0.057677
1418.0          0.056579
1419.0          0.055481
1420.0          0.054374
1421.0          0.053243
1422.0          0.052068
1423.0          0.050813
1424.0          0.049417
1425.0          0.047758
1426.0          0.045555
1427.0          0.041995
1428.0          0.033570
1429.0          0.25524
1430.0          0.066001
1431.0          0.056651
1432.0          0.053064
1433.0          0.050966
1434.0          0.049476
1435.0          0.048301
1436.0          0.047314
1437.0          0.046452
1438.0          0.045679
1439.0          0.044974
1440.0          0.044324
1441.0          0.043718
1442.0          0.043152
1443.0          0.042620
1444.0          0.042118
1445.0          0.041645
1446.0          0.041199
1447.0          0.040777
1448.0          0.040379
1449.0          0.040003
1450.0          0.039649
1451.0          0.039316
1452.0          0.039003
1453.0          0.038710
1454.0          0.038436
1455.0          0.038180
1456.0          0.037943
1457.0          0.037725
1458.0          0.037524
1459.0          0.037340
1460.0          0.037174
1461.0          0.037025
1462.0          0.036893
1463.0          0.036777
1464.0          0.036678
1465.0          0.036595
1466.0          0.036528
1467.0          0.036477
1468.0          0.036442
1469.0          0.036422
1470.0          0.036418
1471.0          0.036428
1472.0          0.036454
1473.0          0.036495
1474.0          0.036551
1475.0          0.036622
1476.0          0.036707
1477.0          0.036806
1478.0          0.036920
1479.0          0.037048
1480.0          0.037190
1481.0          0.037346
1482.0          0.037516
1483.0          0.037699
1484.0          0.037896
1485.0          0.038107
1486.0          0.038330
1487.0          0.038567
1488.0          0.038817
1489.0          0.039080
1490.0          0.039355
1491.0          0.039644
1492.0          0.039945
1493.0          0.040258
1494.0          0.040584
1495.0          0.040922
1496.0          0.041272
1497.0          0.041634
1498.0          0.042008
1499.0          0.042394
1500.0          0.042791
1501.0          0.043200
1502.0          0.043620
1503.0          0.044052
1504.0          0.044495
1505.0          0.044949
1506.0          0.045414
1507.0          0.045889
1508.0          0.046376
1509.0          0.046873
1510.0          0.047380
1511.0          0.047898
1512.0          0.048426
1513.0          0.048965
1514.0          0.049513
1515.0          0.050072
1516.0          0.050640
1517.0          0.051218
1518.0          0.051805
1519.0          0.052402
1520.0          0.053008
1521.0          0.053624
1522.0          0.054249
1523.0          0.054883
1524.0          0.055525
1525.0          0.056177
1526.0          0.056837
1527.0          0.057506
1528.0          0.058183
1529.0          0.058869
1530.0          0.059563
1531.0          0.060265
1532.0          0.060976
1533.0          0.061694
1534.0          0.062420
1535.0          0.063154
1536.0          0.063895
1537.0          0.064644
1538.0          0.065401
1539.0          0.066165
1540.0          0.066936
1541.0          0.067714
1542.0          0.068499
1543.0          0.069291
1544.0          0.070090
1545.0          0.070895
1546.0          0.071707
1547.0          0.072526
1548.0          0.073351
1549.0          0.074183
1550.0          0.075020
1551.0          0.075864
1552.0          0.076714
1553.0          0.077569
1554.0          0.078431
1555.0          0.079298
1556.0          0.080171
1557.0          0.081049
1558.0          0.081933
1559.0          0.082822
1560.0          0.083716
1561.0          0.084616
1562.0          0.085520
1563.0          0.086430
1564.0          0.087344
1565.0          0.088263
1566.0          0.089187
1567.0          0.090116
1568.0          0.091049
1569.0          0.091986
1570.0          0.092928
1571.0          0.093874
1572.0          0.094824
1573.0          0.095778
1574.0          0.096737
1575.0          0.097699
1576.0          0.098665
1577.0          0.099634
1578.0          0.10061
1579.0          0.10158
1580.0          0.10257
1581.0          0.10355
1582.0          0.10454
1583.0          0.10553
1584.0          0.10652
1585.0          0.10752
1586.0          0.10852
1587.0          0.10952
1588.0          0.11053
1589.0          0.11153
1590.0          0.11254
1591.0          0.11356
1592.0          0.11457
1593.0          0.11559
1594.0          0.11661
1595.0          0.11764
1596.0          0.11866
1597.0          0.11969
1598.0          0.12072
1599.0          0.12175
1600.0          0.12279
1601.0          0.12382
1602.0          0.12486
1603.0          0.12590
1604.0          0.12694
1605.0          0.12799
1606.0          0.12903
1607.0          0.13008
1608.0          0.13112
1609.0          0.13217
1610.0          0.13322
1611.0          0.13428
1612.0          0.13533
1613.0          0.13638
1614.0          0.13744
1615.0          0.13849
1616.0          0.13955
1617.0          0.14061
1618.0          0.14167
1619.0          0.14273
1620.0          0.14379
1621.0          0.14485
1622.0          0.14591
1623.0          0.14697
1624.0          0.14804
1625.0          0.14910
1626.0          0.15016
1627.0          0.15123
1628.0          0.15229
1629.0          0.15336
1630.0          0.15442
1631.0          0.15549
1632.0          0.15655
1633.0          0.15762
1634.0          0.15868
1635.0          0.15975
1636.0          0.16081
1637.0          0.16188
1638.0          0.16294
1639.0          0.16401
1640.0          0.16507
1641.0          0.16613
1642.0          0.16720
1643.0          0.16826
1644.0          0.16932
1645.0          0.17039
1646.0          0.17145
1647.0          0.17251
1648.0          0.17357
1649.0          0.17463
1650.0          0.17569
1400.0          0.91924
1401.0          0.92105
1402.0          0.92276
1403.0          0.92439
1404.0          0.92595
1405.0          0.92744
1406.0          0.92888
1407.0          0.93027
1408.0          0.93162
1409.0          0.93293
1410.0          0.93419
1411.0          0.93543
1412.0          0.93663
1413.0          0.93781
1414.0          0.93897
1415.0          0.94010
1416.0          0.94122
1417.0          0.94232
1418.0          0.94342
1419.0          0.94452
1420.0          0.94563
1421.0          0.94676
1422.0          0.94793
1423.0          0.94919
1424.0          0.95058
1425.0          0.95224
1426.0          0.95445
1427.0          0.95800
1428.0          0.96643
1429.0          0.74476
1430.0          0.93400
1431.0          0.94335
1432.0          0.94694
1433.0          0.94903
1434.0          0.95052
1435.0          0.95170
1436.0          0.95269
1437.0          0.95355
1438.0          0.95432
1439.0          0.95503
1440.0          0.95568
1441.0          0.95628
1442.0          0.95685
1443.0          0.95738
1444.0          0.95788
1445.0          0.95835
1446.0          0.95880
1447.0          0.95922
1448.0          0.95962
1449.0          0.96000
1450.0          0.96035
1451.0          0.96068
1452.0          0.96100
1453.0          0.96129
1454.0          0.96156
1455.0          0.96182
1456.0          0.96206
1457.0          0.96228
1458.0          0.96248
1459.0          0.96266
1460.0          0.96283
1461.0          0.96297
1462.0          0.96311
1463.0          0.96322
1464.0          0.96332
1465.0          0.96340
1466.0          0.96347
1467.0          0.96352
1468.0          0.96356
1469.0          0.96358
1470.0          0.96358
1471.0          0.96357
1472.0          0.96355
1473.0          0.96350
1474.0          0.96345
1475.0          0.96338
1476.0          0.96329
1477.0          0.96319
1478.0          0.96308
1479.0          0.96295
1480.0          0.96281
1481.0          0.96265
1482.0          0.96248
1483.0          0.96230
1484.0          0.96210
1485.0          0.96189
1486.0          0.96167
1487.0          0.96143
1488.0          0.96118
1489.0          0.96092
1490.0          0.96064
1491.0          0.96036
1492.0          0.96006
1493.0          0.95974
1494.0          0.95942
1495.0          0.95908
1496.0          0.95873
1497.0          0.95837
1498.0          0.95799
1499.0          0.95761
1500.0          0.95721
1501.0          0.95680
1502.0          0.95638
1503.0          0.95595
1504.0          0.95551
1505.0          0.95505
1506.0          0.95459
1507.0          0.95411
1508.0          0.95362
1509.0          0.95313
1510.0          0.95262
1511.0          0.95210
1512.0          0.95157
1513.0          0.95104
1514.0          0.95049
1515.0          0.94993
1516.0          0.94936
1517.0          0.94878
1518.0          0.94819
1519.0          0.94760
1520.0          0.94699
1521.0          0.94638
1522.0          0.94575
1523.0          0.94512
1524.0          0.94447
1525.0          0.94382
1526.0          0.94316
1527.0          0.94249
1528.0          0.94182
1529.0          0.94113
1530.0          0.94044
1531.0          0.93973
1532.0          0.93902
1533.0          0.93831
1534.0          0.93758
1535.0          0.93685
1536.0          0.93610
1537.0          0.93536
1538.0          0.93460
1539.0          0.93384
1540.0          0.93306
1541.0          0.93229
1542.0          0.93150
1543.0          0.93071
1544.0          0.92991
1545.0          0.92910
1546.0          0.92829
1547.0          0.92747
1548.0          0.92665
1549.0          0.92582
1550.0          0.92498
1551.0          0.92414
1552.0          0.92329
1553.0          0.92243
1554.0          0.92157
1555.0          0.92070
1556.0          0.91983
1557.0          0.91895
1558.0          0.91807
1559.0          0.91718
1560.0          0.91628
1561.0          0.91538
1562.0          0.91448
1563.0          0.91357
1564.0          0.91266
1565.0          0.91174
1566.0          0.91081
1567.0          0.90988
1568.0          0.90895
1569.0          0.90801
1570.0          0.90707
1571.0          0.90613
1572.0          0.90518
1573.0          0.90422
1574.0          0.90326
1575.0          0.90230
1576.0          0.90134
1577.0          0.90037
1578.0          0.89939
1579.0          0.89842
1580.0          0.89743
1581.0          0.89645
1582.0          0.89546
1583.0          0.89447
1584.0          0.89348
1585.0          0.89248
1586.0          0.89148
1587.0          0.89048
1588.0          0.88947
1589.0          0.88847
1590.0          0.88746
1591.0          0.88644
1592.0          0.88543
1593.0          0.88441
1594.0          0.88339
1595.0          0.88236
1596.0          0.88134
1597.0          0.88031
1598.0          0.87928
1599.0          0.87825
1600.0          0.87721
1601.0          0.87618
1602.0          0.87514
1603.0          0.87410
1604.0          0.87306
1605.0          0.87201
1606.0          0.87097
1607.0          0.86992
1608.0          0.86888
1609.0          0.86783
1610.0          0.86678
1611.0          0.86572
1612.0          0.86467
1613.0          0.86362
1614.0          0.86256
1615.0          0.86151
1616.0          0.86045
1617.0          0.85939
1618.0          0.85833
1619.0          0.85727
1620.0          0.85621
1621.0          0.85515
1622.0          0.85409
1623.0          0.85303
1624.0          0.85196
1625.0          0.85090
1626.0          0.84984
1627.0          0.84877
1628.0          0.84771
1629.0          0.84664
1630.0          0.84558
1631.0          0.84451
1632.0          0.84345
1633.0          0.84238
1634.0          0.84132
1635.0          0.84025
1636.0          0.83919
1637.0          0.83812
1638.0          0.83706
1639.0          0.83599
1640.0          0.83493
1641.0          0.83387
1642.0          0.83280
1643.0          0.83174
1644.0          0.83068
1645.0          0.82961
1646.0          0.82855
1647.0          0.82749
1648.0          0.82643
1649.0          0.82537
1650.0          0.82431
1400.0          1.0000
1401.0          1.0000
1402.0          1.0000
1403.0          1.0000
1404.0          1.0000
1405.0          1.0000
1406.0          1.0000
1407.0          1.0000
1408.0          1.0000
1409.0          1.0000
1410.0          1.0000
1411.0          1.0000
1412.0          1.0000
1413.0          1.0000
1414.0          1.0000
1415.0          1.0000
1416.0          1.0000
1417.0          1.0000
1418.0          1.0000
1419.0          1.0000
1420.0          1.0000
1421.0          1.0000
1422.0          1.0000
1423.0          1.0000
1424.0          1.0000
1425.0          1.0000
1426.0          1.0000
1427.0          1.0000
1428.0          1.0000
1429.0          1.0000
1430.0          1.0000
1431.0          1.0000
1432.0          1.0000
1433.0          1.0000
1434.0          1.0000
1435.0          1.0000
1436.0          1.0000
1437.0          1.0000
1438.0          1.0000
1439.0          1.0000
1440.0          1.0000
1441.0          1.0000
1442.0          1.0000
1443.0          1.0000
1444.0          1.0000
1445.0          1.0000
1446.0          1.0000
1447.0          1.0000
1448.0          1.0000
1449.0          1.0000
1450.0          1.0000
1451.0          1.0000
1452.0          1.0000
1453.0          1.0000
1454.0          1.0000
1455.0          1.0000
1456.0          1.0000
1457.0          1.0000
1458.0          1.0000
1459.0          1.0000
1460.0          1.0000
1461.0          1.0000
1462.0          1.0000
1463.0          1.0000
1464.0          1.0000
1465.0          1.0000
1466.0          1.0000
1467.0          1.0000
1468.0          1.0000
1469.0          1.0000
1470.0          1.0000
1471.0          1.0000
1472.0          1.0000
1473.0          1.0000
1474.0          1.0000
1475.0          1.0000
1476.0          1.0000
1477.0          1.0000
1478.0          1.0000
1479.0          1.0000
1480.0          1.0000
1481.0          1.0000
1482.0          1.0000
1483.0          1.0000
1484.0          1.0000
1485.0          1.0000
1486.0          1.0000
1487.0          1.0000
1488.0          1.0000
1489.0          1.0000
1490.0          1.0000
1491.0          1.0000
1492.0          1.0000
1493.0          1.0000
1494.0          1.0000
1495.0          1.0000
1496.0          1.0000
1497.0          1.0000
1498.0          1.0000
1499.0          1.0000
1500.0          1.0000
1501.0          1.0000
1502.0          1.0000
1503.0          1.0000
1504.0          1.0000
1505.0          1.0000
1506.0          1.0000
1507.0          1.0000
1508.0          1.0000
1509.0          1.0000
1510.0          1.0000
1511.0          1.0000
1512.0          1.0000
1513.0          1.0000
1514.0          1.0000
1515.0          1.0000
1516.0          1.0000
1517.0          1.0000
1518.0          1.0000
1519.0          1.0000
1520.0          1.0000
1521.0          1.0000
1522.0          1.0000
1523.0          1.0000
1524.0          1.0000
1525.0          1.0000
1526.0          1.0000
1527.0          1.0000
1528.0          1.0000
1529.0          1.0000
1530.0          1.0000
1531.0          1.0000
1532.0          1.0000
1533.0          1.0000
1534.0          1.0000
1535.0          1.0000
1536.0          1.0000
1537.0          1.0000
1538.0          1.0000
1539.0          1.0000
1540.0          1.0000
1541.0          1.0000
1542.0          1.0000
1543.0          1.0000
1544.0          1.0000
1545.0          1.0000
1546.0          1.0000
1547.0          1.0000
1548.0          1.0000
1549.0          1.0000
1550.0          1.0000
1551.0          1.0000
1552.0          1.0000
1553.0          1.0000
1554.0          1.0000
1555.0          1.0000
1556.0          1.0000
1557.0          1.0000
1558.0          1.0000
1559.0          1.0000
1560.0          1.0000
1561.0          1.0000
1562.0          1.0000
1563.0          1.0000
1564.0          1.0000
1565.0          1.0000
1566.0          1.0000
1567.0          1.0000
1568.0          1.0000
1569.0          1.0000
1570.0          1.0000
1571.0          1.0000
1572.0          1.0000
1573.0          1.0000
1574.0          1.0000
1575.0          1.0000
1576.0          1.0000
1577.0          1.0000
1578.0          1.0000
1579.0          1.0000
1580.0          1.0000
1581.0          1.0000
1582.0          1.0000
1583.0          1.0000
1584.0          1.0000
1585.0          1.0000
1586.0          1.0000
1587.0          1.0000
1588.0          1.0000
1589.0          1.0000
1590.0          1.0000
1591.0          1.0000
1592.0          1.0000
1593.0          1.0000
1594.0          1.0000
1595.0          1.0000
1596.0          1.0000
1597.0          1.0000
1598.0          1.0000
1599.0          1.0000
1600.0          1.0000
1601.0          1.0000
1602.0          1.0000
1603.0          1.0000
1604.0          1.0000
1605.0          1.0000
1606.0          1.0000
1607.0          1.0000
1608.0          1.0000
1609.0          1.0000
1610.0          1.0000
1611.0          1.0000
1612.0          1.0000
1613.0          1.0000
1614.0          1.0000
1615.0          1.0000
1616.0          1.0000
1617.0          1.0000
1618.0          1.0000
1619.0          1.0000
1620.0          1.0000
1621.0          1.0000
1622.0          1.0000
1623.0          1.0000
1624.0          1.0000
1625.0          1.0000
1626.0          1.0000
1627.0          1.0000
1628.0          1.0000
1629.0          1.0000
1630.0          1.0000
1631.0          1.0000
1632.0          1.0000
1633.0          1.0000
1634.0          1.0000
1635.0          1.0000
1636.0          1.0000
1637.0          1.0000
1638.0          1.0000
1639.0          1.0000
1640.0          1.0000
1641.0          1.0000
1642.0          1.0000
1643.0          1.0000
1644.0          1.0000
1645.0          1.0000
1646.0          1.0000
1647.0          1.0000
1648.0          1.0000
1649.0          1.0000
1650.0          1.0000
1400.0          -4.4409E-16
1401.0          -8.8818E-16
1402.0          -8.8818E-16
1403.0          1.3323E-15
1404.0          -1.9984E-15
1405.0          2.3315E-15
1406.0          -3.5527E-15
1407.0          -2.2204E-16
1408.0          1.8874E-15
1409.0          -5.1070E-15
1410.0          2.4425E-15
1411.0          4.4409E-16
1412.0          3.7748E-15
1413.0          -4.4409E-16
1414.0          6.6613E-16
1415.0          -2.2204E-15
1416.0          -2.6645E-15
1417.0          -1.9984E-15
1418.0          -2.2204E-16
1419.0          1.6653E-15
1420.0          -6.6613E-16
1421.0          -3.5527E-15
1422.0          -4.4409E-16
1423.0          -1.1102E-15
1424.0          -1.5543E-15
1425.0          2.7756E-15
1426.0          -4.2188E-15
1427.0          -2.6645E-15
1428.0          5.3291E-15
1429.0          -9.2149E-14
1430.0          0.0000
1431.0          6.6613E-16
1432.0          -2.8866E-15
1433.0          -2.2204E-16
1434.0          3.6637E-15
1435.0          7.7716E-16
1436.0          4.4409E-16
1437.0          7.7716E-16
1438.0          6.6613E-16
1439.0          -6.6613E-16
1440.0          -2.2204E-15
1441.0          1.4433E-15
1442.0          -2.2204E-16
1443.0          2.2204E-16
1444.0          -6.6613E-16
1445.0          -1.9984E-15
1446.0          -1.9984E-15
1447.0          2.9976E-15
1448.0          -2.2204E-16
1449.0          -2.6645E-15
1450.0          -6.6613E-16
1451.0          -2.6645E-15
1452.0          1.5543E-15
1453.0          -2.8866E-15
1454.0          -1.3323E-15
1455.0          -2.2204E-15
1456.0          -1.7764E-15
1457.0          1.1102E-15
1458.0          -3.7748E-15
1459.0          3.3307E-16
1460.0          -1.1102E-15
1461.0          -1.5543E-15
1462.0          -1.1102E-15
1463.0          -1.1102E-15
1464.0          2.4425E-15
1465.0          -6.6613E-16
1466.0          -1.9984E-15
1467.0          -2.2204E-16
1468.0          -2.2204E-16
1469.0          -3.3307E-15
1470.0          -6.6613E-16
1471.0          -8.8818E-16
1472.0          2.9976E-15
1473.0          3.3307E-15
1474.0          -5.1070E-15
1475.0          9.9920E-16
1476.0          1.1102E-16
1477.0          -2.6645E-15
1478.0          5.5511E-16
1479.0          -6.6613E-16
1480.0          6.6613E-16
1481.0          3.7748E-15
1482.0          -4.4409E-16
1483.0          -2.4425E-15
1484.0          7.7716E-16
1485.0          1.3323E-15
1486.0          -6.6613E-16
1487.0          -2.2204E-16
1488.0          -1.3323E-15
1489.0          3.3307E-15
1490.0          -8.8818E-16
1491.0          -2.2204E-15
1492.0          -4.4409E-16
1493.0          -8.8818E-16
1494.0          -8.8818E-16
1495.0          2.2204E-16
1496.0          1.1102E-15
1497.0          7.7716E-16
1498.0          2.2204E-16
1499.0          1.1102E-16
1500.0          -1.3323E-15
1501.0          0.0000
1502.0          6.6613E-16
1503.0          1.7764E-15
1504.0          -2.2204E-16
1505.0          -3.3307E-15
1506.0          -1.7764E-15
1507.0          8.8818E-16
1508.0          -1.1102E-15
1509.0          -8.8818E-16
1510.0          1.1102E-15
1511.0          -1.1102E-15
1512.0          1.2212E-15
1513.0          4.4409E-16
1514.0          1.1102E-16
1515.0          1.2212E-15
1516.0          -3.3307E-15
1517.0          6.6613E-16
1518.0          0.0000
1519.0          2.4425E-15
1520.0          1.1102E-16
1521.0          9.9920E-16
1522.0          -4.4409E-16
1523.0          -4.4409E-16
1524.0          1.3323E-15
1525.0          -1.5543E-15
1526.0          3.3307E-16
1527.0          -2.2204E-16
1528.0          -2.8866E-15
1529.0          -1.3323E-15
1530.0          -4.4409E-16
1531.0          8.8818E-16
1532.0          -2.2204E-15
1533.0          -1.1102E-15
1534.0          1.6653E-15
1535.0          -6.6613E-16
1536.0          2.4425E-15
1537.0          1.1102E-16
1538.0          1.9984E-15
1539.0          0.0000
1540.0          -1.9984E-15
1541.0          -1.7764E-15
1542.0          4.4409E-16
1543.0          -8.8818E-16
1544.0          -6.6613E-16
1545.0          -2.4425E-15
1546.0          1.3323E-15
1547.0          6.6613E-16
1548.0          -2.2204E-16
1549.0          1.1102E-16
1550.0          -8.8818E-16
1551.0          -2.8866E-15
1552.0          1.8874E-15
1553.0          -1.5543E-15
1554.0          -2.4425E-15
1555.0          9.9920E-16
1556.0          4.4409E-16
1557.0          -4.4409E-16
1558.0          -3.5527E-15
1559.0          7.7716E-16
1560.0          -1.1102E-15
1561.0          2.2204E-16
1562.0          -2.2204E-16
1563.0          9.9920E-16
1564.0          -8.8818E-16
1565.0          -1.1102E-15
1566.0          7.7716E-16
1567.0          -2.2204E-16
1568.0          2.6645E-15
1569.0          5.5511E-16
1570.0          1.1102E-16
1571.0          -6.6613E-16
1572.0          -1.7764E-15
1573.0          1.2212E-15
1574.0          -1.9984E-15
1575.0          -1.5543E-15
1576.0          -4.4409E-16
1577.0          2.3315E-15
1578.0          -1.9984E-15
1579.0          -3.3307E-15
1580.0          -6.6613E-16
1581.0          1.9984E-15
1582.0          1.3323E-15
1583.0          -2.4425E-15
1584.0          1.8874E-15
1585.0          -2.2204E-16
1586.0          1.1102E-15
1587.0          -1.1102E-15
1588.0          2.2204E-16
1589.0          -8.8818E-16
1590.0          8.8818E-16
1591.0          -8.8818E-16
1592.0          1.2212E-15
1593.0          6.6613E-16
1594.0          -1.3323E-15
1595.0          8.8818E-16
1596.0          -1.3323E-15
1597.0          -8.8818E-16
1598.0          -3.1086E-15
1599.0          6.6613E-16
1600.0          1.3323E-15
1601.0          1.5543E-15
1602.0          -1.1102E-15
1603.0          1.1102E-15
1604.0          -4.4409E-16
1605.0          -8.8818E-16
1606.0          5.5511E-16
1607.0          -1.9984E-15
1608.0          -1.7764E-15
1609.0          -1.1102E-15
1610.0          -2.4425E-15
1611.0          1.1102E-15
1612.0          2.4425E-15
1613.0          2.2204E-16
1614.0          -1.1102E-15
1615.0          -6.6613E-16
1616.0          -1.9984E-15
1617.0          4.4409E-16
1618.0          9.9920E-16
1619.0          3.1086E-15
1620.0          0.0000
1621.0          -1.5543E-15
1622.0          2.9976E-15
1623.0          3.5527E-15
1624.0          2.6645E-15
1625.0          -4.4409E-16
1626.0          -3.3307E-15
1627.0          -2.2204E-15
1628.0          1.2212E-15
1629.0          -2.2204E-15
1630.0          3.2196E-15
1631.0          -4.4409E-16
1632.0          1.1102E-16
1633.0          -2.2204E-16
1634.0          -2.2204E-16
1635.0          1.7764E-15
1636.0          1.1102E-15
1637.0          -1.1102E-15
1638.0          2.9976E-15
1639.0          -2.2204E-15
1640.0          1.1102E-16
1641.0          -1.9984E-15
1642.0          -2.2204E-16
1643.0          -3.3307E-15
1644.0          -4.4409E-16
1645.0          -2.2204E-16
1646.0          -2.6645E-15
1647.0          9.9920E-16
1648.0          1.9984E-15
1649.0          2.6645E-15
1650.0          1.7764E-15
