1400.0          0.38638
1401.0          0.38717
1402.0          0.38795
1403.0          0.38872
1404.0          0.38949
1405.0          0.39026
1406.0          0.39102
1407.0          0.39178
1408.0          0.39253
1409.0          0.39328
1410.0          0.39403
1411.0          0.39477
1412.0          0.39551
1413.0          0.39625
1414.0          0.39698
1415.0          0.39771
1416.0          0.39843
1417.0          0.39915
1418.0          0.39986
1419.0          0.40058
1420.0          0.40128
1421.0          0.40199
1422.0          0.40269
1423.0          0.40338
1424.0          0.40408
1425.0          0.40477
1426.0          0.40545
1427.0          0.40613
1428.0          0.40681
1429.0          0.40749
1430.0          0.40816
1431.0          0.40882
1432.0          0.40949
1433.0          0.41015
1434.0          0.41080
1435.0          0.41146
1436.0          0.41210
1437.0          0.41275
1438.0          0.41339
1439.0          0.41403
1440.0          0.41466
1441.0          0.41530
1442.0          0.41592
1443.0          0.41655
1444.0          0.41717
1445.0          0.41779
1446.0          0.41840
1447.0          0.41901
1448.0          0.41962
1449.0          0.42022
1450.0          0.42082
1451.0          0.42142
1452.0          0.42201
1453.0          0.42261
1454.0          0.42319
1455.0          0.42378
1456.0          0.42436
1457.0          0.42493
1458.0          0.42551
1459.0          0.42608
1460.0          0.42665
1461.0          0.42721
1462.0          0.42777
1463.0          0.42833
1464.0          0.42889
1465.0          0.42944
1466.0          0.42999
1467.0          0.43053
1468.0          0.43108
1469.0          0.43162
1470.0          0.43215
1471.0          0.43269
1472.0          0.43322
1473.0          0.43374
1474.0          0.43427
1475.0          0.43479
1476.0          0.43531
1477.0          0.43582
1478.0          0.43634
1479.0          0.43684
1480.0          0.43735
1481.0          0.43785
1482.0          0.43836
1483.0          0.43885
1484.0          0.43935
1485.0          0.43984
1486.0          0.44033
1487.0          0.44082
1488.0          0.44130
1489.0          0.44178
1490.0          0.44226
1491.0          0.44274
1492.0          0.44321
1493.0          0.44368
1494.0          0.44415
1495.0          0.44461
1496.0          0.44507
1497.0          0.44553
1498.0          0.44599
1499.0          0.44644
1500.0          0.44689
1501.0          0.44734
1502.0          0.44779
1503.0          0.44823
1504.0          0.44867
1505.0          0.44911
1506.0          0.44954
1507.0          0.44998
1508.0          0.45041
1509.0          0.45083
1510.0          0.45126
1511.0          0.45168
1512.0          0.45210
1513.0          0.45252
1514.0          0.45294
1515.0          0.45335
1516.0          0.45376
1517.0          0.45417
1518.0          0.45457
1519.0          0.45498
1520.0          0.45538
1521.0          0.45578
1522.0          0.45617
1523.0          0.45656
1524.0          0.45696
1525.0          0.45734
1526.0          0.45773
1527.0          0.45812
1528.0          0.45850
1529.0          0.45888
1530.0          0.45925
1531.0          0.45963
1532.0          0.46000
1533.0          0.46037
1534.0          0.46074
1535.0          0.46111
1536.0          0.46147
1537.0          0.46183
1538.0          0.46219
1539.0          0.46255
1540.0          0.46291
1541.0          0.46326
1542.0          0.46361
1543.0          0.46396
1544.0          0.46431
1545.0          0.46465
1546.0          0.46499
1547.0          0.46533
1548.0          0.46567
1549.0          0.46601
1550.0          0.46634
1551.0          0.46667
1552.0          0.46700
1553.0          0.46733
1554.0          0.46766
1555.0          0.46798
1556.0          0.46830
1557.0          0.46862
1558.0          0.46894
1559.0          0.46926
1560.0          0.46957
1561.0          0.46988
1562.0          0.47019
1563.0          0.47050
1564.0          0.47081
1565.0          0.47111
1566.0          0.47141
1567.0          0.47171
1568.0          0.47201
1569.0          0.47231
1570.0          0.47260
1571.0          0.47290
1572.0          0.47319
1573.0          0.47348
1574.0          0.47376
1575.0          0.47405
1576.0          0.47433
1577.0          0.47462
1578.0          0.47490
1579.0          0.47517
1580.0          0.47545
1581.0          0.47573
1582.0          0.47600
1583.0          0.47627
1584.0          0.47654
1585.0          0.47681
1586.0          0.47707
1587.0          0.47734
1588.0          0.47760
1589.0          0.47786
1590.0          0.47812
1591.0          0.47838
1592.0          0.47864
1593.0          0.47889
1594.0          0.47914
1595.0          0.47939
1596.0          0.47964
1597.0          0.47989
1598.0          0.48014
1599.0          0.48038
1600.0          0.48062
1601.0          0.48086
1602.0          0.48110
1603.0          0.48134
1604.0          0.48158
1605.0          0.48181
1606.0          0.48205
1607.0          0.48228
1608.0          0.48251
1609.0          0.48274
1610.0          0.48296
1611.0          0.48319
1612.0          0.48341
1613.0          0.48364
1614.0          0.48386
1615.0          0.48408
1616.0          0.48430
1617.0          0.48451
1618.0          0.48473
1619.0          0.48494
1620.0          0.48515
1621.0          0.48536
1622.0          0.48557
1623.0          0.48578
1624.0          0.48599
1625.0          0.48619
1626.0          0.48640
1627.0          0.48660
1628.0          0.48680
1629.0          0.48700
1630.0          0.48720
1631.0          0.48739
1632.0          0.48759
1633.0          0.48778
1634.0          0.48797
1635.0          0.48816
1636.0          0.48835
1637.0          0.48854
1638.0          0.48873
1639.0          0.48892
1640.0          0.48910
1641.0          0.48928
1642.0          0.48946
1643.0          0.48964
1644.0          0.48982
1645.0          0.49000
1646.0          0.49018
1647.0          0.49035
1648.0          0.49053
1649.0          0.49070
1650.0          0.49087
1400.0          0.61362
1401.0          0.61283
1402.0          0.61205
1403.0          0.61128
1404.0          0.61051
1405.0          0.60974
1406.0          0.60898
1407.0          0.60822
1408.0          0.60747
1409.0          0.60672
1410.0          0.60597
1411.0          0.60523
1412.0          0.60449
1413.0          0.60375
1414.0          0.60302
1415.0          0.60229
1416.0          0.60157
1417.0          0.60085
1418.0          0.60014
1419.0          0.59942
1420.0          0.59872
1421.0          0.59801
1422.0          0.59731
1423.0          0.59662
1424.0          0.59592
1425.0          0.59523
1426.0          0.59455
1427.0          0.59387
1428.0          0.59319
1429.0          0.59251
1430.0          0.59184
1431.0          0.59118
1432.0          0.59051
1433.0          0.58985
1434.0          0.58920
1435.0          0.58854
1436.0          0.58790
1437.0          0.58725
1438.0          0.58661
1439.0          0.58597
1440.0          0.58534
1441.0          0.58470
1442.0          0.58408
1443.0          0.58345
1444.0          0.58283
1445.0          0.58221
1446.0          0.58160
1447.0          0.58099
1448.0          0.58038
1449.0          0.57978
1450.0          0.57918
1451.0          0.57858
1452.0          0.57799
1453.0          0.57739
1454.0          0.57681
1455.0          0.57622
1456.0          0.57564
1457.0          0.57507
1458.0          0.57449
1459.0          0.57392
1460.0          0.57335
1461.0          0.57279
1462.0          0.57223
1463.0          0.57167
1464.0          0.57111
1465.0          0.57056
1466.0          0.57001
1467.0          0.56947
1468.0          0.56892
1469.0          0.56838
1470.0          0.56785
1471.0          0.56731
1472.0          0.56678
1473.0          0.56626
1474.0          0.56573
1475.0          0.56521
1476.0          0.56469
1477.0          0.56418
1478.0          0.56366
1479.0          0.56316
1480.0          0.56265
1481.0          0.56215
1482.0          0.56164
1483.0          0.56115
1484.0          0.56065
1485.0          0.56016
1486.0          0.55967
1487.0          0.55918
1488.0          0.55870
1489.0          0.55822
1490.0          0.55774
1491.0          0.55726
1492.0          0.55679
1493.0          0.55632
1494.0          0.55585
1495.0          0.55539
1496.0          0.55493
1497.0          0.55447
1498.0          0.55401
1499.0          0.55356
1500.0          0.55311
1501.0          0.55266
1502.0          0.55221
1503.0          0.55177
1504.0          0.55133
1505.0          0.55089
1506.0          0.55046
1507.0          0.55002
1508.0          0.54959
1509.0          0.54917
1510.0          0.54874
1511.0          0.54832
1512.0          0.54790
1513.0          0.54748
1514.0          0.54706
1515.0          0.54665
1516.0          0.54624
1517.0          0.54583
1518.0          0.54543
1519.0          0.54502
1520.0          0.54462
1521.0          0.54422
1522.0          0.54383
1523.0          0.54344
1524.0          0.54304
1525.0          0.54266
1526.0          0.54227
1527.0          0.54188
1528.0          0.54150
1529.0          0.54112
1530.0          0.54075
1531.0          0.54037
1532.0          0.54000
1533.0          0.53963
1534.0          0.53926
1535.0          0.53889
1536.0          0.53853
1537.0          0.53817
1538.0          0.53781
1539.0          0.53745
1540.0          0.53709
1541.0          0.53674
1542.0          0.53639
1543.0          0.53604
1544.0          0.53569
1545.0          0.53535
1546.0          0.53501
1547.0          0.53467
1548.0          0.53433
1549.0          0.53399
1550.0          0.53366
1551.0          0.53333
1552.0          0.53300
1553.0          0.53267
1554.0          0.53234
1555.0          0.53202
1556.0          0.53170
1557.0          0.53138
1558.0          0.53106
1559.0          0.53074
1560.0          0.53043
1561.0          0.53012
1562.0          0.52981
1563.0          0.52950
1564.0          0.52919
1565.0          0.52889
1566.0          0.52859
1567.0          0.52829
1568.0          0.52799
1569.0          0.52769
1570.0          0.52740
1571.0          0.52710
1572.0          0.52681
1573.0          0.52652
1574.0          0.52624
1575.0          0.52595
1576.0          0.52567
1577.0          0.52538
1578.0          0.52510
1579.0          0.52483
1580.0          0.52455
1581.0          0.52427
1582.0          0.52400
1583.0          0.52373
1584.0          0.52346
1585.0          0.52319
1586.0          0.52293
1587.0          0.52266
1588.0          0.52240
1589.0          0.52214
1590.0          0.52188
1591.0          0.52162
1592.0          0.52136
1593.0          0.52111
1594.0          0.52086
1595.0          0.52061
1596.0          0.52036
1597.0          0.52011
1598.0          0.51986
1599.0          0.51962
1600.0          0.51938
1601.0          0.51914
1602.0          0.51890
1603.0          0.51866
1604.0          0.51842
1605.0          0.51819
1606.0          0.51795
1607.0          0.51772
1608.0          0.51749
1609.0          0.51726
1610.0          0.51704
1611.0          0.51681
1612.0          0.51659
1613.0          0.51636
1614.0          0.51614
1615.0          0.51592
1616.0          0.51570
1617.0          0.51549
1618.0          0.51527
1619.0          0.51506
1620.0          0.51485
1621.0          0.51464
1622.0          0.51443
1623.0          0.51422
1624.0          0.51401
1625.0          0.51381
1626.0          0.51360
1627.0          0.51340
1628.0          0.51320
1629.0          0.51300
1630.0          0.51280
1631.0          0.51261
1632.0          0.51241
1633.0          0.51222
1634.0          0.51203
1635.0          0.51184
1636.0          0.51165
1637.0          0.51146
1638.0          0.51127
1639.0          0.51108
1640.0          0.51090
1641.0          0.51072
1642.0          0.51054
1643.0          0.51036
1644.0          0.51018
1645.0          0.51000
1646.0          0.50982
1647.0          0.50965
1648.0          0.50947
1649.0          0.50930
1650.0          0.50913
1400.0          1.0000
1401.0          1.0000
1402.0          1.0000
1403.0          1.0000
1404.0          1.0000
1405.0          1.0000
1406.0          1.0000
1407.0          1.0000
1408.0          1.0000
1409.0          1.0000
1410.0          1.0000
1411.0          1.0000
1412.0          1.0000
1413.0          1.0000
1414.0          1.0000
1415.0          1.0000
1416.0          1.0000
1417.0          1.0000
1418.0          1.0000
1419.0          1.0000
1420.0          1.0000
1421.0          1.0000
1422.0          1.0000
1423.0          1.0000
1424.0          1.0000
1425.0          1.0000
1426.0          1.0000
1427.0          1.0000
1428.0          1.0000
1429.0          1.0000
1430.0          1.0000
1431.0          1.0000
1432.0          1.0000
1433.0          1.0000
1434.0          1.0000
1435.0          1.0000
1436.0          1.0000
1437.0          1.0000
1438.0          1.0000
1439.0          1.0000
1440.0          1.0000
1441.0          1.0000
1442.0          1.0000
1443.0          1.0000
1444.0          1.0000
1445.0          1.0000
1446.0          1.0000
1447.0          1.0000
1448.0          1.0000
1449.0          1.0000
1450.0          1.0000
1451.0          1.0000
1452.0          1.0000
1453.0          1.0000
1454.0          1.0000
1455.0          1.0000
1456.0          1.0000
1457.0          1.0000
1458.0          1.0000
1459.0          1.0000
1460.0          1.0000
1461.0          1.0000
1462.0          1.0000
1463.0          1.0000
1464.0          1.0000
1465.0          1.0000
1466.0          1.0000
1467.0          1.0000
1468.0          1.0000
1469.0          1.0000
1470.0          1.0000
1471.0          1.0000
1472.0          1.0000
1473.0          1.0000
1474.0          1.0000
1475.0          1.0000
1476.0          1.0000
1477.0          1.0000
1478.0          1.0000
1479.0          1.0000
1480.0          1.0000
1481.0          1.0000
1482.0          1.0000
1483.0          1.0000
1484.0          1.0000
1485.0          1.0000
1486.0          1.0000
1487.0          1.0000
1488.0          1.0000
1489.0          1.0000
1490.0          1.0000
1491.0          1.0000
1492.0          1.0000
1493.0          1.0000
1494.0          1.0000
1495.0          1.0000
1496.0          1.0000
1497.0          1.0000
1498.0          1.0000
1499.0          1.0000
1500.0          1.0000
1501.0          1.0000
1502.0          1.0000
1503.0          1.0000
1504.0          1.0000
1505.0          1.0000
1506.0          1.0000
1507.0          1.0000
1508.0          1.0000
1509.0          1.0000
1510.0          1.0000
1511.0          1.0000
1512.0          1.0000
1513.0          1.0000
1514.0          1.0000
1515.0          1.0000
1516.0          1.0000
1517.0          1.0000
1518.0          1.0000
1519.0          1.0000
1520.0          1.0000
1521.0          1.0000
1522.0          1.0000
1523.0          1.0000
1524.0          1.0000
1525.0          1.0000
1526.0          1.0000
1527.0          1.0000
1528.0          1.0000
1529.0          1.0000
1530.0          1.0000
1531.0          1.0000
1532.0          1.0000
1533.0          1.0000
1534.0          1.0000
1535.0          1.0000
1536.0          1.0000
1537.0          1.0000
1538.0          1.0000
1539.0          1.0000
1540.0          1.0000
1541.0          1.0000
1542.0          1.0000
1543.0          1.0000
1544.0          1.0000
1545.0          1.0000
1546.0          1.0000
1547.0          1.0000
1548.0          1.0000
1549.0          1.0000
1550.0          1.0000
1551.0          1.0000
1552.0          1.0000
1553.0          1.0000
1554.0          1.0000
1555.0          1.0000
1556.0          1.0000
1557.0          1.0000
1558.0          1.0000
1559.0          1.0000
1560.0          1.0000
1561.0          1.0000
1562.0          1.0000
1563.0          1.0000
1564.0          1.0000
1565.0          1.0000
1566.0          1.0000
1567.0          1.0000
1568.0          1.0000
1569.0          1.0000
1570.0          1.0000
1571.0          1.0000
1572.0          1.0000
1573.0          1.0000
1574.0          1.0000
1575.0          1.0000
1576.0          1.0000
1577.0          1.0000
1578.0          1.0000
1579.0          1.0000
1580.0          1.0000
1581.0          1.0000
1582.0          1.0000
1583.0          1.0000
1584.0          1.0000
1585.0          1.0000
1586.0          1.0000
1587.0          1.0000
1588.0          1.0000
1589.0          1.0000
1590.0          1.0000
1591.0          1.0000
1592.0          1.0000
1593.0          1.0000
1594.0          1.0000
1595.0          1.0000
1596.0          1.0000
1597.0          1.0000
1598.0          1.0000
1599.0          1.0000
1600.0          1.0000
1601.0          1.0000
1602.0          1.0000
1603.0          1.0000
1604.0          1.0000
1605.0          1.0000
1606.0          1.0000
1607.0          1.0000
1608.0          1.0000
1609.0          1.0000
1610.0          1.0000
1611.0          1.0000
1612.0          1.0000
1613.0          1.0000
1614.0          1.0000
1615.0          1.0000
1616.0          1.0000
1617.0          1.0000
1618.0          1.0000
1619.0          1.0000
1620.0          1.0000
1621.0          1.0000
1622.0          1.0000
1623.0          1.0000
1624.0          1.0000
1625.0          1.0000
1626.0          1.0000
1627.0          1.0000
1628.0          1.0000
1629.0          1.0000
1630.0          1.0000
1631.0          1.0000
1632.0          1.0000
1633.0          1.0000
1634.0          1.0000
1635.0          1.0000
1636.0          1.0000
1637.0          1.0000
1638.0          1.0000
1639.0          1.0000
1640.0          1.0000
1641.0          1.0000
1642.0          1.0000
1643.0          1.0000
1644.0          1.0000
1645.0          1.0000
1646.0          1.0000
1647.0          1.0000
1648.0          1.0000
1649.0          1.0000
1650.0          1.0000
1400.0          1.1102E-15
1401.0          0.0000
1402.0          -8.8818E-16
1403.0          -1.5543E-15
1404.0          1.1102E-15
1405.0          1.5543E-15
1406.0          -8.8818E-16
1407.0          -4.6629E-15
1408.0          -1.3323E-15
1409.0          -6.6613E-16
1410.0          2.2204E-16
1411.0          -8.8818E-16
1412.0          -2.6645E-15
1413.0          -1.3323E-15
1414.0          1.3323E-15
1415.0          -8.8818E-16
1416.0          -4.4409E-16
1417.0          3.2196E-15
1418.0          4.4409E-16
1419.0          -4.4409E-16
1420.0          1.3323E-15
1421.0          6.6613E-16
1422.0          -6.6613E-16
1423.0          1.1102E-15
1424.0          2.4425E-15
1425.0          2.4425E-15
1426.0          -5.7732E-15
1427.0          -1.3323E-15
1428.0          1.3323E-15
1429.0          0.0000
1430.0          -2.6645E-15
1431.0          3.5527E-15
1432.0          3.4417E-15
1433.0          -1.1102E-15
1434.0          1.9984E-15
1435.0          -4.4409E-16
1436.0          -2.2204E-16
1437.0          -6.6613E-16
1438.0          -2.2204E-16
1439.0          -4.4409E-16
1440.0          -1.5543E-15
1441.0          0.0000
1442.0          -1.9984E-15
1443.0          2.6645E-15
1444.0          -4.4409E-16
1445.0          4.4409E-16
1446.0          2.9976E-15
1447.0          2.1094E-15
1448.0          -8.8818E-16
1449.0          5.5511E-16
1450.0          3.7748E-15
1451.0          1.2212E-15
1452.0          -3.5527E-15
1453.0          3.4417E-15
1454.0          -1.5543E-15
1455.0          1.2212E-15
1456.0          -4.4409E-16
1457.0          -2.2204E-16
1458.0          5.5511E-16
1459.0          -2.2204E-16
1460.0          2.7756E-15
1461.0          -2.2204E-15
1462.0          -1.3323E-15
1463.0          -8.8818E-16
1464.0          1.5543E-15
1465.0          1.4433E-15
1466.0          2.2204E-15
1467.0          -1.3323E-15
1468.0          4.4409E-16
1469.0          3.3307E-16
1470.0          -8.8818E-16
1471.0          -2.6645E-15
1472.0          8.8818E-16
1473.0          -1.7764E-15
1474.0          -8.8818E-16
1475.0          -4.4409E-16
1476.0          -1.7764E-15
1477.0          -8.8818E-16
1478.0          -1.5543E-15
1479.0          -4.4409E-16
1480.0          8.8818E-16
1481.0          1.2212E-15
1482.0          -8.8818E-16
1483.0          -2.8866E-15
1484.0          1.9984E-15
1485.0          -2.2204E-16
1486.0          9.9920E-16
1487.0          8.8818E-16
1488.0          2.1094E-15
1489.0          3.1086E-15
1490.0          -8.8818E-16
1491.0          2.2204E-16
1492.0          -1.5543E-15
1493.0          1.4433E-15
1494.0          2.4425E-15
1495.0          1.8874E-15
1496.0          -1.9984E-15
1497.0          -4.2188E-15
1498.0          1.3323E-15
1499.0          0.0000
1500.0          2.1094E-15
1501.0          -1.3323E-15
1502.0          -1.1102E-15
1503.0          0.0000
1504.0          -8.8818E-16
1505.0          -1.1102E-15
1506.0          1.6653E-15
1507.0          -6.6613E-16
1508.0          3.3307E-16
1509.0          -1.7764E-15
1510.0          2.4425E-15
1511.0          -4.4409E-16
1512.0          2.2204E-16
1513.0          -3.1086E-15
1514.0          -1.3323E-15
1515.0          1.1102E-16
1516.0          -2.2204E-15
1517.0          -2.2204E-16
1518.0          -2.2204E-15
1519.0          0.0000
1520.0          0.0000
1521.0          -1.7764E-15
1522.0          -8.8818E-16
1523.0          -4.4409E-16
1524.0          -4.4409E-16
1525.0          2.1094E-15
1526.0          7.7716E-16
1527.0          1.5543E-15
1528.0          1.1102E-15
1529.0          1.2212E-15
1530.0          2.1094E-15
1531.0          -2.4425E-15
1532.0          2.3315E-15
1533.0          -1.7764E-15
1534.0          -1.9984E-15
1535.0          -1.3323E-15
1536.0          1.5543E-15
1537.0          -8.8818E-16
1538.0          -4.4409E-16
1539.0          4.4409E-16
1540.0          -2.2204E-15
1541.0          -4.4409E-16
1542.0          -6.6613E-16
1543.0          7.7716E-16
1544.0          -3.1086E-15
1545.0          1.5543E-15
1546.0          -8.8818E-16
1547.0          4.4409E-16
1548.0          1.5543E-15
1549.0          2.2204E-16
1550.0          -2.2204E-15
1551.0          1.2212E-15
1552.0          2.2204E-15
1553.0          -4.4409E-16
1554.0          1.7764E-15
1555.0          1.1102E-15
1556.0          -4.4409E-16
1557.0          -2.2204E-15
1558.0          -1.3323E-15
1559.0          1.2212E-15
1560.0          1.5543E-15
1561.0          -1.3323E-15
1562.0          -2.8866E-15
1563.0          1.7764E-15
1564.0          -1.9984E-15
1565.0          -2.4425E-15
1566.0          -6.6613E-16
1567.0          0.0000
1568.0          -2.2204E-16
1569.0          -6.6613E-16
1570.0          0.0000
1571.0          -4.4409E-16
1572.0          8.8818E-16
1573.0          -1.5543E-15
1574.0          -1.3323E-15
1575.0          -1.7764E-15
1576.0          1.1102E-15
1577.0          -1.7764E-15
1578.0          -3.1086E-15
1579.0          -1.7764E-15
1580.0          0.0000
1581.0          -2.4425E-15
1582.0          2.2204E-15
1583.0          3.1086E-15
1584.0          3.7748E-15
1585.0          5.5511E-16
1586.0          -1.3323E-15
1587.0          6.6613E-16
1588.0          4.4409E-16
1589.0          1.9984E-15
1590.0          1.7764E-15
1591.0          -3.3307E-15
1592.0          1.1102E-15
1593.0          5.5511E-16
1594.0          -2.4425E-15
1595.0          3.3307E-16
1596.0          4.4409E-16
1597.0          -1.3323E-15
1598.0          8.8818E-16
1599.0          6.6613E-16
1600.0          -3.3307E-15
1601.0          1.9984E-15
1602.0          1.8874E-15
1603.0          1.3323E-15
1604.0          -8.8818E-16
1605.0          5.5511E-16
1606.0          7.7716E-16
1607.0          1.8874E-15
1608.0          -4.4409E-15
1609.0          -2.4425E-15
1610.0          -1.3323E-15
1611.0          8.8818E-16
1612.0          -3.7748E-15
1613.0          -2.2204E-15
1614.0          2.6645E-15
1615.0          -1.1102E-15
1616.0          7.7716E-16
1617.0          1.8874E-15
1618.0          0.0000
1619.0          2.9976E-15
1620.0          1.9984E-15
1621.0          2.2204E-16
1622.0          -4.4409E-15
1623.0          -1.5543E-15
1624.0          -2.2204E-16
1625.0          0.0000
1626.0          -1.9984E-15
1627.0          -2.2204E-16
1628.0          2.2204E-16
1629.0          -1.1102E-15
1630.0          4.8850E-15
1631.0          -4.4409E-16
1632.0          1.2212E-15
1633.0          3.3307E-16
1634.0          4.4409E-16
1635.0          -1.5543E-15
1636.0          1.1102E-15
1637.0          3.1086E-15
1638.0          -2.6645E-15
1639.0          -2.2204E-15
1640.0          3.3307E-16
1641.0          -8.8818E-16
1642.0          2.2204E-15
1643.0          -3.1086E-15
1644.0          7.7716E-16
1645.0          -1.9984E-15
1646.0          -1.7764E-15
1647.0          -2.2204E-16
1648.0          2.7756E-15
1649.0          1.6653E-15
1650.0          -4.4409E-16
