1400.0          0.40128
1401.0          0.40202
1402.0          0.40291
1403.0          0.40397
1404.0          0.40520
1405.0          0.40664
1406.0          0.40829
1407.0          0.41019
1408.0          0.41235
1409.0          0.41481
1410.0          0.41761
1411.0          0.42078
1412.0          0.42436
1413.0          0.42842
1414.0          0.43302
1415.0          0.43823
1416.0          0.44414
1417.0          0.45087
1418.0          0.45854
1419.0          0.46732
1420.0          0.47740
1421.0          0.48902
1422.0          0.50249
1423.0          0.51819
1424.0          0.53661
1425.0          0.55838
1426.0          0.58429
1427.0          0.61537
1428.0          0.65289
1429.0          0.69840
1430.0          0.75346
1431.0          0.81893
1432.0          0.89264
1433.0          0.96346
1434.0          0.99999
1435.0          0.94418
1436.0          0.75351
1437.0          0.48528
1438.0          0.25534
1439.0          0.11273
1440.0          0.040640
1441.0          0.010284
1442.0          0.0016863
1443.0          0.0037231
1444.0          0.010630
1445.0          0.019493
1446.0          0.028853
1447.0          0.038001
1448.0          0.046604
1449.0          0.054532
1450.0          0.061750
1451.0          0.068278
1452.0          0.074156
1453.0          0.079436
1454.0          0.084170
1455.0          0.088411
1456.0          0.092207
1457.0          0.095600
1458.0          0.098631
1459.0          0.10133
1460.0          0.10374
1461.0          0.10588
1462.0          0.10778
1463.0          0.10946
1464.0          0.11094
1465.0          0.11224
1466.0          0.11337
1467.0          0.11435
1468.0          0.11519
1469.0          0.11590
1470.0          0.11649
1471.0          0.11697
1472.0          0.11736
1473.0          0.11765
1474.0          0.11786
1475.0          0.11799
1476.0          0.11805
1477.0          0.11803
1478.0          0.11796
1479.0          0.11783
1480.0          0.11764
1481.0          0.11740
1482.0          0.11712
1483.0          0.11679
1484.0          0.11642
1485.0          0.11602
1486.0          0.11557
1487.0          0.11510
1488.0          0.11459
1489.0          0.11406
1490.0          0.11350
1491.0          0.11291
1492.0          0.11230
1493.0          0.11167
1494.0          0.11102
1495.0          0.11035
1496.0          0.10966
1497.0          0.10896
1498.0          0.10824
1499.0          0.10750
1500.0          0.10676
1501.0          0.10600
1502.0          0.10523
1503.0          0.10445
1504.0          0.10366
1505.0          0.10287
1506.0          0.10206
1507.0          0.10125
1508.0          0.10043
1509.0          0.099607
1510.0          0.098778
1511.0          0.097944
1512.0          0.097107
1513.0          0.096266
1514.0          0.095422
1515.0          0.094575
1516.0          0.093727
1517.0          0.092877
1518.0          0.092027
1519.0          0.091175
1520.0          0.090324
1521.0          0.089472
1522.0          0.088621
1523.0          0.087771
1524.0          0.086922
1525.0          0.086075
1526.0          0.085229
1527.0          0.084386
1528.0          0.083545
1529.0          0.082707
1530.0          0.081872
1531.0          0.081040
1532.0          0.080211
1533.0          0.079386
1534.0          0.078565
1535.0          0.077749
1536.0          0.076937
1537.0          0.076129
1538.0          0.075326
1539.0          0.074529
1540.0          0.073736
1541.0          0.072949
1542.0          0.072168
1543.0          0.071392
1544.0          0.070622
1545.0          0.069859
1546.0          0.069101
1547.0          0.068350
1548.0          0.067605
1549.0          0.066867
1550.0          0.066136
1551.0          0.065412
1552.0          0.064695
1553.0          0.063985
1554.0          0.063283
1555.0          0.062587
1556.0          0.061900
1557.0          0.061220
1558.0          0.060547
1559.0          0.059883
1560.0          0.059227
1561.0          0.058578
1562.0          0.057938
1563.0          0.057306
1564.0          0.056682
1565.0          0.056066
1566.0          0.055459
1567.0          0.054861
1568.0          0.054271
1569.0          0.053690
1570.0          0.053117
1571.0          0.052554
1572.0          0.051999
1573.0          0.051453
1574.0          0.050916
1575.0          0.050388
1576.0          0.049869
1577.0          0.049359
1578.0          0.048859
1579.0          0.048367
1580.0          0.047885
1581.0          0.047412
1582.0          0.046949
1583.0          0.046494
1584.0          0.046049
1585.0          0.045614
1586.0          0.045188
1587.0          0.044771
1588.0          0.044364
1589.0          0.043966
1590.0          0.043578
1591.0          0.043199
1592.0          0.042830
1593.0          0.042470
1594.0          0.042120
1595.0          0.041780
1596.0          0.041449
1597.0          0.041127
1598.0          0.040815
1599.0          0.040513
1600.0          0.040220
1601.0          0.039936
1602.0          0.039662
1603.0          0.039398
1604.0          0.039143
1605.0          0.038897
1606.0          0.038661
1607.0          0.038434
1608.0          0.038217
1609.0          0.038008
1610.0          0.037809
1611.0          0.037620
1612.0          0.037439
1613.0          0.037267
1614.0          0.037105
1615.0          0.036951
1616.0          0.036807
1617.0          0.036671
1618.0          0.036544
1619.0          0.036426
1620.0          0.036316
1621.0          0.036215
1622.0          0.036123
1623.0          0.036038
1624.0          0.035962
1625.0          0.035894
1626.0          0.035833
1627.0          0.035781
1628.0          0.035736
1629.0          0.035698
1630.0          0.035668
1631.0          0.035644
1632.0          0.035628
1633.0          0.035618
1634.0          0.035614
1635.0          0.035617
1636.0          0.035625
1637.0          0.035638
1638.0          0.035657
1639.0          0.035681
1640.0          0.035709
1641.0          0.035741
1642.0          0.035776
1643.0          0.035816
1644.0          0.035858
1645.0          0.035903
1646.0          0.035951
1647.0          0.036003
1648.0          0.036058
1649.0          0.036120
1650.0          0.036192
1400.0          0.59872
1401.0          0.59798
1402.0          0.59709
1403.0          0.59603
1404.0          0.59480
1405.0          0.59336
1406.0          0.59171
1407.0          0.58981
1408.0          0.58765
1409.0          0.58519
1410.0          0.58239
1411.0          0.57922
1412.0          0.57564
1413.0          0.57158
1414.0          0.56698
1415.0          0.56177
1416.0          0.55586
1417.0          0.54913
1418.0          0.54146
1419.0          0.53268
1420.0          0.52260
1421.0          0.51098
1422.0          0.49751
1423.0          0.48181
1424.0          0.46339
1425.0          0.44162
1426.0          0.41571
1427.0          0.38463
1428.0          0.34711
1429.0          0.30160
1430.0          0.24654
1431.0          0.18107
1432.0          0.10736
1433.0          0.036537
1434.0          1.2379E-5
1435.0          0.055817
1436.0          0.24649
1437.0          0.51472
1438.0          0.74466
1439.0          0.88727
1440.0          0.95936
1441.0          0.98972
1442.0          0.99831
1443.0          0.99628
1444.0          0.98937
1445.0          0.98051
1446.0          0.97115
1447.0          0.96200
1448.0          0.95340
1449.0          0.94547
1450.0          0.93825
1451.0          0.93172
1452.0          0.92584
1453.0          0.92056
1454.0          0.91583
1455.0          0.91159
1456.0          0.90779
1457.0          0.90440
1458.0          0.90137
1459.0          0.89867
1460.0          0.89626
1461.0          0.89412
1462.0          0.89222
1463.0          0.89054
1464.0          0.88906
1465.0          0.88776
1466.0          0.88663
1467.0          0.88565
1468.0          0.88481
1469.0          0.88410
1470.0          0.88351
1471.0          0.88303
1472.0          0.88264
1473.0          0.88235
1474.0          0.88214
1475.0          0.88201
1476.0          0.88195
1477.0          0.88197
1478.0          0.88204
1479.0          0.88217
1480.0          0.88236
1481.0          0.88260
1482.0          0.88288
1483.0          0.88321
1484.0          0.88358
1485.0          0.88398
1486.0          0.88443
1487.0          0.88490
1488.0          0.88541
1489.0          0.88594
1490.0          0.88650
1491.0          0.88709
1492.0          0.88770
1493.0          0.88833
1494.0          0.88898
1495.0          0.88965
1496.0          0.89034
1497.0          0.89104
1498.0          0.89176
1499.0          0.89250
1500.0          0.89324
1501.0          0.89400
1502.0          0.89477
1503.0          0.89555
1504.0          0.89634
1505.0          0.89713
1506.0          0.89794
1507.0          0.89875
1508.0          0.89957
1509.0          0.90039
1510.0          0.90122
1511.0          0.90206
1512.0          0.90289
1513.0          0.90373
1514.0          0.90458
1515.0          0.90542
1516.0          0.90627
1517.0          0.90712
1518.0          0.90797
1519.0          0.90882
1520.0          0.90968
1521.0          0.91053
1522.0          0.91138
1523.0          0.91223
1524.0          0.91308
1525.0          0.91393
1526.0          0.91477
1527.0          0.91561
1528.0          0.91646
1529.0          0.91729
1530.0          0.91813
1531.0          0.91896
1532.0          0.91979
1533.0          0.92061
1534.0          0.92143
1535.0          0.92225
1536.0          0.92306
1537.0          0.92387
1538.0          0.92467
1539.0          0.92547
1540.0          0.92626
1541.0          0.92705
1542.0          0.92783
1543.0          0.92861
1544.0          0.92938
1545.0          0.93014
1546.0          0.93090
1547.0          0.93165
1548.0          0.93239
1549.0          0.93313
1550.0          0.93386
1551.0          0.93459
1552.0          0.93530
1553.0          0.93601
1554.0          0.93672
1555.0          0.93741
1556.0          0.93810
1557.0          0.93878
1558.0          0.93945
1559.0          0.94012
1560.0          0.94077
1561.0          0.94142
1562.0          0.94206
1563.0          0.94269
1564.0          0.94332
1565.0          0.94393
1566.0          0.94454
1567.0          0.94514
1568.0          0.94573
1569.0          0.94631
1570.0          0.94688
1571.0          0.94745
1572.0          0.94800
1573.0          0.94855
1574.0          0.94908
1575.0          0.94961
1576.0          0.95013
1577.0          0.95064
1578.0          0.95114
1579.0          0.95163
1580.0          0.95211
1581.0          0.95259
1582.0          0.95305
1583.0          0.95351
1584.0          0.95395
1585.0          0.95439
1586.0          0.95481
1587.0          0.95523
1588.0          0.95564
1589.0          0.95603
1590.0          0.95642
1591.0          0.95680
1592.0          0.95717
1593.0          0.95753
1594.0          0.95788
1595.0          0.95822
1596.0          0.95855
1597.0          0.95887
1598.0          0.95918
1599.0          0.95949
1600.0          0.95978
1601.0          0.96006
1602.0          0.96034
1603.0          0.96060
1604.0          0.96086
1605.0          0.96110
1606.0          0.96134
1607.0          0.96157
1608.0          0.96178
1609.0          0.96199
1610.0          0.96219
1611.0          0.96238
1612.0          0.96256
1613.0          0.96273
1614.0          0.96290
1615.0          0.96305
1616.0          0.96319
1617.0          0.96333
1618.0          0.96346
1619.0          0.96357
1620.0          0.96368
1621.0          0.96378
1622.0          0.96388
1623.0          0.96396
1624.0          0.96404
1625.0          0.96411
1626.0          0.96417
1627.0          0.96422
1628.0          0.96426
1629.0          0.96430
1630.0          0.96433
1631.0          0.96436
1632.0          0.96437
1633.0          0.96438
1634.0          0.96439
1635.0          0.96438
1636.0          0.96438
1637.0          0.96436
1638.0          0.96434
1639.0          0.96432
1640.0          0.96429
1641.0          0.96426
1642.0          0.96422
1643.0          0.96418
1644.0          0.96414
1645.0          0.96410
1646.0          0.96405
1647.0          0.96400
1648.0          0.96394
1649.0          0.96388
1650.0          0.96381
1400.0          1.0000
1401.0          1.0000
1402.0          1.0000
1403.0          1.0000
1404.0          1.0000
1405.0          1.0000
1406.0          1.0000
1407.0          1.0000
1408.0          1.0000
1409.0          1.0000
1410.0          1.0000
1411.0          1.0000
1412.0          1.0000
1413.0          1.0000
1414.0          1.0000
1415.0          1.0000
1416.0          1.0000
1417.0          1.0000
1418.0          1.0000
1419.0          1.0000
1420.0          1.0000
1421.0          1.0000
1422.0          1.0000
1423.0          1.0000
1424.0          1.0000
1425.0          1.0000
1426.0          1.0000
1427.0          1.0000
1428.0          1.0000
1429.0          1.0000
1430.0          1.0000
1431.0          1.0000
1432.0          1.0000
1433.0          1.0000
1434.0          1.0000
1435.0          1.0000
1436.0          1.0000
1437.0          1.0000
1438.0          1.0000
1439.0          1.0000
1440.0          1.0000
1441.0          1.0000
1442.0          1.0000
1443.0          1.0000
1444.0          1.0000
1445.0          1.0000
1446.0          1.0000
1447.0          1.0000
1448.0          1.0000
1449.0          1.0000
1450.0          1.0000
1451.0          1.0000
1452.0          1.0000
1453.0          1.0000
1454.0          1.0000
1455.0          1.0000
1456.0          1.0000
1457.0          1.0000
1458.0          1.0000
1459.0          1.0000
1460.0          1.0000
1461.0          1.0000
1462.0          1.0000
1463.0          1.0000
1464.0          1.0000
1465.0          1.0000
1466.0          1.0000
1467.0          1.0000
1468.0          1.0000
1469.0          1.0000
1470.0          1.0000
1471.0          1.0000
1472.0          1.0000
1473.0          1.0000
1474.0          1.0000
1475.0          1.0000
1476.0          1.0000
1477.0          1.0000
1478.0          1.0000
1479.0          1.0000
1480.0          1.0000
1481.0          1.0000
1482.0          1.0000
1483.0          1.0000
1484.0          1.0000
1485.0          1.0000
1486.0          1.0000
1487.0          1.0000
1488.0          1.0000
1489.0          1.0000
1490.0          1.0000
1491.0          1.0000
1492.0          1.0000
1493.0          1.0000
1494.0          1.0000
1495.0          1.0000
1496.0          1.0000
1497.0          1.0000
1498.0          1.0000
1499.0          1.0000
1500.0          1.0000
1501.0          1.0000
1502.0          1.0000
1503.0          1.0000
1504.0          1.0000
1505.0          1.0000
1506.0          1.0000
1507.0          1.0000
1508.0          1.0000
1509.0          1.0000
1510.0          1.0000
1511.0          1.0000
1512.0          1.0000
1513.0          1.0000
1514.0          1.0000
1515.0          1.0000
1516.0          1.0000
1517.0          1.0000
1518.0          1.0000
1519.0          1.0000
1520.0          1.0000
1521.0          1.0000
1522.0          1.0000
1523.0          1.0000
1524.0          1.0000
1525.0          1.0000
1526.0          1.0000
1527.0          1.0000
1528.0          1.0000
1529.0          1.0000
1530.0          1.0000
1531.0          1.0000
1532.0          1.0000
1533.0          1.0000
1534.0          1.0000
1535.0          1.0000
1536.0          1.0000
1537.0          1.0000
1538.0          1.0000
1539.0          1.0000
1540.0          1.0000
1541.0          1.0000
1542.0          1.0000
1543.0          1.0000
1544.0          1.0000
1545.0          1.0000
1546.0          1.0000
1547.0          1.0000
1548.0          1.0000
1549.0          1.0000
1550.0          1.0000
1551.0          1.0000
1552.0          1.0000
1553.0          1.0000
1554.0          1.0000
1555.0          1.0000
1556.0          1.0000
1557.0          1.0000
1558.0          1.0000
1559.0          1.0000
1560.0          1.0000
1561.0          1.0000
1562.0          1.0000
1563.0          1.0000
1564.0          1.0000
1565.0          1.0000
1566.0          1.0000
1567.0          1.0000
1568.0          1.0000
1569.0          1.0000
1570.0          1.0000
1571.0          1.0000
1572.0          1.0000
1573.0          1.0000
1574.0          1.0000
1575.0          1.0000
1576.0          1.0000
1577.0          1.0000
1578.0          1.0000
1579.0          1.0000
1580.0          1.0000
1581.0          1.0000
1582.0          1.0000
1583.0          1.0000
1584.0          1.0000
1585.0          1.0000
1586.0          1.0000
1587.0          1.0000
1588.0          1.0000
1589.0          1.0000
1590.0          1.0000
1591.0          1.0000
1592.0          1.0000
1593.0          1.0000
1594.0          1.0000
1595.0          1.0000
1596.0          1.0000
1597.0          1.0000
1598.0          1.0000
1599.0          1.0000
1600.0          1.0000
1601.0          1.0000
1602.0          1.0000
1603.0          1.0000
1604.0          1.0000
1605.0          1.0000
1606.0          1.0000
1607.0          1.0000
1608.0          1.0000
1609.0          1.0000
1610.0          1.0000
1611.0          1.0000
1612.0          1.0000
1613.0          1.0000
1614.0          1.0000
1615.0          1.0000
1616.0          1.0000
1617.0          1.0000
1618.0          1.0000
1619.0          1.0000
1620.0          1.0000
1621.0          1.0000
1622.0          1.0000
1623.0          1.0000
1624.0          1.0000
1625.0          1.0000
1626.0          1.0000
1627.0          1.0000
1628.0          1.0000
1629.0          1.0000
1630.0          1.0000
1631.0          1.0000
1632.0          1.0000
1633.0          1.0000
1634.0          1.0000
1635.0          1.0000
1636.0          1.0000
1637.0          1.0000
1638.0          1.0000
1639.0          1.0000
1640.0          1.0000
1641.0          1.0000
1642.0          1.0000
1643.0          1.0000
1644.0          1.0000
1645.0          1.0000
1646.0          1.0000
1647.0          1.0000
1648.0          1.0000
1649.0          1.0000
1650.0          1.0000
1400.0          4.4409E-16
1401.0          0.0000
1402.0          4.8850E-15
1403.0          3.3307E-16
1404.0          -5.3291E-15
1405.0          2.2204E-16
1406.0          1.1102E-16
1407.0          -2.2204E-16
1408.0          -2.2204E-15
1409.0          5.3291E-15
1410.0          -1.9984E-15
1411.0          -1.3323E-15
1412.0          1.3323E-15
1413.0          2.5535E-15
1414.0          -1.3323E-15
1415.0          2.5535E-15
1416.0          1.1102E-15
1417.0          6.6613E-16
1418.0          2.9976E-15
1419.0          -6.6613E-16
1420.0          1.1102E-15
1421.0          4.6629E-15
1422.0          2.4425E-15
1423.0          8.8818E-16
1424.0          -6.2172E-15
1425.0          5.2180E-15
1426.0          2.2204E-15
1427.0          2.2204E-16
1428.0          -8.8818E-16
1429.0          -8.6597E-15
1430.0          8.8818E-16
1431.0          2.3315E-14
1432.0          1.7542E-14
1433.0          6.6613E-16
1434.0          -2.2871E-14
1435.0          -6.6613E-15
1436.0          -4.7962E-14
1437.0          -2.1760E-14
1438.0          8.2157E-15
1439.0          -1.0658E-14
1440.0          1.2990E-14
1441.0          8.7708E-15
1442.0          -6.2172E-15
1443.0          5.2180E-15
1444.0          -3.1086E-15
1445.0          0.0000
1446.0          6.5503E-15
1447.0          -3.1086E-15
1448.0          -1.7764E-15
1449.0          -8.8818E-16
1450.0          -1.1102E-15
1451.0          -4.4409E-16
1452.0          3.3307E-16
1453.0          -6.6613E-16
1454.0          -2.4425E-15
1455.0          -3.9968E-15
1456.0          -6.6613E-16
1457.0          -3.7748E-15
1458.0          1.4433E-15
1459.0          -4.6629E-15
1460.0          -1.9984E-15
1461.0          -1.9984E-15
1462.0          -4.8850E-15
1463.0          -2.2204E-16
1464.0          1.3323E-15
1465.0          1.8874E-15
1466.0          -4.4409E-16
1467.0          -1.9984E-15
1468.0          3.3307E-16
1469.0          -2.2204E-15
1470.0          -3.7748E-15
1471.0          -1.9984E-15
1472.0          8.8818E-16
1473.0          1.1102E-16
1474.0          8.8818E-16
1475.0          -4.8850E-15
1476.0          -3.3307E-15
1477.0          -1.9984E-15
1478.0          2.2204E-16
1479.0          -1.9984E-15
1480.0          -2.8866E-15
1481.0          2.2204E-15
1482.0          2.2204E-16
1483.0          0.0000
1484.0          -1.5543E-15
1485.0          -1.5543E-15
1486.0          -3.3307E-15
1487.0          3.8858E-15
1488.0          3.9968E-15
1489.0          -1.7764E-15
1490.0          -1.7764E-15
1491.0          -6.6613E-16
1492.0          -1.5543E-15
1493.0          2.1094E-15
1494.0          -8.8818E-16
1495.0          -2.2204E-15
1496.0          3.3307E-15
1497.0          -2.8866E-15
1498.0          -2.2204E-16
1499.0          -1.5543E-15
1500.0          -1.3323E-15
1501.0          -8.8818E-16
1502.0          -1.1102E-15
1503.0          9.9920E-16
1504.0          -2.2204E-15
1505.0          -1.1102E-15
1506.0          -2.4425E-15
1507.0          1.8874E-15
1508.0          0.0000
1509.0          2.1094E-15
1510.0          2.2204E-15
1511.0          0.0000
1512.0          -4.4409E-16
1513.0          -2.2204E-16
1514.0          1.2212E-15
1515.0          5.5511E-16
1516.0          6.6613E-16
1517.0          -6.6613E-16
1518.0          -1.3323E-15
1519.0          -1.7764E-15
1520.0          -1.3323E-15
1521.0          0.0000
1522.0          -6.6613E-16
1523.0          -4.4409E-16
1524.0          0.0000
1525.0          6.6613E-16
1526.0          -2.8866E-15
1527.0          1.1102E-15
1528.0          5.5511E-16
1529.0          -1.5543E-15
1530.0          -2.2204E-16
1531.0          -2.8866E-15
1532.0          -2.6645E-15
1533.0          -2.4425E-15
1534.0          0.0000
1535.0          2.4425E-15
1536.0          -2.2204E-15
1537.0          -2.2204E-15
1538.0          -6.6613E-16
1539.0          1.6653E-15
1540.0          2.2204E-16
1541.0          6.6613E-16
1542.0          -1.5543E-15
1543.0          -6.6613E-16
1544.0          1.7764E-15
1545.0          -1.3323E-15
1546.0          -2.2204E-15
1547.0          -6.6613E-16
1548.0          -1.5543E-15
1549.0          -8.8818E-16
1550.0          1.9984E-15
1551.0          -2.8866E-15
1552.0          -1.3323E-15
1553.0          1.5543E-15
1554.0          6.6613E-16
1555.0          -1.7764E-15
1556.0          2.9976E-15
1557.0          -1.1102E-15
1558.0          -1.9984E-15
1559.0          -2.2204E-16
1560.0          6.6613E-16
1561.0          -6.6613E-16
1562.0          0.0000
1563.0          -2.4425E-15
1564.0          -1.9984E-15
1565.0          -5.1070E-15
1566.0          -1.1102E-15
1567.0          1.2212E-15
1568.0          -2.2204E-15
1569.0          0.0000
1570.0          1.3323E-15
1571.0          -4.4409E-16
1572.0          -8.8818E-16
1573.0          -4.4409E-16
1574.0          0.0000
1575.0          1.3323E-15
1576.0          -6.6613E-16
1577.0          -3.1086E-15
1578.0          -6.6613E-16
1579.0          4.4409E-16
1580.0          9.9920E-16
1581.0          0.0000
1582.0          9.9920E-16
1583.0          -8.8818E-16
1584.0          2.2204E-16
1585.0          -1.7764E-15
1586.0          -1.5543E-15
1587.0          1.9984E-15
1588.0          -1.9984E-15
1589.0          -1.1102E-15
1590.0          -8.8818E-16
1591.0          -8.8818E-16
1592.0          -6.6613E-16
1593.0          -2.6645E-15
1594.0          -8.8818E-16
1595.0          -2.2204E-16
1596.0          3.3307E-16
1597.0          -4.4409E-16
1598.0          4.6629E-15
1599.0          3.3307E-16
1600.0          -1.9984E-15
1601.0          -1.9984E-15
1602.0          -2.2204E-15
1603.0          -1.3323E-15
1604.0          -1.1102E-15
1605.0          1.1102E-16
1606.0          -1.7764E-15
1607.0          -1.3323E-15
1608.0          -4.4409E-16
1609.0          -1.3323E-15
1610.0          0.0000
1611.0          -1.9984E-15
1612.0          -6.6613E-16
1613.0          1.2212E-15
1614.0          -6.6613E-16
1615.0          2.1094E-15
1616.0          2.1094E-15
1617.0          -1.7764E-15
1618.0          -3.1086E-15
1619.0          0.0000
1620.0          1.3323E-15
1621.0          4.4409E-16
1622.0          -1.3323E-15
1623.0          4.4409E-16
1624.0          1.2212E-15
1625.0          -1.1102E-15
1626.0          -1.1102E-15
1627.0          -1.3323E-15
1628.0          -3.9968E-15
1629.0          -1.1102E-15
1630.0          8.8818E-16
1631.0          1.5543E-15
1632.0          -6.6613E-16
1633.0          7.7716E-16
1634.0          -3.3307E-15
1635.0          1.8874E-15
1636.0          4.4409E-16
1637.0          1.1102E-15
1638.0          5.5511E-16
1639.0          -8.8818E-16
1640.0          5.5511E-16
1641.0          -6.6613E-16
1642.0          -2.6645E-15
1643.0          4.4409E-16
1644.0          1.8874E-15
1645.0          0.0000
1646.0          0.0000
1647.0          -4.4409E-16
1648.0          1.1102E-15
1649.0          7.7716E-16
1650.0          -2.4425E-15
