1400.0          0.77337
1401.0          0.76786
1402.0          0.76244
1403.0          0.75710
1404.0          0.75182
1405.0          0.74660
1406.0          0.74141
1407.0          0.73625
1408.0          0.73110
1409.0          0.72594
1410.0          0.72076
1411.0          0.71555
1412.0          0.71028
1413.0          0.70493
1414.0          0.69949
1415.0          0.69393
1416.0          0.68821
1417.0          0.68231
1418.0          0.67619
1419.0          0.66980
1420.0          0.66308
1421.0          0.65597
1422.0          0.64839
1423.0          0.64023
1424.0          0.63136
1425.0          0.62162
1426.0          0.61079
1427.0          0.59859
1428.0          0.58463
1429.0          0.56838
1430.0          0.54909
1431.0          0.52568
1432.0          0.49655
1433.0          0.45930
1434.0          0.41045
1435.0          0.34574
1436.0          0.26541
1437.0          0.20725
1438.0          0.34886
1439.0          0.75876
1440.0          0.97708
1441.0          0.99588
1442.0          0.96333
1443.0          0.92642
1444.0          0.89443
1445.0          0.86807
1446.0          0.84640
1447.0          0.82842
1448.0          0.81329
1449.0          0.80039
1450.0          0.78924
1451.0          0.77950
1452.0          0.77089
1453.0          0.76322
1454.0          0.75633
1455.0          0.75009
1456.0          0.74441
1457.0          0.73920
1458.0          0.73440
1459.0          0.72996
1460.0          0.72583
1461.0          0.72198
1462.0          0.71838
1463.0          0.71500
1464.0          0.71181
1465.0          0.70880
1466.0          0.70595
1467.0          0.70324
1468.0          0.70065
1469.0          0.69818
1470.0          0.69581
1471.0          0.69352
1472.0          0.69131
1473.0          0.68915
1474.0          0.68704
1475.0          0.68496
1476.0          0.68289
1477.0          0.68080
1478.0          0.67867
1479.0          0.67646
1480.0          0.67411
1481.0          0.67157
1482.0          0.66874
1483.0          0.66548
1484.0          0.66157
1485.0          0.65667
1486.0          0.65020
1487.0          0.64105
1488.0          0.62711
1489.0          0.60501
1490.0          0.60782
1491.0          0.99941
1492.0          0.84280
1493.0          0.77751
1494.0          0.74999
1495.0          0.73539
1496.0          0.72655
1497.0          0.72077
1498.0          0.71680
1499.0          0.71401
1500.0          0.71205
1501.0          0.71068
1502.0          0.70978
1503.0          0.70925
1504.0          0.70902
1505.0          0.70904
1506.0          0.70928
1507.0          0.70972
1508.0          0.71033
1509.0          0.71110
1510.0          0.71202
1511.0          0.71308
1512.0          0.71427
1513.0          0.71558
1514.0          0.71702
1515.0          0.71857
1516.0          0.72023
1517.0          0.72201
1518.0          0.72389
1519.0          0.72588
1520.0          0.72798
1521.0          0.73018
1522.0          0.73249
1523.0          0.73489
1524.0          0.73740
1525.0          0.74001
1526.0          0.74272
1527.0          0.74553
1528.0          0.74844
1529.0          0.75144
1530.0          0.75455
1531.0          0.75775
1532.0          0.76105
1533.0          0.76445
1534.0          0.76794
1535.0          0.77153
1536.0          0.77521
1537.0          0.77898
1538.0          0.78285
1539.0          0.78680
1540.0          0.79085
1541.0          0.79498
1542.0          0.79920
1543.0          0.80350
1544.0          0.80789
1545.0          0.81235
1546.0          0.81690
1547.0          0.82151
1548.0          0.82620
1549.0          0.83095
1550.0          0.83577
1551.0          0.84065
1552.0          0.84558
1553.0          0.85056
1554.0          0.85559
1555.0          0.86066
1556.0          0.86577
1557.0          0.87090
1558.0          0.87606
1559.0          0.88123
1560.0          0.88641
1561.0          0.89159
1562.0          0.89677
1563.0          0.90193
1564.0          0.90706
1565.0          0.91217
1566.0          0.91723
1567.0          0.92224
1568.0          0.92719
1569.0          0.93207
1570.0          0.93686
1571.0          0.94156
1572.0          0.94616
1573.0          0.95065
1574.0          0.95501
1575.0          0.95923
1576.0          0.96330
1577.0          0.96721
1578.0          0.97096
1579.0          0.97452
1580.0          0.97788
1581.0          0.98105
1582.0          0.98400
1583.0          0.98673
1584.0          0.98923
1585.0          0.99148
1586.0          0.99349
1587.0          0.99524
1588.0          0.99672
1589.0          0.99794
1590.0          0.99888
1591.0          0.99953
1592.0          0.99991
1593.0          0.99999
1594.0          0.99979
1595.0          0.99930
1596.0          0.99852
1597.0          0.99744
1598.0          0.99608
1599.0          0.99443
1600.0          0.99251
1601.0          0.99030
1602.0          0.98782
1603.0          0.98508
1604.0          0.98208
1605.0          0.97882
1606.0          0.97532
1607.0          0.97159
1608.0          0.96763
1609.0          0.96345
1610.0          0.95907
1611.0          0.95449
1612.0          0.94973
1613.0          0.94480
1614.0          0.93971
1615.0          0.93446
1616.0          0.92908
1617.0          0.92357
1618.0          0.91794
1619.0          0.91221
1620.0          0.90638
1621.0          0.90047
1622.0          0.89449
1623.0          0.88845
1624.0          0.88235
1625.0          0.87622
1626.0          0.87005
1627.0          0.86386
1628.0          0.85765
1629.0          0.85144
1630.0          0.84523
1631.0          0.83903
1632.0          0.83285
1633.0          0.82669
1634.0          0.82056
1635.0          0.81446
1636.0          0.80841
1637.0          0.80240
1638.0          0.79644
1639.0          0.79054
1640.0          0.78469
1641.0          0.77891
1642.0          0.77319
1643.0          0.76755
1644.0          0.76197
1645.0          0.75647
1646.0          0.75105
1647.0          0.74570
1648.0          0.74044
1649.0          0.73525
1650.0          0.73015
1400.0          0.22663
1401.0          0.23214
1402.0          0.23756
1403.0          0.24290
1404.0          0.24818
1405.0          0.25340
1406.0          0.25859
1407.0          0.26375
1408.0          0.26890
1409.0          0.27406
1410.0          0.27924
1411.0          0.28445
1412.0          0.28972
1413.0          0.29507
1414.0          0.30051
1415.0          0.30607
1416.0          0.31179
1417.0          0.31769
1418.0          0.32381
1419.0          0.33020
1420.0          0.33692
1421.0          0.34403
1422.0          0.35161
1423.0          0.35977
1424.0          0.36864
1425.0          0.37838
1426.0          0.38921
1427.0          0.40141
1428.0          0.41537
1429.0          0.43162
1430.0          0.45091
1431.0          0.47432
1432.0          0.50345
1433.0          0.54070
1434.0          0.58955
1435.0          0.65426
1436.0          0.73459
1437.0          0.79275
1438.0          0.65114
1439.0          0.24124
1440.0          0.022923
1441.0          0.0041208
1442.0          0.036667
1443.0          0.073578
1444.0          0.10557
1445.0          0.13193
1446.0          0.15360
1447.0          0.17158
1448.0          0.18671
1449.0          0.19961
1450.0          0.21076
1451.0          0.22050
1452.0          0.22911
1453.0          0.23678
1454.0          0.24367
1455.0          0.24991
1456.0          0.25559
1457.0          0.26080
1458.0          0.26560
1459.0          0.27004
1460.0          0.27417
1461.0          0.27802
1462.0          0.28162
1463.0          0.28500
1464.0          0.28819
1465.0          0.29120
1466.0          0.29405
1467.0          0.29676
1468.0          0.29935
1469.0          0.30182
1470.0          0.30419
1471.0          0.30648
1472.0          0.30869
1473.0          0.31085
1474.0          0.31296
1475.0          0.31504
1476.0          0.31711
1477.0          0.31920
1478.0          0.32133
1479.0          0.32354
1480.0          0.32589
1481.0          0.32843
1482.0          0.33126
1483.0          0.33452
1484.0          0.33843
1485.0          0.34333
1486.0          0.34980
1487.0          0.35895
1488.0          0.37289
1489.0          0.39499
1490.0          0.39218
1491.0          5.8810E-4
1492.0          0.15720
1493.0          0.22249
1494.0          0.25001
1495.0          0.26461
1496.0          0.27345
1497.0          0.27923
1498.0          0.28320
1499.0          0.28599
1500.0          0.28795
1501.0          0.28932
1502.0          0.29022
1503.0          0.29075
1504.0          0.29098
1505.0          0.29096
1506.0          0.29072
1507.0          0.29028
1508.0          0.28967
1509.0          0.28890
1510.0          0.28798
1511.0          0.28692
1512.0          0.28573
1513.0          0.28442
1514.0          0.28298
1515.0          0.28143
1516.0          0.27977
1517.0          0.27799
1518.0          0.27611
1519.0          0.27412
1520.0          0.27202
1521.0          0.26982
1522.0          0.26751
1523.0          0.26511
1524.0          0.26260
1525.0          0.25999
1526.0          0.25728
1527.0          0.25447
1528.0          0.25156
1529.0          0.24856
1530.0          0.24545
1531.0          0.24225
1532.0          0.23895
1533.0          0.23555
1534.0          0.23206
1535.0          0.22847
1536.0          0.22479
1537.0          0.22102
1538.0          0.21715
1539.0          0.21320
1540.0          0.20915
1541.0          0.20502
1542.0          0.20080
1543.0          0.19650
1544.0          0.19211
1545.0          0.18765
1546.0          0.18310
1547.0          0.17849
1548.0          0.17380
1549.0          0.16905
1550.0          0.16423
1551.0          0.15935
1552.0          0.15442
1553.0          0.14944
1554.0          0.14441
1555.0          0.13934
1556.0          0.13423
1557.0          0.12910
1558.0          0.12394
1559.0          0.11877
1560.0          0.11359
1561.0          0.10841
1562.0          0.10323
1563.0          0.098074
1564.0          0.092937
1565.0          0.087833
1566.0          0.082771
1567.0          0.077760
1568.0          0.072811
1569.0          0.067933
1570.0          0.063138
1571.0          0.058435
1572.0          0.053836
1573.0          0.049352
1574.0          0.044994
1575.0          0.040773
1576.0          0.036700
1577.0          0.032787
1578.0          0.029044
1579.0          0.025484
1580.0          0.022116
1581.0          0.018950
1582.0          0.015998
1583.0          0.013269
1584.0          0.010773
1585.0          0.0085173
1586.0          0.0065113
1587.0          0.0047624
1588.0          0.0032776
1589.0          0.0020631
1590.0          0.0011245
1591.0          4.6630E-4
1592.0          9.2426E-5
1593.0          5.7516E-6
1594.0          2.0830E-4
1595.0          7.0116E-4
1596.0          0.0014845
1597.0          0.0025576
1598.0          0.0039186
1599.0          0.0055651
1600.0          0.0074934
1601.0          0.0096992
1602.0          0.012177
1603.0          0.014921
1604.0          0.017925
1605.0          0.021180
1606.0          0.024680
1607.0          0.028414
1608.0          0.032373
1609.0          0.036549
1610.0          0.040930
1611.0          0.045506
1612.0          0.050266
1613.0          0.055199
1614.0          0.060294
1615.0          0.065539
1616.0          0.070923
1617.0          0.076435
1618.0          0.082062
1619.0          0.087794
1620.0          0.093620
1621.0          0.099529
1622.0          0.10551
1623.0          0.11155
1624.0          0.11765
1625.0          0.12378
1626.0          0.12995
1627.0          0.13614
1628.0          0.14235
1629.0          0.14856
1630.0          0.15477
1631.0          0.16097
1632.0          0.16715
1633.0          0.17331
1634.0          0.17944
1635.0          0.18554
1636.0          0.19159
1637.0          0.19760
1638.0          0.20356
1639.0          0.20946
1640.0          0.21531
1641.0          0.22109
1642.0          0.22681
1643.0          0.23245
1644.0          0.23803
1645.0          0.24353
1646.0          0.24895
1647.0          0.25430
1648.0          0.25956
1649.0          0.26475
1650.0          0.26985
1400.0          1.0000
1401.0          1.0000
1402.0          1.0000
1403.0          1.0000
1404.0          1.0000
1405.0          1.0000
1406.0          1.0000
1407.0          1.0000
1408.0          1.0000
1409.0          1.0000
1410.0          1.0000
1411.0          1.0000
1412.0          1.0000
1413.0          1.0000
1414.0          1.0000
1415.0          1.0000
1416.0          1.0000
1417.0          1.0000
1418.0          1.0000
1419.0          1.0000
1420.0          1.0000
1421.0          1.0000
1422.0          1.0000
1423.0          1.0000
1424.0          1.0000
1425.0          1.0000
1426.0          1.0000
1427.0          1.0000
1428.0          1.0000
1429.0          1.0000
1430.0          1.0000
1431.0          1.0000
1432.0          1.0000
1433.0          1.0000
1434.0          1.0000
1435.0          1.0000
1436.0          1.0000
1437.0          1.0000
1438.0          1.0000
1439.0          1.0000
1440.0          1.0000
1441.0          1.0000
1442.0          1.0000
1443.0          1.0000
1444.0          1.0000
1445.0          1.0000
1446.0          1.0000
1447.0          1.0000
1448.0          1.0000
1449.0          1.0000
1450.0          1.0000
1451.0          1.0000
1452.0          1.0000
1453.0          1.0000
1454.0          1.0000
1455.0          1.0000
1456.0          1.0000
1457.0          1.0000
1458.0          1.0000
1459.0          1.0000
1460.0          1.0000
1461.0          1.0000
1462.0          1.0000
1463.0          1.0000
1464.0          1.0000
1465.0          1.0000
1466.0          1.0000
1467.0          1.0000
1468.0          1.0000
1469.0          1.0000
1470.0          1.0000
1471.0          1.0000
1472.0          1.0000
1473.0          1.0000
1474.0          1.0000
1475.0          1.0000
1476.0          1.0000
1477.0          1.0000
1478.0          1.0000
1479.0          1.0000
1480.0          1.0000
1481.0          1.0000
1482.0          1.0000
1483.0          1.0000
1484.0          1.0000
1485.0          1.0000
1486.0          1.0000
1487.0          1.0000
1488.0          1.0000
1489.0          1.0000
1490.0          1.0000
1491.0          1.0000
1492.0          1.0000
1493.0          1.0000
1494.0          1.0000
1495.0          1.0000
1496.0          1.0000
1497.0          1.0000
1498.0          1.0000
1499.0          1.0000
1500.0          1.0000
1501.0          1.0000
1502.0          1.0000
1503.0          1.0000
1504.0          1.0000
1505.0          1.0000
1506.0          1.0000
1507.0          1.0000
1508.0          1.0000
1509.0          1.0000
1510.0          1.0000
1511.0          1.0000
1512.0          1.0000
1513.0          1.0000
1514.0          1.0000
1515.0          1.0000
1516.0          1.0000
1517.0          1.0000
1518.0          1.0000
1519.0          1.0000
1520.0          1.0000
1521.0          1.0000
1522.0          1.0000
1523.0          1.0000
1524.0          1.0000
1525.0          1.0000
1526.0          1.0000
1527.0          1.0000
1528.0          1.0000
1529.0          1.0000
1530.0          1.0000
1531.0          1.0000
1532.0          1.0000
1533.0          1.0000
1534.0          1.0000
1535.0          1.0000
1536.0          1.0000
1537.0          1.0000
1538.0          1.0000
1539.0          1.0000
1540.0          1.0000
1541.0          1.0000
1542.0          1.0000
1543.0          1.0000
1544.0          1.0000
1545.0          1.0000
1546.0          1.0000
1547.0          1.0000
1548.0          1.0000
1549.0          1.0000
1550.0          1.0000
1551.0          1.0000
1552.0          1.0000
1553.0          1.0000
1554.0          1.0000
1555.0          1.0000
1556.0          1.0000
1557.0          1.0000
1558.0          1.0000
1559.0          1.0000
1560.0          1.0000
1561.0          1.0000
1562.0          1.0000
1563.0          1.0000
1564.0          1.0000
1565.0          1.0000
1566.0          1.0000
1567.0          1.0000
1568.0          1.0000
1569.0          1.0000
1570.0          1.0000
1571.0          1.0000
1572.0          1.0000
1573.0          1.0000
1574.0          1.0000
1575.0          1.0000
1576.0          1.0000
1577.0          1.0000
1578.0          1.0000
1579.0          1.0000
1580.0          1.0000
1581.0          1.0000
1582.0          1.0000
1583.0          1.0000
1584.0          1.0000
1585.0          1.0000
1586.0          1.0000
1587.0          1.0000
1588.0          1.0000
1589.0          1.0000
1590.0          1.0000
1591.0          1.0000
1592.0          1.0000
1593.0          1.0000
1594.0          1.0000
1595.0          1.0000
1596.0          1.0000
1597.0          1.0000
1598.0          1.0000
1599.0          1.0000
1600.0          1.0000
1601.0          1.0000
1602.0          1.0000
1603.0          1.0000
1604.0          1.0000
1605.0          1.0000
1606.0          1.0000
1607.0          1.0000
1608.0          1.0000
1609.0          1.0000
1610.0          1.0000
1611.0          1.0000
1612.0          1.0000
1613.0          1.0000
1614.0          1.0000
1615.0          1.0000
1616.0          1.0000
1617.0          1.0000
1618.0          1.0000
1619.0          1.0000
1620.0          1.0000
1621.0          1.0000
1622.0          1.0000
1623.0          1.0000
1624.0          1.0000
1625.0          1.0000
1626.0          1.0000
1627.0          1.0000
1628.0          1.0000
1629.0          1.0000
1630.0          1.0000
1631.0          1.0000
1632.0          1.0000
1633.0          1.0000
1634.0          1.0000
1635.0          1.0000
1636.0          1.0000
1637.0          1.0000
1638.0          1.0000
1639.0          1.0000
1640.0          1.0000
1641.0          1.0000
1642.0          1.0000
1643.0          1.0000
1644.0          1.0000
1645.0          1.0000
1646.0          1.0000
1647.0          1.0000
1648.0          1.0000
1649.0          1.0000
1650.0          1.0000
1400.0          2.7756E-15
1401.0          4.4409E-16
1402.0          -2.8866E-15
1403.0          -1.5543E-15
1404.0          2.2204E-15
1405.0          -2.8866E-15
1406.0          0.0000
1407.0          1.3323E-15
1408.0          -2.8866E-15
1409.0          -4.4409E-16
1410.0          1.1102E-16
1411.0          3.4417E-15
1412.0          -1.5543E-15
1413.0          1.2212E-15
1414.0          -2.4425E-15
1415.0          1.7764E-15
1416.0          8.8818E-16
1417.0          2.2204E-15
1418.0          1.5543E-15
1419.0          -8.8818E-16
1420.0          4.4409E-16
1421.0          4.2188E-15
1422.0          -6.6613E-16
1423.0          -1.7764E-15
1424.0          0.0000
1425.0          4.4409E-16
1426.0          -2.2204E-15
1427.0          3.9968E-15
1428.0          -1.1102E-15
1429.0          2.9976E-15
1430.0          2.6645E-15
1431.0          -2.4425E-15
1432.0          2.8866E-15
1433.0          4.4409E-15
1434.0          9.5479E-15
1435.0          -9.7700E-15
1436.0          -8.4377E-15
1437.0          -4.1300E-14
1438.0          2.5313E-14
1439.0          -4.0634E-14
1440.0          -1.7764E-14
1441.0          8.3267E-15
1442.0          3.4417E-15
1443.0          2.2204E-16
1444.0          -2.2204E-16
1445.0          4.3299E-15
1446.0          1.1102E-15
1447.0          -1.5543E-15
1448.0          3.3307E-15
1449.0          -1.3323E-15
1450.0          -2.6645E-15
1451.0          1.5543E-15
1452.0          3.2196E-15
1453.0          8.8818E-16
1454.0          -2.4425E-15
1455.0          1.6653E-15
1456.0          1.4433E-15
1457.0          -3.7748E-15
1458.0          -8.8818E-16
1459.0          -8.8818E-16
1460.0          3.5527E-15
1461.0          -2.8866E-15
1462.0          6.6613E-16
1463.0          0.0000
1464.0          2.4425E-15
1465.0          1.7764E-15
1466.0          2.9976E-15
1467.0          2.2204E-16
1468.0          3.3307E-16
1469.0          2.6645E-15
1470.0          3.5527E-15
1471.0          3.1086E-15
1472.0          -2.2204E-16
1473.0          8.8818E-16
1474.0          1.6653E-15
1475.0          1.1102E-15
1476.0          -3.7748E-15
1477.0          1.5543E-15
1478.0          -3.5527E-15
1479.0          1.3323E-15
1480.0          2.7756E-15
1481.0          -8.8818E-16
1482.0          9.9920E-16
1483.0          0.0000
1484.0          -2.8866E-15
1485.0          -4.4409E-15
1486.0          -6.6613E-16
1487.0          -2.2204E-15
1488.0          -1.7097E-14
1489.0          -2.4203E-14
1490.0          -1.4877E-13
1491.0          -1.1502E-13
1492.0          3.2863E-14
1493.0          1.1324E-14
1494.0          7.9936E-15
1495.0          -3.5527E-15
1496.0          -9.9920E-15
1497.0          -2.2204E-15
1498.0          0.0000
1499.0          -7.1054E-15
1500.0          -2.2204E-15
1501.0          -2.2204E-16
1502.0          -8.8818E-16
1503.0          -3.7748E-15
1504.0          -2.6645E-15
1505.0          -3.9968E-15
1506.0          4.8850E-15
1507.0          -6.6613E-16
1508.0          -8.8818E-16
1509.0          -6.4393E-15
1510.0          -2.2204E-15
1511.0          8.8818E-16
1512.0          -1.7764E-15
1513.0          0.0000
1514.0          -2.2204E-16
1515.0          2.2204E-16
1516.0          -4.2188E-15
1517.0          -4.6629E-15
1518.0          -2.6645E-15
1519.0          -4.4409E-15
1520.0          7.4385E-15
1521.0          1.5543E-15
1522.0          -6.6613E-16
1523.0          2.4425E-15
1524.0          2.6645E-15
1525.0          2.4425E-15
1526.0          -1.7764E-15
1527.0          3.3307E-15
1528.0          -1.7764E-15
1529.0          4.9960E-15
1530.0          -5.3291E-15
1531.0          -1.3323E-15
1532.0          1.6653E-15
1533.0          2.2204E-15
1534.0          1.8874E-15
1535.0          -3.1086E-15
1536.0          -2.4425E-15
1537.0          1.1102E-15
1538.0          -8.8818E-16
1539.0          3.9968E-15
1540.0          5.4401E-15
1541.0          -7.1054E-15
1542.0          1.8874E-15
1543.0          -1.1102E-15
1544.0          -3.1086E-15
1545.0          -3.3307E-15
1546.0          -4.4409E-16
1547.0          4.1078E-15
1548.0          3.2196E-15
1549.0          0.0000
1550.0          -1.3323E-15
1551.0          -1.7764E-15
1552.0          4.6629E-15
1553.0          1.1102E-16
1554.0          1.1102E-16
1555.0          2.2204E-16
1556.0          -7.3275E-15
1557.0          -4.8850E-15
1558.0          4.1078E-15
1559.0          1.1213E-14
1560.0          4.3299E-15
1561.0          -6.2172E-15
1562.0          -1.4655E-14
1563.0          -6.6613E-15
1564.0          6.6613E-16
1565.0          -4.6629E-15
1566.0          5.5511E-16
1567.0          4.1078E-15
1568.0          1.3323E-15
1569.0          2.2204E-15
1570.0          -1.5543E-15
1571.0          2.9976E-15
1572.0          5.1070E-15
1573.0          -6.6613E-16
1574.0          -3.1086E-15
1575.0          1.2212E-15
1576.0          -4.8850E-15
1577.0          -2.1982E-14
1578.0          -4.8850E-15
1579.0          -6.6613E-16
1580.0          -2.2204E-15
1581.0          5.6621E-15
1582.0          2.7200E-14
1583.0          1.1768E-14
1584.0          -7.9936E-15
1585.0          -2.0650E-14
1586.0          -2.6645E-15
1587.0          -4.4409E-15
1588.0          -1.1102E-15
1589.0          -1.1102E-15
1590.0          -2.2204E-15
1591.0          -3.9968E-15
1592.0          -3.3307E-15
1593.0          5.7732E-15
1594.0          -4.4409E-16
1595.0          4.3299E-15
1596.0          -2.2204E-16
1597.0          6.1062E-15
1598.0          -3.1086E-15
1599.0          -6.6613E-16
1600.0          2.2204E-16
1601.0          2.1094E-15
1602.0          3.1086E-15
1603.0          -2.2204E-16
1604.0          -1.7764E-15
1605.0          -1.3323E-15
1606.0          -2.6645E-15
1607.0          -1.5543E-15
1608.0          1.1102E-15
1609.0          -1.5543E-15
1610.0          1.2212E-15
1611.0          2.1094E-15
1612.0          4.4409E-16
1613.0          -1.7764E-15
1614.0          3.3307E-16
1615.0          -2.8866E-15
1616.0          1.1102E-15
1617.0          -6.6613E-16
1618.0          -3.5527E-15
1619.0          1.9984E-15
1620.0          3.1086E-15
1621.0          2.3315E-15
1622.0          9.9920E-16
1623.0          9.9920E-16
1624.0          -2.2204E-15
1625.0          3.2196E-15
1626.0          -6.6613E-16
1627.0          -2.2204E-15
1628.0          -1.3323E-15
1629.0          3.1086E-15
1630.0          -2.2204E-15
1631.0          -1.3323E-15
1632.0          5.5511E-15
1633.0          2.9976E-15
1634.0          -8.8818E-16
1635.0          -1.3323E-15
1636.0          -3.9968E-15
1637.0          -2.6645E-15
1638.0          -6.6613E-15
1639.0          -3.1086E-15
1640.0          2.4425E-15
1641.0          5.1070E-15
1642.0          2.7756E-15
1643.0          -2.4425E-15
1644.0          -8.2157E-15
1645.0          -4.8850E-15
1646.0          -4.4409E-15
1647.0          1.1102E-15
1648.0          4.2188E-15
1649.0          -1.3323E-15
1650.0          -2.6645E-15
