1400.0          0.039621
1401.0          0.040690
1402.0          0.041987
1403.0          0.043550
1404.0          0.045425
1405.0          0.047665
1406.0          0.050331
1407.0          0.053496
1408.0          0.057244
1409.0          0.061676
1410.0          0.066908
1411.0          0.073076
1412.0          0.080340
1413.0          0.088888
1414.0          0.098936
1415.0          0.11074
1416.0          0.12458
1417.0          0.14080
1418.0          0.15977
1419.0          0.18190
1420.0          0.20765
1421.0          0.23747
1422.0          0.27183
1423.0          0.31116
1424.0          0.35575
1425.0          0.40574
1426.0          0.46099
1427.0          0.52098
1428.0          0.58470
1429.0          0.65062
1430.0          0.71673
1431.0          0.78059
1432.0          0.83963
1433.0          0.89142
1434.0          0.93401
1435.0          0.96615
1436.0          0.98742
1437.0          0.99819
1438.0          0.99944
1439.0          0.99257
1440.0          0.97915
1441.0          0.96077
1442.0          0.93885
1443.0          0.91462
1444.0          0.88910
1445.0          0.86307
1446.0          0.83713
1447.0          0.81171
1448.0          0.78709
1449.0          0.76349
1450.0          0.74100
1451.0          0.71970
1452.0          0.69958
1453.0          0.68065
1454.0          0.66286
1455.0          0.64618
1456.0          0.63054
1457.0          0.61589
1458.0          0.60218
1459.0          0.58933
1460.0          0.57730
1461.0          0.56604
1462.0          0.55548
1463.0          0.54558
1464.0          0.53629
1465.0          0.52757
1466.0          0.51939
1467.0          0.51169
1468.0          0.50446
1469.0          0.49766
1470.0          0.49126
1471.0          0.48523
1472.0          0.47955
1473.0          0.47419
1474.0          0.46914
1475.0          0.46437
1476.0          0.45987
1477.0          0.45562
1478.0          0.45160
1479.0          0.44781
1480.0          0.44422
1481.0          0.44082
1482.0          0.43761
1483.0          0.43457
1484.0          0.43169
1485.0          0.42897
1486.0          0.42639
1487.0          0.42395
1488.0          0.42164
1489.0          0.41945
1490.0          0.41738
1491.0          0.41542
1492.0          0.41356
1493.0          0.41180
1494.0          0.41014
1495.0          0.40857
1496.0          0.40708
1497.0          0.40567
1498.0          0.40434
1499.0          0.40308
1500.0          0.40189
1501.0          0.40077
1502.0          0.39972
1503.0          0.39872
1504.0          0.39778
1505.0          0.39690
1506.0          0.39607
1507.0          0.39530
1508.0          0.39457
1509.0          0.39388
1510.0          0.39324
1511.0          0.39265
1512.0          0.39209
1513.0          0.39158
1514.0          0.39110
1515.0          0.39066
1516.0          0.39025
1517.0          0.38987
1518.0          0.38953
1519.0          0.38922
1520.0          0.38894
1521.0          0.38868
1522.0          0.38846
1523.0          0.38825
1524.0          0.38808
1525.0          0.38793
1526.0          0.38780
1527.0          0.38769
1528.0          0.38761
1529.0          0.38754
1530.0          0.38750
1531.0          0.38747
1532.0          0.38747
1533.0          0.38748
1534.0          0.38751
1535.0          0.38755
1536.0          0.38761
1537.0          0.38769
1538.0          0.38778
1539.0          0.38789
1540.0          0.38801
1541.0          0.38814
1542.0          0.38829
1543.0          0.38844
1544.0          0.38861
1545.0          0.38880
1546.0          0.38899
1547.0          0.38919
1548.0          0.38940
1549.0          0.38963
1550.0          0.38986
1551.0          0.39010
1552.0          0.39035
1553.0          0.39061
1554.0          0.39088
1555.0          0.39115
1556.0          0.39144
1557.0          0.39173
1558.0          0.39203
1559.0          0.39233
1560.0          0.39264
1561.0          0.39296
1562.0          0.39328
1563.0          0.39361
1564.0          0.39395
1565.0          0.39429
1566.0          0.39463
1567.0          0.39498
1568.0          0.39534
1569.0          0.39570
1570.0          0.39606
1571.0          0.39643
1572.0          0.39680
1573.0          0.39718
1574.0          0.39756
1575.0          0.39794
1576.0          0.39833
1577.0          0.39872
1578.0          0.39911
1579.0          0.39951
1580.0          0.39991
1581.0          0.40031
1582.0          0.40072
1583.0          0.40112
1584.0          0.40153
1585.0          0.40194
1586.0          0.40235
1587.0          0.40277
1588.0          0.40319
1589.0          0.40360
1590.0          0.40402
1591.0          0.40445
1592.0          0.40487
1593.0          0.40529
1594.0          0.40572
1595.0          0.40614
1596.0          0.40657
1597.0          0.40700
1598.0          0.40743
1599.0          0.40785
1600.0          0.40828
1601.0          0.40871
1602.0          0.40914
1603.0          0.40957
1604.0          0.41001
1605.0          0.41044
1606.0          0.41087
1607.0          0.41130
1608.0          0.41173
1609.0          0.41216
1610.0          0.41259
1611.0          0.41302
1612.0          0.41345
1613.0          0.41388
1614.0          0.41430
1615.0          0.41473
1616.0          0.41516
1617.0          0.41558
1618.0          0.41601
1619.0          0.41643
1620.0          0.41685
1621.0          0.41728
1622.0          0.41770
1623.0          0.41812
1624.0          0.41853
1625.0          0.41895
1626.0          0.41936
1627.0          0.41978
1628.0          0.42019
1629.0          0.42060
1630.0          0.42101
1631.0          0.42141
1632.0          0.42182
1633.0          0.42222
1634.0          0.42262
1635.0          0.42302
1636.0          0.42341
1637.0          0.42381
1638.0          0.42420
1639.0          0.42459
1640.0          0.42497
1641.0          0.42535
1642.0          0.42573
1643.0          0.42611
1644.0          0.42649
1645.0          0.42686
1646.0          0.42723
1647.0          0.42759
1648.0          0.42795
1649.0          0.42831
1650.0          0.42867
1400.0          0.96038
1401.0          0.95931
1402.0          0.95801
1403.0          0.95645
1404.0          0.95457
1405.0          0.95234
1406.0          0.94967
1407.0          0.94650
1408.0          0.94276
1409.0          0.93832
1410.0          0.93309
1411.0          0.92692
1412.0          0.91966
1413.0          0.91111
1414.0          0.90106
1415.0          0.88926
1416.0          0.87542
1417.0          0.85920
1418.0          0.84023
1419.0          0.81810
1420.0          0.79235
1421.0          0.76253
1422.0          0.72817
1423.0          0.68884
1424.0          0.64425
1425.0          0.59426
1426.0          0.53901
1427.0          0.47902
1428.0          0.41530
1429.0          0.34938
1430.0          0.28327
1431.0          0.21941
1432.0          0.16037
1433.0          0.10858
1434.0          0.065986
1435.0          0.033846
1436.0          0.012577
1437.0          0.0018135
1438.0          5.6460E-4
1439.0          0.0074337
1440.0          0.020846
1441.0          0.039231
1442.0          0.061154
1443.0          0.085380
1444.0          0.11090
1445.0          0.13693
1446.0          0.16287
1447.0          0.18829
1448.0          0.21291
1449.0          0.23651
1450.0          0.25900
1451.0          0.28030
1452.0          0.30042
1453.0          0.31935
1454.0          0.33714
1455.0          0.35382
1456.0          0.36946
1457.0          0.38411
1458.0          0.39782
1459.0          0.41067
1460.0          0.42270
1461.0          0.43396
1462.0          0.44452
1463.0          0.45442
1464.0          0.46371
1465.0          0.47243
1466.0          0.48061
1467.0          0.48831
1468.0          0.49554
1469.0          0.50234
1470.0          0.50874
1471.0          0.51477
1472.0          0.52045
1473.0          0.52581
1474.0          0.53086
1475.0          0.53563
1476.0          0.54013
1477.0          0.54438
1478.0          0.54840
1479.0          0.55219
1480.0          0.55578
1481.0          0.55918
1482.0          0.56239
1483.0          0.56543
1484.0          0.56831
1485.0          0.57103
1486.0          0.57361
1487.0          0.57605
1488.0          0.57836
1489.0          0.58055
1490.0          0.58262
1491.0          0.58458
1492.0          0.58644
1493.0          0.58820
1494.0          0.58986
1495.0          0.59143
1496.0          0.59292
1497.0          0.59433
1498.0          0.59566
1499.0          0.59692
1500.0          0.59811
1501.0          0.59923
1502.0          0.60028
1503.0          0.60128
1504.0          0.60222
1505.0          0.60310
1506.0          0.60393
1507.0          0.60470
1508.0          0.60543
1509.0          0.60612
1510.0          0.60676
1511.0          0.60735
1512.0          0.60791
1513.0          0.60842
1514.0          0.60890
1515.0          0.60934
1516.0          0.60975
1517.0          0.61013
1518.0          0.61047
1519.0          0.61078
1520.0          0.61106
1521.0          0.61132
1522.0          0.61154
1523.0          0.61175
1524.0          0.61192
1525.0          0.61207
1526.0          0.61220
1527.0          0.61231
1528.0          0.61239
1529.0          0.61246
1530.0          0.61250
1531.0          0.61253
1532.0          0.61253
1533.0          0.61252
1534.0          0.61249
1535.0          0.61245
1536.0          0.61239
1537.0          0.61231
1538.0          0.61222
1539.0          0.61211
1540.0          0.61199
1541.0          0.61186
1542.0          0.61171
1543.0          0.61156
1544.0          0.61139
1545.0          0.61120
1546.0          0.61101
1547.0          0.61081
1548.0          0.61060
1549.0          0.61037
1550.0          0.61014
1551.0          0.60990
1552.0          0.60965
1553.0          0.60939
1554.0          0.60912
1555.0          0.60885
1556.0          0.60856
1557.0          0.60827
1558.0          0.60797
1559.0          0.60767
1560.0          0.60736
1561.0          0.60704
1562.0          0.60672
1563.0          0.60639
1564.0          0.60605
1565.0          0.60571
1566.0          0.60537
1567.0          0.60502
1568.0          0.60466
1569.0          0.60430
1570.0          0.60394
1571.0          0.60357
1572.0          0.60320
1573.0          0.60282
1574.0          0.60244
1575.0          0.60206
1576.0          0.60167
1577.0          0.60128
1578.0          0.60089
1579.0          0.60049
1580.0          0.60009
1581.0          0.59969
1582.0          0.59928
1583.0          0.59888
1584.0          0.59847
1585.0          0.59806
1586.0          0.59765
1587.0          0.59723
1588.0          0.59681
1589.0          0.59640
1590.0          0.59598
1591.0          0.59555
1592.0          0.59513
1593.0          0.59471
1594.0          0.59428
1595.0          0.59386
1596.0          0.59343
1597.0          0.59300
1598.0          0.59257
1599.0          0.59215
1600.0          0.59172
1601.0          0.59129
1602.0          0.59086
1603.0          0.59043
1604.0          0.58999
1605.0          0.58956
1606.0          0.58913
1607.0          0.58870
1608.0          0.58827
1609.0          0.58784
1610.0          0.58741
1611.0          0.58698
1612.0          0.58655
1613.0          0.58612
1614.0          0.58570
1615.0          0.58527
1616.0          0.58484
1617.0          0.58442
1618.0          0.58399
1619.0          0.58357
1620.0          0.58315
1621.0          0.58272
1622.0          0.58230
1623.0          0.58188
1624.0          0.58147
1625.0          0.58105
1626.0          0.58064
1627.0          0.58022
1628.0          0.57981
1629.0          0.57940
1630.0          0.57899
1631.0          0.57859
1632.0          0.57818
1633.0          0.57778
1634.0          0.57738
1635.0          0.57698
1636.0          0.57659
1637.0          0.57619
1638.0          0.57580
1639.0          0.57541
1640.0          0.57503
1641.0          0.57465
1642.0          0.57427
1643.0          0.57389
1644.0          0.57351
1645.0          0.57314
1646.0          0.57277
1647.0          0.57241
1648.0          0.57205
1649.0          0.57169
1650.0          0.57133
1400.0          1.0000
1401.0          1.0000
1402.0          1.0000
1403.0          1.0000
1404.0          1.0000
1405.0          1.0000
1406.0          1.0000
1407.0          1.0000
1408.0          1.0000
1409.0          1.0000
1410.0          1.0000
1411.0          1.0000
1412.0          1.0000
1413.0          1.0000
1414.0          1.0000
1415.0          1.0000
1416.0          1.0000
1417.0          1.0000
1418.0          1.0000
1419.0          1.0000
1420.0          1.0000
1421.0          1.0000
1422.0          1.0000
1423.0          1.0000
1424.0          1.0000
1425.0          1.0000
1426.0          1.0000
1427.0          1.0000
1428.0          1.0000
1429.0          1.0000
1430.0          1.0000
1431.0          1.0000
1432.0          1.0000
1433.0          1.0000
1434.0          1.0000
1435.0          1.0000
1436.0          1.0000
1437.0          1.0000
1438.0          1.0000
1439.0          1.0000
1440.0          1.0000
1441.0          1.0000
1442.0          1.0000
1443.0          1.0000
1444.0          1.0000
1445.0          1.0000
1446.0          1.0000
1447.0          1.0000
1448.0          1.0000
1449.0          1.0000
1450.0          1.0000
1451.0          1.0000
1452.0          1.0000
1453.0          1.0000
1454.0          1.0000
1455.0          1.0000
1456.0          1.0000
1457.0          1.0000
1458.0          1.0000
1459.0          1.0000
1460.0          1.0000
1461.0          1.0000
1462.0          1.0000
1463.0          1.0000
1464.0          1.0000
1465.0          1.0000
1466.0          1.0000
1467.0          1.0000
1468.0          1.0000
1469.0          1.0000
1470.0          1.0000
1471.0          1.0000
1472.0          1.0000
1473.0          1.0000
1474.0          1.0000
1475.0          1.0000
1476.0          1.0000
1477.0          1.0000
1478.0          1.0000
1479.0          1.0000
1480.0          1.0000
1481.0          1.0000
1482.0          1.0000
1483.0          1.0000
1484.0          1.0000
1485.0          1.0000
1486.0          1.0000
1487.0          1.0000
1488.0          1.0000
1489.0          1.0000
1490.0          1.0000
1491.0          1.0000
1492.0          1.0000
1493.0          1.0000
1494.0          1.0000
1495.0          1.0000
1496.0          1.0000
1497.0          1.0000
1498.0          1.0000
1499.0          1.0000
1500.0          1.0000
1501.0          1.0000
1502.0          1.0000
1503.0          1.0000
1504.0          1.0000
1505.0          1.0000
1506.0          1.0000
1507.0          1.0000
1508.0          1.0000
1509.0          1.0000
1510.0          1.0000
1511.0          1.0000
1512.0          1.0000
1513.0          1.0000
1514.0          1.0000
1515.0          1.0000
1516.0          1.0000
1517.0          1.0000
1518.0          1.0000
1519.0          1.0000
1520.0          1.0000
1521.0          1.0000
1522.0          1.0000
1523.0          1.0000
1524.0          1.0000
1525.0          1.0000
1526.0          1.0000
1527.0          1.0000
1528.0          1.0000
1529.0          1.0000
1530.0          1.0000
1531.0          1.0000
1532.0          1.0000
1533.0          1.0000
1534.0          1.0000
1535.0          1.0000
1536.0          1.0000
1537.0          1.0000
1538.0          1.0000
1539.0          1.0000
1540.0          1.0000
1541.0          1.0000
1542.0          1.0000
1543.0          1.0000
1544.0          1.0000
1545.0          1.0000
1546.0          1.0000
1547.0          1.0000
1548.0          1.0000
1549.0          1.0000
1550.0          1.0000
1551.0          1.0000
1552.0          1.0000
1553.0          1.0000
1554.0          1.0000
1555.0          1.0000
1556.0          1.0000
1557.0          1.0000
1558.0          1.0000
1559.0          1.0000
1560.0          1.0000
1561.0          1.0000
1562.0          1.0000
1563.0          1.0000
1564.0          1.0000
1565.0          1.0000
1566.0          1.0000
1567.0          1.0000
1568.0          1.0000
1569.0          1.0000
1570.0          1.0000
1571.0          1.0000
1572.0          1.0000
1573.0          1.0000
1574.0          1.0000
1575.0          1.0000
1576.0          1.0000
1577.0          1.0000
1578.0          1.0000
1579.0          1.0000
1580.0          1.0000
1581.0          1.0000
1582.0          1.0000
1583.0          1.0000
1584.0          1.0000
1585.0          1.0000
1586.0          1.0000
1587.0          1.0000
1588.0          1.0000
1589.0          1.0000
1590.0          1.0000
1591.0          1.0000
1592.0          1.0000
1593.0          1.0000
1594.0          1.0000
1595.0          1.0000
1596.0          1.0000
1597.0          1.0000
1598.0          1.0000
1599.0          1.0000
1600.0          1.0000
1601.0          1.0000
1602.0          1.0000
1603.0          1.0000
1604.0          1.0000
1605.0          1.0000
1606.0          1.0000
1607.0          1.0000
1608.0          1.0000
1609.0          1.0000
1610.0          1.0000
1611.0          1.0000
1612.0          1.0000
1613.0          1.0000
1614.0          1.0000
1615.0          1.0000
1616.0          1.0000
1617.0          1.0000
1618.0          1.0000
1619.0          1.0000
1620.0          1.0000
1621.0          1.0000
1622.0          1.0000
1623.0          1.0000
1624.0          1.0000
1625.0          1.0000
1626.0          1.0000
1627.0          1.0000
1628.0          1.0000
1629.0          1.0000
1630.0          1.0000
1631.0          1.0000
1632.0          1.0000
1633.0          1.0000
1634.0          1.0000
1635.0          1.0000
1636.0          1.0000
1637.0          1.0000
1638.0          1.0000
1639.0          1.0000
1640.0          1.0000
1641.0          1.0000
1642.0          1.0000
1643.0          1.0000
1644.0          1.0000
1645.0          1.0000
1646.0          1.0000
1647.0          1.0000
1648.0          1.0000
1649.0          1.0000
1650.0          1.0000
1400.0          -3.1086E-15
1401.0          1.8874E-15
1402.0          -2.2204E-15
1403.0          3.3307E-15
1404.0          -1.1102E-15
1405.0          -1.1102E-15
1406.0          1.9984E-15
1407.0          5.5511E-16
1408.0          2.3315E-15
1409.0          -3.9968E-15
1410.0          -2.8866E-15
1411.0          -4.8850E-15
1412.0          4.4409E-16
1413.0          4.4409E-16
1414.0          3.3307E-15
1415.0          6.7724E-15
1416.0          -2.2204E-15
1417.0          0.0000
1418.0          8.2157E-15
1419.0          6.3283E-15
1420.0          3.2196E-15
1421.0          1.9984E-15
1422.0          -4.2188E-15
1423.0          -2.2204E-15
1424.0          4.4409E-16
1425.0          -1.0436E-14
1426.0          -1.9984E-15
1427.0          -5.5511E-15
1428.0          -3.9968E-15
1429.0          1.5321E-14
1430.0          2.8866E-15
1431.0          1.1102E-15
1432.0          -1.2434E-14
1433.0          7.5495E-15
1434.0          -2.4425E-15
1435.0          5.5511E-15
1436.0          6.6613E-16
1437.0          -1.5321E-14
1438.0          -1.1768E-14
1439.0          5.5511E-16
1440.0          -1.6209E-14
1441.0          -2.2204E-15
1442.0          -8.6597E-15
1443.0          1.1102E-16
1444.0          1.7764E-15
1445.0          -1.9984E-15
1446.0          -1.1102E-15
1447.0          2.4425E-15
1448.0          -6.6613E-16
1449.0          8.2157E-15
1450.0          -4.4409E-15
1451.0          -1.5543E-15
1452.0          6.4393E-15
1453.0          -5.7732E-15
1454.0          3.5527E-15
1455.0          3.8858E-15
1456.0          2.4425E-15
1457.0          -4.2188E-15
1458.0          -3.9968E-15
1459.0          2.6645E-15
1460.0          -2.2204E-15
1461.0          2.1094E-15
1462.0          8.9928E-15
1463.0          -2.4425E-15
1464.0          3.3307E-15
1465.0          4.9960E-15
1466.0          -5.7732E-15
1467.0          0.0000
1468.0          0.0000
1469.0          3.3307E-16
1470.0          8.8818E-16
1471.0          1.9984E-15
1472.0          3.1086E-15
1473.0          -1.1102E-15
1474.0          3.3307E-15
1475.0          6.6613E-16
1476.0          1.1102E-15
1477.0          -1.9984E-15
1478.0          -1.3323E-15
1479.0          -8.8818E-16
1480.0          1.8874E-15
1481.0          6.1062E-15
1482.0          6.6613E-16
1483.0          -1.1102E-15
1484.0          -1.7764E-15
1485.0          9.9920E-16
1486.0          -2.2204E-15
1487.0          1.5543E-15
1488.0          0.0000
1489.0          -6.6613E-16
1490.0          -8.8818E-16
1491.0          2.4425E-15
1492.0          3.7748E-15
1493.0          3.1086E-15
1494.0          -3.5527E-15
1495.0          0.0000
1496.0          -8.8818E-16
1497.0          4.4409E-16
1498.0          0.0000
1499.0          7.7716E-16
1500.0          2.2204E-16
1501.0          -2.2204E-15
1502.0          5.3291E-15
1503.0          -2.6645E-15
1504.0          -8.8818E-16
1505.0          1.2212E-15
1506.0          7.7716E-16
1507.0          2.8866E-15
1508.0          1.4433E-15
1509.0          -2.8866E-15
1510.0          1.6653E-15
1511.0          1.5543E-15
1512.0          -1.3323E-15
1513.0          0.0000
1514.0          8.8818E-16
1515.0          2.5535E-15
1516.0          8.8818E-16
1517.0          -2.2204E-15
1518.0          8.8818E-16
1519.0          -1.5543E-15
1520.0          2.2204E-16
1521.0          -8.8818E-16
1522.0          -5.5511E-15
1523.0          0.0000
1524.0          1.3323E-15
1525.0          -2.2204E-16
1526.0          1.7764E-15
1527.0          1.2212E-15
1528.0          -3.1086E-15
1529.0          -1.1102E-15
1530.0          2.7756E-15
1531.0          5.1070E-15
1532.0          -9.1038E-15
1533.0          -4.4409E-16
1534.0          1.2434E-14
1535.0          -1.0214E-14
1536.0          -9.7700E-15
1537.0          -4.4409E-16
1538.0          -5.1070E-15
1539.0          4.2188E-15
1540.0          4.4409E-16
1541.0          1.7764E-15
1542.0          -1.9984E-15
1543.0          7.7716E-15
1544.0          1.1102E-15
1545.0          5.5511E-16
1546.0          6.6613E-16
1547.0          6.5503E-15
1548.0          9.5479E-15
1549.0          -2.2204E-15
1550.0          -6.4393E-15
1551.0          -5.3291E-15
1552.0          -1.1102E-15
1553.0          -2.4425E-15
1554.0          -1.3323E-15
1555.0          2.6645E-15
1556.0          -8.8818E-16
1557.0          2.6645E-15
1558.0          1.3323E-15
1559.0          2.6645E-15
1560.0          -1.7764E-15
1561.0          -1.1102E-15
1562.0          4.2188E-15
1563.0          2.2204E-16
1564.0          3.1086E-15
1565.0          -2.2204E-15
1566.0          7.7716E-16
1567.0          -1.5543E-15
1568.0          -1.9984E-15
1569.0          -1.3323E-15
1570.0          8.8818E-16
1571.0          8.8818E-16
1572.0          -2.2204E-15
1573.0          2.4425E-15
1574.0          1.9984E-15
1575.0          -3.3307E-15
1576.0          0.0000
1577.0          6.6613E-16
1578.0          -3.1086E-15
1579.0          1.4433E-15
1580.0          -3.1086E-15
1581.0          2.8866E-15
1582.0          2.8866E-15
1583.0          6.6613E-16
1584.0          2.1094E-15
1585.0          -4.4409E-16
1586.0          -8.8818E-16
1587.0          -1.7764E-15
1588.0          2.5535E-15
1589.0          2.8866E-15
1590.0          1.5543E-15
1591.0          1.3323E-15
1592.0          -1.3323E-15
1593.0          -3.5527E-15
1594.0          -2.2204E-16
1595.0          -3.3307E-15
1596.0          2.2204E-16
1597.0          -6.6613E-16
1598.0          1.5543E-15
1599.0          2.2204E-15
1600.0          -8.8818E-16
1601.0          5.8842E-15
1602.0          1.5543E-15
1603.0          -1.3323E-15
1604.0          4.4409E-15
1605.0          -4.4409E-15
1606.0          -1.3323E-15
1607.0          2.2204E-16
1608.0          -8.8818E-16
1609.0          1.1102E-15
1610.0          -1.7764E-15
1611.0          2.3315E-15
1612.0          1.5543E-15
1613.0          2.1094E-15
1614.0          4.4409E-16
1615.0          6.6613E-16
1616.0          2.4425E-15
1617.0          1.7764E-15
1618.0          -8.8818E-16
1619.0          1.9984E-15
1620.0          -4.4409E-15
1621.0          1.7764E-15
1622.0          -2.2204E-16
1623.0          1.1102E-15
1624.0          -2.6645E-15
1625.0          1.9984E-15
1626.0          1.9984E-15
1627.0          -3.3307E-15
1628.0          9.9920E-16
1629.0          -1.3323E-15
1630.0          1.3323E-15
1631.0          -1.7764E-15
1632.0          -6.6613E-16
1633.0          2.4425E-15
1634.0          1.6653E-15
1635.0          -1.7764E-15
1636.0          1.5543E-15
1637.0          -1.7764E-15
1638.0          0.0000
1639.0          3.7748E-15
1640.0          -1.1102E-15
1641.0          -1.1102E-15
1642.0          -1.7764E-15
1643.0          1.2212E-15
1644.0          -2.8866E-15
1645.0          -4.4409E-16
1646.0          1.7764E-15
1647.0          -2.8866E-15
1648.0          -1.7764E-15
1649.0          8.8818E-16
1650.0          -3.1086E-15
