1400.0          0.93074
1401.0          0.91344
1402.0          0.89696
1403.0          0.88141
1404.0          0.86680
1405.0          0.85309
1406.0          0.84023
1407.0          0.82815
1408.0          0.81678
1409.0          0.80605
1410.0          0.79590
1411.0          0.78628
1412.0          0.77713
1413.0          0.76842
1414.0          0.76009
1415.0          0.75211
1416.0          0.74444
1417.0          0.73707
1418.0          0.72995
1419.0          0.72307
1420.0          0.71641
1421.0          0.70993
1422.0          0.70364
1423.0          0.69750
1424.0          0.69150
1425.0          0.68563
1426.0          0.67988
1427.0          0.67422
1428.0          0.66865
1429.0          0.66316
1430.0          0.65774
1431.0          0.65236
1432.0          0.64703
1433.0          0.64172
1434.0          0.63644
1435.0          0.63116
1436.0          0.62587
1437.0          0.62055
1438.0          0.61520
1439.0          0.60980
1440.0          0.60433
1441.0          0.59876
1442.0          0.59308
1443.0          0.58726
1444.0          0.58127
1445.0          0.57508
1446.0          0.56864
1447.0          0.56191
1448.0          0.55483
1449.0          0.54732
1450.0          0.53931
1451.0          0.53069
1452.0          0.52131
1453.0          0.51101
1454.0          0.49957
1455.0          0.48669
1456.0          0.47197
1457.0          0.45489
1458.0          0.43472
1459.0          0.41041
1460.0          0.38054
1461.0          0.34323
1462.0          0.29655
1463.0          0.24141
1464.0          0.19639
1465.0          0.25480
1466.0          0.59064
1467.0          0.93506
1468.0          0.99812
1469.0          0.95212
1470.0          0.89548
1471.0          0.84782
1472.0          0.81004
1473.0          0.78007
1474.0          0.75594
1475.0          0.73615
1476.0          0.71962
1477.0          0.70561
1478.0          0.69356
1479.0          0.68307
1480.0          0.67383
1481.0          0.66562
1482.0          0.65827
1483.0          0.65163
1484.0          0.64560
1485.0          0.64009
1486.0          0.63503
1487.0          0.63037
1488.0          0.62605
1489.0          0.62204
1490.0          0.61830
1491.0          0.61481
1492.0          0.61154
1493.0          0.60846
1494.0          0.60557
1495.0          0.60284
1496.0          0.60026
1497.0          0.59782
1498.0          0.59551
1499.0          0.59330
1500.0          0.59120
1501.0          0.58920
1502.0          0.58728
1503.0          0.58543
1504.0          0.58364
1505.0          0.58190
1506.0          0.58020
1507.0          0.57852
1508.0          0.57684
1509.0          0.57513
1510.0          0.57338
1511.0          0.57154
1512.0          0.56957
1513.0          0.56739
1514.0          0.56490
1515.0          0.56198
1516.0          0.55839
1517.0          0.55384
1518.0          0.54788
1519.0          0.54017
1520.0          0.53386
1521.0          0.58684
1522.0          0.99989
1523.0          0.77910
1524.0          0.68972
1525.0          0.65556
1526.0          0.63863
1527.0          0.62891
1528.0          0.62284
1529.0          0.61888
1530.0          0.61626
1531.0          0.61455
1532.0          0.61351
1533.0          0.61296
1534.0          0.61282
1535.0          0.61300
1536.0          0.61345
1537.0          0.61414
1538.0          0.61504
1539.0          0.61613
1540.0          0.61739
1541.0          0.61882
1542.0          0.62039
1543.0          0.62211
1544.0          0.62397
1545.0          0.62596
1546.0          0.62808
1547.0          0.63033
1548.0          0.63270
1549.0          0.63520
1550.0          0.63782
1551.0          0.64055
1552.0          0.64341
1553.0          0.64638
1554.0          0.64948
1555.0          0.65269
1556.0          0.65602
1557.0          0.65946
1558.0          0.66303
1559.0          0.66671
1560.0          0.67050
1561.0          0.67442
1562.0          0.67844
1563.0          0.68259
1564.0          0.68685
1565.0          0.69122
1566.0          0.69571
1567.0          0.70032
1568.0          0.70503
1569.0          0.70986
1570.0          0.71480
1571.0          0.71985
1572.0          0.72500
1573.0          0.73026
1574.0          0.73563
1575.0          0.74110
1576.0          0.74666
1577.0          0.75233
1578.0          0.75808
1579.0          0.76393
1580.0          0.76986
1581.0          0.77587
1582.0          0.78196
1583.0          0.78812
1584.0          0.79435
1585.0          0.80065
1586.0          0.80699
1587.0          0.81339
1588.0          0.81983
1589.0          0.82630
1590.0          0.83280
1591.0          0.83932
1592.0          0.84585
1593.0          0.85238
1594.0          0.85890
1595.0          0.86540
1596.0          0.87188
1597.0          0.87832
1598.0          0.88471
1599.0          0.89104
1600.0          0.89730
1601.0          0.90348
1602.0          0.90956
1603.0          0.91554
1604.0          0.92139
1605.0          0.92712
1606.0          0.93271
1607.0          0.93814
1608.0          0.94341
1609.0          0.94850
1610.0          0.95341
1611.0          0.95811
1612.0          0.96261
1613.0          0.96689
1614.0          0.97094
1615.0          0.97475
1616.0          0.97832
1617.0          0.98163
1618.0          0.98469
1619.0          0.98748
1620.0          0.98999
1621.0          0.99223
1622.0          0.99419
1623.0          0.99587
1624.0          0.99726
1625.0          0.99837
1626.0          0.99919
1627.0          0.99973
1628.0          0.99998
1629.0          0.99995
1630.0          0.99964
1631.0          0.99906
1632.0          0.99821
1633.0          0.99710
1634.0          0.99573
1635.0          0.99411
1636.0          0.99225
1637.0          0.99015
1638.0          0.98782
1639.0          0.98528
1640.0          0.98252
1641.0          0.97957
1642.0          0.97643
1643.0          0.97310
1644.0          0.96961
1645.0          0.96595
1646.0          0.96214
1647.0          0.95820
1648.0          0.95412
1649.0          0.94992
1650.0          0.94561
1400.0          0.069264
1401.0          0.086564
1402.0          0.10304
1403.0          0.11859
1404.0          0.13320
1405.0          0.14691
1406.0          0.15977
1407.0          0.17185
1408.0          0.18322
1409.0          0.19395
1410.0          0.20410
1411.0          0.21372
1412.0          0.22287
1413.0          0.23158
1414.0          0.23991
1415.0          0.24789
1416.0          0.25556
1417.0          0.26293
1418.0          0.27005
1419.0          0.27693
1420.0          0.28359
1421.0          0.29007
1422.0          0.29636
1423.0          0.30250
1424.0          0.30850
1425.0          0.31437
1426.0          0.32012
1427.0          0.32578
1428.0          0.33135
1429.0          0.33684
1430.0          0.34226
1431.0          0.34764
1432.0          0.35297
1433.0          0.35828
1434.0          0.36356
1435.0          0.36884
1436.0          0.37413
1437.0          0.37945
1438.0          0.38480
1439.0          0.39020
1440.0          0.39567
1441.0          0.40124
1442.0          0.40692
1443.0          0.41274
1444.0          0.41873
1445.0          0.42492
1446.0          0.43136
1447.0          0.43809
1448.0          0.44517
1449.0          0.45268
1450.0          0.46069
1451.0          0.46931
1452.0          0.47869
1453.0          0.48899
1454.0          0.50043
1455.0          0.51331
1456.0          0.52803
1457.0          0.54511
1458.0          0.56528
1459.0          0.58959
1460.0          0.61946
1461.0          0.65677
1462.0          0.70345
1463.0          0.75859
1464.0          0.80361
1465.0          0.74520
1466.0          0.40936
1467.0          0.064935
1468.0          0.0018753
1469.0          0.047882
1470.0          0.10452
1471.0          0.15218
1472.0          0.18996
1473.0          0.21993
1474.0          0.24406
1475.0          0.26385
1476.0          0.28038
1477.0          0.29439
1478.0          0.30644
1479.0          0.31693
1480.0          0.32617
1481.0          0.33438
1482.0          0.34173
1483.0          0.34837
1484.0          0.35440
1485.0          0.35991
1486.0          0.36497
1487.0          0.36963
1488.0          0.37395
1489.0          0.37796
1490.0          0.38170
1491.0          0.38519
1492.0          0.38846
1493.0          0.39154
1494.0          0.39443
1495.0          0.39716
1496.0          0.39974
1497.0          0.40218
1498.0          0.40449
1499.0          0.40670
1500.0          0.40880
1501.0          0.41080
1502.0          0.41272
1503.0          0.41457
1504.0          0.41636
1505.0          0.41810
1506.0          0.41980
1507.0          0.42148
1508.0          0.42316
1509.0          0.42487
1510.0          0.42662
1511.0          0.42846
1512.0          0.43043
1513.0          0.43261
1514.0          0.43510
1515.0          0.43802
1516.0          0.44161
1517.0          0.44616
1518.0          0.45212
1519.0          0.45983
1520.0          0.46614
1521.0          0.41316
1522.0          1.0675E-4
1523.0          0.22090
1524.0          0.31028
1525.0          0.34444
1526.0          0.36137
1527.0          0.37109
1528.0          0.37716
1529.0          0.38112
1530.0          0.38374
1531.0          0.38545
1532.0          0.38649
1533.0          0.38704
1534.0          0.38718
1535.0          0.38700
1536.0          0.38655
1537.0          0.38586
1538.0          0.38496
1539.0          0.38387
1540.0          0.38261
1541.0          0.38118
1542.0          0.37961
1543.0          0.37789
1544.0          0.37603
1545.0          0.37404
1546.0          0.37192
1547.0          0.36967
1548.0          0.36730
1549.0          0.36480
1550.0          0.36218
1551.0          0.35945
1552.0          0.35659
1553.0          0.35362
1554.0          0.35052
1555.0          0.34731
1556.0          0.34398
1557.0          0.34054
1558.0          0.33697
1559.0          0.33329
1560.0          0.32950
1561.0          0.32558
1562.0          0.32156
1563.0          0.31741
1564.0          0.31315
1565.0          0.30878
1566.0          0.30429
1567.0          0.29968
1568.0          0.29497
1569.0          0.29014
1570.0          0.28520
1571.0          0.28015
1572.0          0.27500
1573.0          0.26974
1574.0          0.26437
1575.0          0.25890
1576.0          0.25334
1577.0          0.24767
1578.0          0.24192
1579.0          0.23607
1580.0          0.23014
1581.0          0.22413
1582.0          0.21804
1583.0          0.21188
1584.0          0.20565
1585.0          0.19935
1586.0          0.19301
1587.0          0.18661
1588.0          0.18017
1589.0          0.17370
1590.0          0.16720
1591.0          0.16068
1592.0          0.15415
1593.0          0.14762
1594.0          0.14110
1595.0          0.13460
1596.0          0.12812
1597.0          0.12168
1598.0          0.11529
1599.0          0.10896
1600.0          0.10270
1601.0          0.096524
1602.0          0.090441
1603.0          0.084465
1604.0          0.078606
1605.0          0.072878
1606.0          0.067291
1607.0          0.061857
1608.0          0.056589
1609.0          0.051497
1610.0          0.046592
1611.0          0.041886
1612.0          0.037389
1613.0          0.033110
1614.0          0.029060
1615.0          0.025248
1616.0          0.021680
1617.0          0.018366
1618.0          0.015312
1619.0          0.012525
1620.0          0.010009
1621.0          0.0077691
1622.0          0.0058092
1623.0          0.0041319
1624.0          0.0027392
1625.0          0.0016322
1626.0          8.1097E-4
1627.0          2.7483E-4
1628.0          2.2192E-5
1629.0          5.0625E-5
1630.0          3.5688E-4
1631.0          9.3692E-4
1632.0          0.0017860
1633.0          0.0028985
1634.0          0.0042684
1635.0          0.0058889
1636.0          0.0077525
1637.0          0.0098516
1638.0          0.012178
1639.0          0.014722
1640.0          0.017476
1641.0          0.020430
1642.0          0.023574
1643.0          0.026898
1644.0          0.030393
1645.0          0.034049
1646.0          0.037856
1647.0          0.041804
1648.0          0.045882
1649.0          0.050081
1650.0          0.054391
1400.0          1.0000
1401.0          1.0000
1402.0          1.0000
1403.0          1.0000
1404.0          1.0000
1405.0          1.0000
1406.0          1.0000
1407.0          1.0000
1408.0          1.0000
1409.0          1.0000
1410.0          1.0000
1411.0          1.0000
1412.0          1.0000
1413.0          1.0000
1414.0          1.0000
1415.0          1.0000
1416.0          1.0000
1417.0          1.0000
1418.0          1.0000
1419.0          1.0000
1420.0          1.0000
1421.0          1.0000
1422.0          1.0000
1423.0          1.0000
1424.0          1.0000
1425.0          1.0000
1426.0          1.0000
1427.0          1.0000
1428.0          1.0000
1429.0          1.0000
1430.0          1.0000
1431.0          1.0000
1432.0          1.0000
1433.0          1.0000
1434.0          1.0000
1435.0          1.0000
1436.0          1.0000
1437.0          1.0000
1438.0          1.0000
1439.0          1.0000
1440.0          1.0000
1441.0          1.0000
1442.0          1.0000
1443.0          1.0000
1444.0          1.0000
1445.0          1.0000
1446.0          1.0000
1447.0          1.0000
1448.0          1.0000
1449.0          1.0000
1450.0          1.0000
1451.0          1.0000
1452.0          1.0000
1453.0          1.0000
1454.0          1.0000
1455.0          1.0000
1456.0          1.0000
1457.0          1.0000
1458.0          1.0000
1459.0          1.0000
1460.0          1.0000
1461.0          1.0000
1462.0          1.0000
1463.0          1.0000
1464.0          1.0000
1465.0          1.0000
1466.0          1.0000
1467.0          1.0000
1468.0          1.0000
1469.0          1.0000
1470.0          1.0000
1471.0          1.0000
1472.0          1.0000
1473.0          1.0000
1474.0          1.0000
1475.0          1.0000
1476.0          1.0000
1477.0          1.0000
1478.0          1.0000
1479.0          1.0000
1480.0          1.0000
1481.0          1.0000
1482.0          1.0000
1483.0          1.0000
1484.0          1.0000
1485.0          1.0000
1486.0          1.0000
1487.0          1.0000
1488.0          1.0000
1489.0          1.0000
1490.0          1.0000
1491.0          1.0000
1492.0          1.0000
1493.0          1.0000
1494.0          1.0000
1495.0          1.0000
1496.0          1.0000
1497.0          1.0000
1498.0          1.0000
1499.0          1.0000
1500.0          1.0000
1501.0          1.0000
1502.0          1.0000
1503.0          1.0000
1504.0          1.0000
1505.0          1.0000
1506.0          1.0000
1507.0          1.0000
1508.0          1.0000
1509.0          1.0000
1510.0          1.0000
1511.0          1.0000
1512.0          1.0000
1513.0          1.0000
1514.0          1.0000
1515.0          1.0000
1516.0          1.0000
1517.0          1.0000
1518.0          1.0000
1519.0          1.0000
1520.0          1.0000
1521.0          1.0000
1522.0          1.0000
1523.0          1.0000
1524.0          1.0000
1525.0          1.0000
1526.0          1.0000
1527.0          1.0000
1528.0          1.0000
1529.0          1.0000
1530.0          1.0000
1531.0          1.0000
1532.0          1.0000
1533.0          1.0000
1534.0          1.0000
1535.0          1.0000
1536.0          1.0000
1537.0          1.0000
1538.0          1.0000
1539.0          1.0000
1540.0          1.0000
1541.0          1.0000
1542.0          1.0000
1543.0          1.0000
1544.0          1.0000
1545.0          1.0000
1546.0          1.0000
1547.0          1.0000
1548.0          1.0000
1549.0          1.0000
1550.0          1.0000
1551.0          1.0000
1552.0          1.0000
1553.0          1.0000
1554.0          1.0000
1555.0          1.0000
1556.0          1.0000
1557.0          1.0000
1558.0          1.0000
1559.0          1.0000
1560.0          1.0000
1561.0          1.0000
1562.0          1.0000
1563.0          1.0000
1564.0          1.0000
1565.0          1.0000
1566.0          1.0000
1567.0          1.0000
1568.0          1.0000
1569.0          1.0000
1570.0          1.0000
1571.0          1.0000
1572.0          1.0000
1573.0          1.0000
1574.0          1.0000
1575.0          1.0000
1576.0          1.0000
1577.0          1.0000
1578.0          1.0000
1579.0          1.0000
1580.0          1.0000
1581.0          1.0000
1582.0          1.0000
1583.0          1.0000
1584.0          1.0000
1585.0          1.0000
1586.0          1.0000
1587.0          1.0000
1588.0          1.0000
1589.0          1.0000
1590.0          1.0000
1591.0          1.0000
1592.0          1.0000
1593.0          1.0000
1594.0          1.0000
1595.0          1.0000
1596.0          1.0000
1597.0          1.0000
1598.0          1.0000
1599.0          1.0000
1600.0          1.0000
1601.0          1.0000
1602.0          1.0000
1603.0          1.0000
1604.0          1.0000
1605.0          1.0000
1606.0          1.0000
1607.0          1.0000
1608.0          1.0000
1609.0          1.0000
1610.0          1.0000
1611.0          1.0000
1612.0          1.0000
1613.0          1.0000
1614.0          1.0000
1615.0          1.0000
1616.0          1.0000
1617.0          1.0000
1618.0          1.0000
1619.0          1.0000
1620.0          1.0000
1621.0          1.0000
1622.0          1.0000
1623.0          1.0000
1624.0          1.0000
1625.0          1.0000
1626.0          1.0000
1627.0          1.0000
1628.0          1.0000
1629.0          1.0000
1630.0          1.0000
1631.0          1.0000
1632.0          1.0000
1633.0          1.0000
1634.0          1.0000
1635.0          1.0000
1636.0          1.0000
1637.0          1.0000
1638.0          1.0000
1639.0          1.0000
1640.0          1.0000
1641.0          1.0000
1642.0          1.0000
1643.0          1.0000
1644.0          1.0000
1645.0          1.0000
1646.0          1.0000
1647.0          1.0000
1648.0          1.0000
1649.0          1.0000
1650.0          1.0000
1400.0          1.8874E-15
1401.0          -2.4425E-15
1402.0          -2.2204E-16
1403.0          -2.2204E-15
1404.0          2.2204E-16
1405.0          3.3307E-16
1406.0          -6.6613E-16
1407.0          -8.8818E-16
1408.0          -1.3323E-15
1409.0          0.0000
1410.0          0.0000
1411.0          2.4425E-15
1412.0          -6.6613E-16
1413.0          -2.4425E-15
1414.0          -1.5543E-15
1415.0          1.6653E-15
1416.0          -3.1086E-15
1417.0          -1.5543E-15
1418.0          -1.9984E-15
1419.0          1.9984E-15
1420.0          2.6645E-15
1421.0          2.2204E-16
1422.0          -2.4425E-15
1423.0          4.4409E-15
1424.0          4.4409E-16
1425.0          5.5511E-15
1426.0          0.0000
1427.0          -1.3323E-15
1428.0          2.4425E-15
1429.0          4.4409E-15
1430.0          -8.8818E-16
1431.0          -5.7732E-15
1432.0          -1.7764E-15
1433.0          -4.8850E-15
1434.0          1.2212E-15
1435.0          1.1102E-16
1436.0          4.4409E-16
1437.0          2.2204E-16
1438.0          -4.4409E-16
1439.0          -2.2204E-16
1440.0          -3.1086E-15
1441.0          1.7764E-15
1442.0          -3.1086E-15
1443.0          -1.1102E-15
1444.0          -1.3323E-15
1445.0          -2.2204E-16
1446.0          3.3307E-16
1447.0          1.9984E-15
1448.0          1.3323E-15
1449.0          -1.5543E-15
1450.0          -2.6645E-15
1451.0          -1.3323E-15
1452.0          -2.2204E-16
1453.0          -4.4409E-16
1454.0          -4.4409E-15
1455.0          3.7748E-15
1456.0          1.9984E-15
1457.0          2.6645E-15
1458.0          -4.4409E-15
1459.0          -3.1086E-15
1460.0          2.6645E-15
1461.0          -3.5527E-15
1462.0          -4.4409E-16
1463.0          -2.1316E-14
1464.0          5.9952E-15
1465.0          1.2768E-14
1466.0          2.6645E-15
1467.0          2.3426E-14
1468.0          1.6986E-14
1469.0          -5.9952E-15
1470.0          1.7764E-15
1471.0          1.7764E-15
1472.0          -7.1054E-15
1473.0          -3.9968E-15
1474.0          -3.5527E-15
1475.0          -3.1086E-15
1476.0          -6.6613E-16
1477.0          -1.5543E-15
1478.0          -2.2204E-15
1479.0          -2.2204E-15
1480.0          -3.9968E-15
1481.0          0.0000
1482.0          6.6613E-16
1483.0          8.5487E-15
1484.0          3.3307E-15
1485.0          -4.2188E-15
1486.0          -3.1086E-15
1487.0          3.5527E-15
1488.0          -1.9984E-15
1489.0          1.3323E-15
1490.0          9.9920E-16
1491.0          -4.2188E-15
1492.0          -6.6613E-15
1493.0          -2.6645E-15
1494.0          -3.1086E-15
1495.0          3.1086E-15
1496.0          0.0000
1497.0          -3.3307E-15
1498.0          -1.7764E-15
1499.0          -6.6613E-16
1500.0          3.3307E-15
1501.0          -1.9984E-15
1502.0          -1.5543E-15
1503.0          -1.9984E-15
1504.0          7.7716E-16
1505.0          -4.6629E-15
1506.0          -2.2204E-15
1507.0          4.6629E-15
1508.0          -1.5543E-15
1509.0          2.7756E-15
1510.0          6.2172E-15
1511.0          3.3307E-16
1512.0          4.4409E-16
1513.0          -4.4409E-16
1514.0          -8.8818E-16
1515.0          -1.3323E-15
1516.0          3.7748E-15
1517.0          -4.4409E-15
1518.0          -1.1324E-14
1519.0          -2.2204E-15
1520.0          -1.5099E-14
1521.0          4.1411E-14
1522.0          2.5324E-13
1523.0          5.8842E-15
1524.0          -2.2204E-15
1525.0          0.0000
1526.0          3.1086E-15
1527.0          5.2180E-15
1528.0          -8.8818E-16
1529.0          3.3307E-16
1530.0          -2.6645E-15
1531.0          -6.6613E-16
1532.0          4.4409E-16
1533.0          -1.3323E-15
1534.0          2.6645E-15
1535.0          -3.1086E-15
1536.0          -3.9968E-15
1537.0          0.0000
1538.0          -2.2204E-15
1539.0          -4.4409E-16
1540.0          -2.8866E-15
1541.0          2.1094E-15
1542.0          -3.1086E-15
1543.0          -8.8818E-16
1544.0          1.4433E-15
1545.0          -1.9984E-15
1546.0          -1.3323E-15
1547.0          4.4409E-16
1548.0          -4.4409E-16
1549.0          -6.6613E-16
1550.0          -4.4409E-16
1551.0          -8.8818E-16
1552.0          3.7748E-15
1553.0          -8.8818E-16
1554.0          3.2196E-15
1555.0          -1.3323E-15
1556.0          3.9968E-15
1557.0          -1.1102E-15
1558.0          -1.0658E-14
1559.0          2.8866E-15
1560.0          3.3307E-15
1561.0          2.8866E-15
1562.0          -3.9968E-15
1563.0          -8.8818E-16
1564.0          2.2204E-15
1565.0          0.0000
1566.0          -3.5527E-15
1567.0          2.4425E-15
1568.0          -1.5543E-15
1569.0          6.6613E-16
1570.0          -2.8866E-15
1571.0          2.2204E-16
1572.0          3.5527E-15
1573.0          3.9968E-15
1574.0          -4.2188E-15
1575.0          -8.8818E-16
1576.0          -1.7764E-15
1577.0          1.8874E-15
1578.0          1.1102E-16
1579.0          4.2188E-15
1580.0          8.8818E-16
1581.0          1.7764E-15
1582.0          -1.5543E-15
1583.0          4.4409E-16
1584.0          -2.2204E-16
1585.0          -2.2204E-16
1586.0          -3.7748E-15
1587.0          2.2204E-16
1588.0          -8.8818E-16
1589.0          7.7716E-16
1590.0          2.2204E-15
1591.0          -4.4409E-16
1592.0          2.5535E-15
1593.0          4.4409E-16
1594.0          -1.7764E-15
1595.0          1.7764E-15
1596.0          6.6613E-16
1597.0          -7.3275E-15
1598.0          -6.6613E-15
1599.0          1.5543E-15
1600.0          1.1102E-16
1601.0          -8.8818E-16
1602.0          2.2204E-16
1603.0          -2.8866E-15
1604.0          6.4393E-15
1605.0          2.2204E-15
1606.0          2.6645E-15
1607.0          -2.2204E-15
1608.0          1.5543E-15
1609.0          2.5535E-15
1610.0          4.4409E-16
1611.0          -2.6645E-15
1612.0          -7.9936E-15
1613.0          3.2196E-15
1614.0          1.3212E-14
1615.0          -5.1070E-15
1616.0          1.9984E-15
1617.0          9.1038E-15
1618.0          -3.9968E-15
1619.0          -6.2172E-15
1620.0          -2.6645E-15
1621.0          3.3307E-15
1622.0          6.4393E-15
1623.0          -4.4409E-16
1624.0          3.4417E-15
1625.0          -3.7748E-15
1626.0          -5.7732E-15
1627.0          -3.3307E-15
1628.0          2.6645E-15
1629.0          -8.8818E-16
1630.0          1.2212E-15
1631.0          1.6653E-15
1632.0          -6.6613E-16
1633.0          1.1879E-14
1634.0          2.0728E-13
1635.0          1.9873E-14
1636.0          1.2323E-14
1637.0          -4.8850E-15
1638.0          -3.3307E-15
1639.0          -6.6613E-16
1640.0          7.7716E-16
1641.0          1.1102E-16
1642.0          2.6645E-15
1643.0          5.4401E-15
1644.0          -1.3323E-15
1645.0          3.2196E-15
1646.0          -5.7732E-15
1647.0          -8.8818E-16
1648.0          3.2196E-15
1649.0          2.5535E-15
1650.0          9.6589E-15
