1400.0          0.97970
1401.0          0.97672
1402.0          0.97386
1403.0          0.97112
1404.0          0.96850
1405.0          0.96600
1406.0          0.96363
1407.0          0.96136
1408.0          0.95921
1409.0          0.95715
1410.0          0.95518
1411.0          0.95330
1412.0          0.95149
1413.0          0.94976
1414.0          0.94809
1415.0          0.94647
1416.0          0.94491
1417.0          0.94340
1418.0          0.94194
1419.0          0.94051
1420.0          0.93912
1421.0          0.93775
1422.0          0.93642
1423.0          0.93511
1424.0          0.93382
1425.0          0.93254
1426.0          0.93129
1427.0          0.93004
1428.0          0.92880
1429.0          0.92757
1430.0          0.92634
1431.0          0.92511
1432.0          0.92388
1433.0          0.92264
1434.0          0.92139
1435.0          0.92013
1436.0          0.91886
1437.0          0.91756
1438.0          0.91625
1439.0          0.91490
1440.0          0.91352
1441.0          0.91210
1442.0          0.91064
1443.0          0.90913
1444.0          0.90756
1445.0          0.90592
1446.0          0.90419
1447.0          0.90238
1448.0          0.90046
1449.0          0.89842
1450.0          0.89623
1451.0          0.89387
1452.0          0.89131
1453.0          0.88851
1454.0          0.88541
1455.0          0.88197
1456.0          0.87810
1457.0          0.87372
1458.0          0.86870
1459.0          0.86291
1460.0          0.85621
1461.0          0.84852
1462.0          0.83996
1463.0          0.83148
1464.0          0.82621
1465.0          0.83264
1466.0          0.86530
1467.0          0.92494
1468.0          0.97679
1469.0          0.99803
1470.0          0.99879
1471.0          0.99191
1472.0          0.98337
1473.0          0.97522
1474.0          0.96799
1475.0          0.96173
1476.0          0.95630
1477.0          0.95158
1478.0          0.94744
1479.0          0.94377
1480.0          0.94049
1481.0          0.93753
1482.0          0.93485
1483.0          0.93238
1484.0          0.93011
1485.0          0.92799
1486.0          0.92602
1487.0          0.92416
1488.0          0.92240
1489.0          0.92073
1490.0          0.91913
1491.0          0.91760
1492.0          0.91612
1493.0          0.91470
1494.0          0.91331
1495.0          0.91197
1496.0          0.91065
1497.0          0.90936
1498.0          0.90808
1499.0          0.90683
1500.0          0.90558
1501.0          0.90435
1502.0          0.90311
1503.0          0.90187
1504.0          0.90062
1505.0          0.89935
1506.0          0.89806
1507.0          0.89674
1508.0          0.89538
1509.0          0.89395
1510.0          0.89246
1511.0          0.89086
1512.0          0.88913
1513.0          0.88722
1514.0          0.88507
1515.0          0.88256
1516.0          0.87953
1517.0          0.87568
1518.0          0.87046
1519.0          0.86264
1520.0          0.84916
1521.0          0.82025
1522.0          0.80341
1523.0          0.98750
1524.0          0.94322
1525.0          0.92428
1526.0          0.91433
1527.0          0.90810
1528.0          0.90372
1529.0          0.90040
1530.0          0.89773
1531.0          0.89550
1532.0          0.89357
1533.0          0.89186
1534.0          0.89032
1535.0          0.88890
1536.0          0.88758
1537.0          0.88634
1538.0          0.88516
1539.0          0.88403
1540.0          0.88295
1541.0          0.88191
1542.0          0.88090
1543.0          0.87992
1544.0          0.87896
1545.0          0.87802
1546.0          0.87709
1547.0          0.87619
1548.0          0.87529
1549.0          0.87441
1550.0          0.87354
1551.0          0.87268
1552.0          0.87183
1553.0          0.87098
1554.0          0.87014
1555.0          0.86931
1556.0          0.86849
1557.0          0.86766
1558.0          0.86685
1559.0          0.86603
1560.0          0.86522
1561.0          0.86442
1562.0          0.86361
1563.0          0.86281
1564.0          0.86202
1565.0          0.86122
1566.0          0.86042
1567.0          0.85963
1568.0          0.85884
1569.0          0.85805
1570.0          0.85726
1571.0          0.85647
1572.0          0.85568
1573.0          0.85489
1574.0          0.85411
1575.0          0.85332
1576.0          0.85253
1577.0          0.85174
1578.0          0.85096
1579.0          0.85017
1580.0          0.84938
1581.0          0.84859
1582.0          0.84780
1583.0          0.84701
1584.0          0.84622
1585.0          0.84543
1586.0          0.84464
1587.0          0.84385
1588.0          0.84305
1589.0          0.84226
1590.0          0.84146
1591.0          0.84067
1592.0          0.83987
1593.0          0.83907
1594.0          0.83827
1595.0          0.83746
1596.0          0.83666
1597.0          0.83585
1598.0          0.83504
1599.0          0.83423
1600.0          0.83342
1601.0          0.83261
1602.0          0.83179
1603.0          0.83097
1604.0          0.83015
1605.0          0.82933
1606.0          0.82851
1607.0          0.82768
1608.0          0.82685
1609.0          0.82602
1610.0          0.82519
1611.0          0.82435
1612.0          0.82351
1613.0          0.82267
1614.0          0.82183
1615.0          0.82098
1616.0          0.82013
1617.0          0.81928
1618.0          0.81842
1619.0          0.81756
1620.0          0.81670
1621.0          0.81584
1622.0          0.81497
1623.0          0.81410
1624.0          0.81322
1625.0          0.81234
1626.0          0.81146
1627.0          0.81058
1628.0          0.80969
1629.0          0.80879
1630.0          0.80790
1631.0          0.80700
1632.0          0.80609
1633.0          0.80518
1634.0          0.80427
1635.0          0.80335
1636.0          0.80243
1637.0          0.80151
1638.0          0.80058
1639.0          0.79964
1640.0          0.79870
1641.0          0.79776
1642.0          0.79681
1643.0          0.79586
1644.0          0.79490
1645.0          0.79393
1646.0          0.79296
1647.0          0.79199
1648.0          0.79101
1649.0          0.79002
1650.0          0.78903
1400.0          0.020300
1401.0          0.023277
1402.0          0.026142
1403.0          0.028884
1404.0          0.031503
1405.0          0.033997
1406.0          0.036373
1407.0          0.038637
1408.0          0.040794
1409.0          0.042852
1410.0          0.044819
1411.0          0.046702
1412.0          0.048508
1413.0          0.050243
1414.0          0.051914
1415.0          0.053526
1416.0          0.055085
1417.0          0.056596
1418.0          0.058063
1419.0          0.059491
1420.0          0.060885
1421.0          0.062247
1422.0          0.063582
1423.0          0.064893
1424.0          0.066183
1425.0          0.067456
1426.0          0.068714
1427.0          0.069961
1428.0          0.071199
1429.0          0.072431
1430.0          0.073660
1431.0          0.074890
1432.0          0.076122
1433.0          0.077360
1434.0          0.078607
1435.0          0.079866
1436.0          0.081141
1437.0          0.082436
1438.0          0.083754
1439.0          0.085100
1440.0          0.086479
1441.0          0.087896
1442.0          0.089358
1443.0          0.090871
1444.0          0.092444
1445.0          0.094085
1446.0          0.095805
1447.0          0.097618
1448.0          0.099537
1449.0          0.10158
1450.0          0.10377
1451.0          0.10613
1452.0          0.10869
1453.0          0.11149
1454.0          0.11459
1455.0          0.11803
1456.0          0.12190
1457.0          0.12628
1458.0          0.13130
1459.0          0.13709
1460.0          0.14379
1461.0          0.15148
1462.0          0.16004
1463.0          0.16852
1464.0          0.17379
1465.0          0.16736
1466.0          0.13470
1467.0          0.075063
1468.0          0.023210
1469.0          0.0019705
1470.0          0.0012074
1471.0          0.0080924
1472.0          0.016633
1473.0          0.024781
1474.0          0.032006
1475.0          0.038274
1476.0          0.043701
1477.0          0.048422
1478.0          0.052565
1479.0          0.056233
1480.0          0.059511
1481.0          0.062466
1482.0          0.065154
1483.0          0.067618
1484.0          0.069892
1485.0          0.072006
1486.0          0.073983
1487.0          0.075843
1488.0          0.077602
1489.0          0.079274
1490.0          0.080871
1491.0          0.082402
1492.0          0.083877
1493.0          0.085303
1494.0          0.086687
1495.0          0.088035
1496.0          0.089352
1497.0          0.090644
1498.0          0.091916
1499.0          0.093172
1500.0          0.094417
1501.0          0.095655
1502.0          0.096892
1503.0          0.098132
1504.0          0.099382
1505.0          0.10065
1506.0          0.10194
1507.0          0.10326
1508.0          0.10462
1509.0          0.10605
1510.0          0.10754
1511.0          0.10914
1512.0          0.11087
1513.0          0.11278
1514.0          0.11493
1515.0          0.11744
1516.0          0.12047
1517.0          0.12432
1518.0          0.12954
1519.0          0.13736
1520.0          0.15084
1521.0          0.17975
1522.0          0.19659
1523.0          0.012500
1524.0          0.056776
1525.0          0.075723
1526.0          0.085669
1527.0          0.091901
1528.0          0.096277
1529.0          0.099598
1530.0          0.10227
1531.0          0.10450
1532.0          0.10643
1533.0          0.10814
1534.0          0.10968
1535.0          0.11110
1536.0          0.11242
1537.0          0.11366
1538.0          0.11484
1539.0          0.11597
1540.0          0.11705
1541.0          0.11809
1542.0          0.11910
1543.0          0.12008
1544.0          0.12104
1545.0          0.12198
1546.0          0.12291
1547.0          0.12381
1548.0          0.12471
1549.0          0.12559
1550.0          0.12646
1551.0          0.12732
1552.0          0.12817
1553.0          0.12902
1554.0          0.12986
1555.0          0.13069
1556.0          0.13151
1557.0          0.13234
1558.0          0.13315
1559.0          0.13397
1560.0          0.13478
1561.0          0.13558
1562.0          0.13639
1563.0          0.13719
1564.0          0.13798
1565.0          0.13878
1566.0          0.13958
1567.0          0.14037
1568.0          0.14116
1569.0          0.14195
1570.0          0.14274
1571.0          0.14353
1572.0          0.14432
1573.0          0.14511
1574.0          0.14589
1575.0          0.14668
1576.0          0.14747
1577.0          0.14826
1578.0          0.14904
1579.0          0.14983
1580.0          0.15062
1581.0          0.15141
1582.0          0.15220
1583.0          0.15299
1584.0          0.15378
1585.0          0.15457
1586.0          0.15536
1587.0          0.15615
1588.0          0.15695
1589.0          0.15774
1590.0          0.15854
1591.0          0.15933
1592.0          0.16013
1593.0          0.16093
1594.0          0.16173
1595.0          0.16254
1596.0          0.16334
1597.0          0.16415
1598.0          0.16496
1599.0          0.16577
1600.0          0.16658
1601.0          0.16739
1602.0          0.16821
1603.0          0.16903
1604.0          0.16985
1605.0          0.17067
1606.0          0.17149
1607.0          0.17232
1608.0          0.17315
1609.0          0.17398
1610.0          0.17481
1611.0          0.17565
1612.0          0.17649
1613.0          0.17733
1614.0          0.17817
1615.0          0.17902
1616.0          0.17987
1617.0          0.18072
1618.0          0.18158
1619.0          0.18244
1620.0          0.18330
1621.0          0.18416
1622.0          0.18503
1623.0          0.18590
1624.0          0.18678
1625.0          0.18766
1626.0          0.18854
1627.0          0.18942
1628.0          0.19031
1629.0          0.19121
1630.0          0.19210
1631.0          0.19300
1632.0          0.19391
1633.0          0.19482
1634.0          0.19573
1635.0          0.19665
1636.0          0.19757
1637.0          0.19849
1638.0          0.19942
1639.0          0.20036
1640.0          0.20130
1641.0          0.20224
1642.0          0.20319
1643.0          0.20414
1644.0          0.20510
1645.0          0.20607
1646.0          0.20704
1647.0          0.20801
1648.0          0.20899
1649.0          0.20998
1650.0          0.21097
1400.0          1.0000
1401.0          1.0000
1402.0          1.0000
1403.0          1.0000
1404.0          1.0000
1405.0          1.0000
1406.0          1.0000
1407.0          1.0000
1408.0          1.0000
1409.0          1.0000
1410.0          1.0000
1411.0          1.0000
1412.0          1.0000
1413.0          1.0000
1414.0          1.0000
1415.0          1.0000
1416.0          1.0000
1417.0          1.0000
1418.0          1.0000
1419.0          1.0000
1420.0          1.0000
1421.0          1.0000
1422.0          1.0000
1423.0          1.0000
1424.0          1.0000
1425.0          1.0000
1426.0          1.0000
1427.0          1.0000
1428.0          1.0000
1429.0          1.0000
1430.0          1.0000
1431.0          1.0000
1432.0          1.0000
1433.0          1.0000
1434.0          1.0000
1435.0          1.0000
1436.0          1.0000
1437.0          1.0000
1438.0          1.0000
1439.0          1.0000
1440.0          1.0000
1441.0          1.0000
1442.0          1.0000
1443.0          1.0000
1444.0          1.0000
1445.0          1.0000
1446.0          1.0000
1447.0          1.0000
1448.0          1.0000
1449.0          1.0000
1450.0          1.0000
1451.0          1.0000
1452.0          1.0000
1453.0          1.0000
1454.0          1.0000
1455.0          1.0000
1456.0          1.0000
1457.0          1.0000
1458.0          1.0000
1459.0          1.0000
1460.0          1.0000
1461.0          1.0000
1462.0          1.0000
1463.0          1.0000
1464.0          1.0000
1465.0          1.0000
1466.0          1.0000
1467.0          1.0000
1468.0          1.0000
1469.0          1.0000
1470.0          1.0000
1471.0          1.0000
1472.0          1.0000
1473.0          1.0000
1474.0          1.0000
1475.0          1.0000
1476.0          1.0000
1477.0          1.0000
1478.0          1.0000
1479.0          1.0000
1480.0          1.0000
1481.0          1.0000
1482.0          1.0000
1483.0          1.0000
1484.0          1.0000
1485.0          1.0000
1486.0          1.0000
1487.0          1.0000
1488.0          1.0000
1489.0          1.0000
1490.0          1.0000
1491.0          1.0000
1492.0          1.0000
1493.0          1.0000
1494.0          1.0000
1495.0          1.0000
1496.0          1.0000
1497.0          1.0000
1498.0          1.0000
1499.0          1.0000
1500.0          1.0000
1501.0          1.0000
1502.0          1.0000
1503.0          1.0000
1504.0          1.0000
1505.0          1.0000
1506.0          1.0000
1507.0          1.0000
1508.0          1.0000
1509.0          1.0000
1510.0          1.0000
1511.0          1.0000
1512.0          1.0000
1513.0          1.0000
1514.0          1.0000
1515.0          1.0000
1516.0          1.0000
1517.0          1.0000
1518.0          1.0000
1519.0          1.0000
1520.0          1.0000
1521.0          1.0000
1522.0          1.0000
1523.0          1.0000
1524.0          1.0000
1525.0          1.0000
1526.0          1.0000
1527.0          1.0000
1528.0          1.0000
1529.0          1.0000
1530.0          1.0000
1531.0          1.0000
1532.0          1.0000
1533.0          1.0000
1534.0          1.0000
1535.0          1.0000
1536.0          1.0000
1537.0          1.0000
1538.0          1.0000
1539.0          1.0000
1540.0          1.0000
1541.0          1.0000
1542.0          1.0000
1543.0          1.0000
1544.0          1.0000
1545.0          1.0000
1546.0          1.0000
1547.0          1.0000
1548.0          1.0000
1549.0          1.0000
1550.0          1.0000
1551.0          1.0000
1552.0          1.0000
1553.0          1.0000
1554.0          1.0000
1555.0          1.0000
1556.0          1.0000
1557.0          1.0000
1558.0          1.0000
1559.0          1.0000
1560.0          1.0000
1561.0          1.0000
1562.0          1.0000
1563.0          1.0000
1564.0          1.0000
1565.0          1.0000
1566.0          1.0000
1567.0          1.0000
1568.0          1.0000
1569.0          1.0000
1570.0          1.0000
1571.0          1.0000
1572.0          1.0000
1573.0          1.0000
1574.0          1.0000
1575.0          1.0000
1576.0          1.0000
1577.0          1.0000
1578.0          1.0000
1579.0          1.0000
1580.0          1.0000
1581.0          1.0000
1582.0          1.0000
1583.0          1.0000
1584.0          1.0000
1585.0          1.0000
1586.0          1.0000
1587.0          1.0000
1588.0          1.0000
1589.0          1.0000
1590.0          1.0000
1591.0          1.0000
1592.0          1.0000
1593.0          1.0000
1594.0          1.0000
1595.0          1.0000
1596.0          1.0000
1597.0          1.0000
1598.0          1.0000
1599.0          1.0000
1600.0          1.0000
1601.0          1.0000
1602.0          1.0000
1603.0          1.0000
1604.0          1.0000
1605.0          1.0000
1606.0          1.0000
1607.0          1.0000
1608.0          1.0000
1609.0          1.0000
1610.0          1.0000
1611.0          1.0000
1612.0          1.0000
1613.0          1.0000
1614.0          1.0000
1615.0          1.0000
1616.0          1.0000
1617.0          1.0000
1618.0          1.0000
1619.0          1.0000
1620.0          1.0000
1621.0          1.0000
1622.0          1.0000
1623.0          1.0000
1624.0          1.0000
1625.0          1.0000
1626.0          1.0000
1627.0          1.0000
1628.0          1.0000
1629.0          1.0000
1630.0          1.0000
1631.0          1.0000
1632.0          1.0000
1633.0          1.0000
1634.0          1.0000
1635.0          1.0000
1636.0          1.0000
1637.0          1.0000
1638.0          1.0000
1639.0          1.0000
1640.0          1.0000
1641.0          1.0000
1642.0          1.0000
1643.0          1.0000
1644.0          1.0000
1645.0          1.0000
1646.0          1.0000
1647.0          1.0000
1648.0          1.0000
1649.0          1.0000
1650.0          1.0000
1400.0          1.4433E-15
1401.0          4.1078E-15
1402.0          2.8866E-15
1403.0          -2.6645E-15
1404.0          -2.8866E-15
1405.0          -2.4425E-15
1406.0          -5.9952E-15
1407.0          -1.7764E-15
1408.0          -6.6613E-16
1409.0          1.9984E-15
1410.0          -1.5543E-15
1411.0          3.7748E-15
1412.0          -8.8818E-16
1413.0          3.3307E-15
1414.0          1.7764E-15
1415.0          -4.6629E-15
1416.0          1.8874E-15
1417.0          1.3323E-15
1418.0          -5.9952E-15
1419.0          -3.1086E-15
1420.0          -2.6645E-15
1421.0          -3.9968E-15
1422.0          -4.4409E-16
1423.0          1.8874E-15
1424.0          -3.1086E-15
1425.0          7.7716E-16
1426.0          -2.2204E-15
1427.0          1.9984E-15
1428.0          1.1102E-15
1429.0          1.7764E-15
1430.0          -2.4425E-15
1431.0          -6.6613E-16
1432.0          2.3315E-15
1433.0          8.7708E-15
1434.0          1.3323E-15
1435.0          -3.5527E-15
1436.0          -1.3323E-15
1437.0          -1.5543E-15
1438.0          -3.7748E-15
1439.0          -1.1102E-15
1440.0          -4.4409E-16
1441.0          1.2212E-15
1442.0          -1.5543E-15
1443.0          -1.9984E-15
1444.0          -1.7764E-15
1445.0          2.2204E-15
1446.0          -4.6629E-15
1447.0          4.1078E-15
1448.0          1.2212E-15
1449.0          -1.9984E-15
1450.0          -1.1102E-15
1451.0          -2.2204E-16
1452.0          8.8818E-16
1453.0          -2.4425E-15
1454.0          -2.4425E-15
1455.0          -1.7764E-15
1456.0          -4.4409E-15
1457.0          -9.3259E-15
1458.0          1.8874E-15
1459.0          2.8866E-15
1460.0          -9.7700E-15
1461.0          1.5654E-14
1462.0          -2.5757E-14
1463.0          1.5321E-14
1464.0          3.3085E-14
1465.0          3.9746E-14
1466.0          -7.5495E-15
1467.0          1.8208E-14
1468.0          9.5479E-15
1469.0          -9.7700E-15
1470.0          -8.4377E-15
1471.0          -2.2204E-16
1472.0          -2.5091E-14
1473.0          -2.8866E-15
1474.0          -4.4409E-16
1475.0          -4.4409E-16
1476.0          -4.4409E-15
1477.0          -3.5527E-15
1478.0          9.9920E-16
1479.0          7.7716E-16
1480.0          -4.6629E-15
1481.0          4.4409E-16
1482.0          -3.9968E-15
1483.0          2.1094E-15
1484.0          -6.6613E-16
1485.0          3.1086E-15
1486.0          -2.8866E-15
1487.0          -2.6645E-15
1488.0          5.5511E-15
1489.0          -1.7764E-15
1490.0          -4.8850E-15
1491.0          -1.9984E-15
1492.0          -6.6613E-16
1493.0          1.3323E-15
1494.0          -4.4409E-16
1495.0          -6.6613E-16
1496.0          1.1102E-15
1497.0          2.1094E-15
1498.0          7.7716E-16
1499.0          1.1102E-15
1500.0          -3.3307E-15
1501.0          2.2204E-16
1502.0          -8.8818E-16
1503.0          -4.4409E-16
1504.0          -3.1086E-15
1505.0          -4.8850E-15
1506.0          -1.3323E-15
1507.0          -1.1102E-15
1508.0          -6.6613E-16
1509.0          0.0000
1510.0          4.4409E-16
1511.0          1.7764E-15
1512.0          1.1102E-16
1513.0          -1.3323E-15
1514.0          -6.6613E-16
1515.0          1.7764E-15
1516.0          6.3283E-15
1517.0          -1.3323E-15
1518.0          -1.1102E-15
1519.0          -1.4877E-14
1520.0          4.9516E-14
1521.0          -8.2157E-15
1522.0          2.4669E-13
1523.0          1.0048E-13
1524.0          -3.0420E-14
1525.0          1.1546E-14
1526.0          -5.9952E-15
1527.0          -7.5495E-15
1528.0          2.7756E-15
1529.0          -8.8818E-16
1530.0          1.2212E-15
1531.0          1.4433E-15
1532.0          -4.4409E-15
1533.0          8.8818E-16
1534.0          2.9976E-15
1535.0          4.2188E-15
1536.0          -4.4409E-16
1537.0          9.9920E-16
1538.0          0.0000
1539.0          1.4433E-15
1540.0          -1.7764E-15
1541.0          -1.1102E-15
1542.0          0.0000
1543.0          3.2196E-15
1544.0          5.5511E-15
1545.0          -1.1102E-15
1546.0          -2.2204E-16
1547.0          2.2204E-16
1548.0          -2.2204E-16
1549.0          -3.1086E-15
1550.0          -6.6613E-16
1551.0          -1.5543E-15
1552.0          2.3315E-15
1553.0          -2.2204E-16
1554.0          2.6645E-15
1555.0          1.3323E-15
1556.0          5.5511E-16
1557.0          -8.8818E-16
1558.0          2.2204E-16
1559.0          -4.4409E-16
1560.0          2.5535E-15
1561.0          -4.4409E-16
1562.0          4.3299E-15
1563.0          1.1102E-15
1564.0          4.4409E-15
1565.0          2.2204E-16
1566.0          8.8818E-16
1567.0          2.4425E-15
1568.0          -3.9968E-15
1569.0          2.8866E-15
1570.0          4.4409E-16
1571.0          0.0000
1572.0          5.5511E-15
1573.0          3.3307E-15
1574.0          1.1102E-15
1575.0          -1.1102E-15
1576.0          -3.5527E-15
1577.0          1.9984E-15
1578.0          -2.6645E-15
1579.0          -1.7764E-15
1580.0          -2.6645E-15
1581.0          4.4409E-16
1582.0          -1.1102E-15
1583.0          4.4409E-16
1584.0          1.3323E-15
1585.0          5.5511E-16
1586.0          -3.1086E-15
1587.0          3.9968E-15
1588.0          2.5535E-15
1589.0          2.9976E-15
1590.0          -3.5527E-15
1591.0          4.4409E-16
1592.0          -8.8818E-16
1593.0          -1.9984E-15
1594.0          0.0000
1595.0          -6.6613E-16
1596.0          -4.2188E-15
1597.0          1.5543E-15
1598.0          0.0000
1599.0          -1.9984E-15
1600.0          -2.4425E-15
1601.0          -8.8818E-16
1602.0          0.0000
1603.0          -8.8818E-16
1604.0          4.6629E-15
1605.0          1.6653E-15
1606.0          -3.9968E-15
1607.0          -1.3323E-15
1608.0          2.2204E-15
1609.0          -4.4409E-16
1610.0          6.6613E-16
1611.0          5.5511E-15
1612.0          -1.1102E-15
1613.0          -2.2204E-16
1614.0          -1.3323E-15
1615.0          1.9984E-15
1616.0          5.6621E-15
1617.0          4.4409E-16
1618.0          -3.5527E-15
1619.0          -3.9968E-15
1620.0          -4.4409E-16
1621.0          -4.4409E-15
1622.0          -4.8850E-15
1623.0          -1.3323E-15
1624.0          -2.4425E-15
1625.0          -3.1086E-15
1626.0          -2.4425E-15
1627.0          -8.8818E-16
1628.0          4.4409E-16
1629.0          2.2204E-16
1630.0          2.6645E-15
1631.0          1.7764E-15
1632.0          3.1086E-15
1633.0          -6.6613E-16
1634.0          -3.5527E-15
1635.0          4.5519E-15
1636.0          -2.2204E-15
1637.0          1.8874E-15
1638.0          -2.8866E-15
1639.0          -6.6613E-16
1640.0          1.1102E-15
1641.0          2.3315E-15
1642.0          4.2188E-15
1643.0          2.4425E-15
1644.0          1.7764E-15
1645.0          1.3323E-15
1646.0          3.3307E-16
1647.0          1.1102E-16
1648.0          8.8818E-16
1649.0          0.0000
1650.0          -1.1102E-15
