1400.0          0.99534
1401.0          0.99487
1402.0          0.99438
1403.0          0.99387
1404.0          0.99335
1405.0          0.99281
1406.0          0.99224
1407.0          0.99166
1408.0          0.99106
1409.0          0.99044
1410.0          0.98980
1411.0          0.98913
1412.0          0.98844
1413.0          0.98772
1414.0          0.98698
1415.0          0.98620
1416.0          0.98540
1417.0          0.98455
1418.0          0.98366
1419.0          0.98273
1420.0          0.98174
1421.0          0.98069
1422.0          0.97957
1423.0          0.97835
1424.0          0.97702
1425.0          0.97554
1426.0          0.97389
1427.0          0.97198
1428.0          0.96973
1429.0          0.96698
1430.0          0.96346
1431.0          0.95868
1432.0          0.95157
1433.0          0.93957
1434.0          0.91480
1435.0          0.84752
1436.0          0.85706
1437.0          0.99395
1438.0          0.99930
1439.0          0.99494
1440.0          0.99077
1441.0          0.98737
1442.0          0.98458
1443.0          0.98221
1444.0          0.98014
1445.0          0.97829
1446.0          0.97660
1447.0          0.97503
1448.0          0.97354
1449.0          0.97213
1450.0          0.97078
1451.0          0.96946
1452.0          0.96818
1453.0          0.96692
1454.0          0.96568
1455.0          0.96446
1456.0          0.96325
1457.0          0.96205
1458.0          0.96085
1459.0          0.95966
1460.0          0.95846
1461.0          0.95727
1462.0          0.95608
1463.0          0.95488
1464.0          0.95368
1465.0          0.95248
1466.0          0.95127
1467.0          0.95006
1468.0          0.94884
1469.0          0.94761
1470.0          0.94638
1471.0          0.94513
1472.0          0.94388
1473.0          0.94263
1474.0          0.94136
1475.0          0.94009
1476.0          0.93881
1477.0          0.93752
1478.0          0.93623
1479.0          0.93493
1480.0          0.93363
1481.0          0.93233
1482.0          0.93104
1483.0          0.92975
1484.0          0.92850
1485.0          0.92729
1486.0          0.92619
1487.0          0.92531
1488.0          0.92506
1489.0          0.92783
1490.0          0.88972
1491.0          0.91203
1492.0          0.91281
1493.0          0.91213
1494.0          0.91102
1495.0          0.90971
1496.0          0.90830
1497.0          0.90681
1498.0          0.90527
1499.0          0.90369
1500.0          0.90208
1501.0          0.90044
1502.0          0.89876
1503.0          0.89706
1504.0          0.89533
1505.0          0.89358
1506.0          0.89180
1507.0          0.88999
1508.0          0.88816
1509.0          0.88631
1510.0          0.88443
1511.0          0.88252
1512.0          0.88059
1513.0          0.87863
1514.0          0.87665
1515.0          0.87463
1516.0          0.87259
1517.0          0.87052
1518.0          0.86843
1519.0          0.86630
1520.0          0.86414
1521.0          0.86195
1522.0          0.85973
1523.0          0.85748
1524.0          0.85519
1525.0          0.85287
1526.0          0.85052
1527.0          0.84813
1528.0          0.84570
1529.0          0.84324
1530.0          0.84074
1531.0          0.83819
1532.0          0.83561
1533.0          0.83299
1534.0          0.83033
1535.0          0.82762
1536.0          0.82486
1537.0          0.82206
1538.0          0.81922
1539.0          0.81632
1540.0          0.81337
1541.0          0.81038
1542.0          0.80733
1543.0          0.80422
1544.0          0.80106
1545.0          0.79784
1546.0          0.79456
1547.0          0.79122
1548.0          0.78782
1549.0          0.78435
1550.0          0.78081
1551.0          0.77720
1552.0          0.77353
1553.0          0.76977
1554.0          0.76594
1555.0          0.76204
1556.0          0.75804
1557.0          0.75397
1558.0          0.74981
1559.0          0.74555
1560.0          0.74121
1561.0          0.73676
1562.0          0.73222
1563.0          0.72757
1564.0          0.72281
1565.0          0.71795
1566.0          0.71296
1567.0          0.70786
1568.0          0.70264
1569.0          0.69728
1570.0          0.69179
1571.0          0.68616
1572.0          0.68039
1573.0          0.67447
1574.0          0.66840
1575.0          0.66216
1576.0          0.65576
1577.0          0.64918
1578.0          0.64242
1579.0          0.63548
1580.0          0.62834
1581.0          0.62099
1582.0          0.61344
1583.0          0.60567
1584.0          0.59768
1585.0          0.58944
1586.0          0.58097
1587.0          0.57224
1588.0          0.56324
1589.0          0.55397
1590.0          0.54442
1591.0          0.53457
1592.0          0.52442
1593.0          0.51396
1594.0          0.50317
1595.0          0.49204
1596.0          0.48056
1597.0          0.46873
1598.0          0.45653
1599.0          0.44396
1600.0          0.43100
1601.0          0.41764
1602.0          0.40389
1603.0          0.38973
1604.0          0.37517
1605.0          0.36020
1606.0          0.34483
1607.0          0.32905
1608.0          0.31289
1609.0          0.29636
1610.0          0.27947
1611.0          0.26227
1612.0          0.24477
1613.0          0.22704
1614.0          0.20911
1615.0          0.19107
1616.0          0.17299
1617.0          0.15497
1618.0          0.13712
1619.0          0.11956
1620.0          0.10244
1621.0          0.085938
1622.0          0.070224
1623.0          0.055505
1624.0          0.042000
1625.0          0.029944
1626.0          0.019584
1627.0          0.011173
1628.0          0.0049635
1629.0          0.0012036
1630.0          1.2549E-4
1631.0          0.0019373
1632.0          0.0068136
1633.0          0.014885
1634.0          0.026232
1635.0          0.040874
1636.0          0.058768
1637.0          0.079804
1638.0          0.10381
1639.0          0.13055
1640.0          0.15973
1641.0          0.19104
1642.0          0.22409
1643.0          0.25852
1644.0          0.29393
1645.0          0.32995
1646.0          0.36621
1647.0          0.40237
1648.0          0.43814
1649.0          0.47323
1650.0          0.50743
1400.0          0.0046588
1401.0          0.0051297
1402.0          0.0056185
1403.0          0.0061253
1404.0          0.0066502
1405.0          0.0071936
1406.0          0.0077558
1407.0          0.0083372
1408.0          0.0089386
1409.0          0.0095607
1410.0          0.010204
1411.0          0.010871
1412.0          0.011561
1413.0          0.012278
1414.0          0.013022
1415.0          0.013797
1416.0          0.014605
1417.0          0.015449
1418.0          0.016336
1419.0          0.017269
1420.0          0.018257
1421.0          0.019308
1422.0          0.020434
1423.0          0.021652
1424.0          0.022983
1425.0          0.024456
1426.0          0.026115
1427.0          0.028020
1428.0          0.030270
1429.0          0.033020
1430.0          0.036537
1431.0          0.041324
1432.0          0.048433
1433.0          0.060434
1434.0          0.085199
1435.0          0.15248
1436.0          0.14294
1437.0          0.0060528
1438.0          7.0275E-4
1439.0          0.0050615
1440.0          0.0092280
1441.0          0.012627
1442.0          0.015423
1443.0          0.017793
1444.0          0.019861
1445.0          0.021712
1446.0          0.023403
1447.0          0.024974
1448.0          0.026455
1449.0          0.027867
1450.0          0.029224
1451.0          0.030540
1452.0          0.031822
1453.0          0.033080
1454.0          0.034317
1455.0          0.035539
1456.0          0.036750
1457.0          0.037953
1458.0          0.039150
1459.0          0.040344
1460.0          0.041536
1461.0          0.042728
1462.0          0.043921
1463.0          0.045117
1464.0          0.046316
1465.0          0.047519
1466.0          0.048728
1467.0          0.049942
1468.0          0.051162
1469.0          0.052390
1470.0          0.053624
1471.0          0.054866
1472.0          0.056115
1473.0          0.057373
1474.0          0.058638
1475.0          0.059910
1476.0          0.061190
1477.0          0.062477
1478.0          0.063771
1479.0          0.065068
1480.0          0.066369
1481.0          0.067669
1482.0          0.068965
1483.0          0.070247
1484.0          0.071504
1485.0          0.072710
1486.0          0.073814
1487.0          0.074692
1488.0          0.074944
1489.0          0.072168
1490.0          0.11028
1491.0          0.087966
1492.0          0.087188
1493.0          0.087870
1494.0          0.088984
1495.0          0.090289
1496.0          0.091704
1497.0          0.093189
1498.0          0.094726
1499.0          0.096305
1500.0          0.097919
1501.0          0.099565
1502.0          0.10124
1503.0          0.10294
1504.0          0.10467
1505.0          0.10642
1506.0          0.10820
1507.0          0.11001
1508.0          0.11184
1509.0          0.11369
1510.0          0.11557
1511.0          0.11748
1512.0          0.11941
1513.0          0.12137
1514.0          0.12335
1515.0          0.12537
1516.0          0.12741
1517.0          0.12948
1518.0          0.13157
1519.0          0.13370
1520.0          0.13586
1521.0          0.13805
1522.0          0.14027
1523.0          0.14252
1524.0          0.14481
1525.0          0.14713
1526.0          0.14948
1527.0          0.15187
1528.0          0.15430
1529.0          0.15676
1530.0          0.15926
1531.0          0.16181
1532.0          0.16439
1533.0          0.16701
1534.0          0.16967
1535.0          0.17238
1536.0          0.17514
1537.0          0.17794
1538.0          0.18078
1539.0          0.18368
1540.0          0.18663
1541.0          0.18962
1542.0          0.19267
1543.0          0.19578
1544.0          0.19894
1545.0          0.20216
1546.0          0.20544
1547.0          0.20878
1548.0          0.21218
1549.0          0.21565
1550.0          0.21919
1551.0          0.22280
1552.0          0.22647
1553.0          0.23023
1554.0          0.23406
1555.0          0.23796
1556.0          0.24196
1557.0          0.24603
1558.0          0.25019
1559.0          0.25445
1560.0          0.25879
1561.0          0.26324
1562.0          0.26778
1563.0          0.27243
1564.0          0.27719
1565.0          0.28205
1566.0          0.28704
1567.0          0.29214
1568.0          0.29736
1569.0          0.30272
1570.0          0.30821
1571.0          0.31384
1572.0          0.31961
1573.0          0.32553
1574.0          0.33160
1575.0          0.33784
1576.0          0.34424
1577.0          0.35082
1578.0          0.35758
1579.0          0.36452
1580.0          0.37166
1581.0          0.37901
1582.0          0.38656
1583.0          0.39433
1584.0          0.40232
1585.0          0.41056
1586.0          0.41903
1587.0          0.42776
1588.0          0.43676
1589.0          0.44603
1590.0          0.45558
1591.0          0.46543
1592.0          0.47558
1593.0          0.48604
1594.0          0.49683
1595.0          0.50796
1596.0          0.51944
1597.0          0.53127
1598.0          0.54347
1599.0          0.55604
1600.0          0.56900
1601.0          0.58236
1602.0          0.59611
1603.0          0.61027
1604.0          0.62483
1605.0          0.63980
1606.0          0.65517
1607.0          0.67095
1608.0          0.68711
1609.0          0.70364
1610.0          0.72053
1611.0          0.73773
1612.0          0.75523
1613.0          0.77296
1614.0          0.79089
1615.0          0.80893
1616.0          0.82701
1617.0          0.84503
1618.0          0.86288
1619.0          0.88044
1620.0          0.89756
1621.0          0.91406
1622.0          0.92978
1623.0          0.94450
1624.0          0.95800
1625.0          0.97006
1626.0          0.98042
1627.0          0.98883
1628.0          0.99504
1629.0          0.99880
1630.0          0.99987
1631.0          0.99806
1632.0          0.99319
1633.0          0.98511
1634.0          0.97377
1635.0          0.95913
1636.0          0.94123
1637.0          0.92020
1638.0          0.89619
1639.0          0.86945
1640.0          0.84027
1641.0          0.80896
1642.0          0.77591
1643.0          0.74148
1644.0          0.70607
1645.0          0.67005
1646.0          0.63379
1647.0          0.59763
1648.0          0.56186
1649.0          0.52677
1650.0          0.49257
1400.0          1.0000
1401.0          1.0000
1402.0          1.0000
1403.0          1.0000
1404.0          1.0000
1405.0          1.0000
1406.0          1.0000
1407.0          1.0000
1408.0          1.0000
1409.0          1.0000
1410.0          1.0000
1411.0          1.0000
1412.0          1.0000
1413.0          1.0000
1414.0          1.0000
1415.0          1.0000
1416.0          1.0000
1417.0          1.0000
1418.0          1.0000
1419.0          1.0000
1420.0          1.0000
1421.0          1.0000
1422.0          1.0000
1423.0          1.0000
1424.0          1.0000
1425.0          1.0000
1426.0          1.0000
1427.0          1.0000
1428.0          1.0000
1429.0          1.0000
1430.0          1.0000
1431.0          1.0000
1432.0          1.0000
1433.0          1.0000
1434.0          1.0000
1435.0          1.0000
1436.0          1.0000
1437.0          1.0000
1438.0          1.0000
1439.0          1.0000
1440.0          1.0000
1441.0          1.0000
1442.0          1.0000
1443.0          1.0000
1444.0          1.0000
1445.0          1.0000
1446.0          1.0000
1447.0          1.0000
1448.0          1.0000
1449.0          1.0000
1450.0          1.0000
1451.0          1.0000
1452.0          1.0000
1453.0          1.0000
1454.0          1.0000
1455.0          1.0000
1456.0          1.0000
1457.0          1.0000
1458.0          1.0000
1459.0          1.0000
1460.0          1.0000
1461.0          1.0000
1462.0          1.0000
1463.0          1.0000
1464.0          1.0000
1465.0          1.0000
1466.0          1.0000
1467.0          1.0000
1468.0          1.0000
1469.0          1.0000
1470.0          1.0000
1471.0          1.0000
1472.0          1.0000
1473.0          1.0000
1474.0          1.0000
1475.0          1.0000
1476.0          1.0000
1477.0          1.0000
1478.0          1.0000
1479.0          1.0000
1480.0          1.0000
1481.0          1.0000
1482.0          1.0000
1483.0          1.0000
1484.0          1.0000
1485.0          1.0000
1486.0          1.0000
1487.0          1.0000
1488.0          1.0000
1489.0          1.0000
1490.0          1.0000
1491.0          1.0000
1492.0          1.0000
1493.0          1.0000
1494.0          1.0000
1495.0          1.0000
1496.0          1.0000
1497.0          1.0000
1498.0          1.0000
1499.0          1.0000
1500.0          1.0000
1501.0          1.0000
1502.0          1.0000
1503.0          1.0000
1504.0          1.0000
1505.0          1.0000
1506.0          1.0000
1507.0          1.0000
1508.0          1.0000
1509.0          1.0000
1510.0          1.0000
1511.0          1.0000
1512.0          1.0000
1513.0          1.0000
1514.0          1.0000
1515.0          1.0000
1516.0          1.0000
1517.0          1.0000
1518.0          1.0000
1519.0          1.0000
1520.0          1.0000
1521.0          1.0000
1522.0          1.0000
1523.0          1.0000
1524.0          1.0000
1525.0          1.0000
1526.0          1.0000
1527.0          1.0000
1528.0          1.0000
1529.0          1.0000
1530.0          1.0000
1531.0          1.0000
1532.0          1.0000
1533.0          1.0000
1534.0          1.0000
1535.0          1.0000
1536.0          1.0000
1537.0          1.0000
1538.0          1.0000
1539.0          1.0000
1540.0          1.0000
1541.0          1.0000
1542.0          1.0000
1543.0          1.0000
1544.0          1.0000
1545.0          1.0000
1546.0          1.0000
1547.0          1.0000
1548.0          1.0000
1549.0          1.0000
1550.0          1.0000
1551.0          1.0000
1552.0          1.0000
1553.0          1.0000
1554.0          1.0000
1555.0          1.0000
1556.0          1.0000
1557.0          1.0000
1558.0          1.0000
1559.0          1.0000
1560.0          1.0000
1561.0          1.0000
1562.0          1.0000
1563.0          1.0000
1564.0          1.0000
1565.0          1.0000
1566.0          1.0000
1567.0          1.0000
1568.0          1.0000
1569.0          1.0000
1570.0          1.0000
1571.0          1.0000
1572.0          1.0000
1573.0          1.0000
1574.0          1.0000
1575.0          1.0000
1576.0          1.0000
1577.0          1.0000
1578.0          1.0000
1579.0          1.0000
1580.0          1.0000
1581.0          1.0000
1582.0          1.0000
1583.0          1.0000
1584.0          1.0000
1585.0          1.0000
1586.0          1.0000
1587.0          1.0000
1588.0          1.0000
1589.0          1.0000
1590.0          1.0000
1591.0          1.0000
1592.0          1.0000
1593.0          1.0000
1594.0          1.0000
1595.0          1.0000
1596.0          1.0000
1597.0          1.0000
1598.0          1.0000
1599.0          1.0000
1600.0          1.0000
1601.0          1.0000
1602.0          1.0000
1603.0          1.0000
1604.0          1.0000
1605.0          1.0000
1606.0          1.0000
1607.0          1.0000
1608.0          1.0000
1609.0          1.0000
1610.0          1.0000
1611.0          1.0000
1612.0          1.0000
1613.0          1.0000
1614.0          1.0000
1615.0          1.0000
1616.0          1.0000
1617.0          1.0000
1618.0          1.0000
1619.0          1.0000
1620.0          1.0000
1621.0          1.0000
1622.0          1.0000
1623.0          1.0000
1624.0          1.0000
1625.0          1.0000
1626.0          1.0000
1627.0          1.0000
1628.0          1.0000
1629.0          1.0000
1630.0          1.0000
1631.0          1.0000
1632.0          1.0000
1633.0          1.0000
1634.0          1.0000
1635.0          1.0000
1636.0          1.0000
1637.0          1.0000
1638.0          1.0000
1639.0          1.0000
1640.0          1.0000
1641.0          1.0000
1642.0          1.0000
1643.0          1.0000
1644.0          1.0000
1645.0          1.0000
1646.0          1.0000
1647.0          1.0000
1648.0          1.0000
1649.0          1.0000
1650.0          1.0000
1400.0          -6.2172E-15
1401.0          -2.8866E-15
1402.0          2.2204E-15
1403.0          0.0000
1404.0          -4.4409E-16
1405.0          -2.2204E-15
1406.0          2.5535E-15
1407.0          1.5543E-15
1408.0          -1.7764E-15
1409.0          2.3315E-15
1410.0          -2.2204E-16
1411.0          1.2212E-15
1412.0          1.6653E-15
1413.0          -1.9984E-15
1414.0          2.2204E-16
1415.0          6.6613E-16
1416.0          -4.2188E-15
1417.0          1.6653E-15
1418.0          -2.2204E-15
1419.0          5.5511E-16
1420.0          4.4409E-16
1421.0          -1.1102E-15
1422.0          -2.4425E-15
1423.0          -5.5511E-15
1424.0          1.1102E-16
1425.0          1.8874E-15
1426.0          -2.4425E-15
1427.0          -4.4409E-16
1428.0          2.5535E-15
1429.0          -2.6645E-15
1430.0          -1.1102E-15
1431.0          0.0000
1432.0          1.2212E-15
1433.0          -4.4409E-16
1434.0          -1.4433E-14
1435.0          -5.9064E-14
1436.0          7.1054E-15
1437.0          -9.5479E-15
1438.0          -2.1538E-14
1439.0          -1.9762E-14
1440.0          -4.6629E-15
1441.0          4.4409E-16
1442.0          -2.2204E-16
1443.0          4.6629E-15
1444.0          -4.6629E-15
1445.0          -8.8818E-16
1446.0          1.9984E-15
1447.0          -7.3275E-15
1448.0          -2.4425E-15
1449.0          3.1086E-15
1450.0          8.8818E-16
1451.0          -2.2204E-16
1452.0          -2.8866E-15
1453.0          -3.3307E-15
1454.0          4.1078E-15
1455.0          1.8874E-15
1456.0          1.1102E-16
1457.0          6.6613E-16
1458.0          -1.9984E-15
1459.0          3.5527E-15
1460.0          -3.3307E-15
1461.0          -1.5543E-15
1462.0          -3.7748E-15
1463.0          -1.7764E-15
1464.0          2.7756E-15
1465.0          0.0000
1466.0          -2.8866E-15
1467.0          2.4425E-15
1468.0          -8.8818E-16
1469.0          1.2212E-15
1470.0          1.7764E-15
1471.0          1.8874E-15
1472.0          -1.1102E-15
1473.0          -3.3307E-15
1474.0          0.0000
1475.0          -4.4409E-16
1476.0          -4.4409E-16
1477.0          2.5535E-15
1478.0          2.2204E-16
1479.0          1.4433E-15
1480.0          -3.1086E-15
1481.0          1.5543E-15
1482.0          -6.6613E-16
1483.0          -1.7764E-15
1484.0          -3.7748E-15
1485.0          1.7764E-15
1486.0          -1.1102E-15
1487.0          2.3315E-15
1488.0          -3.1086E-15
1489.0          -1.4211E-14
1490.0          -2.6623E-13
1491.0          6.6613E-15
1492.0          2.8866E-15
1493.0          -4.4409E-16
1494.0          4.8850E-15
1495.0          8.8818E-16
1496.0          2.2204E-16
1497.0          -2.2204E-15
1498.0          -1.7764E-15
1499.0          -2.6645E-15
1500.0          0.0000
1501.0          8.8818E-16
1502.0          5.5511E-16
1503.0          -2.2204E-16
1504.0          2.2204E-16
1505.0          1.5543E-15
1506.0          4.4409E-16
1507.0          1.7764E-15
1508.0          -6.6613E-16
1509.0          -1.9984E-15
1510.0          -2.8866E-15
1511.0          3.3307E-16
1512.0          -1.3323E-15
1513.0          5.5511E-16
1514.0          -3.1086E-15
1515.0          -1.9984E-15
1516.0          0.0000
1517.0          -1.5543E-15
1518.0          -6.6613E-16
1519.0          3.8858E-15
1520.0          -1.3323E-15
1521.0          5.5511E-16
1522.0          1.3323E-15
1523.0          3.1086E-15
1524.0          1.5543E-15
1525.0          -2.8866E-15
1526.0          -6.6613E-16
1527.0          -4.4409E-16
1528.0          -1.9984E-15
1529.0          -1.7764E-15
1530.0          -4.4409E-15
1531.0          0.0000
1532.0          -1.7764E-15
1533.0          -1.0658E-14
1534.0          -1.1990E-14
1535.0          -4.6629E-15
1536.0          8.8818E-16
1537.0          4.4409E-15
1538.0          -2.8866E-15
1539.0          1.7764E-15
1540.0          -2.2204E-15
1541.0          6.6613E-16
1542.0          1.5543E-15
1543.0          -1.7764E-15
1544.0          -2.6645E-15
1545.0          6.6613E-16
1546.0          2.2204E-16
1547.0          2.7756E-15
1548.0          -1.1102E-15
1549.0          -2.2204E-15
1550.0          1.7764E-15
1551.0          -2.4425E-15
1552.0          -6.6613E-16
1553.0          1.1102E-15
1554.0          4.8850E-15
1555.0          -5.3291E-15
1556.0          -1.5543E-15
1557.0          -2.8866E-15
1558.0          2.6645E-15
1559.0          4.8850E-15
1560.0          1.1102E-16
1561.0          -4.8850E-15
1562.0          1.1102E-15
1563.0          -6.6613E-16
1564.0          5.5511E-15
1565.0          -4.4409E-16
1566.0          1.1102E-16
1567.0          4.8850E-15
1568.0          -4.4409E-16
1569.0          1.3323E-15
1570.0          2.8866E-15
1571.0          1.1102E-15
1572.0          -8.8818E-16
1573.0          4.7740E-15
1574.0          2.2204E-16
1575.0          3.9968E-15
1576.0          -2.4425E-15
1577.0          -1.3323E-15
1578.0          5.7732E-15
1579.0          -2.4425E-15
1580.0          8.8818E-16
1581.0          -4.2188E-15
1582.0          -1.3323E-15
1583.0          0.0000
1584.0          2.2204E-16
1585.0          3.9968E-15
1586.0          1.3323E-15
1587.0          1.1102E-16
1588.0          2.2204E-15
1589.0          8.8818E-16
1590.0          -1.9984E-15
1591.0          1.5543E-15
1592.0          -3.5527E-15
1593.0          8.8818E-16
1594.0          2.3315E-15
1595.0          -4.4409E-16
1596.0          -4.4409E-16
1597.0          -5.7732E-15
1598.0          8.8818E-16
1599.0          4.4409E-15
1600.0          6.6613E-16
1601.0          7.4385E-15
1602.0          6.1062E-15
1603.0          2.2204E-15
1604.0          0.0000
1605.0          5.9952E-15
1606.0          1.3323E-15
1607.0          6.1062E-15
1608.0          3.3307E-16
1609.0          -2.2204E-16
1610.0          3.1086E-15
1611.0          -1.7764E-15
1612.0          2.8866E-15
1613.0          1.2212E-15
1614.0          -1.3323E-15
1615.0          -2.2204E-16
1616.0          0.0000
1617.0          -2.2204E-15
1618.0          -1.3323E-15
1619.0          3.9968E-15
1620.0          -1.7764E-15
1621.0          -6.6613E-16
1622.0          0.0000
1623.0          2.2204E-15
1624.0          1.4433E-15
1625.0          -1.5543E-15
1626.0          5.5511E-16
1627.0          2.2204E-15
1628.0          -3.9968E-15
1629.0          2.5535E-15
1630.0          1.6653E-15
1631.0          5.1070E-15
1632.0          2.6645E-15
1633.0          -4.6629E-15
1634.0          -1.3323E-15
1635.0          -1.9984E-15
1636.0          -5.5511E-15
1637.0          -8.8818E-16
1638.0          -4.8850E-15
1639.0          -3.3307E-15
1640.0          9.5479E-15
1641.0          2.4425E-15
1642.0          -3.5527E-15
1643.0          3.5527E-15
1644.0          3.9968E-15
1645.0          6.2172E-15
1646.0          -3.1086E-15
1647.0          1.6653E-15
1648.0          -4.2188E-15
1649.0          0.0000
1650.0          1.4433E-15
