1400.0          0.18456
1401.0          0.18590
1402.0          0.18725
1403.0          0.18859
1404.0          0.18993
1405.0          0.19127
1406.0          0.19261
1407.0          0.19395
1408.0          0.19529
1409.0          0.19662
1410.0          0.19795
1411.0          0.19928
1412.0          0.20061
1413.0          0.20193
1414.0          0.20326
1415.0          0.20457
1416.0          0.20589
1417.0          0.20721
1418.0          0.20852
1419.0          0.20983
1420.0          0.21113
1421.0          0.21244
1422.0          0.21374
1423.0          0.21504
1424.0          0.21633
1425.0          0.21762
1426.0          0.21891
1427.0          0.22019
1428.0          0.22147
1429.0          0.22275
1430.0          0.22402
1431.0          0.22529
1432.0          0.22656
1433.0          0.22782
1434.0          0.22908
1435.0          0.23033
1436.0          0.23158
1437.0          0.23283
1438.0          0.23407
1439.0          0.23531
1440.0          0.23654
1441.0          0.23777
1442.0          0.23899
1443.0          0.24021
1444.0          0.24143
1445.0          0.24264
1446.0          0.24384
1447.0          0.24505
1448.0          0.24624
1449.0          0.24743
1450.0          0.24862
1451.0          0.24980
1452.0          0.25098
1453.0          0.25215
1454.0          0.25332
1455.0          0.25448
1456.0          0.25564
1457.0          0.25679
1458.0          0.25793
1459.0          0.25907
1460.0          0.26021
1461.0          0.26134
1462.0          0.26246
1463.0          0.26358
1464.0          0.26469
1465.0          0.26580
1466.0          0.26690
1467.0          0.26799
1468.0          0.26908
1469.0          0.27016
1470.0          0.27124
1471.0          0.27231
1472.0          0.27338
1473.0          0.27444
1474.0          0.27549
1475.0          0.27653
1476.0          0.27757
1477.0          0.27861
1478.0          0.27963
1479.0          0.28065
1480.0          0.28166
1481.0          0.28267
1482.0          0.28367
1483.0          0.28466
1484.0          0.28565
1485.0          0.28663
1486.0          0.28760
1487.0          0.28856
1488.0          0.28952
1489.0          0.29047
1490.0          0.29141
1491.0          0.29235
1492.0          0.29328
1493.0          0.29420
1494.0          0.29511
1495.0          0.29602
1496.0          0.29691
1497.0          0.29780
1498.0          0.29868
1499.0          0.29955
1500.0          0.30042
1501.0          0.30127
1502.0          0.30212
1503.0          0.30296
1504.0          0.30379
1505.0          0.30461
1506.0          0.30543
1507.0          0.30623
1508.0          0.30702
1509.0          0.30781
1510.0          0.30858
1511.0          0.30935
1512.0          0.31011
1513.0          0.31085
1514.0          0.31159
1515.0          0.31232
1516.0          0.31303
1517.0          0.31374
1518.0          0.31443
1519.0          0.31512
1520.0          0.31579
1521.0          0.31645
1522.0          0.31710
1523.0          0.31774
1524.0          0.31837
1525.0          0.31898
1526.0          0.31958
1527.0          0.32017
1528.0          0.32075
1529.0          0.32131
1530.0          0.32186
1531.0          0.32240
1532.0          0.32292
1533.0          0.32343
1534.0          0.32392
1535.0          0.32439
1536.0          0.32486
1537.0          0.32530
1538.0          0.32573
1539.0          0.32614
1540.0          0.32654
1541.0          0.32692
1542.0          0.32727
1543.0          0.32761
1544.0          0.32793
1545.0          0.32824
1546.0          0.32852
1547.0          0.32877
1548.0          0.32901
1549.0          0.32922
1550.0          0.32941
1551.0          0.32958
1552.0          0.32972
1553.0          0.32984
1554.0          0.32992
1555.0          0.32998
1556.0          0.33001
1557.0          0.33001
1558.0          0.32998
1559.0          0.32991
1560.0          0.32981
1561.0          0.32968
1562.0          0.32950
1563.0          0.32929
1564.0          0.32904
1565.0          0.32874
1566.0          0.32839
1567.0          0.32800
1568.0          0.32756
1569.0          0.32707
1570.0          0.32652
1571.0          0.32591
1572.0          0.32524
1573.0          0.32450
1574.0          0.32370
1575.0          0.32282
1576.0          0.32186
1577.0          0.32081
1578.0          0.31968
1579.0          0.31846
1580.0          0.31713
1581.0          0.31569
1582.0          0.31413
1583.0          0.31245
1584.0          0.31064
1585.0          0.30868
1586.0          0.30655
1587.0          0.30426
1588.0          0.30178
1589.0          0.29910
1590.0          0.29619
1591.0          0.29305
1592.0          0.28963
1593.0          0.28593
1594.0          0.28189
1595.0          0.27750
1596.0          0.27271
1597.0          0.26748
1598.0          0.26174
1599.0          0.25545
1600.0          0.24852
1601.0          0.24089
1602.0          0.23244
1603.0          0.22307
1604.0          0.21265
1605.0          0.20103
1606.0          0.18803
1607.0          0.17345
1608.0          0.15708
1609.0          0.13872
1610.0          0.11819
1611.0          0.095475
1612.0          0.070900
1613.0          0.045604
1614.0          0.022492
1615.0          0.0082112
1616.0          0.016717
1617.0          0.073643
1618.0          0.21317
1619.0          0.44615
1620.0          0.70996
1621.0          0.90286
1622.0          0.98825
1623.0          0.99719
1624.0          0.96934
1625.0          0.92892
1626.0          0.88712
1627.0          0.84831
1628.0          0.81376
1629.0          0.78354
1630.0          0.75725
1631.0          0.73436
1632.0          0.71440
1633.0          0.69690
1634.0          0.68150
1635.0          0.66787
1636.0          0.65576
1637.0          0.64494
1638.0          0.63525
1639.0          0.62652
1640.0          0.61863
1641.0          0.61147
1642.0          0.60496
1643.0          0.59902
1644.0          0.59359
1645.0          0.58860
1646.0          0.58401
1647.0          0.57978
1648.0          0.57588
1649.0          0.57227
1650.0          0.56892
1400.0          0.81544
1401.0          0.81410
1402.0          0.81275
1403.0          0.81141
1404.0          0.81007
1405.0          0.80873
1406.0          0.80739
1407.0          0.80605
1408.0          0.80471
1409.0          0.80338
1410.0          0.80205
1411.0          0.80072
1412.0          0.79939
1413.0          0.79807
1414.0          0.79674
1415.0          0.79543
1416.0          0.79411
1417.0          0.79279
1418.0          0.79148
1419.0          0.79017
1420.0          0.78887
1421.0          0.78756
1422.0          0.78626
1423.0          0.78496
1424.0          0.78367
1425.0          0.78238
1426.0          0.78109
1427.0          0.77981
1428.0          0.77853
1429.0          0.77725
1430.0          0.77598
1431.0          0.77471
1432.0          0.77344
1433.0          0.77218
1434.0          0.77092
1435.0          0.76967
1436.0          0.76842
1437.0          0.76717
1438.0          0.76593
1439.0          0.76469
1440.0          0.76346
1441.0          0.76223
1442.0          0.76101
1443.0          0.75979
1444.0          0.75857
1445.0          0.75736
1446.0          0.75616
1447.0          0.75495
1448.0          0.75376
1449.0          0.75257
1450.0          0.75138
1451.0          0.75020
1452.0          0.74902
1453.0          0.74785
1454.0          0.74668
1455.0          0.74552
1456.0          0.74436
1457.0          0.74321
1458.0          0.74207
1459.0          0.74093
1460.0          0.73979
1461.0          0.73866
1462.0          0.73754
1463.0          0.73642
1464.0          0.73531
1465.0          0.73420
1466.0          0.73310
1467.0          0.73201
1468.0          0.73092
1469.0          0.72984
1470.0          0.72876
1471.0          0.72769
1472.0          0.72662
1473.0          0.72556
1474.0          0.72451
1475.0          0.72347
1476.0          0.72243
1477.0          0.72139
1478.0          0.72037
1479.0          0.71935
1480.0          0.71834
1481.0          0.71733
1482.0          0.71633
1483.0          0.71534
1484.0          0.71435
1485.0          0.71337
1486.0          0.71240
1487.0          0.71144
1488.0          0.71048
1489.0          0.70953
1490.0          0.70859
1491.0          0.70765
1492.0          0.70672
1493.0          0.70580
1494.0          0.70489
1495.0          0.70398
1496.0          0.70309
1497.0          0.70220
1498.0          0.70132
1499.0          0.70045
1500.0          0.69958
1501.0          0.69873
1502.0          0.69788
1503.0          0.69704
1504.0          0.69621
1505.0          0.69539
1506.0          0.69457
1507.0          0.69377
1508.0          0.69298
1509.0          0.69219
1510.0          0.69142
1511.0          0.69065
1512.0          0.68989
1513.0          0.68915
1514.0          0.68841
1515.0          0.68768
1516.0          0.68697
1517.0          0.68626
1518.0          0.68557
1519.0          0.68488
1520.0          0.68421
1521.0          0.68355
1522.0          0.68290
1523.0          0.68226
1524.0          0.68163
1525.0          0.68102
1526.0          0.68042
1527.0          0.67983
1528.0          0.67925
1529.0          0.67869
1530.0          0.67814
1531.0          0.67760
1532.0          0.67708
1533.0          0.67657
1534.0          0.67608
1535.0          0.67561
1536.0          0.67514
1537.0          0.67470
1538.0          0.67427
1539.0          0.67386
1540.0          0.67346
1541.0          0.67308
1542.0          0.67273
1543.0          0.67239
1544.0          0.67207
1545.0          0.67176
1546.0          0.67148
1547.0          0.67123
1548.0          0.67099
1549.0          0.67078
1550.0          0.67059
1551.0          0.67042
1552.0          0.67028
1553.0          0.67016
1554.0          0.67008
1555.0          0.67002
1556.0          0.66999
1557.0          0.66999
1558.0          0.67002
1559.0          0.67009
1560.0          0.67019
1561.0          0.67032
1562.0          0.67050
1563.0          0.67071
1564.0          0.67096
1565.0          0.67126
1566.0          0.67161
1567.0          0.67200
1568.0          0.67244
1569.0          0.67293
1570.0          0.67348
1571.0          0.67409
1572.0          0.67476
1573.0          0.67550
1574.0          0.67630
1575.0          0.67718
1576.0          0.67814
1577.0          0.67919
1578.0          0.68032
1579.0          0.68154
1580.0          0.68287
1581.0          0.68431
1582.0          0.68587
1583.0          0.68755
1584.0          0.68936
1585.0          0.69132
1586.0          0.69345
1587.0          0.69574
1588.0          0.69822
1589.0          0.70090
1590.0          0.70381
1591.0          0.70695
1592.0          0.71037
1593.0          0.71407
1594.0          0.71811
1595.0          0.72250
1596.0          0.72729
1597.0          0.73252
1598.0          0.73826
1599.0          0.74455
1600.0          0.75148
1601.0          0.75911
1602.0          0.76756
1603.0          0.77693
1604.0          0.78735
1605.0          0.79897
1606.0          0.81197
1607.0          0.82655
1608.0          0.84292
1609.0          0.86128
1610.0          0.88181
1611.0          0.90453
1612.0          0.92910
1613.0          0.95440
1614.0          0.97751
1615.0          0.99179
1616.0          0.98328
1617.0          0.92636
1618.0          0.78683
1619.0          0.55385
1620.0          0.29004
1621.0          0.097139
1622.0          0.011750
1623.0          0.0028129
1624.0          0.030656
1625.0          0.071080
1626.0          0.11288
1627.0          0.15169
1628.0          0.18624
1629.0          0.21646
1630.0          0.24275
1631.0          0.26564
1632.0          0.28560
1633.0          0.30310
1634.0          0.31850
1635.0          0.33213
1636.0          0.34424
1637.0          0.35506
1638.0          0.36475
1639.0          0.37348
1640.0          0.38137
1641.0          0.38853
1642.0          0.39504
1643.0          0.40098
1644.0          0.40641
1645.0          0.41140
1646.0          0.41599
1647.0          0.42022
1648.0          0.42412
1649.0          0.42773
1650.0          0.43108
1400.0          1.0000
1401.0          1.0000
1402.0          1.0000
1403.0          1.0000
1404.0          1.0000
1405.0          1.0000
1406.0          1.0000
1407.0          1.0000
1408.0          1.0000
1409.0          1.0000
1410.0          1.0000
1411.0          1.0000
1412.0          1.0000
1413.0          1.0000
1414.0          1.0000
1415.0          1.0000
1416.0          1.0000
1417.0          1.0000
1418.0          1.0000
1419.0          1.0000
1420.0          1.0000
1421.0          1.0000
1422.0          1.0000
1423.0          1.0000
1424.0          1.0000
1425.0          1.0000
1426.0          1.0000
1427.0          1.0000
1428.0          1.0000
1429.0          1.0000
1430.0          1.0000
1431.0          1.0000
1432.0          1.0000
1433.0          1.0000
1434.0          1.0000
1435.0          1.0000
1436.0          1.0000
1437.0          1.0000
1438.0          1.0000
1439.0          1.0000
1440.0          1.0000
1441.0          1.0000
1442.0          1.0000
1443.0          1.0000
1444.0          1.0000
1445.0          1.0000
1446.0          1.0000
1447.0          1.0000
1448.0          1.0000
1449.0          1.0000
1450.0          1.0000
1451.0          1.0000
1452.0          1.0000
1453.0          1.0000
1454.0          1.0000
1455.0          1.0000
1456.0          1.0000
1457.0          1.0000
1458.0          1.0000
1459.0          1.0000
1460.0          1.0000
1461.0          1.0000
1462.0          1.0000
1463.0          1.0000
1464.0          1.0000
1465.0          1.0000
1466.0          1.0000
1467.0          1.0000
1468.0          1.0000
1469.0          1.0000
1470.0          1.0000
1471.0          1.0000
1472.0          1.0000
1473.0          1.0000
1474.0          1.0000
1475.0          1.0000
1476.0          1.0000
1477.0          1.0000
1478.0          1.0000
1479.0          1.0000
1480.0          1.0000
1481.0          1.0000
1482.0          1.0000
1483.0          1.0000
1484.0          1.0000
1485.0          1.0000
1486.0          1.0000
1487.0          1.0000
1488.0          1.0000
1489.0          1.0000
1490.0          1.0000
1491.0          1.0000
1492.0          1.0000
1493.0          1.0000
1494.0          1.0000
1495.0          1.0000
1496.0          1.0000
1497.0          1.0000
1498.0          1.0000
1499.0          1.0000
1500.0          1.0000
1501.0          1.0000
1502.0          1.0000
1503.0          1.0000
1504.0          1.0000
1505.0          1.0000
1506.0          1.0000
1507.0          1.0000
1508.0          1.0000
1509.0          1.0000
1510.0          1.0000
1511.0          1.0000
1512.0          1.0000
1513.0          1.0000
1514.0          1.0000
1515.0          1.0000
1516.0          1.0000
1517.0          1.0000
1518.0          1.0000
1519.0          1.0000
1520.0          1.0000
1521.0          1.0000
1522.0          1.0000
1523.0          1.0000
1524.0          1.0000
1525.0          1.0000
1526.0          1.0000
1527.0          1.0000
1528.0          1.0000
1529.0          1.0000
1530.0          1.0000
1531.0          1.0000
1532.0          1.0000
1533.0          1.0000
1534.0          1.0000
1535.0          1.0000
1536.0          1.0000
1537.0          1.0000
1538.0          1.0000
1539.0          1.0000
1540.0          1.0000
1541.0          1.0000
1542.0          1.0000
1543.0          1.0000
1544.0          1.0000
1545.0          1.0000
1546.0          1.0000
1547.0          1.0000
1548.0          1.0000
1549.0          1.0000
1550.0          1.0000
1551.0          1.0000
1552.0          1.0000
1553.0          1.0000
1554.0          1.0000
1555.0          1.0000
1556.0          1.0000
1557.0          1.0000
1558.0          1.0000
1559.0          1.0000
1560.0          1.0000
1561.0          1.0000
1562.0          1.0000
1563.0          1.0000
1564.0          1.0000
1565.0          1.0000
1566.0          1.0000
1567.0          1.0000
1568.0          1.0000
1569.0          1.0000
1570.0          1.0000
1571.0          1.0000
1572.0          1.0000
1573.0          1.0000
1574.0          1.0000
1575.0          1.0000
1576.0          1.0000
1577.0          1.0000
1578.0          1.0000
1579.0          1.0000
1580.0          1.0000
1581.0          1.0000
1582.0          1.0000
1583.0          1.0000
1584.0          1.0000
1585.0          1.0000
1586.0          1.0000
1587.0          1.0000
1588.0          1.0000
1589.0          1.0000
1590.0          1.0000
1591.0          1.0000
1592.0          1.0000
1593.0          1.0000
1594.0          1.0000
1595.0          1.0000
1596.0          1.0000
1597.0          1.0000
1598.0          1.0000
1599.0          1.0000
1600.0          1.0000
1601.0          1.0000
1602.0          1.0000
1603.0          1.0000
1604.0          1.0000
1605.0          1.0000
1606.0          1.0000
1607.0          1.0000
1608.0          1.0000
1609.0          1.0000
1610.0          1.0000
1611.0          1.0000
1612.0          1.0000
1613.0          1.0000
1614.0          1.0000
1615.0          1.0000
1616.0          1.0000
1617.0          1.0000
1618.0          1.0000
1619.0          1.0000
1620.0          1.0000
1621.0          1.0000
1622.0          1.0000
1623.0          1.0000
1624.0          1.0000
1625.0          1.0000
1626.0          1.0000
1627.0          1.0000
1628.0          1.0000
1629.0          1.0000
1630.0          1.0000
1631.0          1.0000
1632.0          1.0000
1633.0          1.0000
1634.0          1.0000
1635.0          1.0000
1636.0          1.0000
1637.0          1.0000
1638.0          1.0000
1639.0          1.0000
1640.0          1.0000
1641.0          1.0000
1642.0          1.0000
1643.0          1.0000
1644.0          1.0000
1645.0          1.0000
1646.0          1.0000
1647.0          1.0000
1648.0          1.0000
1649.0          1.0000
1650.0          1.0000
1400.0          4.4409E-16
1401.0          1.9984E-15
1402.0          1.3323E-15
1403.0          1.3323E-15
1404.0          3.3307E-15
1405.0          2.9976E-15
1406.0          1.3323E-15
1407.0          -1.9984E-15
1408.0          -3.5527E-15
1409.0          -6.6613E-16
1410.0          -4.4409E-16
1411.0          8.8818E-16
1412.0          8.8818E-16
1413.0          -8.8818E-16
1414.0          -1.1102E-15
1415.0          4.4409E-16
1416.0          1.3323E-15
1417.0          7.7716E-16
1418.0          -4.4409E-16
1419.0          6.6613E-16
1420.0          -2.2204E-16
1421.0          1.6653E-15
1422.0          2.2204E-15
1423.0          7.7716E-16
1424.0          1.5543E-15
1425.0          3.3307E-16
1426.0          8.8818E-16
1427.0          2.3315E-15
1428.0          -8.8818E-16
1429.0          -2.2204E-16
1430.0          8.8818E-16
1431.0          -2.2204E-16
1432.0          -2.2204E-16
1433.0          -6.6613E-16
1434.0          -6.6613E-16
1435.0          1.1102E-16
1436.0          3.6637E-15
1437.0          8.8818E-16
1438.0          8.8818E-16
1439.0          -2.2204E-15
1440.0          9.9920E-16
1441.0          2.2204E-16
1442.0          1.2212E-15
1443.0          1.2212E-15
1444.0          3.3307E-16
1445.0          4.4409E-16
1446.0          -2.2204E-15
1447.0          -1.1102E-15
1448.0          3.3307E-15
1449.0          1.8874E-15
1450.0          -8.8818E-16
1451.0          -2.2204E-16
1452.0          4.4409E-16
1453.0          2.8866E-15
1454.0          -1.9984E-15
1455.0          -1.7764E-15
1456.0          -1.1102E-15
1457.0          2.2204E-16
1458.0          4.4409E-16
1459.0          2.2204E-16
1460.0          9.9920E-16
1461.0          2.2204E-16
1462.0          0.0000
1463.0          -1.9984E-15
1464.0          -1.1102E-15
1465.0          2.2204E-16
1466.0          2.2204E-16
1467.0          1.3323E-15
1468.0          1.7764E-15
1469.0          -8.8818E-16
1470.0          -1.1102E-15
1471.0          2.2204E-16
1472.0          2.8866E-15
1473.0          -8.8818E-16
1474.0          1.1102E-15
1475.0          1.7764E-15
1476.0          -1.9984E-15
1477.0          8.8818E-16
1478.0          8.8818E-16
1479.0          7.7716E-16
1480.0          -1.9984E-15
1481.0          -1.3323E-15
1482.0          -1.3323E-15
1483.0          8.8818E-16
1484.0          2.4425E-15
1485.0          1.7764E-15
1486.0          1.9984E-15
1487.0          0.0000
1488.0          -3.9968E-15
1489.0          -4.4409E-16
1490.0          9.9920E-16
1491.0          2.3315E-15
1492.0          -6.6613E-16
1493.0          -6.6613E-16
1494.0          -3.1086E-15
1495.0          -8.8818E-16
1496.0          4.4409E-16
1497.0          -2.6645E-15
1498.0          3.6637E-15
1499.0          -8.8818E-16
1500.0          3.1086E-15
1501.0          1.6653E-15
1502.0          1.1102E-16
1503.0          1.3323E-15
1504.0          2.3315E-15
1505.0          1.1102E-16
1506.0          -8.8818E-16
1507.0          -2.2204E-16
1508.0          2.8866E-15
1509.0          -1.7764E-15
1510.0          -2.2204E-16
1511.0          1.5543E-15
1512.0          2.6645E-15
1513.0          1.7764E-15
1514.0          -4.4409E-16
1515.0          4.4409E-16
1516.0          -6.6613E-16
1517.0          4.4409E-16
1518.0          5.7732E-15
1519.0          -8.8818E-16
1520.0          2.7756E-15
1521.0          6.6613E-16
1522.0          1.5543E-15
1523.0          3.3307E-16
1524.0          0.0000
1525.0          2.2204E-15
1526.0          1.4433E-15
1527.0          8.8818E-16
1528.0          1.5543E-15
1529.0          1.5543E-15
1530.0          2.2204E-16
1531.0          -1.3323E-15
1532.0          4.4409E-16
1533.0          -4.4409E-16
1534.0          1.4433E-15
1535.0          -1.3323E-15
1536.0          2.4425E-15
1537.0          -1.3323E-15
1538.0          2.2204E-15
1539.0          -3.1086E-15
1540.0          -1.1102E-15
1541.0          1.3323E-15
1542.0          6.6613E-16
1543.0          1.3323E-15
1544.0          1.7764E-15
1545.0          -1.3323E-15
1546.0          -3.5527E-15
1547.0          2.2204E-15
1548.0          -3.7748E-15
1549.0          2.8866E-15
1550.0          1.1102E-15
1551.0          2.1094E-15
1552.0          -6.6613E-16
1553.0          6.6613E-16
1554.0          1.3323E-15
1555.0          -2.8866E-15
1556.0          -2.6645E-15
1557.0          -6.6613E-16
1558.0          6.6613E-16
1559.0          1.5543E-15
1560.0          4.4409E-16
1561.0          1.4433E-15
1562.0          -8.8818E-16
1563.0          -4.4409E-16
1564.0          2.8866E-15
1565.0          -6.6613E-16
1566.0          -8.8818E-16
1567.0          1.3323E-15
1568.0          3.9968E-15
1569.0          3.9968E-15
1570.0          8.8818E-16
1571.0          -4.4409E-16
1572.0          8.8818E-16
1573.0          6.6613E-16
1574.0          3.5527E-15
1575.0          -2.6645E-15
1576.0          0.0000
1577.0          -1.1102E-15
1578.0          4.8850E-15
1579.0          -1.7764E-15
1580.0          -1.7764E-15
1581.0          3.1086E-15
1582.0          8.8818E-16
1583.0          8.8818E-16
1584.0          2.1094E-15
1585.0          1.5543E-15
1586.0          -4.6629E-15
1587.0          2.9976E-15
1588.0          2.6645E-15
1589.0          1.4433E-15
1590.0          -2.2204E-16
1591.0          -2.2204E-16
1592.0          -1.5543E-15
1593.0          1.9984E-15
1594.0          1.2212E-15
1595.0          0.0000
1596.0          -2.4425E-15
1597.0          3.3307E-16
1598.0          -3.9968E-15
1599.0          1.7764E-15
1600.0          4.4409E-15
1601.0          3.5527E-15
1602.0          -2.2204E-16
1603.0          -5.1070E-15
1604.0          2.6645E-15
1605.0          5.5511E-16
1606.0          2.3315E-15
1607.0          3.7748E-15
1608.0          5.8842E-15
1609.0          -1.3323E-15
1610.0          7.5495E-15
1611.0          4.4409E-16
1612.0          3.7748E-15
1613.0          8.1046E-15
1614.0          -2.4425E-15
1615.0          4.4409E-15
1616.0          0.0000
1617.0          -1.5987E-14
1618.0          1.0880E-14
1619.0          -8.8818E-16
1620.0          8.6597E-15
1621.0          5.5511E-16
1622.0          6.2172E-15
1623.0          2.3315E-15
1624.0          2.2204E-15
1625.0          -9.9920E-15
1626.0          -4.6629E-15
1627.0          -4.2188E-15
1628.0          4.9960E-15
1629.0          -2.6645E-15
1630.0          -4.4409E-16
1631.0          -1.3323E-15
1632.0          -5.3291E-15
1633.0          3.3307E-15
1634.0          4.3299E-15
1635.0          2.8866E-15
1636.0          -5.1070E-15
1637.0          -1.1102E-15
1638.0          -6.6613E-16
1639.0          -4.4409E-15
1640.0          2.1094E-15
1641.0          2.4425E-15
1642.0          -1.1102E-15
1643.0          -2.2204E-15
1644.0          -1.5543E-15
1645.0          4.4409E-16
1646.0          6.6613E-16
1647.0          5.9952E-15
1648.0          -5.9952E-15
1649.0          2.6645E-15
1650.0          4.2188E-15
