1400.0          0.24258
1401.0          0.24384
1402.0          0.24510
1403.0          0.24635
1404.0          0.24760
1405.0          0.24885
1406.0          0.25009
1407.0          0.25133
1408.0          0.25257
1409.0          0.25380
1410.0          0.25503
1411.0          0.25625
1412.0          0.25748
1413.0          0.25869
1414.0          0.25991
1415.0          0.26112
1416.0          0.26233
1417.0          0.26353
1418.0          0.26473
1419.0          0.26593
1420.0          0.26712
1421.0          0.26831
1422.0          0.26949
1423.0          0.27067
1424.0          0.27185
1425.0          0.27302
1426.0          0.27419
1427.0          0.27536
1428.0          0.27652
1429.0          0.27767
1430.0          0.27883
1431.0          0.27997
1432.0          0.28112
1433.0          0.28226
1434.0          0.28340
1435.0          0.28453
1436.0          0.28565
1437.0          0.28678
1438.0          0.28790
1439.0          0.28901
1440.0          0.29012
1441.0          0.29123
1442.0          0.29233
1443.0          0.29343
1444.0          0.29452
1445.0          0.29561
1446.0          0.29670
1447.0          0.29778
1448.0          0.29886
1449.0          0.29993
1450.0          0.30100
1451.0          0.30206
1452.0          0.30312
1453.0          0.30418
1454.0          0.30523
1455.0          0.30627
1456.0          0.30732
1457.0          0.30835
1458.0          0.30939
1459.0          0.31042
1460.0          0.31144
1461.0          0.31246
1462.0          0.31348
1463.0          0.31449
1464.0          0.31550
1465.0          0.31650
1466.0          0.31750
1467.0          0.31850
1468.0          0.31949
1469.0          0.32047
1470.0          0.32146
1471.0          0.32243
1472.0          0.32341
1473.0          0.32438
1474.0          0.32534
1475.0          0.32630
1476.0          0.32726
1477.0          0.32821
1478.0          0.32916
1479.0          0.33010
1480.0          0.33104
1481.0          0.33198
1482.0          0.33291
1483.0          0.33383
1484.0          0.33476
1485.0          0.33567
1486.0          0.33659
1487.0          0.33750
1488.0          0.33840
1489.0          0.33931
1490.0          0.34020
1491.0          0.34110
1492.0          0.34199
1493.0          0.34287
1494.0          0.34375
1495.0          0.34463
1496.0          0.34550
1497.0          0.34637
1498.0          0.34723
1499.0          0.34809
1500.0          0.34895
1501.0          0.34980
1502.0          0.35065
1503.0          0.35150
1504.0          0.35234
1505.0          0.35317
1506.0          0.35400
1507.0          0.35483
1508.0          0.35566
1509.0          0.35648
1510.0          0.35729
1511.0          0.35811
1512.0          0.35891
1513.0          0.35972
1514.0          0.36052
1515.0          0.36132
1516.0          0.36211
1517.0          0.36290
1518.0          0.36369
1519.0          0.36447
1520.0          0.36524
1521.0          0.36602
1522.0          0.36679
1523.0          0.36755
1524.0          0.36832
1525.0          0.36908
1526.0          0.36983
1527.0          0.37058
1528.0          0.37133
1529.0          0.37207
1530.0          0.37281
1531.0          0.37355
1532.0          0.37428
1533.0          0.37501
1534.0          0.37574
1535.0          0.37646
1536.0          0.37718
1537.0          0.37789
1538.0          0.37861
1539.0          0.37931
1540.0          0.38002
1541.0          0.38072
1542.0          0.38142
1543.0          0.38211
1544.0          0.38280
1545.0          0.38349
1546.0          0.38417
1547.0          0.38485
1548.0          0.38552
1549.0          0.38620
1550.0          0.38687
1551.0          0.38753
1552.0          0.38820
1553.0          0.38886
1554.0          0.38951
1555.0          0.39016
1556.0          0.39081
1557.0          0.39146
1558.0          0.39210
1559.0          0.39274
1560.0          0.39338
1561.0          0.39401
1562.0          0.39464
1563.0          0.39527
1564.0          0.39589
1565.0          0.39651
1566.0          0.39713
1567.0          0.39774
1568.0          0.39835
1569.0          0.39896
1570.0          0.39956
1571.0          0.40016
1572.0          0.40076
1573.0          0.40135
1574.0          0.40195
1575.0          0.40253
1576.0          0.40312
1577.0          0.40370
1578.0          0.40428
1579.0          0.40486
1580.0          0.40543
1581.0          0.40600
1582.0          0.40657
1583.0          0.40713
1584.0          0.40769
1585.0          0.40825
1586.0          0.40881
1587.0          0.40936
1588.0          0.40991
1589.0          0.41046
1590.0          0.41100
1591.0          0.41154
1592.0          0.41208
1593.0          0.41262
1594.0          0.41315
1595.0          0.41368
1596.0          0.41421
1597.0          0.41473
1598.0          0.41525
1599.0          0.41577
1600.0          0.41629
1601.0          0.41680
1602.0          0.41731
1603.0          0.41782
1604.0          0.41832
1605.0          0.41883
1606.0          0.41933
1607.0          0.41982
1608.0          0.42032
1609.0          0.42081
1610.0          0.42130
1611.0          0.42178
1612.0          0.42227
1613.0          0.42275
1614.0          0.42323
1615.0          0.42370
1616.0          0.42418
1617.0          0.42465
1618.0          0.42512
1619.0          0.42558
1620.0          0.42605
1621.0          0.42651
1622.0          0.42697
1623.0          0.42742
1624.0          0.42788
1625.0          0.42833
1626.0          0.42878
1627.0          0.42922
1628.0          0.42967
1629.0          0.43011
1630.0          0.43055
1631.0          0.43098
1632.0          0.43142
1633.0          0.43185
1634.0          0.43228
1635.0          0.43271
1636.0          0.43313
1637.0          0.43355
1638.0          0.43397
1639.0          0.43439
1640.0          0.43481
1641.0          0.43522
1642.0          0.43563
1643.0          0.43604
1644.0          0.43645
1645.0          0.43685
1646.0          0.43725
1647.0          0.43765
1648.0          0.43805
1649.0          0.43845
1650.0          0.43884
1400.0          0.75742
1401.0          0.75616
1402.0          0.75490
1403.0          0.75365
1404.0          0.75240
1405.0          0.75115
1406.0          0.74991
1407.0          0.74867
1408.0          0.74743
1409.0          0.74620
1410.0          0.74497
1411.0          0.74375
1412.0          0.74252
1413.0          0.74131
1414.0          0.74009
1415.0          0.73888
1416.0          0.73767
1417.0          0.73647
1418.0          0.73527
1419.0          0.73407
1420.0          0.73288
1421.0          0.73169
1422.0          0.73051
1423.0          0.72933
1424.0          0.72815
1425.0          0.72698
1426.0          0.72581
1427.0          0.72464
1428.0          0.72348
1429.0          0.72233
1430.0          0.72117
1431.0          0.72003
1432.0          0.71888
1433.0          0.71774
1434.0          0.71660
1435.0          0.71547
1436.0          0.71435
1437.0          0.71322
1438.0          0.71210
1439.0          0.71099
1440.0          0.70988
1441.0          0.70877
1442.0          0.70767
1443.0          0.70657
1444.0          0.70548
1445.0          0.70439
1446.0          0.70330
1447.0          0.70222
1448.0          0.70114
1449.0          0.70007
1450.0          0.69900
1451.0          0.69794
1452.0          0.69688
1453.0          0.69582
1454.0          0.69477
1455.0          0.69373
1456.0          0.69268
1457.0          0.69165
1458.0          0.69061
1459.0          0.68958
1460.0          0.68856
1461.0          0.68754
1462.0          0.68652
1463.0          0.68551
1464.0          0.68450
1465.0          0.68350
1466.0          0.68250
1467.0          0.68150
1468.0          0.68051
1469.0          0.67953
1470.0          0.67854
1471.0          0.67757
1472.0          0.67659
1473.0          0.67562
1474.0          0.67466
1475.0          0.67370
1476.0          0.67274
1477.0          0.67179
1478.0          0.67084
1479.0          0.66990
1480.0          0.66896
1481.0          0.66802
1482.0          0.66709
1483.0          0.66617
1484.0          0.66524
1485.0          0.66433
1486.0          0.66341
1487.0          0.66250
1488.0          0.66160
1489.0          0.66069
1490.0          0.65980
1491.0          0.65890
1492.0          0.65801
1493.0          0.65713
1494.0          0.65625
1495.0          0.65537
1496.0          0.65450
1497.0          0.65363
1498.0          0.65277
1499.0          0.65191
1500.0          0.65105
1501.0          0.65020
1502.0          0.64935
1503.0          0.64850
1504.0          0.64766
1505.0          0.64683
1506.0          0.64600
1507.0          0.64517
1508.0          0.64434
1509.0          0.64352
1510.0          0.64271
1511.0          0.64189
1512.0          0.64109
1513.0          0.64028
1514.0          0.63948
1515.0          0.63868
1516.0          0.63789
1517.0          0.63710
1518.0          0.63631
1519.0          0.63553
1520.0          0.63476
1521.0          0.63398
1522.0          0.63321
1523.0          0.63245
1524.0          0.63168
1525.0          0.63092
1526.0          0.63017
1527.0          0.62942
1528.0          0.62867
1529.0          0.62793
1530.0          0.62719
1531.0          0.62645
1532.0          0.62572
1533.0          0.62499
1534.0          0.62426
1535.0          0.62354
1536.0          0.62282
1537.0          0.62211
1538.0          0.62139
1539.0          0.62069
1540.0          0.61998
1541.0          0.61928
1542.0          0.61858
1543.0          0.61789
1544.0          0.61720
1545.0          0.61651
1546.0          0.61583
1547.0          0.61515
1548.0          0.61448
1549.0          0.61380
1550.0          0.61313
1551.0          0.61247
1552.0          0.61180
1553.0          0.61114
1554.0          0.61049
1555.0          0.60984
1556.0          0.60919
1557.0          0.60854
1558.0          0.60790
1559.0          0.60726
1560.0          0.60662
1561.0          0.60599
1562.0          0.60536
1563.0          0.60473
1564.0          0.60411
1565.0          0.60349
1566.0          0.60287
1567.0          0.60226
1568.0          0.60165
1569.0          0.60104
1570.0          0.60044
1571.0          0.59984
1572.0          0.59924
1573.0          0.59865
1574.0          0.59805
1575.0          0.59747
1576.0          0.59688
1577.0          0.59630
1578.0          0.59572
1579.0          0.59514
1580.0          0.59457
1581.0          0.59400
1582.0          0.59343
1583.0          0.59287
1584.0          0.59231
1585.0          0.59175
1586.0          0.59119
1587.0          0.59064
1588.0          0.59009
1589.0          0.58954
1590.0          0.58900
1591.0          0.58846
1592.0          0.58792
1593.0          0.58738
1594.0          0.58685
1595.0          0.58632
1596.0          0.58579
1597.0          0.58527
1598.0          0.58475
1599.0          0.58423
1600.0          0.58371
1601.0          0.58320
1602.0          0.58269
1603.0          0.58218
1604.0          0.58168
1605.0          0.58117
1606.0          0.58067
1607.0          0.58018
1608.0          0.57968
1609.0          0.57919
1610.0          0.57870
1611.0          0.57822
1612.0          0.57773
1613.0          0.57725
1614.0          0.57677
1615.0          0.57630
1616.0          0.57582
1617.0          0.57535
1618.0          0.57488
1619.0          0.57442
1620.0          0.57395
1621.0          0.57349
1622.0          0.57303
1623.0          0.57258
1624.0          0.57212
1625.0          0.57167
1626.0          0.57122
1627.0          0.57078
1628.0          0.57033
1629.0          0.56989
1630.0          0.56945
1631.0          0.56902
1632.0          0.56858
1633.0          0.56815
1634.0          0.56772
1635.0          0.56729
1636.0          0.56687
1637.0          0.56645
1638.0          0.56603
1639.0          0.56561
1640.0          0.56519
1641.0          0.56478
1642.0          0.56437
1643.0          0.56396
1644.0          0.56355
1645.0          0.56315
1646.0          0.56275
1647.0          0.56235
1648.0          0.56195
1649.0          0.56155
1650.0          0.56116
1400.0          1.0000
1401.0          1.0000
1402.0          1.0000
1403.0          1.0000
1404.0          1.0000
1405.0          1.0000
1406.0          1.0000
1407.0          1.0000
1408.0          1.0000
1409.0          1.0000
1410.0          1.0000
1411.0          1.0000
1412.0          1.0000
1413.0          1.0000
1414.0          1.0000
1415.0          1.0000
1416.0          1.0000
1417.0          1.0000
1418.0          1.0000
1419.0          1.0000
1420.0          1.0000
1421.0          1.0000
1422.0          1.0000
1423.0          1.0000
1424.0          1.0000
1425.0          1.0000
1426.0          1.0000
1427.0          1.0000
1428.0          1.0000
1429.0          1.0000
1430.0          1.0000
1431.0          1.0000
1432.0          1.0000
1433.0          1.0000
1434.0          1.0000
1435.0          1.0000
1436.0          1.0000
1437.0          1.0000
1438.0          1.0000
1439.0          1.0000
1440.0          1.0000
1441.0          1.0000
1442.0          1.0000
1443.0          1.0000
1444.0          1.0000
1445.0          1.0000
1446.0          1.0000
1447.0          1.0000
1448.0          1.0000
1449.0          1.0000
1450.0          1.0000
1451.0          1.0000
1452.0          1.0000
1453.0          1.0000
1454.0          1.0000
1455.0          1.0000
1456.0          1.0000
1457.0          1.0000
1458.0          1.0000
1459.0          1.0000
1460.0          1.0000
1461.0          1.0000
1462.0          1.0000
1463.0          1.0000
1464.0          1.0000
1465.0          1.0000
1466.0          1.0000
1467.0          1.0000
1468.0          1.0000
1469.0          1.0000
1470.0          1.0000
1471.0          1.0000
1472.0          1.0000
1473.0          1.0000
1474.0          1.0000
1475.0          1.0000
1476.0          1.0000
1477.0          1.0000
1478.0          1.0000
1479.0          1.0000
1480.0          1.0000
1481.0          1.0000
1482.0          1.0000
1483.0          1.0000
1484.0          1.0000
1485.0          1.0000
1486.0          1.0000
1487.0          1.0000
1488.0          1.0000
1489.0          1.0000
1490.0          1.0000
1491.0          1.0000
1492.0          1.0000
1493.0          1.0000
1494.0          1.0000
1495.0          1.0000
1496.0          1.0000
1497.0          1.0000
1498.0          1.0000
1499.0          1.0000
1500.0          1.0000
1501.0          1.0000
1502.0          1.0000
1503.0          1.0000
1504.0          1.0000
1505.0          1.0000
1506.0          1.0000
1507.0          1.0000
1508.0          1.0000
1509.0          1.0000
1510.0          1.0000
1511.0          1.0000
1512.0          1.0000
1513.0          1.0000
1514.0          1.0000
1515.0          1.0000
1516.0          1.0000
1517.0          1.0000
1518.0          1.0000
1519.0          1.0000
1520.0          1.0000
1521.0          1.0000
1522.0          1.0000
1523.0          1.0000
1524.0          1.0000
1525.0          1.0000
1526.0          1.0000
1527.0          1.0000
1528.0          1.0000
1529.0          1.0000
1530.0          1.0000
1531.0          1.0000
1532.0          1.0000
1533.0          1.0000
1534.0          1.0000
1535.0          1.0000
1536.0          1.0000
1537.0          1.0000
1538.0          1.0000
1539.0          1.0000
1540.0          1.0000
1541.0          1.0000
1542.0          1.0000
1543.0          1.0000
1544.0          1.0000
1545.0          1.0000
1546.0          1.0000
1547.0          1.0000
1548.0          1.0000
1549.0          1.0000
1550.0          1.0000
1551.0          1.0000
1552.0          1.0000
1553.0          1.0000
1554.0          1.0000
1555.0          1.0000
1556.0          1.0000
1557.0          1.0000
1558.0          1.0000
1559.0          1.0000
1560.0          1.0000
1561.0          1.0000
1562.0          1.0000
1563.0          1.0000
1564.0          1.0000
1565.0          1.0000
1566.0          1.0000
1567.0          1.0000
1568.0          1.0000
1569.0          1.0000
1570.0          1.0000
1571.0          1.0000
1572.0          1.0000
1573.0          1.0000
1574.0          1.0000
1575.0          1.0000
1576.0          1.0000
1577.0          1.0000
1578.0          1.0000
1579.0          1.0000
1580.0          1.0000
1581.0          1.0000
1582.0          1.0000
1583.0          1.0000
1584.0          1.0000
1585.0          1.0000
1586.0          1.0000
1587.0          1.0000
1588.0          1.0000
1589.0          1.0000
1590.0          1.0000
1591.0          1.0000
1592.0          1.0000
1593.0          1.0000
1594.0          1.0000
1595.0          1.0000
1596.0          1.0000
1597.0          1.0000
1598.0          1.0000
1599.0          1.0000
1600.0          1.0000
1601.0          1.0000
1602.0          1.0000
1603.0          1.0000
1604.0          1.0000
1605.0          1.0000
1606.0          1.0000
1607.0          1.0000
1608.0          1.0000
1609.0          1.0000
1610.0          1.0000
1611.0          1.0000
1612.0          1.0000
1613.0          1.0000
1614.0          1.0000
1615.0          1.0000
1616.0          1.0000
1617.0          1.0000
1618.0          1.0000
1619.0          1.0000
1620.0          1.0000
1621.0          1.0000
1622.0          1.0000
1623.0          1.0000
1624.0          1.0000
1625.0          1.0000
1626.0          1.0000
1627.0          1.0000
1628.0          1.0000
1629.0          1.0000
1630.0          1.0000
1631.0          1.0000
1632.0          1.0000
1633.0          1.0000
1634.0          1.0000
1635.0          1.0000
1636.0          1.0000
1637.0          1.0000
1638.0          1.0000
1639.0          1.0000
1640.0          1.0000
1641.0          1.0000
1642.0          1.0000
1643.0          1.0000
1644.0          1.0000
1645.0          1.0000
1646.0          1.0000
1647.0          1.0000
1648.0          1.0000
1649.0          1.0000
1650.0          1.0000
1400.0          -1.5543E-15
1401.0          -6.6613E-16
1402.0          2.1094E-15
1403.0          0.0000
1404.0          -1.1102E-15
1405.0          -1.3323E-15
1406.0          6.6613E-16
1407.0          -6.6613E-16
1408.0          7.7716E-16
1409.0          -1.1102E-15
1410.0          -2.4425E-15
1411.0          -2.2204E-16
1412.0          2.4425E-15
1413.0          -1.7764E-15
1414.0          1.3323E-15
1415.0          -1.9984E-15
1416.0          -6.6613E-16
1417.0          -4.4409E-16
1418.0          0.0000
1419.0          -2.2204E-16
1420.0          1.9984E-15
1421.0          5.5511E-16
1422.0          1.4433E-15
1423.0          8.8818E-16
1424.0          8.8818E-16
1425.0          -1.1102E-15
1426.0          0.0000
1427.0          -4.4409E-16
1428.0          2.2204E-16
1429.0          1.1102E-15
1430.0          -1.9984E-15
1431.0          -1.1102E-15
1432.0          -1.5543E-15
1433.0          -2.2204E-16
1434.0          -2.4425E-15
1435.0          8.8818E-16
1436.0          -1.1102E-15
1437.0          -2.2204E-16
1438.0          -8.8818E-16
1439.0          2.2204E-16
1440.0          0.0000
1441.0          -2.2204E-16
1442.0          -1.7764E-15
1443.0          -3.9968E-15
1444.0          -3.1086E-15
1445.0          8.8818E-16
1446.0          1.2212E-15
1447.0          0.0000
1448.0          1.1102E-15
1449.0          2.2204E-15
1450.0          -1.3323E-15
1451.0          -1.3323E-15
1452.0          2.6645E-15
1453.0          1.3323E-15
1454.0          1.5543E-15
1455.0          1.3323E-15
1456.0          2.4425E-15
1457.0          2.3315E-15
1458.0          -2.2204E-15
1459.0          2.4425E-15
1460.0          -3.1086E-15
1461.0          -1.7764E-15
1462.0          -6.6613E-16
1463.0          -4.4409E-16
1464.0          1.1102E-15
1465.0          2.8866E-15
1466.0          -4.4409E-16
1467.0          1.3323E-15
1468.0          -1.7764E-15
1469.0          -2.2204E-16
1470.0          1.6653E-15
1471.0          1.7764E-15
1472.0          6.6613E-16
1473.0          2.5535E-15
1474.0          8.8818E-16
1475.0          -8.8818E-16
1476.0          -1.3323E-15
1477.0          -2.2204E-15
1478.0          9.9920E-16
1479.0          7.7716E-16
1480.0          1.2212E-15
1481.0          -4.4409E-16
1482.0          2.2204E-16
1483.0          1.1102E-15
1484.0          -2.8866E-15
1485.0          2.2204E-15
1486.0          -2.6645E-15
1487.0          3.3307E-15
1488.0          -1.5543E-15
1489.0          2.5535E-15
1490.0          -2.2204E-15
1491.0          -4.4409E-16
1492.0          4.4409E-16
1493.0          -2.4425E-15
1494.0          -1.7764E-15
1495.0          -4.4409E-16
1496.0          -1.3323E-15
1497.0          -2.6645E-15
1498.0          -1.5543E-15
1499.0          -1.3323E-15
1500.0          2.6645E-15
1501.0          1.1102E-15
1502.0          -2.2204E-16
1503.0          -6.6613E-16
1504.0          -4.4409E-16
1505.0          2.2204E-16
1506.0          -3.3307E-15
1507.0          -1.3323E-15
1508.0          -1.7764E-15
1509.0          -1.7764E-15
1510.0          4.8850E-15
1511.0          1.9984E-15
1512.0          2.2204E-16
1513.0          8.8818E-16
1514.0          -8.8818E-16
1515.0          -2.6645E-15
1516.0          -6.6613E-16
1517.0          -2.2204E-16
1518.0          -1.5543E-15
1519.0          -2.2204E-15
1520.0          4.4409E-16
1521.0          -2.4425E-15
1522.0          8.8818E-16
1523.0          -8.8818E-16
1524.0          1.1102E-15
1525.0          1.7764E-15
1526.0          4.4409E-16
1527.0          1.1102E-15
1528.0          -8.8818E-16
1529.0          0.0000
1530.0          -5.1070E-15
1531.0          -3.3307E-15
1532.0          -2.2204E-15
1533.0          7.7716E-16
1534.0          1.3323E-15
1535.0          1.5543E-15
1536.0          2.2204E-16
1537.0          -1.7764E-15
1538.0          -4.4409E-16
1539.0          3.9968E-15
1540.0          -3.1086E-15
1541.0          -4.4409E-15
1542.0          1.7764E-15
1543.0          -2.2204E-16
1544.0          6.6613E-16
1545.0          -1.5543E-15
1546.0          6.6613E-16
1547.0          -4.8850E-15
1548.0          -4.4409E-16
1549.0          4.4409E-16
1550.0          -3.3307E-15
1551.0          2.2204E-16
1552.0          6.6613E-16
1553.0          -8.8818E-16
1554.0          -1.1102E-15
1555.0          1.5543E-15
1556.0          -3.3307E-15
1557.0          -1.1102E-15
1558.0          -8.8818E-16
1559.0          -1.3323E-15
1560.0          2.6645E-15
1561.0          1.1102E-16
1562.0          -2.2204E-15
1563.0          1.7764E-15
1564.0          0.0000
1565.0          1.2212E-15
1566.0          -2.6645E-15
1567.0          -3.9968E-15
1568.0          -2.2204E-16
1569.0          6.6613E-16
1570.0          -6.6613E-16
1571.0          7.7716E-16
1572.0          -4.4409E-15
1573.0          -3.3307E-15
1574.0          2.2204E-15
1575.0          -3.1086E-15
1576.0          3.7748E-15
1577.0          -8.8818E-16
1578.0          -8.8818E-16
1579.0          -2.8866E-15
1580.0          -3.9968E-15
1581.0          6.6613E-16
1582.0          3.5527E-15
1583.0          -1.9984E-15
1584.0          8.8818E-16
1585.0          -1.3323E-15
1586.0          -4.8850E-15
1587.0          3.3307E-16
1588.0          -8.8818E-16
1589.0          -6.6613E-16
1590.0          2.2204E-16
1591.0          -6.6613E-16
1592.0          -8.8818E-16
1593.0          -8.8818E-16
1594.0          3.1086E-15
1595.0          -4.4409E-16
1596.0          -8.8818E-16
1597.0          -1.7764E-15
1598.0          2.2204E-16
1599.0          3.1086E-15
1600.0          3.7748E-15
1601.0          -2.2204E-16
1602.0          -8.8818E-16
1603.0          -8.8818E-16
1604.0          -2.2204E-15
1605.0          3.5527E-15
1606.0          -1.7764E-15
1607.0          -8.8818E-16
1608.0          4.4409E-16
1609.0          0.0000
1610.0          9.9920E-16
1611.0          4.4409E-16
1612.0          -2.2204E-15
1613.0          2.2204E-16
1614.0          -1.3323E-15
1615.0          -6.6613E-16
1616.0          2.3315E-15
1617.0          -1.1102E-15
1618.0          1.5543E-15
1619.0          2.2204E-16
1620.0          0.0000
1621.0          0.0000
1622.0          3.3307E-16
1623.0          1.7764E-15
1624.0          -2.2204E-15
1625.0          -3.9968E-15
1626.0          -8.8818E-16
1627.0          -2.2204E-15
1628.0          -4.4409E-16
1629.0          -1.1102E-15
1630.0          -2.4425E-15
1631.0          -1.3323E-15
1632.0          -5.1070E-15
1633.0          -1.1102E-15
1634.0          -1.3323E-15
1635.0          2.2204E-16
1636.0          -2.2204E-15
1637.0          2.6645E-15
1638.0          1.9984E-15
1639.0          -3.7748E-15
1640.0          1.1102E-16
1641.0          -1.3323E-15
1642.0          -3.7748E-15
1643.0          0.0000
1644.0          2.1094E-15
1645.0          1.1102E-15
1646.0          -2.2204E-15
1647.0          0.0000
1648.0          2.4425E-15
1649.0          -8.8818E-16
1650.0          8.8818E-16
