1400.0          0.44110
1401.0          0.43955
1402.0          0.43799
1403.0          0.43642
1404.0          0.43486
1405.0          0.43329
1406.0          0.43172
1407.0          0.43014
1408.0          0.42856
1409.0          0.42698
1410.0          0.42540
1411.0          0.42381
1412.0          0.42222
1413.0          0.42062
1414.0          0.41903
1415.0          0.41743
1416.0          0.41582
1417.0          0.41422
1418.0          0.41261
1419.0          0.41100
1420.0          0.40939
1421.0          0.40777
1422.0          0.40615
1423.0          0.40453
1424.0          0.40290
1425.0          0.40128
1426.0          0.39965
1427.0          0.39801
1428.0          0.39638
1429.0          0.39474
1430.0          0.39310
1431.0          0.39146
1432.0          0.38981
1433.0          0.38816
1434.0          0.38651
1435.0          0.38486
1436.0          0.38321
1437.0          0.38155
1438.0          0.37989
1439.0          0.37823
1440.0          0.37657
1441.0          0.37490
1442.0          0.37324
1443.0          0.37157
1444.0          0.36990
1445.0          0.36822
1446.0          0.36655
1447.0          0.36487
1448.0          0.36319
1449.0          0.36151
1450.0          0.35983
1451.0          0.35815
1452.0          0.35646
1453.0          0.35478
1454.0          0.35309
1455.0          0.35140
1456.0          0.34971
1457.0          0.34802
1458.0          0.34632
1459.0          0.34463
1460.0          0.34293
1461.0          0.34124
1462.0          0.33954
1463.0          0.33784
1464.0          0.33614
1465.0          0.33444
1466.0          0.33274
1467.0          0.33104
1468.0          0.32933
1469.0          0.32763
1470.0          0.32592
1471.0          0.32422
1472.0          0.32251
1473.0          0.32081
1474.0          0.31910
1475.0          0.31740
1476.0          0.31569
1477.0          0.31398
1478.0          0.31228
1479.0          0.31057
1480.0          0.30886
1481.0          0.30716
1482.0          0.30545
1483.0          0.30374
1484.0          0.30204
1485.0          0.30033
1486.0          0.29862
1487.0          0.29692
1488.0          0.29521
1489.0          0.29351
1490.0          0.29181
1491.0          0.29010
1492.0          0.28840
1493.0          0.28670
1494.0          0.28500
1495.0          0.28330
1496.0          0.28160
1497.0          0.27991
1498.0          0.27821
1499.0          0.27652
1500.0          0.27482
1501.0          0.27313
1502.0          0.27144
1503.0          0.26975
1504.0          0.26807
1505.0          0.26638
1506.0          0.26470
1507.0          0.26302
1508.0          0.26134
1509.0          0.25966
1510.0          0.25798
1511.0          0.25631
1512.0          0.25464
1513.0          0.25297
1514.0          0.25130
1515.0          0.24964
1516.0          0.24798
1517.0          0.24632
1518.0          0.24466
1519.0          0.24301
1520.0          0.24136
1521.0          0.23971
1522.0          0.23807
1523.0          0.23643
1524.0          0.23479
1525.0          0.23315
1526.0          0.23152
1527.0          0.22989
1528.0          0.22827
1529.0          0.22665
1530.0          0.22503
1531.0          0.22342
1532.0          0.22181
1533.0          0.22020
1534.0          0.21860
1535.0          0.21700
1536.0          0.21540
1537.0          0.21381
1538.0          0.21223
1539.0          0.21065
1540.0          0.20907
1541.0          0.20750
1542.0          0.20593
1543.0          0.20437
1544.0          0.20281
1545.0          0.20125
1546.0          0.19971
1547.0          0.19816
1548.0          0.19662
1549.0          0.19509
1550.0          0.19356
1551.0          0.19204
1552.0          0.19052
1553.0          0.18901
1554.0          0.18750
1555.0          0.18600
1556.0          0.18451
1557.0          0.18302
1558.0          0.18154
1559.0          0.18006
1560.0          0.17859
1561.0          0.17712
1562.0          0.17566
1563.0          0.17421
1564.0          0.17277
1565.0          0.17133
1566.0          0.16989
1567.0          0.16847
1568.0          0.16705
1569.0          0.16564
1570.0          0.16423
1571.0          0.16283
1572.0          0.16144
1573.0          0.16005
1574.0          0.15868
1575.0          0.15731
1576.0          0.15594
1577.0          0.15459
1578.0          0.15324
1579.0          0.15190
1580.0          0.15057
1581.0          0.14924
1582.0          0.14793
1583.0          0.14662
1584.0          0.14532
1585.0          0.14403
1586.0          0.14274
1587.0          0.14147
1588.0          0.14020
1589.0          0.13894
1590.0          0.13769
1591.0          0.13645
1592.0          0.13521
1593.0          0.13399
1594.0          0.13277
1595.0          0.13157
1596.0          0.13037
1597.0          0.12918
1598.0          0.12800
1599.0          0.12683
1600.0          0.12567
1601.0          0.12452
1602.0          0.12338
1603.0          0.12225
1604.0          0.12113
1605.0          0.12002
1606.0          0.11892
1607.0          0.11782
1608.0          0.11674
1609.0          0.11567
1610.0          0.11461
1611.0          0.11356
1612.0          0.11252
1613.0          0.11149
1614.0          0.11047
1615.0          0.10947
1616.0          0.10847
1617.0          0.10749
1618.0          0.10651
1619.0          0.10555
1620.0          0.10460
1621.0          0.10366
1622.0          0.10274
1623.0          0.10182
1624.0          0.10092
1625.0          0.10003
1626.0          0.099150
1627.0          0.098285
1628.0          0.097433
1629.0          0.096594
1630.0          0.095768
1631.0          0.094955
1632.0          0.094156
1633.0          0.093371
1634.0          0.092600
1635.0          0.091843
1636.0          0.091101
1637.0          0.090374
1638.0          0.089662
1639.0          0.088966
1640.0          0.088285
1641.0          0.087621
1642.0          0.086973
1643.0          0.086343
1644.0          0.085730
1645.0          0.085135
1646.0          0.084559
1647.0          0.084002
1648.0          0.083465
1649.0          0.082948
1650.0          0.082453
1400.0          0.55890
1401.0          0.56045
1402.0          0.56201
1403.0          0.56358
1404.0          0.56514
1405.0          0.56671
1406.0          0.56828
1407.0          0.56986
1408.0          0.57144
1409.0          0.57302
1410.0          0.57460
1411.0          0.57619
1412.0          0.57778
1413.0          0.57938
1414.0          0.58097
1415.0          0.58257
1416.0          0.58418
1417.0          0.58578
1418.0          0.58739
1419.0          0.58900
1420.0          0.59061
1421.0          0.59223
1422.0          0.59385
1423.0          0.59547
1424.0          0.59710
1425.0          0.59872
1426.0          0.60035
1427.0          0.60199
1428.0          0.60362
1429.0          0.60526
1430.0          0.60690
1431.0          0.60854
1432.0          0.61019
1433.0          0.61184
1434.0          0.61349
1435.0          0.61514
1436.0          0.61679
1437.0          0.61845
1438.0          0.62011
1439.0          0.62177
1440.0          0.62343
1441.0          0.62510
1442.0          0.62676
1443.0          0.62843
1444.0          0.63010
1445.0          0.63178
1446.0          0.63345
1447.0          0.63513
1448.0          0.63681
1449.0          0.63849
1450.0          0.64017
1451.0          0.64185
1452.0          0.64354
1453.0          0.64522
1454.0          0.64691
1455.0          0.64860
1456.0          0.65029
1457.0          0.65198
1458.0          0.65368
1459.0          0.65537
1460.0          0.65707
1461.0          0.65876
1462.0          0.66046
1463.0          0.66216
1464.0          0.66386
1465.0          0.66556
1466.0          0.66726
1467.0          0.66896
1468.0          0.67067
1469.0          0.67237
1470.0          0.67408
1471.0          0.67578
1472.0          0.67749
1473.0          0.67919
1474.0          0.68090
1475.0          0.68260
1476.0          0.68431
1477.0          0.68602
1478.0          0.68772
1479.0          0.68943
1480.0          0.69114
1481.0          0.69284
1482.0          0.69455
1483.0          0.69626
1484.0          0.69796
1485.0          0.69967
1486.0          0.70138
1487.0          0.70308
1488.0          0.70479
1489.0          0.70649
1490.0          0.70819
1491.0          0.70990
1492.0          0.71160
1493.0          0.71330
1494.0          0.71500
1495.0          0.71670
1496.0          0.71840
1497.0          0.72009
1498.0          0.72179
1499.0          0.72348
1500.0          0.72518
1501.0          0.72687
1502.0          0.72856
1503.0          0.73025
1504.0          0.73193
1505.0          0.73362
1506.0          0.73530
1507.0          0.73698
1508.0          0.73866
1509.0          0.74034
1510.0          0.74202
1511.0          0.74369
1512.0          0.74536
1513.0          0.74703
1514.0          0.74870
1515.0          0.75036
1516.0          0.75202
1517.0          0.75368
1518.0          0.75534
1519.0          0.75699
1520.0          0.75864
1521.0          0.76029
1522.0          0.76193
1523.0          0.76357
1524.0          0.76521
1525.0          0.76685
1526.0          0.76848
1527.0          0.77011
1528.0          0.77173
1529.0          0.77335
1530.0          0.77497
1531.0          0.77658
1532.0          0.77819
1533.0          0.77980
1534.0          0.78140
1535.0          0.78300
1536.0          0.78460
1537.0          0.78619
1538.0          0.78777
1539.0          0.78935
1540.0          0.79093
1541.0          0.79250
1542.0          0.79407
1543.0          0.79563
1544.0          0.79719
1545.0          0.79875
1546.0          0.80029
1547.0          0.80184
1548.0          0.80338
1549.0          0.80491
1550.0          0.80644
1551.0          0.80796
1552.0          0.80948
1553.0          0.81099
1554.0          0.81250
1555.0          0.81400
1556.0          0.81549
1557.0          0.81698
1558.0          0.81846
1559.0          0.81994
1560.0          0.82141
1561.0          0.82288
1562.0          0.82434
1563.0          0.82579
1564.0          0.82723
1565.0          0.82867
1566.0          0.83011
1567.0          0.83153
1568.0          0.83295
1569.0          0.83436
1570.0          0.83577
1571.0          0.83717
1572.0          0.83856
1573.0          0.83995
1574.0          0.84132
1575.0          0.84269
1576.0          0.84406
1577.0          0.84541
1578.0          0.84676
1579.0          0.84810
1580.0          0.84943
1581.0          0.85076
1582.0          0.85207
1583.0          0.85338
1584.0          0.85468
1585.0          0.85597
1586.0          0.85726
1587.0          0.85853
1588.0          0.85980
1589.0          0.86106
1590.0          0.86231
1591.0          0.86355
1592.0          0.86479
1593.0          0.86601
1594.0          0.86723
1595.0          0.86843
1596.0          0.86963
1597.0          0.87082
1598.0          0.87200
1599.0          0.87317
1600.0          0.87433
1601.0          0.87548
1602.0          0.87662
1603.0          0.87775
1604.0          0.87887
1605.0          0.87998
1606.0          0.88108
1607.0          0.88218
1608.0          0.88326
1609.0          0.88433
1610.0          0.88539
1611.0          0.88644
1612.0          0.88748
1613.0          0.88851
1614.0          0.88953
1615.0          0.89053
1616.0          0.89153
1617.0          0.89251
1618.0          0.89349
1619.0          0.89445
1620.0          0.89540
1621.0          0.89634
1622.0          0.89726
1623.0          0.89818
1624.0          0.89908
1625.0          0.89997
1626.0          0.90085
1627.0          0.90171
1628.0          0.90257
1629.0          0.90341
1630.0          0.90423
1631.0          0.90505
1632.0          0.90584
1633.0          0.90663
1634.0          0.90740
1635.0          0.90816
1636.0          0.90890
1637.0          0.90963
1638.0          0.91034
1639.0          0.91103
1640.0          0.91171
1641.0          0.91238
1642.0          0.91303
1643.0          0.91366
1644.0          0.91427
1645.0          0.91486
1646.0          0.91544
1647.0          0.91600
1648.0          0.91653
1649.0          0.91705
1650.0          0.91755
1400.0          1.0000
1401.0          1.0000
1402.0          1.0000
1403.0          1.0000
1404.0          1.0000
1405.0          1.0000
1406.0          1.0000
1407.0          1.0000
1408.0          1.0000
1409.0          1.0000
1410.0          1.0000
1411.0          1.0000
1412.0          1.0000
1413.0          1.0000
1414.0          1.0000
1415.0          1.0000
1416.0          1.0000
1417.0          1.0000
1418.0          1.0000
1419.0          1.0000
1420.0          1.0000
1421.0          1.0000
1422.0          1.0000
1423.0          1.0000
1424.0          1.0000
1425.0          1.0000
1426.0          1.0000
1427.0          1.0000
1428.0          1.0000
1429.0          1.0000
1430.0          1.0000
1431.0          1.0000
1432.0          1.0000
1433.0          1.0000
1434.0          1.0000
1435.0          1.0000
1436.0          1.0000
1437.0          1.0000
1438.0          1.0000
1439.0          1.0000
1440.0          1.0000
1441.0          1.0000
1442.0          1.0000
1443.0          1.0000
1444.0          1.0000
1445.0          1.0000
1446.0          1.0000
1447.0          1.0000
1448.0          1.0000
1449.0          1.0000
1450.0          1.0000
1451.0          1.0000
1452.0          1.0000
1453.0          1.0000
1454.0          1.0000
1455.0          1.0000
1456.0          1.0000
1457.0          1.0000
1458.0          1.0000
1459.0          1.0000
1460.0          1.0000
1461.0          1.0000
1462.0          1.0000
1463.0          1.0000
1464.0          1.0000
1465.0          1.0000
1466.0          1.0000
1467.0          1.0000
1468.0          1.0000
1469.0          1.0000
1470.0          1.0000
1471.0          1.0000
1472.0          1.0000
1473.0          1.0000
1474.0          1.0000
1475.0          1.0000
1476.0          1.0000
1477.0          1.0000
1478.0          1.0000
1479.0          1.0000
1480.0          1.0000
1481.0          1.0000
1482.0          1.0000
1483.0          1.0000
1484.0          1.0000
1485.0          1.0000
1486.0          1.0000
1487.0          1.0000
1488.0          1.0000
1489.0          1.0000
1490.0          1.0000
1491.0          1.0000
1492.0          1.0000
1493.0          1.0000
1494.0          1.0000
1495.0          1.0000
1496.0          1.0000
1497.0          1.0000
1498.0          1.0000
1499.0          1.0000
1500.0          1.0000
1501.0          1.0000
1502.0          1.0000
1503.0          1.0000
1504.0          1.0000
1505.0          1.0000
1506.0          1.0000
1507.0          1.0000
1508.0          1.0000
1509.0          1.0000
1510.0          1.0000
1511.0          1.0000
1512.0          1.0000
1513.0          1.0000
1514.0          1.0000
1515.0          1.0000
1516.0          1.0000
1517.0          1.0000
1518.0          1.0000
1519.0          1.0000
1520.0          1.0000
1521.0          1.0000
1522.0          1.0000
1523.0          1.0000
1524.0          1.0000
1525.0          1.0000
1526.0          1.0000
1527.0          1.0000
1528.0          1.0000
1529.0          1.0000
1530.0          1.0000
1531.0          1.0000
1532.0          1.0000
1533.0          1.0000
1534.0          1.0000
1535.0          1.0000
1536.0          1.0000
1537.0          1.0000
1538.0          1.0000
1539.0          1.0000
1540.0          1.0000
1541.0          1.0000
1542.0          1.0000
1543.0          1.0000
1544.0          1.0000
1545.0          1.0000
1546.0          1.0000
1547.0          1.0000
1548.0          1.0000
1549.0          1.0000
1550.0          1.0000
1551.0          1.0000
1552.0          1.0000
1553.0          1.0000
1554.0          1.0000
1555.0          1.0000
1556.0          1.0000
1557.0          1.0000
1558.0          1.0000
1559.0          1.0000
1560.0          1.0000
1561.0          1.0000
1562.0          1.0000
1563.0          1.0000
1564.0          1.0000
1565.0          1.0000
1566.0          1.0000
1567.0          1.0000
1568.0          1.0000
1569.0          1.0000
1570.0          1.0000
1571.0          1.0000
1572.0          1.0000
1573.0          1.0000
1574.0          1.0000
1575.0          1.0000
1576.0          1.0000
1577.0          1.0000
1578.0          1.0000
1579.0          1.0000
1580.0          1.0000
1581.0          1.0000
1582.0          1.0000
1583.0          1.0000
1584.0          1.0000
1585.0          1.0000
1586.0          1.0000
1587.0          1.0000
1588.0          1.0000
1589.0          1.0000
1590.0          1.0000
1591.0          1.0000
1592.0          1.0000
1593.0          1.0000
1594.0          1.0000
1595.0          1.0000
1596.0          1.0000
1597.0          1.0000
1598.0          1.0000
1599.0          1.0000
1600.0          1.0000
1601.0          1.0000
1602.0          1.0000
1603.0          1.0000
1604.0          1.0000
1605.0          1.0000
1606.0          1.0000
1607.0          1.0000
1608.0          1.0000
1609.0          1.0000
1610.0          1.0000
1611.0          1.0000
1612.0          1.0000
1613.0          1.0000
1614.0          1.0000
1615.0          1.0000
1616.0          1.0000
1617.0          1.0000
1618.0          1.0000
1619.0          1.0000
1620.0          1.0000
1621.0          1.0000
1622.0          1.0000
1623.0          1.0000
1624.0          1.0000
1625.0          1.0000
1626.0          1.0000
1627.0          1.0000
1628.0          1.0000
1629.0          1.0000
1630.0          1.0000
1631.0          1.0000
1632.0          1.0000
1633.0          1.0000
1634.0          1.0000
1635.0          1.0000
1636.0          1.0000
1637.0          1.0000
1638.0          1.0000
1639.0          1.0000
1640.0          1.0000
1641.0          1.0000
1642.0          1.0000
1643.0          1.0000
1644.0          1.0000
1645.0          1.0000
1646.0          1.0000
1647.0          1.0000
1648.0          1.0000
1649.0          1.0000
1650.0          1.0000
1400.0          8.8818E-16
1401.0          0.0000
1402.0          -2.2204E-15
1403.0          -1.7764E-15
1404.0          3.9968E-15
1405.0          1.6653E-15
1406.0          -6.6613E-16
1407.0          3.3307E-15
1408.0          -2.2204E-16
1409.0          8.8818E-15
1410.0          4.5519E-15
1411.0          5.1070E-15
1412.0          2.8866E-15
1413.0          4.7740E-15
1414.0          -3.9968E-15
1415.0          3.9968E-15
1416.0          -3.7748E-15
1417.0          1.7764E-15
1418.0          -4.8850E-15
1419.0          -4.4409E-16
1420.0          2.1094E-15
1421.0          -3.5527E-15
1422.0          -2.4425E-15
1423.0          6.1062E-15
1424.0          1.9984E-15
1425.0          9.9920E-16
1426.0          5.5511E-16
1427.0          2.2204E-16
1428.0          -3.1086E-15
1429.0          4.8850E-15
1430.0          -2.2204E-15
1431.0          -1.3323E-15
1432.0          -3.1086E-15
1433.0          -1.5543E-15
1434.0          -7.3275E-15
1435.0          -1.7764E-15
1436.0          -3.1086E-15
1437.0          2.5535E-15
1438.0          -2.8866E-15
1439.0          -6.6613E-16
1440.0          1.7764E-15
1441.0          1.3323E-15
1442.0          8.8818E-16
1443.0          5.7732E-15
1444.0          -8.8818E-16
1445.0          0.0000
1446.0          8.8818E-16
1447.0          8.2157E-15
1448.0          -1.5543E-15
1449.0          -6.6613E-15
1450.0          8.8818E-16
1451.0          -4.2188E-15
1452.0          8.8818E-16
1453.0          2.2204E-16
1454.0          -2.2204E-16
1455.0          -8.8818E-16
1456.0          -3.5527E-15
1457.0          -1.1102E-15
1458.0          -4.4409E-16
1459.0          -2.8866E-15
1460.0          1.1102E-15
1461.0          -8.8818E-16
1462.0          1.1102E-15
1463.0          -1.5543E-15
1464.0          -4.4409E-16
1465.0          2.8866E-15
1466.0          2.2204E-16
1467.0          -3.3307E-15
1468.0          -2.6645E-15
1469.0          4.4409E-16
1470.0          1.9984E-15
1471.0          -1.1102E-15
1472.0          -4.4409E-16
1473.0          7.7716E-16
1474.0          8.8818E-16
1475.0          1.3323E-15
1476.0          3.3307E-16
1477.0          8.8818E-16
1478.0          1.6653E-15
1479.0          -2.2204E-15
1480.0          -2.6645E-15
1481.0          -4.4409E-16
1482.0          0.0000
1483.0          1.2212E-15
1484.0          -1.3323E-15
1485.0          1.3323E-15
1486.0          2.2204E-16
1487.0          1.3323E-15
1488.0          2.2204E-15
1489.0          -4.4409E-16
1490.0          8.8818E-16
1491.0          -8.8818E-16
1492.0          -8.8818E-16
1493.0          8.8818E-16
1494.0          1.5543E-15
1495.0          6.6613E-16
1496.0          2.6645E-15
1497.0          2.5535E-15
1498.0          9.9920E-16
1499.0          0.0000
1500.0          -2.6645E-15
1501.0          6.6613E-16
1502.0          1.2212E-15
1503.0          6.6613E-16
1504.0          3.1086E-15
1505.0          5.5511E-16
1506.0          6.6613E-16
1507.0          1.5543E-15
1508.0          -2.2204E-16
1509.0          1.3323E-15
1510.0          1.1102E-15
1511.0          -1.1102E-15
1512.0          -8.8818E-16
1513.0          2.8866E-15
1514.0          0.0000
1515.0          1.5543E-15
1516.0          5.5511E-16
1517.0          2.2204E-16
1518.0          1.7764E-15
1519.0          -1.7764E-15
1520.0          -2.2204E-16
1521.0          0.0000
1522.0          -1.9984E-15
1523.0          3.2196E-15
1524.0          5.5511E-16
1525.0          -2.2204E-15
1526.0          1.5543E-15
1527.0          2.2204E-15
1528.0          -4.6629E-15
1529.0          -2.2204E-15
1530.0          5.5511E-16
1531.0          -1.5543E-15
1532.0          -2.2204E-15
1533.0          5.5511E-16
1534.0          1.6653E-15
1535.0          9.9920E-16
1536.0          -4.4409E-16
1537.0          -6.6613E-16
1538.0          -1.3323E-15
1539.0          1.9984E-15
1540.0          6.6613E-16
1541.0          1.3323E-15
1542.0          9.9920E-16
1543.0          -8.8818E-16
1544.0          5.5511E-16
1545.0          -2.6645E-15
1546.0          -2.8866E-15
1547.0          2.2204E-16
1548.0          2.4425E-15
1549.0          -1.1102E-15
1550.0          0.0000
1551.0          7.7716E-16
1552.0          -1.9984E-15
1553.0          3.3307E-16
1554.0          5.5511E-16
1555.0          4.4409E-16
1556.0          1.3323E-15
1557.0          -2.2204E-15
1558.0          4.4409E-16
1559.0          1.1102E-15
1560.0          4.4409E-15
1561.0          1.1102E-15
1562.0          2.4425E-15
1563.0          -2.4425E-15
1564.0          2.6645E-15
1565.0          1.2212E-15
1566.0          1.5543E-15
1567.0          3.3307E-16
1568.0          -4.2188E-15
1569.0          2.8866E-15
1570.0          -3.9968E-15
1571.0          -1.9984E-15
1572.0          4.3299E-15
1573.0          -4.4409E-16
1574.0          2.3315E-15
1575.0          2.4425E-15
1576.0          -1.7764E-15
1577.0          -8.8818E-16
1578.0          -4.4409E-16
1579.0          1.1102E-15
1580.0          8.8818E-16
1581.0          4.4409E-16
1582.0          -1.7764E-15
1583.0          4.4409E-16
1584.0          -2.8866E-15
1585.0          -4.4409E-16
1586.0          3.3307E-16
1587.0          1.1102E-16
1588.0          2.2204E-16
1589.0          -2.2204E-15
1590.0          -3.9968E-15
1591.0          2.4425E-15
1592.0          0.0000
1593.0          -2.2204E-16
1594.0          -1.7764E-15
1595.0          4.4409E-16
1596.0          1.4433E-15
1597.0          2.8866E-15
1598.0          -1.1102E-15
1599.0          4.3299E-15
1600.0          -6.6613E-16
1601.0          -3.1086E-15
1602.0          -8.8818E-16
1603.0          0.0000
1604.0          -5.1070E-15
1605.0          0.0000
1606.0          -2.8866E-15
1607.0          -2.2204E-16
1608.0          4.4409E-16
1609.0          0.0000
1610.0          -1.3323E-15
1611.0          1.9984E-15
1612.0          -2.2204E-16
1613.0          3.2196E-15
1614.0          -2.4425E-15
1615.0          3.3307E-16
1616.0          3.2196E-15
1617.0          -6.6613E-16
1618.0          0.0000
1619.0          2.8866E-15
1620.0          -2.2204E-16
1621.0          3.3307E-16
1622.0          6.6613E-16
1623.0          -6.6613E-16
1624.0          -8.8818E-16
1625.0          -2.2204E-16
1626.0          -2.2204E-15
1627.0          7.7716E-16
1628.0          -1.9984E-15
1629.0          -4.6629E-15
1630.0          2.7756E-15
1631.0          1.8874E-15
1632.0          2.2204E-15
1633.0          1.1102E-16
1634.0          1.7764E-15
1635.0          3.9968E-15
1636.0          -6.6613E-16
1637.0          1.9984E-15
1638.0          -1.7764E-15
1639.0          -4.4409E-16
1640.0          1.1102E-16
1641.0          -1.5543E-15
1642.0          1.4433E-15
1643.0          2.2204E-16
1644.0          -1.7764E-15
1645.0          8.8818E-16
1646.0          3.9968E-15
1647.0          -8.8818E-16
1648.0          3.3307E-16
1649.0          1.3323E-15
1650.0          2.2204E-15
