1400.0          0.033531
1401.0          0.033799
1402.0          0.034092
1403.0          0.034410
1404.0          0.034756
1405.0          0.035129
1406.0          0.035531
1407.0          0.035965
1408.0          0.036432
1409.0          0.036933
1410.0          0.037473
1411.0          0.038052
1412.0          0.038676
1413.0          0.039348
1414.0          0.040072
1415.0          0.040853
1416.0          0.041699
1417.0          0.042615
1418.0          0.043611
1419.0          0.044696
1420.0          0.045882
1421.0          0.047183
1422.0          0.048616
1423.0          0.050199
1424.0          0.051955
1425.0          0.053914
1426.0          0.056107
1427.0          0.058576
1428.0          0.061370
1429.0          0.064548
1430.0          0.068185
1431.0          0.072372
1432.0          0.077221
1433.0          0.082875
1434.0          0.089511
1435.0          0.097354
1436.0          0.10669
1437.0          0.11789
1438.0          0.13142
1439.0          0.14789
1440.0          0.16809
1441.0          0.19304
1442.0          0.22405
1443.0          0.26276
1444.0          0.31116
1445.0          0.37150
1446.0          0.44590
1447.0          0.53559
1448.0          0.63930
1449.0          0.75112
1450.0          0.85878
1451.0          0.94487
1452.0          0.99294
1453.0          0.99570
1454.0          0.95844
1455.0          0.89467
1456.0          0.81888
1457.0          0.74191
1458.0          0.67001
1459.0          0.60593
1460.0          0.55027
1461.0          0.50258
1462.0          0.46196
1463.0          0.42742
1464.0          0.39800
1465.0          0.37288
1466.0          0.35135
1467.0          0.33282
1468.0          0.31682
1469.0          0.30293
1470.0          0.29083
1471.0          0.28026
1472.0          0.27099
1473.0          0.26284
1474.0          0.25565
1475.0          0.24929
1476.0          0.24366
1477.0          0.23867
1478.0          0.23424
1479.0          0.23030
1480.0          0.22680
1481.0          0.22369
1482.0          0.22093
1483.0          0.21847
1484.0          0.21630
1485.0          0.21437
1486.0          0.21267
1487.0          0.21118
1488.0          0.20988
1489.0          0.20874
1490.0          0.20776
1491.0          0.20692
1492.0          0.20621
1493.0          0.20563
1494.0          0.20515
1495.0          0.20477
1496.0          0.20449
1497.0          0.20429
1498.0          0.20418
1499.0          0.20414
1500.0          0.20417
1501.0          0.20426
1502.0          0.20442
1503.0          0.20463
1504.0          0.20489
1505.0          0.20520
1506.0          0.20556
1507.0          0.20596
1508.0          0.20640
1509.0          0.20688
1510.0          0.20740
1511.0          0.20795
1512.0          0.20853
1513.0          0.20914
1514.0          0.20978
1515.0          0.21044
1516.0          0.21113
1517.0          0.21184
1518.0          0.21258
1519.0          0.21334
1520.0          0.21411
1521.0          0.21491
1522.0          0.21572
1523.0          0.21655
1524.0          0.21739
1525.0          0.21825
1526.0          0.21913
1527.0          0.22002
1528.0          0.22092
1529.0          0.22183
1530.0          0.22275
1531.0          0.22369
1532.0          0.22463
1533.0          0.22559
1534.0          0.22655
1535.0          0.22752
1536.0          0.22850
1537.0          0.22949
1538.0          0.23048
1539.0          0.23148
1540.0          0.23249
1541.0          0.23350
1542.0          0.23452
1543.0          0.23555
1544.0          0.23658
1545.0          0.23761
1546.0          0.23865
1547.0          0.23969
1548.0          0.24073
1549.0          0.24178
1550.0          0.24284
1551.0          0.24389
1552.0          0.24495
1553.0          0.24601
1554.0          0.24707
1555.0          0.24814
1556.0          0.24920
1557.0          0.25027
1558.0          0.25134
1559.0          0.25241
1560.0          0.25348
1561.0          0.25455
1562.0          0.25563
1563.0          0.25670
1564.0          0.25777
1565.0          0.25885
1566.0          0.25992
1567.0          0.26100
1568.0          0.26207
1569.0          0.26315
1570.0          0.26422
1571.0          0.26530
1572.0          0.26637
1573.0          0.26744
1574.0          0.26851
1575.0          0.26958
1576.0          0.27065
1577.0          0.27172
1578.0          0.27279
1579.0          0.27385
1580.0          0.27492
1581.0          0.27598
1582.0          0.27704
1583.0          0.27810
1584.0          0.27916
1585.0          0.28022
1586.0          0.28127
1587.0          0.28232
1588.0          0.28338
1589.0          0.28442
1590.0          0.28547
1591.0          0.28652
1592.0          0.28756
1593.0          0.28860
1594.0          0.28964
1595.0          0.29067
1596.0          0.29170
1597.0          0.29273
1598.0          0.29376
1599.0          0.29479
1600.0          0.29581
1601.0          0.29683
1602.0          0.29785
1603.0          0.29886
1604.0          0.29987
1605.0          0.30088
1606.0          0.30189
1607.0          0.30289
1608.0          0.30389
1609.0          0.30489
1610.0          0.30589
1611.0          0.30688
1612.0          0.30787
1613.0          0.30885
1614.0          0.30984
1615.0          0.31082
1616.0          0.31179
1617.0          0.31277
1618.0          0.31374
1619.0          0.31470
1620.0          0.31567
1621.0          0.31663
1622.0          0.31759
1623.0          0.31854
1624.0          0.31949
1625.0          0.32044
1626.0          0.32138
1627.0          0.32232
1628.0          0.32326
1629.0          0.32420
1630.0          0.32513
1631.0          0.32606
1632.0          0.32698
1633.0          0.32790
1634.0          0.32882
1635.0          0.32973
1636.0          0.33064
1637.0          0.33155
1638.0          0.33245
1639.0          0.33336
1640.0          0.33425
1641.0          0.33515
1642.0          0.33604
1643.0          0.33692
1644.0          0.33781
1645.0          0.33869
1646.0          0.33956
1647.0          0.34044
1648.0          0.34131
1649.0          0.34217
1650.0          0.34303
1400.0          0.96647
1401.0          0.96620
1402.0          0.96591
1403.0          0.96559
1404.0          0.96524
1405.0          0.96487
1406.0          0.96447
1407.0          0.96403
1408.0          0.96357
1409.0          0.96307
1410.0          0.96253
1411.0          0.96195
1412.0          0.96132
1413.0          0.96065
1414.0          0.95993
1415.0          0.95915
1416.0          0.95830
1417.0          0.95739
1418.0          0.95639
1419.0          0.95530
1420.0          0.95412
1421.0          0.95282
1422.0          0.95138
1423.0          0.94980
1424.0          0.94804
1425.0          0.94609
1426.0          0.94389
1427.0          0.94142
1428.0          0.93863
1429.0          0.93545
1430.0          0.93181
1431.0          0.92763
1432.0          0.92278
1433.0          0.91712
1434.0          0.91049
1435.0          0.90265
1436.0          0.89331
1437.0          0.88211
1438.0          0.86858
1439.0          0.85211
1440.0          0.83191
1441.0          0.80696
1442.0          0.77595
1443.0          0.73724
1444.0          0.68884
1445.0          0.62850
1446.0          0.55410
1447.0          0.46441
1448.0          0.36070
1449.0          0.24888
1450.0          0.14122
1451.0          0.055127
1452.0          0.0070606
1453.0          0.0042984
1454.0          0.041563
1455.0          0.10533
1456.0          0.18112
1457.0          0.25809
1458.0          0.32999
1459.0          0.39407
1460.0          0.44973
1461.0          0.49742
1462.0          0.53804
1463.0          0.57258
1464.0          0.60200
1465.0          0.62712
1466.0          0.64865
1467.0          0.66718
1468.0          0.68318
1469.0          0.69707
1470.0          0.70917
1471.0          0.71974
1472.0          0.72901
1473.0          0.73716
1474.0          0.74435
1475.0          0.75071
1476.0          0.75634
1477.0          0.76133
1478.0          0.76576
1479.0          0.76970
1480.0          0.77320
1481.0          0.77631
1482.0          0.77907
1483.0          0.78153
1484.0          0.78370
1485.0          0.78563
1486.0          0.78733
1487.0          0.78882
1488.0          0.79012
1489.0          0.79126
1490.0          0.79224
1491.0          0.79308
1492.0          0.79379
1493.0          0.79437
1494.0          0.79485
1495.0          0.79523
1496.0          0.79551
1497.0          0.79571
1498.0          0.79582
1499.0          0.79586
1500.0          0.79583
1501.0          0.79574
1502.0          0.79558
1503.0          0.79537
1504.0          0.79511
1505.0          0.79480
1506.0          0.79444
1507.0          0.79404
1508.0          0.79360
1509.0          0.79312
1510.0          0.79260
1511.0          0.79205
1512.0          0.79147
1513.0          0.79086
1514.0          0.79022
1515.0          0.78956
1516.0          0.78887
1517.0          0.78816
1518.0          0.78742
1519.0          0.78666
1520.0          0.78589
1521.0          0.78509
1522.0          0.78428
1523.0          0.78345
1524.0          0.78261
1525.0          0.78175
1526.0          0.78087
1527.0          0.77998
1528.0          0.77908
1529.0          0.77817
1530.0          0.77725
1531.0          0.77631
1532.0          0.77537
1533.0          0.77441
1534.0          0.77345
1535.0          0.77248
1536.0          0.77150
1537.0          0.77051
1538.0          0.76952
1539.0          0.76852
1540.0          0.76751
1541.0          0.76650
1542.0          0.76548
1543.0          0.76445
1544.0          0.76342
1545.0          0.76239
1546.0          0.76135
1547.0          0.76031
1548.0          0.75927
1549.0          0.75822
1550.0          0.75716
1551.0          0.75611
1552.0          0.75505
1553.0          0.75399
1554.0          0.75293
1555.0          0.75186
1556.0          0.75080
1557.0          0.74973
1558.0          0.74866
1559.0          0.74759
1560.0          0.74652
1561.0          0.74545
1562.0          0.74437
1563.0          0.74330
1564.0          0.74223
1565.0          0.74115
1566.0          0.74008
1567.0          0.73900
1568.0          0.73793
1569.0          0.73685
1570.0          0.73578
1571.0          0.73470
1572.0          0.73363
1573.0          0.73256
1574.0          0.73149
1575.0          0.73042
1576.0          0.72935
1577.0          0.72828
1578.0          0.72721
1579.0          0.72615
1580.0          0.72508
1581.0          0.72402
1582.0          0.72296
1583.0          0.72190
1584.0          0.72084
1585.0          0.71978
1586.0          0.71873
1587.0          0.71768
1588.0          0.71662
1589.0          0.71558
1590.0          0.71453
1591.0          0.71348
1592.0          0.71244
1593.0          0.71140
1594.0          0.71036
1595.0          0.70933
1596.0          0.70830
1597.0          0.70727
1598.0          0.70624
1599.0          0.70521
1600.0          0.70419
1601.0          0.70317
1602.0          0.70215
1603.0          0.70114
1604.0          0.70013
1605.0          0.69912
1606.0          0.69811
1607.0          0.69711
1608.0          0.69611
1609.0          0.69511
1610.0          0.69411
1611.0          0.69312
1612.0          0.69213
1613.0          0.69115
1614.0          0.69016
1615.0          0.68918
1616.0          0.68821
1617.0          0.68723
1618.0          0.68626
1619.0          0.68530
1620.0          0.68433
1621.0          0.68337
1622.0          0.68241
1623.0          0.68146
1624.0          0.68051
1625.0          0.67956
1626.0          0.67862
1627.0          0.67768
1628.0          0.67674
1629.0          0.67580
1630.0          0.67487
1631.0          0.67394
1632.0          0.67302
1633.0          0.67210
1634.0          0.67118
1635.0          0.67027
1636.0          0.66936
1637.0          0.66845
1638.0          0.66755
1639.0          0.66664
1640.0          0.66575
1641.0          0.66485
1642.0          0.66396
1643.0          0.66308
1644.0          0.66219
1645.0          0.66131
1646.0          0.66044
1647.0          0.65956
1648.0          0.65869
1649.0          0.65783
1650.0          0.65697
1400.0          1.0000
1401.0          1.0000
1402.0          1.0000
1403.0          1.0000
1404.0          1.0000
1405.0          1.0000
1406.0          1.0000
1407.0          1.0000
1408.0          1.0000
1409.0          1.0000
1410.0          1.0000
1411.0          1.0000
1412.0          1.0000
1413.0          1.0000
1414.0          1.0000
1415.0          1.0000
1416.0          1.0000
1417.0          1.0000
1418.0          1.0000
1419.0          1.0000
1420.0          1.0000
1421.0          1.0000
1422.0          1.0000
1423.0          1.0000
1424.0          1.0000
1425.0          1.0000
1426.0          1.0000
1427.0          1.0000
1428.0          1.0000
1429.0          1.0000
1430.0          1.0000
1431.0          1.0000
1432.0          1.0000
1433.0          1.0000
1434.0          1.0000
1435.0          1.0000
1436.0          1.0000
1437.0          1.0000
1438.0          1.0000
1439.0          1.0000
1440.0          1.0000
1441.0          1.0000
1442.0          1.0000
1443.0          1.0000
1444.0          1.0000
1445.0          1.0000
1446.0          1.0000
1447.0          1.0000
1448.0          1.0000
1449.0          1.0000
1450.0          1.0000
1451.0          1.0000
1452.0          1.0000
1453.0          1.0000
1454.0          1.0000
1455.0          1.0000
1456.0          1.0000
1457.0          1.0000
1458.0          1.0000
1459.0          1.0000
1460.0          1.0000
1461.0          1.0000
1462.0          1.0000
1463.0          1.0000
1464.0          1.0000
1465.0          1.0000
1466.0          1.0000
1467.0          1.0000
1468.0          1.0000
1469.0          1.0000
1470.0          1.0000
1471.0          1.0000
1472.0          1.0000
1473.0          1.0000
1474.0          1.0000
1475.0          1.0000
1476.0          1.0000
1477.0          1.0000
1478.0          1.0000
1479.0          1.0000
1480.0          1.0000
1481.0          1.0000
1482.0          1.0000
1483.0          1.0000
1484.0          1.0000
1485.0          1.0000
1486.0          1.0000
1487.0          1.0000
1488.0          1.0000
1489.0          1.0000
1490.0          1.0000
1491.0          1.0000
1492.0          1.0000
1493.0          1.0000
1494.0          1.0000
1495.0          1.0000
1496.0          1.0000
1497.0          1.0000
1498.0          1.0000
1499.0          1.0000
1500.0          1.0000
1501.0          1.0000
1502.0          1.0000
1503.0          1.0000
1504.0          1.0000
1505.0          1.0000
1506.0          1.0000
1507.0          1.0000
1508.0          1.0000
1509.0          1.0000
1510.0          1.0000
1511.0          1.0000
1512.0          1.0000
1513.0          1.0000
1514.0          1.0000
1515.0          1.0000
1516.0          1.0000
1517.0          1.0000
1518.0          1.0000
1519.0          1.0000
1520.0          1.0000
1521.0          1.0000
1522.0          1.0000
1523.0          1.0000
1524.0          1.0000
1525.0          1.0000
1526.0          1.0000
1527.0          1.0000
1528.0          1.0000
1529.0          1.0000
1530.0          1.0000
1531.0          1.0000
1532.0          1.0000
1533.0          1.0000
1534.0          1.0000
1535.0          1.0000
1536.0          1.0000
1537.0          1.0000
1538.0          1.0000
1539.0          1.0000
1540.0          1.0000
1541.0          1.0000
1542.0          1.0000
1543.0          1.0000
1544.0          1.0000
1545.0          1.0000
1546.0          1.0000
1547.0          1.0000
1548.0          1.0000
1549.0          1.0000
1550.0          1.0000
1551.0          1.0000
1552.0          1.0000
1553.0          1.0000
1554.0          1.0000
1555.0          1.0000
1556.0          1.0000
1557.0          1.0000
1558.0          1.0000
1559.0          1.0000
1560.0          1.0000
1561.0          1.0000
1562.0          1.0000
1563.0          1.0000
1564.0          1.0000
1565.0          1.0000
1566.0          1.0000
1567.0          1.0000
1568.0          1.0000
1569.0          1.0000
1570.0          1.0000
1571.0          1.0000
1572.0          1.0000
1573.0          1.0000
1574.0          1.0000
1575.0          1.0000
1576.0          1.0000
1577.0          1.0000
1578.0          1.0000
1579.0          1.0000
1580.0          1.0000
1581.0          1.0000
1582.0          1.0000
1583.0          1.0000
1584.0          1.0000
1585.0          1.0000
1586.0          1.0000
1587.0          1.0000
1588.0          1.0000
1589.0          1.0000
1590.0          1.0000
1591.0          1.0000
1592.0          1.0000
1593.0          1.0000
1594.0          1.0000
1595.0          1.0000
1596.0          1.0000
1597.0          1.0000
1598.0          1.0000
1599.0          1.0000
1600.0          1.0000
1601.0          1.0000
1602.0          1.0000
1603.0          1.0000
1604.0          1.0000
1605.0          1.0000
1606.0          1.0000
1607.0          1.0000
1608.0          1.0000
1609.0          1.0000
1610.0          1.0000
1611.0          1.0000
1612.0          1.0000
1613.0          1.0000
1614.0          1.0000
1615.0          1.0000
1616.0          1.0000
1617.0          1.0000
1618.0          1.0000
1619.0          1.0000
1620.0          1.0000
1621.0          1.0000
1622.0          1.0000
1623.0          1.0000
1624.0          1.0000
1625.0          1.0000
1626.0          1.0000
1627.0          1.0000
1628.0          1.0000
1629.0          1.0000
1630.0          1.0000
1631.0          1.0000
1632.0          1.0000
1633.0          1.0000
1634.0          1.0000
1635.0          1.0000
1636.0          1.0000
1637.0          1.0000
1638.0          1.0000
1639.0          1.0000
1640.0          1.0000
1641.0          1.0000
1642.0          1.0000
1643.0          1.0000
1644.0          1.0000
1645.0          1.0000
1646.0          1.0000
1647.0          1.0000
1648.0          1.0000
1649.0          1.0000
1650.0          1.0000
1400.0          8.8818E-16
1401.0          -2.8866E-15
1402.0          -4.2188E-15
1403.0          1.2212E-15
1404.0          6.6613E-16
1405.0          3.3307E-16
1406.0          1.3323E-15
1407.0          -2.2204E-16
1408.0          -4.4409E-16
1409.0          1.8874E-15
1410.0          9.9920E-16
1411.0          1.5543E-15
1412.0          0.0000
1413.0          0.0000
1414.0          3.6637E-15
1415.0          1.2212E-15
1416.0          -3.9968E-15
1417.0          -2.2204E-16
1418.0          2.1094E-15
1419.0          4.4409E-16
1420.0          -3.5527E-15
1421.0          1.1102E-15
1422.0          -6.6613E-16
1423.0          9.9920E-16
1424.0          -1.9984E-15
1425.0          -8.8818E-16
1426.0          -6.6613E-16
1427.0          1.4433E-15
1428.0          1.8874E-15
1429.0          8.8818E-16
1430.0          -8.8818E-16
1431.0          -1.3323E-15
1432.0          -2.2204E-15
1433.0          -2.2204E-15
1434.0          -1.9984E-15
1435.0          4.3299E-15
1436.0          -6.6613E-16
1437.0          4.8850E-15
1438.0          -8.8818E-16
1439.0          6.6613E-16
1440.0          -2.2204E-16
1441.0          -4.4409E-16
1442.0          -3.9968E-15
1443.0          4.4409E-16
1444.0          3.3307E-15
1445.0          -1.0436E-14
1446.0          -6.6613E-15
1447.0          -1.0436E-14
1448.0          -5.7732E-15
1449.0          -3.5527E-15
1450.0          -5.7732E-15
1451.0          -3.3085E-14
1452.0          1.6320E-14
1453.0          1.9318E-14
1454.0          1.8430E-14
1455.0          -7.1054E-15
1456.0          -1.0214E-14
1457.0          -3.0420E-14
1458.0          -2.2204E-15
1459.0          9.5479E-15
1460.0          -1.5543E-14
1461.0          -1.1102E-15
1462.0          -1.9984E-15
1463.0          8.8818E-16
1464.0          1.8874E-15
1465.0          -1.3323E-15
1466.0          -7.1054E-15
1467.0          3.1086E-15
1468.0          8.8818E-16
1469.0          6.6613E-16
1470.0          -8.8818E-16
1471.0          1.7764E-15
1472.0          2.1094E-15
1473.0          -8.8818E-16
1474.0          -4.8850E-15
1475.0          5.5511E-15
1476.0          -1.9984E-15
1477.0          1.4433E-15
1478.0          1.9984E-15
1479.0          -1.3323E-15
1480.0          -8.8818E-16
1481.0          8.8818E-16
1482.0          -1.7764E-15
1483.0          1.3323E-15
1484.0          -2.8866E-15
1485.0          2.2204E-16
1486.0          2.6645E-15
1487.0          -3.1086E-15
1488.0          -4.4409E-16
1489.0          -2.2204E-15
1490.0          2.1094E-15
1491.0          -1.9984E-15
1492.0          1.1102E-15
1493.0          1.1102E-16
1494.0          3.6637E-15
1495.0          5.5511E-16
1496.0          -6.6613E-16
1497.0          -8.8818E-16
1498.0          -1.5543E-15
1499.0          -2.2204E-16
1500.0          6.6613E-16
1501.0          -2.4425E-15
1502.0          -3.1086E-15
1503.0          3.3307E-15
1504.0          2.2204E-16
1505.0          2.9976E-15
1506.0          2.3315E-15
1507.0          1.1102E-16
1508.0          8.8818E-16
1509.0          0.0000
1510.0          -4.4409E-15
1511.0          2.4425E-15
1512.0          2.5535E-15
1513.0          -1.1102E-15
1514.0          2.2204E-16
1515.0          -1.5543E-15
1516.0          3.1086E-15
1517.0          -1.1102E-15
1518.0          -1.7764E-15
1519.0          -1.7764E-15
1520.0          4.4409E-16
1521.0          7.7716E-16
1522.0          6.6613E-16
1523.0          1.9984E-15
1524.0          2.2204E-16
1525.0          6.6613E-16
1526.0          6.6613E-16
1527.0          -2.2204E-16
1528.0          -2.2204E-16
1529.0          -4.4409E-16
1530.0          -4.4409E-16
1531.0          -1.7764E-15
1532.0          -8.8818E-16
1533.0          2.2204E-16
1534.0          0.0000
1535.0          1.1102E-15
1536.0          1.6653E-15
1537.0          -2.2204E-15
1538.0          -6.6613E-16
1539.0          -8.8818E-16
1540.0          4.4409E-16
1541.0          -1.7764E-15
1542.0          7.7716E-16
1543.0          1.6653E-15
1544.0          0.0000
1545.0          -1.5543E-15
1546.0          2.2204E-16
1547.0          2.8866E-15
1548.0          2.5535E-15
1549.0          3.3307E-16
1550.0          -2.2204E-16
1551.0          2.2204E-15
1552.0          3.1086E-15
1553.0          -8.8818E-16
1554.0          2.9976E-15
1555.0          -4.4409E-16
1556.0          4.4409E-16
1557.0          -2.2204E-15
1558.0          0.0000
1559.0          2.2204E-15
1560.0          1.8874E-15
1561.0          -2.2204E-15
1562.0          -1.1102E-15
1563.0          0.0000
1564.0          4.2188E-15
1565.0          2.2204E-16
1566.0          -8.8818E-16
1567.0          -8.8818E-16
1568.0          -1.1102E-15
1569.0          6.6613E-16
1570.0          1.6653E-15
1571.0          1.7764E-15
1572.0          -4.4409E-16
1573.0          0.0000
1574.0          5.5511E-16
1575.0          3.1086E-15
1576.0          -4.4409E-16
1577.0          9.9920E-16
1578.0          0.0000
1579.0          0.0000
1580.0          -8.8818E-16
1581.0          -2.2204E-16
1582.0          3.4417E-15
1583.0          1.1102E-15
1584.0          -1.3323E-15
1585.0          -3.9968E-15
1586.0          9.9920E-16
1587.0          0.0000
1588.0          6.6613E-16
1589.0          -1.9984E-15
1590.0          -2.2204E-15
1591.0          -1.7764E-15
1592.0          2.4425E-15
1593.0          3.1086E-15
1594.0          -2.2204E-16
1595.0          -1.3323E-15
1596.0          -3.3307E-15
1597.0          8.8818E-16
1598.0          -4.4409E-16
1599.0          1.1102E-15
1600.0          -1.7764E-15
1601.0          -4.4409E-16
1602.0          1.7764E-15
1603.0          -4.4409E-16
1604.0          0.0000
1605.0          6.6613E-16
1606.0          5.4401E-15
1607.0          -4.4409E-16
1608.0          0.0000
1609.0          1.9984E-15
1610.0          -2.2204E-15
1611.0          0.0000
1612.0          -2.8866E-15
1613.0          1.7764E-15
1614.0          -1.5543E-15
1615.0          1.2212E-15
1616.0          -1.5543E-15
1617.0          -2.2204E-16
1618.0          -8.8818E-16
1619.0          -2.8866E-15
1620.0          -1.3323E-15
1621.0          4.4409E-16
1622.0          -4.4409E-16
1623.0          -8.8818E-16
1624.0          1.5543E-15
1625.0          1.1102E-15
1626.0          2.2204E-16
1627.0          6.6613E-16
1628.0          3.1086E-15
1629.0          1.4433E-15
1630.0          -2.2204E-15
1631.0          -6.6613E-16
1632.0          9.9920E-16
1633.0          2.4425E-15
1634.0          -8.8818E-16
1635.0          1.8874E-15
1636.0          2.8866E-15
1637.0          8.8818E-16
1638.0          -4.4409E-16
1639.0          6.6613E-16
1640.0          -2.6645E-15
1641.0          2.2204E-15
1642.0          1.1102E-15
1643.0          3.7748E-15
1644.0          1.3323E-15
1645.0          4.4409E-16
1646.0          1.7764E-15
1647.0          -1.3323E-15
1648.0          1.1102E-16
1649.0          5.2180E-15
1650.0          1.3323E-15
