1400.0          0.058605
1401.0          0.059237
1402.0          0.059880
1403.0          0.060533
1404.0          0.061198
1405.0          0.061873
1406.0          0.062558
1407.0          0.063253
1408.0          0.063958
1409.0          0.064673
1410.0          0.065397
1411.0          0.066131
1412.0          0.066873
1413.0          0.067625
1414.0          0.068386
1415.0          0.069155
1416.0          0.069933
1417.0          0.070720
1418.0          0.071514
1419.0          0.072317
1420.0          0.073128
1421.0          0.073947
1422.0          0.074774
1423.0          0.075608
1424.0          0.076450
1425.0          0.077299
1426.0          0.078155
1427.0          0.079019
1428.0          0.079889
1429.0          0.080767
1430.0          0.081651
1431.0          0.082542
1432.0          0.083440
1433.0          0.084344
1434.0          0.085254
1435.0          0.086171
1436.0          0.087094
1437.0          0.088023
1438.0          0.088957
1439.0          0.089898
1440.0          0.090844
1441.0          0.091796
1442.0          0.092753
1443.0          0.093716
1444.0          0.094684
1445.0          0.095657
1446.0          0.096635
1447.0          0.097619
1448.0          0.098607
1449.0          0.099600
1450.0          0.10060
1451.0          0.10160
1452.0          0.10261
1453.0          0.10362
1454.0          0.10463
1455.0          0.10565
1456.0          0.10668
1457.0          0.10770
1458.0          0.10874
1459.0          0.10977
1460.0          0.11081
1461.0          0.11185
1462.0          0.11290
1463.0          0.11395
1464.0          0.11500
1465.0          0.11606
1466.0          0.11712
1467.0          0.11818
1468.0          0.11925
1469.0          0.12032
1470.0          0.12139
1471.0          0.12247
1472.0          0.12354
1473.0          0.12462
1474.0          0.12571
1475.0          0.12679
1476.0          0.12788
1477.0          0.12897
1478.0          0.13006
1479.0          0.13116
1480.0          0.13226
1481.0          0.13335
1482.0          0.13446
1483.0          0.13556
1484.0          0.13666
1485.0          0.13777
1486.0          0.13888
1487.0          0.13999
1488.0          0.14110
1489.0          0.14221
1490.0          0.14332
1491.0          0.14444
1492.0          0.14556
1493.0          0.14667
1494.0          0.14779
1495.0          0.14891
1496.0          0.15004
1497.0          0.15116
1498.0          0.15228
1499.0          0.15340
1500.0          0.15453
1501.0          0.15565
1502.0          0.15678
1503.0          0.15791
1504.0          0.15904
1505.0          0.16016
1506.0          0.16129
1507.0          0.16242
1508.0          0.16355
1509.0          0.16468
1510.0          0.16581
1511.0          0.16694
1512.0          0.16807
1513.0          0.16920
1514.0          0.17033
1515.0          0.17146
1516.0          0.17259
1517.0          0.17372
1518.0          0.17485
1519.0          0.17598
1520.0          0.17710
1521.0          0.17823
1522.0          0.17936
1523.0          0.18049
1524.0          0.18162
1525.0          0.18274
1526.0          0.18387
1527.0          0.18500
1528.0          0.18612
1529.0          0.18725
1530.0          0.18837
1531.0          0.18949
1532.0          0.19062
1533.0          0.19174
1534.0          0.19286
1535.0          0.19398
1536.0          0.19510
1537.0          0.19621
1538.0          0.19733
1539.0          0.19845
1540.0          0.19956
1541.0          0.20068
1542.0          0.20179
1543.0          0.20290
1544.0          0.20401
1545.0          0.20512
1546.0          0.20623
1547.0          0.20733
1548.0          0.20844
1549.0          0.20954
1550.0          0.21064
1551.0          0.21174
1552.0          0.21284
1553.0          0.21394
1554.0          0.21504
1555.0          0.21613
1556.0          0.21723
1557.0          0.21832
1558.0          0.21941
1559.0          0.22050
1560.0          0.22159
1561.0          0.22267
1562.0          0.22375
1563.0          0.22484
1564.0          0.22592
1565.0          0.22699
1566.0          0.22807
1567.0          0.22915
1568.0          0.23022
1569.0          0.23129
1570.0          0.23236
1571.0          0.23343
1572.0          0.23449
1573.0          0.23555
1574.0          0.23662
1575.0          0.23767
1576.0          0.23873
1577.0          0.23979
1578.0          0.24084
1579.0          0.24189
1580.0          0.24294
1581.0          0.24399
1582.0          0.24503
1583.0          0.24608
1584.0          0.24712
1585.0          0.24816
1586.0          0.24919
1587.0          0.25023
1588.0          0.25126
1589.0          0.25229
1590.0          0.25332
1591.0          0.25434
1592.0          0.25537
1593.0          0.25639
1594.0          0.25741
1595.0          0.25842
1596.0          0.25944
1597.0          0.26045
1598.0          0.26146
1599.0          0.26246
1600.0          0.26347
1601.0          0.26447
1602.0          0.26547
1603.0          0.26647
1604.0          0.26747
1605.0          0.26846
1606.0          0.26945
1607.0          0.27044
1608.0          0.27142
1609.0          0.27241
1610.0          0.27339
1611.0          0.27437
1612.0          0.27534
1613.0          0.27632
1614.0          0.27729
1615.0          0.27826
1616.0          0.27922
1617.0          0.28019
1618.0          0.28115
1619.0          0.28211
1620.0          0.28306
1621.0          0.28402
1622.0          0.28497
1623.0          0.28592
1624.0          0.28686
1625.0          0.28781
1626.0          0.28875
1627.0          0.28969
1628.0          0.29063
1629.0          0.29156
1630.0          0.29249
1631.0          0.29342
1632.0          0.29435
1633.0          0.29527
1634.0          0.29619
1635.0          0.29711
1636.0          0.29803
1637.0          0.29894
1638.0          0.29985
1639.0          0.30076
1640.0          0.30166
1641.0          0.30257
1642.0          0.30347
1643.0          0.30437
1644.0          0.30526
1645.0          0.30615
1646.0          0.30705
1647.0          0.30793
1648.0          0.30882
1649.0          0.30970
1650.0          0.31058
1400.0          0.94140
1401.0          0.94076
1402.0          0.94012
1403.0          0.93947
1404.0          0.93880
1405.0          0.93813
1406.0          0.93744
1407.0          0.93675
1408.0          0.93604
1409.0          0.93533
1410.0          0.93460
1411.0          0.93387
1412.0          0.93313
1413.0          0.93237
1414.0          0.93161
1415.0          0.93084
1416.0          0.93007
1417.0          0.92928
1418.0          0.92849
1419.0          0.92768
1420.0          0.92687
1421.0          0.92605
1422.0          0.92523
1423.0          0.92439
1424.0          0.92355
1425.0          0.92270
1426.0          0.92184
1427.0          0.92098
1428.0          0.92011
1429.0          0.91923
1430.0          0.91835
1431.0          0.91746
1432.0          0.91656
1433.0          0.91566
1434.0          0.91475
1435.0          0.91383
1436.0          0.91291
1437.0          0.91198
1438.0          0.91104
1439.0          0.91010
1440.0          0.90916
1441.0          0.90820
1442.0          0.90725
1443.0          0.90628
1444.0          0.90532
1445.0          0.90434
1446.0          0.90336
1447.0          0.90238
1448.0          0.90139
1449.0          0.90040
1450.0          0.89940
1451.0          0.89840
1452.0          0.89739
1453.0          0.89638
1454.0          0.89537
1455.0          0.89435
1456.0          0.89332
1457.0          0.89230
1458.0          0.89126
1459.0          0.89023
1460.0          0.88919
1461.0          0.88815
1462.0          0.88710
1463.0          0.88605
1464.0          0.88500
1465.0          0.88394
1466.0          0.88288
1467.0          0.88182
1468.0          0.88075
1469.0          0.87968
1470.0          0.87861
1471.0          0.87753
1472.0          0.87646
1473.0          0.87538
1474.0          0.87429
1475.0          0.87321
1476.0          0.87212
1477.0          0.87103
1478.0          0.86994
1479.0          0.86884
1480.0          0.86774
1481.0          0.86665
1482.0          0.86554
1483.0          0.86444
1484.0          0.86334
1485.0          0.86223
1486.0          0.86112
1487.0          0.86001
1488.0          0.85890
1489.0          0.85779
1490.0          0.85668
1491.0          0.85556
1492.0          0.85444
1493.0          0.85333
1494.0          0.85221
1495.0          0.85109
1496.0          0.84996
1497.0          0.84884
1498.0          0.84772
1499.0          0.84660
1500.0          0.84547
1501.0          0.84435
1502.0          0.84322
1503.0          0.84209
1504.0          0.84096
1505.0          0.83984
1506.0          0.83871
1507.0          0.83758
1508.0          0.83645
1509.0          0.83532
1510.0          0.83419
1511.0          0.83306
1512.0          0.83193
1513.0          0.83080
1514.0          0.82967
1515.0          0.82854
1516.0          0.82741
1517.0          0.82628
1518.0          0.82515
1519.0          0.82402
1520.0          0.82290
1521.0          0.82177
1522.0          0.82064
1523.0          0.81951
1524.0          0.81838
1525.0          0.81726
1526.0          0.81613
1527.0          0.81500
1528.0          0.81388
1529.0          0.81275
1530.0          0.81163
1531.0          0.81051
1532.0          0.80938
1533.0          0.80826
1534.0          0.80714
1535.0          0.80602
1536.0          0.80490
1537.0          0.80379
1538.0          0.80267
1539.0          0.80155
1540.0          0.80044
1541.0          0.79932
1542.0          0.79821
1543.0          0.79710
1544.0          0.79599
1545.0          0.79488
1546.0          0.79377
1547.0          0.79267
1548.0          0.79156
1549.0          0.79046
1550.0          0.78936
1551.0          0.78826
1552.0          0.78716
1553.0          0.78606
1554.0          0.78496
1555.0          0.78387
1556.0          0.78277
1557.0          0.78168
1558.0          0.78059
1559.0          0.77950
1560.0          0.77841
1561.0          0.77733
1562.0          0.77625
1563.0          0.77516
1564.0          0.77408
1565.0          0.77301
1566.0          0.77193
1567.0          0.77085
1568.0          0.76978
1569.0          0.76871
1570.0          0.76764
1571.0          0.76657
1572.0          0.76551
1573.0          0.76445
1574.0          0.76338
1575.0          0.76233
1576.0          0.76127
1577.0          0.76021
1578.0          0.75916
1579.0          0.75811
1580.0          0.75706
1581.0          0.75601
1582.0          0.75497
1583.0          0.75392
1584.0          0.75288
1585.0          0.75184
1586.0          0.75081
1587.0          0.74977
1588.0          0.74874
1589.0          0.74771
1590.0          0.74668
1591.0          0.74566
1592.0          0.74463
1593.0          0.74361
1594.0          0.74259
1595.0          0.74158
1596.0          0.74056
1597.0          0.73955
1598.0          0.73854
1599.0          0.73754
1600.0          0.73653
1601.0          0.73553
1602.0          0.73453
1603.0          0.73353
1604.0          0.73253
1605.0          0.73154
1606.0          0.73055
1607.0          0.72956
1608.0          0.72858
1609.0          0.72759
1610.0          0.72661
1611.0          0.72563
1612.0          0.72466
1613.0          0.72368
1614.0          0.72271
1615.0          0.72174
1616.0          0.72078
1617.0          0.71981
1618.0          0.71885
1619.0          0.71789
1620.0          0.71694
1621.0          0.71598
1622.0          0.71503
1623.0          0.71408
1624.0          0.71314
1625.0          0.71219
1626.0          0.71125
1627.0          0.71031
1628.0          0.70937
1629.0          0.70844
1630.0          0.70751
1631.0          0.70658
1632.0          0.70565
1633.0          0.70473
1634.0          0.70381
1635.0          0.70289
1636.0          0.70197
1637.0          0.70106
1638.0          0.70015
1639.0          0.69924
1640.0          0.69834
1641.0          0.69743
1642.0          0.69653
1643.0          0.69563
1644.0          0.69474
1645.0          0.69385
1646.0          0.69295
1647.0          0.69207
1648.0          0.69118
1649.0          0.69030
1650.0          0.68942
1400.0          1.0000
1401.0          1.0000
1402.0          1.0000
1403.0          1.0000
1404.0          1.0000
1405.0          1.0000
1406.0          1.0000
1407.0          1.0000
1408.0          1.0000
1409.0          1.0000
1410.0          1.0000
1411.0          1.0000
1412.0          1.0000
1413.0          1.0000
1414.0          1.0000
1415.0          1.0000
1416.0          1.0000
1417.0          1.0000
1418.0          1.0000
1419.0          1.0000
1420.0          1.0000
1421.0          1.0000
1422.0          1.0000
1423.0          1.0000
1424.0          1.0000
1425.0          1.0000
1426.0          1.0000
1427.0          1.0000
1428.0          1.0000
1429.0          1.0000
1430.0          1.0000
1431.0          1.0000
1432.0          1.0000
1433.0          1.0000
1434.0          1.0000
1435.0          1.0000
1436.0          1.0000
1437.0          1.0000
1438.0          1.0000
1439.0          1.0000
1440.0          1.0000
1441.0          1.0000
1442.0          1.0000
1443.0          1.0000
1444.0          1.0000
1445.0          1.0000
1446.0          1.0000
1447.0          1.0000
1448.0          1.0000
1449.0          1.0000
1450.0          1.0000
1451.0          1.0000
1452.0          1.0000
1453.0          1.0000
1454.0          1.0000
1455.0          1.0000
1456.0          1.0000
1457.0          1.0000
1458.0          1.0000
1459.0          1.0000
1460.0          1.0000
1461.0          1.0000
1462.0          1.0000
1463.0          1.0000
1464.0          1.0000
1465.0          1.0000
1466.0          1.0000
1467.0          1.0000
1468.0          1.0000
1469.0          1.0000
1470.0          1.0000
1471.0          1.0000
1472.0          1.0000
1473.0          1.0000
1474.0          1.0000
1475.0          1.0000
1476.0          1.0000
1477.0          1.0000
1478.0          1.0000
1479.0          1.0000
1480.0          1.0000
1481.0          1.0000
1482.0          1.0000
1483.0          1.0000
1484.0          1.0000
1485.0          1.0000
1486.0          1.0000
1487.0          1.0000
1488.0          1.0000
1489.0          1.0000
1490.0          1.0000
1491.0          1.0000
1492.0          1.0000
1493.0          1.0000
1494.0          1.0000
1495.0          1.0000
1496.0          1.0000
1497.0          1.0000
1498.0          1.0000
1499.0          1.0000
1500.0          1.0000
1501.0          1.0000
1502.0          1.0000
1503.0          1.0000
1504.0          1.0000
1505.0          1.0000
1506.0          1.0000
1507.0          1.0000
1508.0          1.0000
1509.0          1.0000
1510.0          1.0000
1511.0          1.0000
1512.0          1.0000
1513.0          1.0000
1514.0          1.0000
1515.0          1.0000
1516.0          1.0000
1517.0          1.0000
1518.0          1.0000
1519.0          1.0000
1520.0          1.0000
1521.0          1.0000
1522.0          1.0000
1523.0          1.0000
1524.0          1.0000
1525.0          1.0000
1526.0          1.0000
1527.0          1.0000
1528.0          1.0000
1529.0          1.0000
1530.0          1.0000
1531.0          1.0000
1532.0          1.0000
1533.0          1.0000
1534.0          1.0000
1535.0          1.0000
1536.0          1.0000
1537.0          1.0000
1538.0          1.0000
1539.0          1.0000
1540.0          1.0000
1541.0          1.0000
1542.0          1.0000
1543.0          1.0000
1544.0          1.0000
1545.0          1.0000
1546.0          1.0000
1547.0          1.0000
1548.0          1.0000
1549.0          1.0000
1550.0          1.0000
1551.0          1.0000
1552.0          1.0000
1553.0          1.0000
1554.0          1.0000
1555.0          1.0000
1556.0          1.0000
1557.0          1.0000
1558.0          1.0000
1559.0          1.0000
1560.0          1.0000
1561.0          1.0000
1562.0          1.0000
1563.0          1.0000
1564.0          1.0000
1565.0          1.0000
1566.0          1.0000
1567.0          1.0000
1568.0          1.0000
1569.0          1.0000
1570.0          1.0000
1571.0          1.0000
1572.0          1.0000
1573.0          1.0000
1574.0          1.0000
1575.0          1.0000
1576.0          1.0000
1577.0          1.0000
1578.0          1.0000
1579.0          1.0000
1580.0          1.0000
1581.0          1.0000
1582.0          1.0000
1583.0          1.0000
1584.0          1.0000
1585.0          1.0000
1586.0          1.0000
1587.0          1.0000
1588.0          1.0000
1589.0          1.0000
1590.0          1.0000
1591.0          1.0000
1592.0          1.0000
1593.0          1.0000
1594.0          1.0000
1595.0          1.0000
1596.0          1.0000
1597.0          1.0000
1598.0          1.0000
1599.0          1.0000
1600.0          1.0000
1601.0          1.0000
1602.0          1.0000
1603.0          1.0000
1604.0          1.0000
1605.0          1.0000
1606.0          1.0000
1607.0          1.0000
1608.0          1.0000
1609.0          1.0000
1610.0          1.0000
1611.0          1.0000
1612.0          1.0000
1613.0          1.0000
1614.0          1.0000
1615.0          1.0000
1616.0          1.0000
1617.0          1.0000
1618.0          1.0000
1619.0          1.0000
1620.0          1.0000
1621.0          1.0000
1622.0          1.0000
1623.0          1.0000
1624.0          1.0000
1625.0          1.0000
1626.0          1.0000
1627.0          1.0000
1628.0          1.0000
1629.0          1.0000
1630.0          1.0000
1631.0          1.0000
1632.0          1.0000
1633.0          1.0000
1634.0          1.0000
1635.0          1.0000
1636.0          1.0000
1637.0          1.0000
1638.0          1.0000
1639.0          1.0000
1640.0          1.0000
1641.0          1.0000
1642.0          1.0000
1643.0          1.0000
1644.0          1.0000
1645.0          1.0000
1646.0          1.0000
1647.0          1.0000
1648.0          1.0000
1649.0          1.0000
1650.0          1.0000
1400.0          3.7748E-15
1401.0          -8.8818E-16
1402.0          1.4433E-15
1403.0          -2.2204E-16
1404.0          4.8850E-15
1405.0          7.7716E-16
1406.0          1.8874E-15
1407.0          2.8866E-15
1408.0          -4.4409E-15
1409.0          -3.5527E-15
1410.0          1.3323E-15
1411.0          8.8818E-16
1412.0          -3.3307E-15
1413.0          -2.4425E-15
1414.0          -3.3307E-15
1415.0          3.1086E-15
1416.0          -2.2204E-16
1417.0          -1.1102E-15
1418.0          -1.1102E-15
1419.0          -4.4409E-16
1420.0          -2.6645E-15
1421.0          9.9920E-16
1422.0          -3.5527E-15
1423.0          4.4409E-16
1424.0          -2.8866E-15
1425.0          1.1102E-15
1426.0          2.9976E-15
1427.0          2.4425E-15
1428.0          -1.3323E-15
1429.0          2.4425E-15
1430.0          -2.2204E-16
1431.0          5.2180E-15
1432.0          -6.6613E-16
1433.0          -8.8818E-16
1434.0          -3.3307E-15
1435.0          2.2204E-16
1436.0          -1.5543E-15
1437.0          1.2212E-15
1438.0          -1.5543E-15
1439.0          6.5503E-15
1440.0          -1.1102E-15
1441.0          -9.1038E-15
1442.0          2.2204E-16
1443.0          -3.7748E-15
1444.0          4.1078E-15
1445.0          1.9984E-15
1446.0          8.8818E-16
1447.0          -1.5543E-15
1448.0          6.4393E-15
1449.0          -4.4409E-16
1450.0          6.6613E-16
1451.0          -2.6645E-15
1452.0          -3.1086E-15
1453.0          -3.1086E-15
1454.0          -4.4409E-16
1455.0          9.9920E-16
1456.0          -1.9984E-15
1457.0          1.6653E-15
1458.0          1.3323E-15
1459.0          -2.6645E-15
1460.0          5.8842E-15
1461.0          -3.5527E-15
1462.0          3.1086E-15
1463.0          -2.2204E-15
1464.0          -4.4409E-16
1465.0          5.1070E-15
1466.0          -1.3323E-15
1467.0          -6.6613E-16
1468.0          1.6653E-15
1469.0          1.4433E-15
1470.0          -2.2204E-15
1471.0          1.9984E-15
1472.0          -1.1102E-15
1473.0          -1.9984E-15
1474.0          -1.5543E-15
1475.0          -7.9936E-15
1476.0          1.3323E-15
1477.0          2.6645E-15
1478.0          -4.4409E-16
1479.0          2.4425E-15
1480.0          -2.4425E-15
1481.0          -1.7764E-15
1482.0          -2.2204E-16
1483.0          2.2204E-15
1484.0          -8.8818E-16
1485.0          1.6653E-15
1486.0          1.9984E-15
1487.0          2.2204E-16
1488.0          1.5543E-15
1489.0          -1.7764E-15
1490.0          5.5511E-16
1491.0          -6.6613E-16
1492.0          -1.1102E-15
1493.0          9.9920E-16
1494.0          -1.5543E-15
1495.0          3.4417E-15
1496.0          -8.8818E-16
1497.0          2.2204E-16
1498.0          3.3307E-15
1499.0          2.2204E-15
1500.0          -1.3323E-15
1501.0          -4.4409E-16
1502.0          -7.3275E-15
1503.0          -1.9984E-15
1504.0          -6.6613E-16
1505.0          3.3307E-16
1506.0          -2.2204E-16
1507.0          -8.8818E-16
1508.0          -8.8818E-16
1509.0          2.2204E-16
1510.0          -1.5543E-15
1511.0          1.1102E-16
1512.0          0.0000
1513.0          1.1102E-16
1514.0          1.7764E-15
1515.0          2.2204E-15
1516.0          -2.2204E-16
1517.0          -1.9984E-15
1518.0          -6.6613E-16
1519.0          3.1086E-15
1520.0          -8.8818E-16
1521.0          -3.5527E-15
1522.0          1.3323E-15
1523.0          1.5543E-15
1524.0          -3.7748E-15
1525.0          -1.7764E-15
1526.0          3.9968E-15
1527.0          -3.1086E-15
1528.0          -2.6645E-15
1529.0          1.6653E-15
1530.0          4.4409E-16
1531.0          -1.3323E-15
1532.0          1.1102E-16
1533.0          -1.5543E-15
1534.0          -3.5527E-15
1535.0          -1.9984E-15
1536.0          4.2188E-15
1537.0          1.6653E-15
1538.0          1.7764E-15
1539.0          -3.1086E-15
1540.0          3.1086E-15
1541.0          4.4409E-16
1542.0          1.6653E-15
1543.0          8.8818E-16
1544.0          3.1086E-15
1545.0          7.7716E-16
1546.0          3.3307E-15
1547.0          2.2204E-16
1548.0          -3.5527E-15
1549.0          6.6613E-16
1550.0          -3.5527E-15
1551.0          2.2204E-15
1552.0          5.5511E-16
1553.0          1.3323E-15
1554.0          0.0000
1555.0          2.2204E-16
1556.0          -6.6613E-16
1557.0          1.3323E-15
1558.0          2.2204E-16
1559.0          4.4409E-16
1560.0          -1.7764E-15
1561.0          -2.2204E-16
1562.0          1.9984E-15
1563.0          4.4409E-15
1564.0          2.1094E-15
1565.0          -1.9984E-15
1566.0          5.5511E-16
1567.0          -4.4409E-16
1568.0          -2.2204E-16
1569.0          -1.7764E-15
1570.0          -3.9968E-15
1571.0          2.6645E-15
1572.0          2.8866E-15
1573.0          -2.4425E-15
1574.0          9.9920E-16
1575.0          -2.2204E-16
1576.0          7.7716E-16
1577.0          4.4409E-16
1578.0          8.8818E-16
1579.0          1.1102E-15
1580.0          -2.2204E-16
1581.0          -8.8818E-16
1582.0          3.3307E-16
1583.0          5.3291E-15
1584.0          2.6645E-15
1585.0          -2.2204E-16
1586.0          3.3307E-16
1587.0          2.6645E-15
1588.0          3.3307E-16
1589.0          3.2196E-15
1590.0          -1.9984E-15
1591.0          2.4425E-15
1592.0          3.3307E-15
1593.0          4.2188E-15
1594.0          2.2204E-15
1595.0          -4.8850E-15
1596.0          3.3307E-15
1597.0          -1.3323E-15
1598.0          3.3307E-15
1599.0          3.7748E-15
1600.0          8.8818E-16
1601.0          1.9984E-15
1602.0          1.7764E-15
1603.0          -1.3323E-15
1604.0          6.4393E-15
1605.0          -2.2204E-16
1606.0          -4.6629E-15
1607.0          1.3323E-15
1608.0          -8.8818E-16
1609.0          -2.6645E-15
1610.0          1.8874E-15
1611.0          -2.6645E-15
1612.0          2.8866E-15
1613.0          -4.4409E-16
1614.0          0.0000
1615.0          1.6653E-15
1616.0          2.2204E-15
1617.0          -4.8850E-15
1618.0          -2.4425E-15
1619.0          4.4409E-15
1620.0          4.4409E-16
1621.0          2.4425E-15
1622.0          -8.8818E-16
1623.0          -1.1102E-15
1624.0          2.2204E-15
1625.0          8.8818E-16
1626.0          -2.6645E-15
1627.0          1.6653E-15
1628.0          7.7716E-16
1629.0          -8.8818E-16
1630.0          1.5543E-15
1631.0          -1.3323E-15
1632.0          2.9976E-15
1633.0          6.5503E-15
1634.0          -2.6645E-15
1635.0          1.9984E-15
1636.0          2.5535E-15
1637.0          4.4409E-16
1638.0          1.4433E-15
1639.0          2.2204E-16
1640.0          2.6645E-15
1641.0          -1.3323E-15
1642.0          5.4401E-15
1643.0          -2.6645E-15
1644.0          -3.7748E-15
1645.0          -4.6629E-15
1646.0          4.4409E-16
1647.0          3.3307E-15
1648.0          -3.5527E-15
1649.0          -1.7764E-15
1650.0          6.1062E-15
