1400.0          0.041064
1401.0          0.040601
1402.0          0.040152
1403.0          0.039718
1404.0          0.039298
1405.0          0.038893
1406.0          0.038501
1407.0          0.038124
1408.0          0.037761
1409.0          0.037412
1410.0          0.037078
1411.0          0.036757
1412.0          0.036450
1413.0          0.036157
1414.0          0.035878
1415.0          0.035613
1416.0          0.035361
1417.0          0.035123
1418.0          0.034899
1419.0          0.034688
1420.0          0.034490
1421.0          0.034305
1422.0          0.034134
1423.0          0.033976
1424.0          0.033830
1425.0          0.033697
1426.0          0.033577
1427.0          0.033470
1428.0          0.033375
1429.0          0.033292
1430.0          0.033221
1431.0          0.033163
1432.0          0.033116
1433.0          0.033081
1434.0          0.033058
1435.0          0.033046
1436.0          0.033045
1437.0          0.033056
1438.0          0.033078
1439.0          0.033110
1440.0          0.033154
1441.0          0.033208
1442.0          0.033273
1443.0          0.033348
1444.0          0.033433
1445.0          0.033529
1446.0          0.033635
1447.0          0.033751
1448.0          0.033878
1449.0          0.034015
1450.0          0.034161
1451.0          0.034319
1452.0          0.034487
1453.0          0.034666
1454.0          0.034857
1455.0          0.035059
1456.0          0.035274
1457.0          0.035503
1458.0          0.035747
1459.0          0.036006
1460.0          0.036284
1461.0          0.036582
1462.0          0.036903
1463.0          0.037251
1464.0          0.037631
1465.0          0.038047
1466.0          0.038508
1467.0          0.039022
1468.0          0.039600
1469.0          0.040259
1470.0          0.041016
1471.0          0.041896
1472.0          0.042932
1473.0          0.044165
1474.0          0.045653
1475.0          0.047470
1476.0          0.049721
1477.0          0.052548
1478.0          0.056151
1479.0          0.060816
1480.0          0.066958
1481.0          0.075192
1482.0          0.086455
1483.0          0.10220
1484.0          0.12475
1485.0          0.15787
1486.0          0.20776
1487.0          0.28445
1488.0          0.40263
1489.0          0.57643
1490.0          0.79313
1491.0          0.96721
1492.0          0.98608
1493.0          0.86430
1494.0          0.70451
1495.0          0.56716
1496.0          0.46366
1497.0          0.38829
1498.0          0.33326
1499.0          0.29244
1500.0          0.26158
1501.0          0.23781
1502.0          0.21917
1503.0          0.20433
1504.0          0.19234
1505.0          0.18256
1506.0          0.17449
1507.0          0.16777
1508.0          0.16214
1509.0          0.15740
1510.0          0.15339
1511.0          0.14998
1512.0          0.14708
1513.0          0.14461
1514.0          0.14250
1515.0          0.14071
1516.0          0.13919
1517.0          0.13790
1518.0          0.13682
1519.0          0.13592
1520.0          0.13518
1521.0          0.13459
1522.0          0.13412
1523.0          0.13376
1524.0          0.13351
1525.0          0.13335
1526.0          0.13328
1527.0          0.13328
1528.0          0.13335
1529.0          0.13348
1530.0          0.13368
1531.0          0.13392
1532.0          0.13422
1533.0          0.13456
1534.0          0.13494
1535.0          0.13536
1536.0          0.13582
1537.0          0.13631
1538.0          0.13684
1539.0          0.13739
1540.0          0.13797
1541.0          0.13857
1542.0          0.13921
1543.0          0.13986
1544.0          0.14053
1545.0          0.14123
1546.0          0.14194
1547.0          0.14267
1548.0          0.14342
1549.0          0.14419
1550.0          0.14497
1551.0          0.14576
1552.0          0.14657
1553.0          0.14739
1554.0          0.14822
1555.0          0.14907
1556.0          0.14992
1557.0          0.15079
1558.0          0.15167
1559.0          0.15255
1560.0          0.15345
1561.0          0.15435
1562.0          0.15527
1563.0          0.15619
1564.0          0.15711
1565.0          0.15805
1566.0          0.15899
1567.0          0.15994
1568.0          0.16089
1569.0          0.16185
1570.0          0.16282
1571.0          0.16379
1572.0          0.16477
1573.0          0.16575
1574.0          0.16673
1575.0          0.16772
1576.0          0.16872
1577.0          0.16972
1578.0          0.17072
1579.0          0.17172
1580.0          0.17273
1581.0          0.17375
1582.0          0.17476
1583.0          0.17578
1584.0          0.17680
1585.0          0.17782
1586.0          0.17885
1587.0          0.17988
1588.0          0.18091
1589.0          0.18194
1590.0          0.18298
1591.0          0.18401
1592.0          0.18505
1593.0          0.18609
1594.0          0.18713
1595.0          0.18818
1596.0          0.18922
1597.0          0.19027
1598.0          0.19131
1599.0          0.19236
1600.0          0.19341
1601.0          0.19445
1602.0          0.19550
1603.0          0.19655
1604.0          0.19760
1605.0          0.19865
1606.0          0.19970
1607.0          0.20075
1608.0          0.20180
1609.0          0.20286
1610.0          0.20391
1611.0          0.20496
1612.0          0.20601
1613.0          0.20706
1614.0          0.20811
1615.0          0.20916
1616.0          0.21021
1617.0          0.21126
1618.0          0.21231
1619.0          0.21335
1620.0          0.21440
1621.0          0.21545
1622.0          0.21649
1623.0          0.21754
1624.0          0.21858
1625.0          0.21963
1626.0          0.22067
1627.0          0.22171
1628.0          0.22275
1629.0          0.22379
1630.0          0.22483
1631.0          0.22586
1632.0          0.22690
1633.0          0.22793
1634.0          0.22897
1635.0          0.23000
1636.0          0.23103
1637.0          0.23206
1638.0          0.23308
1639.0          0.23411
1640.0          0.23513
1641.0          0.23616
1642.0          0.23718
1643.0          0.23820
1644.0          0.23922
1645.0          0.24023
1646.0          0.24125
1647.0          0.24226
1648.0          0.24327
1649.0          0.24428
1650.0          0.24529
1400.0          0.95894
1401.0          0.95940
1402.0          0.95985
1403.0          0.96028
1404.0          0.96070
1405.0          0.96111
1406.0          0.96150
1407.0          0.96188
1408.0          0.96224
1409.0          0.96259
1410.0          0.96292
1411.0          0.96324
1412.0          0.96355
1413.0          0.96384
1414.0          0.96412
1415.0          0.96439
1416.0          0.96464
1417.0          0.96488
1418.0          0.96510
1419.0          0.96531
1420.0          0.96551
1421.0          0.96569
1422.0          0.96587
1423.0          0.96602
1424.0          0.96617
1425.0          0.96630
1426.0          0.96642
1427.0          0.96653
1428.0          0.96663
1429.0          0.96671
1430.0          0.96678
1431.0          0.96684
1432.0          0.96688
1433.0          0.96692
1434.0          0.96694
1435.0          0.96695
1436.0          0.96695
1437.0          0.96694
1438.0          0.96692
1439.0          0.96689
1440.0          0.96685
1441.0          0.96679
1442.0          0.96673
1443.0          0.96665
1444.0          0.96657
1445.0          0.96647
1446.0          0.96636
1447.0          0.96625
1448.0          0.96612
1449.0          0.96599
1450.0          0.96584
1451.0          0.96568
1452.0          0.96551
1453.0          0.96533
1454.0          0.96514
1455.0          0.96494
1456.0          0.96473
1457.0          0.96450
1458.0          0.96425
1459.0          0.96399
1460.0          0.96372
1461.0          0.96342
1462.0          0.96310
1463.0          0.96275
1464.0          0.96237
1465.0          0.96195
1466.0          0.96149
1467.0          0.96098
1468.0          0.96040
1469.0          0.95974
1470.0          0.95898
1471.0          0.95810
1472.0          0.95707
1473.0          0.95583
1474.0          0.95435
1475.0          0.95253
1476.0          0.95028
1477.0          0.94745
1478.0          0.94385
1479.0          0.93918
1480.0          0.93304
1481.0          0.92481
1482.0          0.91354
1483.0          0.89780
1484.0          0.87525
1485.0          0.84213
1486.0          0.79224
1487.0          0.71555
1488.0          0.59737
1489.0          0.42357
1490.0          0.20687
1491.0          0.032794
1492.0          0.013924
1493.0          0.13570
1494.0          0.29549
1495.0          0.43284
1496.0          0.53634
1497.0          0.61171
1498.0          0.66674
1499.0          0.70756
1500.0          0.73842
1501.0          0.76219
1502.0          0.78083
1503.0          0.79567
1504.0          0.80766
1505.0          0.81744
1506.0          0.82551
1507.0          0.83223
1508.0          0.83786
1509.0          0.84260
1510.0          0.84661
1511.0          0.85002
1512.0          0.85292
1513.0          0.85539
1514.0          0.85750
1515.0          0.85929
1516.0          0.86081
1517.0          0.86210
1518.0          0.86318
1519.0          0.86408
1520.0          0.86482
1521.0          0.86541
1522.0          0.86588
1523.0          0.86624
1524.0          0.86649
1525.0          0.86665
1526.0          0.86672
1527.0          0.86672
1528.0          0.86665
1529.0          0.86652
1530.0          0.86632
1531.0          0.86608
1532.0          0.86578
1533.0          0.86544
1534.0          0.86506
1535.0          0.86464
1536.0          0.86418
1537.0          0.86369
1538.0          0.86316
1539.0          0.86261
1540.0          0.86203
1541.0          0.86143
1542.0          0.86079
1543.0          0.86014
1544.0          0.85947
1545.0          0.85877
1546.0          0.85806
1547.0          0.85733
1548.0          0.85658
1549.0          0.85581
1550.0          0.85503
1551.0          0.85424
1552.0          0.85343
1553.0          0.85261
1554.0          0.85178
1555.0          0.85093
1556.0          0.85008
1557.0          0.84921
1558.0          0.84833
1559.0          0.84745
1560.0          0.84655
1561.0          0.84565
1562.0          0.84473
1563.0          0.84381
1564.0          0.84289
1565.0          0.84195
1566.0          0.84101
1567.0          0.84006
1568.0          0.83911
1569.0          0.83815
1570.0          0.83718
1571.0          0.83621
1572.0          0.83523
1573.0          0.83425
1574.0          0.83327
1575.0          0.83228
1576.0          0.83128
1577.0          0.83028
1578.0          0.82928
1579.0          0.82828
1580.0          0.82727
1581.0          0.82625
1582.0          0.82524
1583.0          0.82422
1584.0          0.82320
1585.0          0.82218
1586.0          0.82115
1587.0          0.82012
1588.0          0.81909
1589.0          0.81806
1590.0          0.81702
1591.0          0.81599
1592.0          0.81495
1593.0          0.81391
1594.0          0.81287
1595.0          0.81182
1596.0          0.81078
1597.0          0.80973
1598.0          0.80869
1599.0          0.80764
1600.0          0.80659
1601.0          0.80555
1602.0          0.80450
1603.0          0.80345
1604.0          0.80240
1605.0          0.80135
1606.0          0.80030
1607.0          0.79925
1608.0          0.79820
1609.0          0.79714
1610.0          0.79609
1611.0          0.79504
1612.0          0.79399
1613.0          0.79294
1614.0          0.79189
1615.0          0.79084
1616.0          0.78979
1617.0          0.78874
1618.0          0.78769
1619.0          0.78665
1620.0          0.78560
1621.0          0.78455
1622.0          0.78351
1623.0          0.78246
1624.0          0.78142
1625.0          0.78037
1626.0          0.77933
1627.0          0.77829
1628.0          0.77725
1629.0          0.77621
1630.0          0.77517
1631.0          0.77414
1632.0          0.77310
1633.0          0.77207
1634.0          0.77103
1635.0          0.77000
1636.0          0.76897
1637.0          0.76794
1638.0          0.76692
1639.0          0.76589
1640.0          0.76487
1641.0          0.76384
1642.0          0.76282
1643.0          0.76180
1644.0          0.76078
1645.0          0.75977
1646.0          0.75875
1647.0          0.75774
1648.0          0.75673
1649.0          0.75572
1650.0          0.75471
1400.0          1.0000
1401.0          1.0000
1402.0          1.0000
1403.0          1.0000
1404.0          1.0000
1405.0          1.0000
1406.0          1.0000
1407.0          1.0000
1408.0          1.0000
1409.0          1.0000
1410.0          1.0000
1411.0          1.0000
1412.0          1.0000
1413.0          1.0000
1414.0          1.0000
1415.0          1.0000
1416.0          1.0000
1417.0          1.0000
1418.0          1.0000
1419.0          1.0000
1420.0          1.0000
1421.0          1.0000
1422.0          1.0000
1423.0          1.0000
1424.0          1.0000
1425.0          1.0000
1426.0          1.0000
1427.0          1.0000
1428.0          1.0000
1429.0          1.0000
1430.0          1.0000
1431.0          1.0000
1432.0          1.0000
1433.0          1.0000
1434.0          1.0000
1435.0          1.0000
1436.0          1.0000
1437.0          1.0000
1438.0          1.0000
1439.0          1.0000
1440.0          1.0000
1441.0          1.0000
1442.0          1.0000
1443.0          1.0000
1444.0          1.0000
1445.0          1.0000
1446.0          1.0000
1447.0          1.0000
1448.0          1.0000
1449.0          1.0000
1450.0          1.0000
1451.0          1.0000
1452.0          1.0000
1453.0          1.0000
1454.0          1.0000
1455.0          1.0000
1456.0          1.0000
1457.0          1.0000
1458.0          1.0000
1459.0          1.0000
1460.0          1.0000
1461.0          1.0000
1462.0          1.0000
1463.0          1.0000
1464.0          1.0000
1465.0          1.0000
1466.0          1.0000
1467.0          1.0000
1468.0          1.0000
1469.0          1.0000
1470.0          1.0000
1471.0          1.0000
1472.0          1.0000
1473.0          1.0000
1474.0          1.0000
1475.0          1.0000
1476.0          1.0000
1477.0          1.0000
1478.0          1.0000
1479.0          1.0000
1480.0          1.0000
1481.0          1.0000
1482.0          1.0000
1483.0          1.0000
1484.0          1.0000
1485.0          1.0000
1486.0          1.0000
1487.0          1.0000
1488.0          1.0000
1489.0          1.0000
1490.0          1.0000
1491.0          1.0000
1492.0          1.0000
1493.0          1.0000
1494.0          1.0000
1495.0          1.0000
1496.0          1.0000
1497.0          1.0000
1498.0          1.0000
1499.0          1.0000
1500.0          1.0000
1501.0          1.0000
1502.0          1.0000
1503.0          1.0000
1504.0          1.0000
1505.0          1.0000
1506.0          1.0000
1507.0          1.0000
1508.0          1.0000
1509.0          1.0000
1510.0          1.0000
1511.0          1.0000
1512.0          1.0000
1513.0          1.0000
1514.0          1.0000
1515.0          1.0000
1516.0          1.0000
1517.0          1.0000
1518.0          1.0000
1519.0          1.0000
1520.0          1.0000
1521.0          1.0000
1522.0          1.0000
1523.0          1.0000
1524.0          1.0000
1525.0          1.0000
1526.0          1.0000
1527.0          1.0000
1528.0          1.0000
1529.0          1.0000
1530.0          1.0000
1531.0          1.0000
1532.0          1.0000
1533.0          1.0000
1534.0          1.0000
1535.0          1.0000
1536.0          1.0000
1537.0          1.0000
1538.0          1.0000
1539.0          1.0000
1540.0          1.0000
1541.0          1.0000
1542.0          1.0000
1543.0          1.0000
1544.0          1.0000
1545.0          1.0000
1546.0          1.0000
1547.0          1.0000
1548.0          1.0000
1549.0          1.0000
1550.0          1.0000
1551.0          1.0000
1552.0          1.0000
1553.0          1.0000
1554.0          1.0000
1555.0          1.0000
1556.0          1.0000
1557.0          1.0000
1558.0          1.0000
1559.0          1.0000
1560.0          1.0000
1561.0          1.0000
1562.0          1.0000
1563.0          1.0000
1564.0          1.0000
1565.0          1.0000
1566.0          1.0000
1567.0          1.0000
1568.0          1.0000
1569.0          1.0000
1570.0          1.0000
1571.0          1.0000
1572.0          1.0000
1573.0          1.0000
1574.0          1.0000
1575.0          1.0000
1576.0          1.0000
1577.0          1.0000
1578.0          1.0000
1579.0          1.0000
1580.0          1.0000
1581.0          1.0000
1582.0          1.0000
1583.0          1.0000
1584.0          1.0000
1585.0          1.0000
1586.0          1.0000
1587.0          1.0000
1588.0          1.0000
1589.0          1.0000
1590.0          1.0000
1591.0          1.0000
1592.0          1.0000
1593.0          1.0000
1594.0          1.0000
1595.0          1.0000
1596.0          1.0000
1597.0          1.0000
1598.0          1.0000
1599.0          1.0000
1600.0          1.0000
1601.0          1.0000
1602.0          1.0000
1603.0          1.0000
1604.0          1.0000
1605.0          1.0000
1606.0          1.0000
1607.0          1.0000
1608.0          1.0000
1609.0          1.0000
1610.0          1.0000
1611.0          1.0000
1612.0          1.0000
1613.0          1.0000
1614.0          1.0000
1615.0          1.0000
1616.0          1.0000
1617.0          1.0000
1618.0          1.0000
1619.0          1.0000
1620.0          1.0000
1621.0          1.0000
1622.0          1.0000
1623.0          1.0000
1624.0          1.0000
1625.0          1.0000
1626.0          1.0000
1627.0          1.0000
1628.0          1.0000
1629.0          1.0000
1630.0          1.0000
1631.0          1.0000
1632.0          1.0000
1633.0          1.0000
1634.0          1.0000
1635.0          1.0000
1636.0          1.0000
1637.0          1.0000
1638.0          1.0000
1639.0          1.0000
1640.0          1.0000
1641.0          1.0000
1642.0          1.0000
1643.0          1.0000
1644.0          1.0000
1645.0          1.0000
1646.0          1.0000
1647.0          1.0000
1648.0          1.0000
1649.0          1.0000
1650.0          1.0000
1400.0          2.5535E-15
1401.0          -6.6613E-16
1402.0          0.0000
1403.0          -2.2204E-16
1404.0          8.8818E-16
1405.0          1.2212E-15
1406.0          -2.2204E-16
1407.0          -2.2204E-16
1408.0          1.8874E-15
1409.0          1.6653E-15
1410.0          4.4409E-16
1411.0          1.9984E-15
1412.0          -2.6645E-15
1413.0          0.0000
1414.0          -2.2204E-16
1415.0          -2.8866E-15
1416.0          1.9984E-15
1417.0          1.1102E-15
1418.0          0.0000
1419.0          1.1102E-16
1420.0          1.2212E-15
1421.0          -1.7764E-15
1422.0          -1.9984E-15
1423.0          -1.7764E-15
1424.0          -2.2204E-16
1425.0          -4.4409E-16
1426.0          1.1102E-15
1427.0          7.7716E-16
1428.0          -2.4425E-15
1429.0          -8.8818E-16
1430.0          -1.3323E-15
1431.0          9.9920E-16
1432.0          1.7764E-15
1433.0          -1.5543E-15
1434.0          1.3323E-15
1435.0          2.2204E-15
1436.0          2.2204E-16
1437.0          7.7716E-16
1438.0          2.2204E-16
1439.0          7.7716E-16
1440.0          -2.2204E-16
1441.0          -1.1102E-15
1442.0          1.9984E-15
1443.0          -1.3323E-15
1444.0          -3.5527E-15
1445.0          -1.3323E-15
1446.0          6.6613E-16
1447.0          6.6613E-16
1448.0          -1.7764E-15
1449.0          -1.3323E-15
1450.0          -6.6613E-16
1451.0          -4.4409E-15
1452.0          1.1102E-16
1453.0          2.9976E-15
1454.0          1.7764E-15
1455.0          -6.6613E-16
1456.0          3.8858E-15
1457.0          -1.1102E-15
1458.0          3.6637E-15
1459.0          -1.3323E-15
1460.0          3.3307E-16
1461.0          -2.8866E-15
1462.0          4.4409E-16
1463.0          5.5511E-16
1464.0          -3.1086E-15
1465.0          1.7764E-15
1466.0          -2.4425E-15
1467.0          -6.6613E-16
1468.0          -6.6613E-16
1469.0          -8.8818E-16
1470.0          0.0000
1471.0          -1.5543E-15
1472.0          1.1102E-16
1473.0          -1.7764E-15
1474.0          8.8818E-16
1475.0          -3.5527E-15
1476.0          -2.4425E-15
1477.0          1.8874E-15
1478.0          -6.6613E-16
1479.0          1.8874E-15
1480.0          2.4425E-15
1481.0          -3.9968E-15
1482.0          -5.5511E-15
1483.0          6.6613E-16
1484.0          -5.3291E-15
1485.0          2.4425E-15
1486.0          6.6613E-16
1487.0          -2.8866E-15
1488.0          6.4393E-15
1489.0          -1.0658E-14
1490.0          1.5987E-14
1491.0          1.3545E-14
1492.0          -1.3767E-14
1493.0          -1.3545E-14
1494.0          2.0539E-14
1495.0          -2.8866E-15
1496.0          2.1094E-15
1497.0          -1.7764E-15
1498.0          -2.2204E-15
1499.0          -1.3323E-15
1500.0          2.6645E-15
1501.0          1.1102E-15
1502.0          -4.6629E-15
1503.0          -2.8866E-15
1504.0          2.9976E-15
1505.0          -1.7764E-15
1506.0          2.2204E-15
1507.0          8.8818E-16
1508.0          -2.2204E-15
1509.0          -1.9984E-15
1510.0          0.0000
1511.0          5.5511E-16
1512.0          -4.8850E-15
1513.0          -2.6645E-15
1514.0          0.0000
1515.0          1.2212E-15
1516.0          -8.8818E-16
1517.0          6.6613E-16
1518.0          3.3307E-16
1519.0          -1.9984E-15
1520.0          -2.2204E-16
1521.0          0.0000
1522.0          2.6645E-15
1523.0          7.7716E-16
1524.0          0.0000
1525.0          1.3323E-15
1526.0          0.0000
1527.0          -6.6613E-16
1528.0          -1.1102E-15
1529.0          1.1102E-15
1530.0          -1.1102E-15
1531.0          -2.2204E-16
1532.0          1.6653E-15
1533.0          1.2212E-15
1534.0          -2.6645E-15
1535.0          0.0000
1536.0          -1.3323E-15
1537.0          -1.1102E-15
1538.0          -1.5543E-15
1539.0          9.9920E-16
1540.0          7.7716E-16
1541.0          1.5543E-15
1542.0          3.3307E-16
1543.0          -1.3323E-15
1544.0          -2.2204E-16
1545.0          5.5511E-16
1546.0          1.2212E-15
1547.0          1.1102E-16
1548.0          2.4425E-15
1549.0          3.1086E-15
1550.0          -2.2204E-16
1551.0          1.2212E-15
1552.0          -1.3323E-15
1553.0          3.3307E-16
1554.0          -4.2188E-15
1555.0          2.5535E-15
1556.0          -4.4409E-16
1557.0          -6.6613E-16
1558.0          3.5527E-15
1559.0          -6.6613E-16
1560.0          1.5543E-15
1561.0          -6.6613E-16
1562.0          -2.2204E-16
1563.0          -3.9968E-15
1564.0          -2.2204E-15
1565.0          1.1102E-16
1566.0          -2.2204E-15
1567.0          4.4409E-16
1568.0          8.8818E-16
1569.0          -5.1070E-15
1570.0          1.9984E-15
1571.0          -2.4425E-15
1572.0          -2.2204E-15
1573.0          4.4409E-15
1574.0          6.6613E-16
1575.0          -8.8818E-16
1576.0          -1.5543E-15
1577.0          1.1102E-15
1578.0          2.7756E-15
1579.0          4.4409E-15
1580.0          -6.6613E-16
1581.0          -1.9984E-15
1582.0          9.9920E-16
1583.0          9.9920E-16
1584.0          2.1094E-15
1585.0          2.6645E-15
1586.0          2.2204E-15
1587.0          -2.2204E-16
1588.0          2.3315E-15
1589.0          -1.3323E-15
1590.0          -8.8818E-16
1591.0          -6.6613E-16
1592.0          3.7748E-15
1593.0          1.5543E-15
1594.0          1.7764E-15
1595.0          1.5543E-15
1596.0          3.4417E-15
1597.0          7.7716E-16
1598.0          2.2204E-16
1599.0          4.1078E-15
1600.0          9.9920E-16
1601.0          0.0000
1602.0          -3.5527E-15
1603.0          -2.2204E-16
1604.0          -4.4409E-16
1605.0          2.6645E-15
1606.0          1.1102E-15
1607.0          -3.5527E-15
1608.0          1.1102E-15
1609.0          -4.4409E-16
1610.0          2.7756E-15
1611.0          -6.6613E-16
1612.0          1.6653E-15
1613.0          -2.8866E-15
1614.0          3.9968E-15
1615.0          -4.4409E-16
1616.0          2.8866E-15
1617.0          4.2188E-15
1618.0          5.5511E-16
1619.0          -8.8818E-16
1620.0          4.2188E-15
1621.0          2.2204E-15
1622.0          -2.2204E-16
1623.0          -2.2204E-16
1624.0          -1.9984E-15
1625.0          2.5535E-15
1626.0          -2.2204E-16
1627.0          3.1086E-15
1628.0          6.6613E-16
1629.0          -1.5543E-15
1630.0          0.0000
1631.0          -3.5527E-15
1632.0          -1.7764E-15
1633.0          -1.3323E-15
1634.0          1.1102E-15
1635.0          2.7756E-15
1636.0          6.6613E-16
1637.0          -1.7764E-15
1638.0          7.7716E-16
1639.0          4.1078E-15
1640.0          3.8858E-15
1641.0          1.2212E-15
1642.0          -2.2204E-15
1643.0          1.5543E-15
1644.0          -3.1086E-15
1645.0          6.6613E-16
1646.0          -4.2188E-15
1647.0          -1.5543E-15
1648.0          -6.6613E-16
1649.0          1.4433E-15
1650.0          -8.8818E-16
