1400.0          0.18830
1401.0          0.18684
1402.0          0.18539
1403.0          0.18394
1404.0          0.18249
1405.0          0.18105
1406.0          0.17961
1407.0          0.17818
1408.0          0.17675
1409.0          0.17532
1410.0          0.17390
1411.0          0.17248
1412.0          0.17107
1413.0          0.16967
1414.0          0.16827
1415.0          0.16688
1416.0          0.16549
1417.0          0.16411
1418.0          0.16274
1419.0          0.16137
1420.0          0.16001
1421.0          0.15866
1422.0          0.15732
1423.0          0.15598
1424.0          0.15466
1425.0          0.15334
1426.0          0.15203
1427.0          0.15073
1428.0          0.14944
1429.0          0.14816
1430.0          0.14689
1431.0          0.14563
1432.0          0.14439
1433.0          0.14316
1434.0          0.14193
1435.0          0.14073
1436.0          0.13953
1437.0          0.13835
1438.0          0.13719
1439.0          0.13604
1440.0          0.13491
1441.0          0.13379
1442.0          0.13270
1443.0          0.13162
1444.0          0.13057
1445.0          0.12953
1446.0          0.12852
1447.0          0.12754
1448.0          0.12658
1449.0          0.12566
1450.0          0.12476
1451.0          0.12390
1452.0          0.12308
1453.0          0.12229
1454.0          0.12155
1455.0          0.12087
1456.0          0.12024
1457.0          0.11967
1458.0          0.11917
1459.0          0.11875
1460.0          0.11842
1461.0          0.11820
1462.0          0.11810
1463.0          0.11814
1464.0          0.11836
1465.0          0.11879
1466.0          0.11948
1467.0          0.12049
1468.0          0.12191
1469.0          0.12386
1470.0          0.12653
1471.0          0.13019
1472.0          0.13526
1473.0          0.14248
1474.0          0.15315
1475.0          0.16987
1476.0          0.19857
1477.0          0.25567
1478.0          0.40223
1479.0          0.88972
1480.0          0.33705
1481.0          0.040762
1482.0          0.019710
1483.0          0.023328
1484.0          0.028997
1485.0          0.033868
1486.0          0.037707
1487.0          0.040677
1488.0          0.042967
1489.0          0.044734
1490.0          0.046095
1491.0          0.047136
1492.0          0.047926
1493.0          0.048512
1494.0          0.048935
1495.0          0.049223
1496.0          0.049400
1497.0          0.049486
1498.0          0.049495
1499.0          0.049440
1500.0          0.049331
1501.0          0.049177
1502.0          0.048984
1503.0          0.048758
1504.0          0.048505
1505.0          0.048229
1506.0          0.047933
1507.0          0.047621
1508.0          0.047296
1509.0          0.046959
1510.0          0.046614
1511.0          0.046262
1512.0          0.045904
1513.0          0.045543
1514.0          0.045179
1515.0          0.044814
1516.0          0.044448
1517.0          0.044083
1518.0          0.043719
1519.0          0.043357
1520.0          0.042998
1521.0          0.042643
1522.0          0.042292
1523.0          0.041945
1524.0          0.041604
1525.0          0.041268
1526.0          0.040937
1527.0          0.040613
1528.0          0.040296
1529.0          0.039986
1530.0          0.039682
1531.0          0.039386
1532.0          0.039098
1533.0          0.038817
1534.0          0.038545
1535.0          0.038281
1536.0          0.038025
1537.0          0.037778
1538.0          0.037539
1539.0          0.037310
1540.0          0.037089
1541.0          0.036877
1542.0          0.036675
1543.0          0.036482
1544.0          0.036298
1545.0          0.036124
1546.0          0.035959
1547.0          0.035803
1548.0          0.035658
1549.0          0.035522
1550.0          0.035396
1551.0          0.035279
1552.0          0.035173
1553.0          0.035076
1554.0          0.034989
1555.0          0.034913
1556.0          0.034846
1557.0          0.034789
1558.0          0.034742
1559.0          0.034705
1560.0          0.034678
1561.0          0.034661
1562.0          0.034654
1563.0          0.034657
1564.0          0.034670
1565.0          0.034693
1566.0          0.034726
1567.0          0.034769
1568.0          0.034822
1569.0          0.034885
1570.0          0.034958
1571.0          0.035041
1572.0          0.035134
1573.0          0.035236
1574.0          0.035349
1575.0          0.035471
1576.0          0.035603
1577.0          0.035745
1578.0          0.035897
1579.0          0.036058
1580.0          0.036230
1581.0          0.036410
1582.0          0.036601
1583.0          0.036801
1584.0          0.037010
1585.0          0.037229
1586.0          0.037458
1587.0          0.037696
1588.0          0.037943
1589.0          0.038200
1590.0          0.038466
1591.0          0.038741
1592.0          0.039025
1593.0          0.039319
1594.0          0.039622
1595.0          0.039933
1596.0          0.040254
1597.0          0.040584
1598.0          0.040922
1599.0          0.041270
1600.0          0.041626
1601.0          0.041991
1602.0          0.042365
1603.0          0.042748
1604.0          0.043139
1605.0          0.043538
1606.0          0.043946
1607.0          0.044363
1608.0          0.044788
1609.0          0.045221
1610.0          0.045662
1611.0          0.046112
1612.0          0.046570
1613.0          0.047036
1614.0          0.047510
1615.0          0.047991
1616.0          0.048481
1617.0          0.048979
1618.0          0.049484
1619.0          0.049997
1620.0          0.050518
1621.0          0.051046
1622.0          0.051582
1623.0          0.052125
1624.0          0.052676
1625.0          0.053234
1626.0          0.053799
1627.0          0.054372
1628.0          0.054952
1629.0          0.055538
1630.0          0.056132
1631.0          0.056733
1632.0          0.057341
1633.0          0.057955
1634.0          0.058576
1635.0          0.059204
1636.0          0.059839
1637.0          0.060480
1638.0          0.061128
1639.0          0.061782
1640.0          0.062442
1641.0          0.063109
1642.0          0.063782
1643.0          0.064461
1644.0          0.065147
1645.0          0.065838
1646.0          0.066535
1647.0          0.067239
1648.0          0.067948
1649.0          0.068663
1650.0          0.069383
1400.0          0.81170
1401.0          0.81316
1402.0          0.81461
1403.0          0.81606
1404.0          0.81751
1405.0          0.81895
1406.0          0.82039
1407.0          0.82182
1408.0          0.82325
1409.0          0.82468
1410.0          0.82610
1411.0          0.82752
1412.0          0.82893
1413.0          0.83033
1414.0          0.83173
1415.0          0.83312
1416.0          0.83451
1417.0          0.83589
1418.0          0.83726
1419.0          0.83863
1420.0          0.83999
1421.0          0.84134
1422.0          0.84268
1423.0          0.84402
1424.0          0.84534
1425.0          0.84666
1426.0          0.84797
1427.0          0.84927
1428.0          0.85056
1429.0          0.85184
1430.0          0.85311
1431.0          0.85437
1432.0          0.85561
1433.0          0.85684
1434.0          0.85807
1435.0          0.85927
1436.0          0.86047
1437.0          0.86165
1438.0          0.86281
1439.0          0.86396
1440.0          0.86509
1441.0          0.86621
1442.0          0.86730
1443.0          0.86838
1444.0          0.86943
1445.0          0.87047
1446.0          0.87148
1447.0          0.87246
1448.0          0.87342
1449.0          0.87434
1450.0          0.87524
1451.0          0.87610
1452.0          0.87692
1453.0          0.87771
1454.0          0.87845
1455.0          0.87913
1456.0          0.87976
1457.0          0.88033
1458.0          0.88083
1459.0          0.88125
1460.0          0.88158
1461.0          0.88180
1462.0          0.88190
1463.0          0.88186
1464.0          0.88164
1465.0          0.88121
1466.0          0.88052
1467.0          0.87951
1468.0          0.87809
1469.0          0.87614
1470.0          0.87347
1471.0          0.86981
1472.0          0.86474
1473.0          0.85752
1474.0          0.84685
1475.0          0.83013
1476.0          0.80143
1477.0          0.74433
1478.0          0.59777
1479.0          0.11028
1480.0          0.66295
1481.0          0.95924
1482.0          0.98029
1483.0          0.97667
1484.0          0.97100
1485.0          0.96613
1486.0          0.96229
1487.0          0.95932
1488.0          0.95703
1489.0          0.95527
1490.0          0.95391
1491.0          0.95286
1492.0          0.95207
1493.0          0.95149
1494.0          0.95107
1495.0          0.95078
1496.0          0.95060
1497.0          0.95051
1498.0          0.95050
1499.0          0.95056
1500.0          0.95067
1501.0          0.95082
1502.0          0.95102
1503.0          0.95124
1504.0          0.95150
1505.0          0.95177
1506.0          0.95207
1507.0          0.95238
1508.0          0.95270
1509.0          0.95304
1510.0          0.95339
1511.0          0.95374
1512.0          0.95410
1513.0          0.95446
1514.0          0.95482
1515.0          0.95519
1516.0          0.95555
1517.0          0.95592
1518.0          0.95628
1519.0          0.95664
1520.0          0.95700
1521.0          0.95736
1522.0          0.95771
1523.0          0.95805
1524.0          0.95840
1525.0          0.95873
1526.0          0.95906
1527.0          0.95939
1528.0          0.95970
1529.0          0.96001
1530.0          0.96032
1531.0          0.96061
1532.0          0.96090
1533.0          0.96118
1534.0          0.96146
1535.0          0.96172
1536.0          0.96198
1537.0          0.96222
1538.0          0.96246
1539.0          0.96269
1540.0          0.96291
1541.0          0.96312
1542.0          0.96333
1543.0          0.96352
1544.0          0.96370
1545.0          0.96388
1546.0          0.96404
1547.0          0.96420
1548.0          0.96434
1549.0          0.96448
1550.0          0.96460
1551.0          0.96472
1552.0          0.96483
1553.0          0.96492
1554.0          0.96501
1555.0          0.96509
1556.0          0.96515
1557.0          0.96521
1558.0          0.96526
1559.0          0.96530
1560.0          0.96532
1561.0          0.96534
1562.0          0.96535
1563.0          0.96534
1564.0          0.96533
1565.0          0.96531
1566.0          0.96527
1567.0          0.96523
1568.0          0.96518
1569.0          0.96511
1570.0          0.96504
1571.0          0.96496
1572.0          0.96487
1573.0          0.96476
1574.0          0.96465
1575.0          0.96453
1576.0          0.96440
1577.0          0.96425
1578.0          0.96410
1579.0          0.96394
1580.0          0.96377
1581.0          0.96359
1582.0          0.96340
1583.0          0.96320
1584.0          0.96299
1585.0          0.96277
1586.0          0.96254
1587.0          0.96230
1588.0          0.96206
1589.0          0.96180
1590.0          0.96153
1591.0          0.96126
1592.0          0.96097
1593.0          0.96068
1594.0          0.96038
1595.0          0.96007
1596.0          0.95975
1597.0          0.95942
1598.0          0.95908
1599.0          0.95873
1600.0          0.95837
1601.0          0.95801
1602.0          0.95763
1603.0          0.95725
1604.0          0.95686
1605.0          0.95646
1606.0          0.95605
1607.0          0.95564
1608.0          0.95521
1609.0          0.95478
1610.0          0.95434
1611.0          0.95389
1612.0          0.95343
1613.0          0.95296
1614.0          0.95249
1615.0          0.95201
1616.0          0.95152
1617.0          0.95102
1618.0          0.95052
1619.0          0.95000
1620.0          0.94948
1621.0          0.94895
1622.0          0.94842
1623.0          0.94787
1624.0          0.94732
1625.0          0.94677
1626.0          0.94620
1627.0          0.94563
1628.0          0.94505
1629.0          0.94446
1630.0          0.94387
1631.0          0.94327
1632.0          0.94266
1633.0          0.94204
1634.0          0.94142
1635.0          0.94080
1636.0          0.94016
1637.0          0.93952
1638.0          0.93887
1639.0          0.93822
1640.0          0.93756
1641.0          0.93689
1642.0          0.93622
1643.0          0.93554
1644.0          0.93485
1645.0          0.93416
1646.0          0.93346
1647.0          0.93276
1648.0          0.93205
1649.0          0.93134
1650.0          0.93062
1400.0          1.0000
1401.0          1.0000
1402.0          1.0000
1403.0          1.0000
1404.0          1.0000
1405.0          1.0000
1406.0          1.0000
1407.0          1.0000
1408.0          1.0000
1409.0          1.0000
1410.0          1.0000
1411.0          1.0000
1412.0          1.0000
1413.0          1.0000
1414.0          1.0000
1415.0          1.0000
1416.0          1.0000
1417.0          1.0000
1418.0          1.0000
1419.0          1.0000
1420.0          1.0000
1421.0          1.0000
1422.0          1.0000
1423.0          1.0000
1424.0          1.0000
1425.0          1.0000
1426.0          1.0000
1427.0          1.0000
1428.0          1.0000
1429.0          1.0000
1430.0          1.0000
1431.0          1.0000
1432.0          1.0000
1433.0          1.0000
1434.0          1.0000
1435.0          1.0000
1436.0          1.0000
1437.0          1.0000
1438.0          1.0000
1439.0          1.0000
1440.0          1.0000
1441.0          1.0000
1442.0          1.0000
1443.0          1.0000
1444.0          1.0000
1445.0          1.0000
1446.0          1.0000
1447.0          1.0000
1448.0          1.0000
1449.0          1.0000
1450.0          1.0000
1451.0          1.0000
1452.0          1.0000
1453.0          1.0000
1454.0          1.0000
1455.0          1.0000
1456.0          1.0000
1457.0          1.0000
1458.0          1.0000
1459.0          1.0000
1460.0          1.0000
1461.0          1.0000
1462.0          1.0000
1463.0          1.0000
1464.0          1.0000
1465.0          1.0000
1466.0          1.0000
1467.0          1.0000
1468.0          1.0000
1469.0          1.0000
1470.0          1.0000
1471.0          1.0000
1472.0          1.0000
1473.0          1.0000
1474.0          1.0000
1475.0          1.0000
1476.0          1.0000
1477.0          1.0000
1478.0          1.0000
1479.0          1.0000
1480.0          1.0000
1481.0          1.0000
1482.0          1.0000
1483.0          1.0000
1484.0          1.0000
1485.0          1.0000
1486.0          1.0000
1487.0          1.0000
1488.0          1.0000
1489.0          1.0000
1490.0          1.0000
1491.0          1.0000
1492.0          1.0000
1493.0          1.0000
1494.0          1.0000
1495.0          1.0000
1496.0          1.0000
1497.0          1.0000
1498.0          1.0000
1499.0          1.0000
1500.0          1.0000
1501.0          1.0000
1502.0          1.0000
1503.0          1.0000
1504.0          1.0000
1505.0          1.0000
1506.0          1.0000
1507.0          1.0000
1508.0          1.0000
1509.0          1.0000
1510.0          1.0000
1511.0          1.0000
1512.0          1.0000
1513.0          1.0000
1514.0          1.0000
1515.0          1.0000
1516.0          1.0000
1517.0          1.0000
1518.0          1.0000
1519.0          1.0000
1520.0          1.0000
1521.0          1.0000
1522.0          1.0000
1523.0          1.0000
1524.0          1.0000
1525.0          1.0000
1526.0          1.0000
1527.0          1.0000
1528.0          1.0000
1529.0          1.0000
1530.0          1.0000
1531.0          1.0000
1532.0          1.0000
1533.0          1.0000
1534.0          1.0000
1535.0          1.0000
1536.0          1.0000
1537.0          1.0000
1538.0          1.0000
1539.0          1.0000
1540.0          1.0000
1541.0          1.0000
1542.0          1.0000
1543.0          1.0000
1544.0          1.0000
1545.0          1.0000
1546.0          1.0000
1547.0          1.0000
1548.0          1.0000
1549.0          1.0000
1550.0          1.0000
1551.0          1.0000
1552.0          1.0000
1553.0          1.0000
1554.0          1.0000
1555.0          1.0000
1556.0          1.0000
1557.0          1.0000
1558.0          1.0000
1559.0          1.0000
1560.0          1.0000
1561.0          1.0000
1562.0          1.0000
1563.0          1.0000
1564.0          1.0000
1565.0          1.0000
1566.0          1.0000
1567.0          1.0000
1568.0          1.0000
1569.0          1.0000
1570.0          1.0000
1571.0          1.0000
1572.0          1.0000
1573.0          1.0000
1574.0          1.0000
1575.0          1.0000
1576.0          1.0000
1577.0          1.0000
1578.0          1.0000
1579.0          1.0000
1580.0          1.0000
1581.0          1.0000
1582.0          1.0000
1583.0          1.0000
1584.0          1.0000
1585.0          1.0000
1586.0          1.0000
1587.0          1.0000
1588.0          1.0000
1589.0          1.0000
1590.0          1.0000
1591.0          1.0000
1592.0          1.0000
1593.0          1.0000
1594.0          1.0000
1595.0          1.0000
1596.0          1.0000
1597.0          1.0000
1598.0          1.0000
1599.0          1.0000
1600.0          1.0000
1601.0          1.0000
1602.0          1.0000
1603.0          1.0000
1604.0          1.0000
1605.0          1.0000
1606.0          1.0000
1607.0          1.0000
1608.0          1.0000
1609.0          1.0000
1610.0          1.0000
1611.0          1.0000
1612.0          1.0000
1613.0          1.0000
1614.0          1.0000
1615.0          1.0000
1616.0          1.0000
1617.0          1.0000
1618.0          1.0000
1619.0          1.0000
1620.0          1.0000
1621.0          1.0000
1622.0          1.0000
1623.0          1.0000
1624.0          1.0000
1625.0          1.0000
1626.0          1.0000
1627.0          1.0000
1628.0          1.0000
1629.0          1.0000
1630.0          1.0000
1631.0          1.0000
1632.0          1.0000
1633.0          1.0000
1634.0          1.0000
1635.0          1.0000
1636.0          1.0000
1637.0          1.0000
1638.0          1.0000
1639.0          1.0000
1640.0          1.0000
1641.0          1.0000
1642.0          1.0000
1643.0          1.0000
1644.0          1.0000
1645.0          1.0000
1646.0          1.0000
1647.0          1.0000
1648.0          1.0000
1649.0          1.0000
1650.0          1.0000
1400.0          2.2204E-15
1401.0          1.1102E-15
1402.0          -2.2204E-16
1403.0          -3.5527E-15
1404.0          -2.2204E-15
1405.0          -4.6629E-15
1406.0          1.5543E-15
1407.0          2.2204E-16
1408.0          -8.8818E-16
1409.0          -4.4409E-16
1410.0          0.0000
1411.0          4.4409E-16
1412.0          2.3315E-15
1413.0          -1.3323E-15
1414.0          -1.9984E-15
1415.0          2.2204E-15
1416.0          1.3323E-15
1417.0          -3.9968E-15
1418.0          -3.7748E-15
1419.0          -8.8818E-16
1420.0          -4.8850E-15
1421.0          1.7764E-15
1422.0          4.4409E-16
1423.0          -4.8850E-15
1424.0          2.1094E-15
1425.0          -1.5543E-15
1426.0          -1.3323E-15
1427.0          -4.4409E-15
1428.0          -2.2204E-15
1429.0          5.5511E-15
1430.0          -2.2204E-16
1431.0          2.4425E-15
1432.0          2.6645E-15
1433.0          3.3307E-16
1434.0          -1.5543E-15
1435.0          2.2204E-15
1436.0          -4.4409E-16
1437.0          1.2212E-15
1438.0          2.8866E-15
1439.0          1.2212E-15
1440.0          1.1102E-15
1441.0          6.2172E-15
1442.0          2.4425E-15
1443.0          -2.2204E-16
1444.0          -5.3291E-15
1445.0          3.3307E-16
1446.0          -3.5527E-15
1447.0          0.0000
1448.0          0.0000
1449.0          2.5535E-15
1450.0          3.1086E-15
1451.0          1.3323E-15
1452.0          1.7764E-15
1453.0          -1.5543E-15
1454.0          -8.8818E-16
1455.0          1.9984E-15
1456.0          5.3291E-15
1457.0          2.1094E-15
1458.0          -1.5543E-15
1459.0          -1.1102E-15
1460.0          -6.6613E-16
1461.0          8.8818E-16
1462.0          -1.7764E-15
1463.0          1.1102E-15
1464.0          -8.8818E-16
1465.0          -2.8866E-15
1466.0          1.5543E-15
1467.0          1.8874E-15
1468.0          -6.6613E-16
1469.0          1.2212E-15
1470.0          -2.2204E-16
1471.0          1.1102E-16
1472.0          1.3323E-15
1473.0          0.0000
1474.0          -1.5543E-15
1475.0          -2.2204E-16
1476.0          -3.3307E-15
1477.0          -1.3323E-15
1478.0          -1.8430E-14
1479.0          -8.6153E-14
1480.0          1.0592E-13
1481.0          2.3759E-14
1482.0          -5.3291E-15
1483.0          3.3307E-16
1484.0          4.3299E-15
1485.0          4.8850E-15
1486.0          4.1078E-15
1487.0          -2.8866E-15
1488.0          -2.6645E-15
1489.0          -2.2204E-16
1490.0          9.9920E-16
1491.0          2.1094E-15
1492.0          -2.2204E-16
1493.0          -8.8818E-16
1494.0          -1.5543E-15
1495.0          -1.3323E-15
1496.0          7.7716E-16
1497.0          4.2188E-15
1498.0          2.9976E-15
1499.0          -2.2204E-16
1500.0          1.3323E-15
1501.0          3.8858E-15
1502.0          3.3307E-16
1503.0          -1.9984E-15
1504.0          3.4417E-15
1505.0          -2.2204E-16
1506.0          0.0000
1507.0          2.2204E-15
1508.0          -1.5543E-15
1509.0          -6.6613E-16
1510.0          -3.5527E-15
1511.0          -2.6645E-15
1512.0          5.5511E-16
1513.0          -2.2204E-16
1514.0          -2.2204E-16
1515.0          3.3307E-16
1516.0          8.8818E-16
1517.0          1.6653E-15
1518.0          -1.1102E-15
1519.0          1.3323E-15
1520.0          -2.6645E-15
1521.0          -4.4409E-16
1522.0          6.6613E-16
1523.0          -2.2204E-16
1524.0          4.4409E-16
1525.0          1.8874E-15
1526.0          8.8818E-16
1527.0          3.5527E-15
1528.0          -4.4409E-16
1529.0          -1.5543E-15
1530.0          -2.8866E-15
1531.0          1.9984E-15
1532.0          -1.3323E-15
1533.0          -1.5543E-15
1534.0          0.0000
1535.0          -2.4425E-15
1536.0          -1.5543E-15
1537.0          -6.6613E-16
1538.0          1.5543E-15
1539.0          -6.6613E-16
1540.0          -1.7764E-15
1541.0          4.4409E-16
1542.0          -4.4409E-16
1543.0          -2.4425E-15
1544.0          -1.7764E-15
1545.0          1.1102E-16
1546.0          -1.5543E-15
1547.0          -1.1102E-15
1548.0          6.6613E-16
1549.0          -2.2204E-15
1550.0          0.0000
1551.0          1.6653E-15
1552.0          1.3323E-15
1553.0          -1.7764E-15
1554.0          -2.4425E-15
1555.0          1.9984E-15
1556.0          5.5511E-16
1557.0          1.1102E-16
1558.0          1.1102E-16
1559.0          -3.9968E-15
1560.0          -1.1102E-15
1561.0          -3.9968E-15
1562.0          2.9976E-15
1563.0          2.2204E-16
1564.0          -6.6613E-16
1565.0          1.5543E-15
1566.0          2.1094E-15
1567.0          -2.2204E-15
1568.0          -2.2204E-15
1569.0          5.5511E-16
1570.0          1.5543E-15
1571.0          2.2204E-16
1572.0          2.3315E-15
1573.0          -2.2204E-16
1574.0          2.2204E-16
1575.0          -1.3323E-15
1576.0          -1.9984E-15
1577.0          4.4409E-16
1578.0          -1.3323E-15
1579.0          -1.3323E-15
1580.0          -4.4409E-16
1581.0          4.4409E-16
1582.0          1.9984E-15
1583.0          1.1102E-16
1584.0          4.4409E-16
1585.0          2.5535E-15
1586.0          5.5511E-16
1587.0          -1.1102E-15
1588.0          4.4409E-16
1589.0          5.5511E-16
1590.0          2.3315E-15
1591.0          1.1102E-15
1592.0          9.9920E-16
1593.0          -1.7764E-15
1594.0          -3.3307E-15
1595.0          -1.7764E-15
1596.0          1.2212E-15
1597.0          1.2212E-15
1598.0          -4.4409E-16
1599.0          1.7764E-15
1600.0          1.8874E-15
1601.0          3.6637E-15
1602.0          -8.8818E-16
1603.0          3.3307E-15
1604.0          1.1102E-15
1605.0          9.9920E-16
1606.0          0.0000
1607.0          8.8818E-16
1608.0          2.6645E-15
1609.0          2.2204E-15
1610.0          1.6653E-15
1611.0          1.9984E-15
1612.0          2.2204E-15
1613.0          -8.8818E-16
1614.0          2.2204E-16
1615.0          5.5511E-16
1616.0          5.5511E-16
1617.0          -6.6613E-16
1618.0          -2.2204E-15
1619.0          -2.2204E-16
1620.0          1.9984E-15
1621.0          -6.6613E-16
1622.0          1.1102E-15
1623.0          -4.4409E-16
1624.0          1.2212E-15
1625.0          -2.2204E-16
1626.0          1.3323E-15
1627.0          3.3307E-16
1628.0          3.1086E-15
1629.0          -2.2204E-15
1630.0          -2.6645E-15
1631.0          2.2204E-16
1632.0          -1.5543E-15
1633.0          -2.2204E-15
1634.0          1.1102E-15
1635.0          2.6645E-15
1636.0          0.0000
1637.0          -8.8818E-16
1638.0          -4.4409E-16
1639.0          2.5535E-15
1640.0          5.5511E-16
1641.0          3.9968E-15
1642.0          3.6637E-15
1643.0          1.3323E-15
1644.0          2.3315E-15
1645.0          -4.4409E-16
1646.0          -2.2204E-16
1647.0          6.6613E-16
1648.0          2.2204E-16
1649.0          2.7756E-15
1650.0          -3.7748E-15
