1400.0          0.082701
1401.0          0.081316
1402.0          0.079960
1403.0          0.078630
1404.0          0.077328
1405.0          0.076051
1406.0          0.074801
1407.0          0.073576
1408.0          0.072376
1409.0          0.071200
1410.0          0.070050
1411.0          0.068923
1412.0          0.067820
1413.0          0.066741
1414.0          0.065685
1415.0          0.064652
1416.0          0.063642
1417.0          0.062654
1418.0          0.061689
1419.0          0.060746
1420.0          0.059825
1421.0          0.058926
1422.0          0.058048
1423.0          0.057192
1424.0          0.056357
1425.0          0.055543
1426.0          0.054750
1427.0          0.053978
1428.0          0.053226
1429.0          0.052495
1430.0          0.051784
1431.0          0.051093
1432.0          0.050422
1433.0          0.049771
1434.0          0.049140
1435.0          0.048528
1436.0          0.047935
1437.0          0.047362
1438.0          0.046807
1439.0          0.046272
1440.0          0.045755
1441.0          0.045257
1442.0          0.044778
1443.0          0.044317
1444.0          0.043874
1445.0          0.043449
1446.0          0.043042
1447.0          0.042653
1448.0          0.042282
1449.0          0.041929
1450.0          0.041592
1451.0          0.041273
1452.0          0.040971
1453.0          0.040687
1454.0          0.040419
1455.0          0.040167
1456.0          0.039933
1457.0          0.039714
1458.0          0.039513
1459.0          0.039327
1460.0          0.039157
1461.0          0.039004
1462.0          0.038866
1463.0          0.038743
1464.0          0.038636
1465.0          0.038545
1466.0          0.038469
1467.0          0.038408
1468.0          0.038361
1469.0          0.038330
1470.0          0.038313
1471.0          0.038311
1472.0          0.038323
1473.0          0.038350
1474.0          0.038390
1475.0          0.038445
1476.0          0.038513
1477.0          0.038595
1478.0          0.038691
1479.0          0.038800
1480.0          0.038923
1481.0          0.039058
1482.0          0.039207
1483.0          0.039368
1484.0          0.039542
1485.0          0.039729
1486.0          0.039928
1487.0          0.040139
1488.0          0.040363
1489.0          0.040598
1490.0          0.040846
1491.0          0.041105
1492.0          0.041376
1493.0          0.041658
1494.0          0.041952
1495.0          0.042256
1496.0          0.042572
1497.0          0.042899
1498.0          0.043236
1499.0          0.043585
1500.0          0.043943
1501.0          0.044312
1502.0          0.044691
1503.0          0.045081
1504.0          0.045480
1505.0          0.045889
1506.0          0.046308
1507.0          0.046736
1508.0          0.047173
1509.0          0.047620
1510.0          0.048076
1511.0          0.048541
1512.0          0.049015
1513.0          0.049498
1514.0          0.049989
1515.0          0.050488
1516.0          0.050996
1517.0          0.051512
1518.0          0.052036
1519.0          0.052568
1520.0          0.053108
1521.0          0.053656
1522.0          0.054211
1523.0          0.054773
1524.0          0.055343
1525.0          0.055919
1526.0          0.056503
1527.0          0.057094
1528.0          0.057691
1529.0          0.058295
1530.0          0.058906
1531.0          0.059522
1532.0          0.060145
1533.0          0.060775
1534.0          0.061410
1535.0          0.062051
1536.0          0.062697
1537.0          0.063350
1538.0          0.064007
1539.0          0.064670
1540.0          0.065339
1541.0          0.066012
1542.0          0.066691
1543.0          0.067374
1544.0          0.068062
1545.0          0.068755
1546.0          0.069452
1547.0          0.070154
1548.0          0.070859
1549.0          0.071569
1550.0          0.072284
1551.0          0.073001
1552.0          0.073723
1553.0          0.074449
1554.0          0.075178
1555.0          0.075910
1556.0          0.076646
1557.0          0.077385
1558.0          0.078127
1559.0          0.078872
1560.0          0.079620
1561.0          0.080371
1562.0          0.081124
1563.0          0.081880
1564.0          0.082639
1565.0          0.083400
1566.0          0.084163
1567.0          0.084928
1568.0          0.085695
1569.0          0.086464
1570.0          0.087235
1571.0          0.088007
1572.0          0.088781
1573.0          0.089557
1574.0          0.090334
1575.0          0.091112
1576.0          0.091891
1577.0          0.092671
1578.0          0.093452
1579.0          0.094234
1580.0          0.095017
1581.0          0.095801
1582.0          0.096585
1583.0          0.097369
1584.0          0.098154
1585.0          0.098939
1586.0          0.099724
1587.0          0.10051
1588.0          0.10129
1589.0          0.10208
1590.0          0.10286
1591.0          0.10365
1592.0          0.10443
1593.0          0.10521
1594.0          0.10600
1595.0          0.10678
1596.0          0.10756
1597.0          0.10834
1598.0          0.10912
1599.0          0.10989
1600.0          0.11067
1601.0          0.11144
1602.0          0.11222
1603.0          0.11299
1604.0          0.11376
1605.0          0.11453
1606.0          0.11529
1607.0          0.11606
1608.0          0.11682
1609.0          0.11758
1610.0          0.11834
1611.0          0.11909
1612.0          0.11984
1613.0          0.12059
1614.0          0.12134
1615.0          0.12208
1616.0          0.12283
1617.0          0.12356
1618.0          0.12430
1619.0          0.12503
1620.0          0.12576
1621.0          0.12649
1622.0          0.12721
1623.0          0.12793
1624.0          0.12864
1625.0          0.12935
1626.0          0.13006
1627.0          0.13076
1628.0          0.13146
1629.0          0.13215
1630.0          0.13284
1631.0          0.13353
1632.0          0.13421
1633.0          0.13488
1634.0          0.13556
1635.0          0.13622
1636.0          0.13688
1637.0          0.13754
1638.0          0.13819
1639.0          0.13883
1640.0          0.13947
1641.0          0.14011
1642.0          0.14073
1643.0          0.14136
1644.0          0.14197
1645.0          0.14258
1646.0          0.14318
1647.0          0.14378
1648.0          0.14437
1649.0          0.14496
1650.0          0.14553
1400.0          0.91730
1401.0          0.91868
1402.0          0.92004
1403.0          0.92137
1404.0          0.92267
1405.0          0.92395
1406.0          0.92520
1407.0          0.92642
1408.0          0.92762
1409.0          0.92880
1410.0          0.92995
1411.0          0.93108
1412.0          0.93218
1413.0          0.93326
1414.0          0.93432
1415.0          0.93535
1416.0          0.93636
1417.0          0.93735
1418.0          0.93831
1419.0          0.93925
1420.0          0.94017
1421.0          0.94107
1422.0          0.94195
1423.0          0.94281
1424.0          0.94364
1425.0          0.94446
1426.0          0.94525
1427.0          0.94602
1428.0          0.94677
1429.0          0.94750
1430.0          0.94822
1431.0          0.94891
1432.0          0.94958
1433.0          0.95023
1434.0          0.95086
1435.0          0.95147
1436.0          0.95207
1437.0          0.95264
1438.0          0.95319
1439.0          0.95373
1440.0          0.95424
1441.0          0.95474
1442.0          0.95522
1443.0          0.95568
1444.0          0.95613
1445.0          0.95655
1446.0          0.95696
1447.0          0.95735
1448.0          0.95772
1449.0          0.95807
1450.0          0.95841
1451.0          0.95873
1452.0          0.95903
1453.0          0.95931
1454.0          0.95958
1455.0          0.95983
1456.0          0.96007
1457.0          0.96029
1458.0          0.96049
1459.0          0.96067
1460.0          0.96084
1461.0          0.96100
1462.0          0.96113
1463.0          0.96126
1464.0          0.96136
1465.0          0.96146
1466.0          0.96153
1467.0          0.96159
1468.0          0.96164
1469.0          0.96167
1470.0          0.96169
1471.0          0.96169
1472.0          0.96168
1473.0          0.96165
1474.0          0.96161
1475.0          0.96156
1476.0          0.96149
1477.0          0.96140
1478.0          0.96131
1479.0          0.96120
1480.0          0.96108
1481.0          0.96094
1482.0          0.96079
1483.0          0.96063
1484.0          0.96046
1485.0          0.96027
1486.0          0.96007
1487.0          0.95986
1488.0          0.95964
1489.0          0.95940
1490.0          0.95915
1491.0          0.95890
1492.0          0.95862
1493.0          0.95834
1494.0          0.95805
1495.0          0.95774
1496.0          0.95743
1497.0          0.95710
1498.0          0.95676
1499.0          0.95642
1500.0          0.95606
1501.0          0.95569
1502.0          0.95531
1503.0          0.95492
1504.0          0.95452
1505.0          0.95411
1506.0          0.95369
1507.0          0.95326
1508.0          0.95283
1509.0          0.95238
1510.0          0.95192
1511.0          0.95146
1512.0          0.95098
1513.0          0.95050
1514.0          0.95001
1515.0          0.94951
1516.0          0.94900
1517.0          0.94849
1518.0          0.94796
1519.0          0.94743
1520.0          0.94689
1521.0          0.94634
1522.0          0.94579
1523.0          0.94523
1524.0          0.94466
1525.0          0.94408
1526.0          0.94350
1527.0          0.94291
1528.0          0.94231
1529.0          0.94170
1530.0          0.94109
1531.0          0.94048
1532.0          0.93985
1533.0          0.93923
1534.0          0.93859
1535.0          0.93795
1536.0          0.93730
1537.0          0.93665
1538.0          0.93599
1539.0          0.93533
1540.0          0.93466
1541.0          0.93399
1542.0          0.93331
1543.0          0.93263
1544.0          0.93194
1545.0          0.93125
1546.0          0.93055
1547.0          0.92985
1548.0          0.92914
1549.0          0.92843
1550.0          0.92772
1551.0          0.92700
1552.0          0.92628
1553.0          0.92555
1554.0          0.92482
1555.0          0.92409
1556.0          0.92335
1557.0          0.92262
1558.0          0.92187
1559.0          0.92113
1560.0          0.92038
1561.0          0.91963
1562.0          0.91888
1563.0          0.91812
1564.0          0.91736
1565.0          0.91660
1566.0          0.91584
1567.0          0.91507
1568.0          0.91431
1569.0          0.91354
1570.0          0.91277
1571.0          0.91199
1572.0          0.91122
1573.0          0.91044
1574.0          0.90967
1575.0          0.90889
1576.0          0.90811
1577.0          0.90733
1578.0          0.90655
1579.0          0.90577
1580.0          0.90498
1581.0          0.90420
1582.0          0.90342
1583.0          0.90263
1584.0          0.90185
1585.0          0.90106
1586.0          0.90028
1587.0          0.89949
1588.0          0.89871
1589.0          0.89792
1590.0          0.89714
1591.0          0.89635
1592.0          0.89557
1593.0          0.89479
1594.0          0.89400
1595.0          0.89322
1596.0          0.89244
1597.0          0.89166
1598.0          0.89088
1599.0          0.89011
1600.0          0.88933
1601.0          0.88856
1602.0          0.88778
1603.0          0.88701
1604.0          0.88624
1605.0          0.88547
1606.0          0.88471
1607.0          0.88394
1608.0          0.88318
1609.0          0.88242
1610.0          0.88166
1611.0          0.88091
1612.0          0.88016
1613.0          0.87941
1614.0          0.87866
1615.0          0.87792
1616.0          0.87717
1617.0          0.87644
1618.0          0.87570
1619.0          0.87497
1620.0          0.87424
1621.0          0.87351
1622.0          0.87279
1623.0          0.87207
1624.0          0.87136
1625.0          0.87065
1626.0          0.86994
1627.0          0.86924
1628.0          0.86854
1629.0          0.86785
1630.0          0.86716
1631.0          0.86647
1632.0          0.86579
1633.0          0.86512
1634.0          0.86444
1635.0          0.86378
1636.0          0.86312
1637.0          0.86246
1638.0          0.86181
1639.0          0.86117
1640.0          0.86053
1641.0          0.85989
1642.0          0.85927
1643.0          0.85864
1644.0          0.85803
1645.0          0.85742
1646.0          0.85682
1647.0          0.85622
1648.0          0.85563
1649.0          0.85504
1650.0          0.85447
1400.0          1.0000
1401.0          1.0000
1402.0          1.0000
1403.0          1.0000
1404.0          1.0000
1405.0          1.0000
1406.0          1.0000
1407.0          1.0000
1408.0          1.0000
1409.0          1.0000
1410.0          1.0000
1411.0          1.0000
1412.0          1.0000
1413.0          1.0000
1414.0          1.0000
1415.0          1.0000
1416.0          1.0000
1417.0          1.0000
1418.0          1.0000
1419.0          1.0000
1420.0          1.0000
1421.0          1.0000
1422.0          1.0000
1423.0          1.0000
1424.0          1.0000
1425.0          1.0000
1426.0          1.0000
1427.0          1.0000
1428.0          1.0000
1429.0          1.0000
1430.0          1.0000
1431.0          1.0000
1432.0          1.0000
1433.0          1.0000
1434.0          1.0000
1435.0          1.0000
1436.0          1.0000
1437.0          1.0000
1438.0          1.0000
1439.0          1.0000
1440.0          1.0000
1441.0          1.0000
1442.0          1.0000
1443.0          1.0000
1444.0          1.0000
1445.0          1.0000
1446.0          1.0000
1447.0          1.0000
1448.0          1.0000
1449.0          1.0000
1450.0          1.0000
1451.0          1.0000
1452.0          1.0000
1453.0          1.0000
1454.0          1.0000
1455.0          1.0000
1456.0          1.0000
1457.0          1.0000
1458.0          1.0000
1459.0          1.0000
1460.0          1.0000
1461.0          1.0000
1462.0          1.0000
1463.0          1.0000
1464.0          1.0000
1465.0          1.0000
1466.0          1.0000
1467.0          1.0000
1468.0          1.0000
1469.0          1.0000
1470.0          1.0000
1471.0          1.0000
1472.0          1.0000
1473.0          1.0000
1474.0          1.0000
1475.0          1.0000
1476.0          1.0000
1477.0          1.0000
1478.0          1.0000
1479.0          1.0000
1480.0          1.0000
1481.0          1.0000
1482.0          1.0000
1483.0          1.0000
1484.0          1.0000
1485.0          1.0000
1486.0          1.0000
1487.0          1.0000
1488.0          1.0000
1489.0          1.0000
1490.0          1.0000
1491.0          1.0000
1492.0          1.0000
1493.0          1.0000
1494.0          1.0000
1495.0          1.0000
1496.0          1.0000
1497.0          1.0000
1498.0          1.0000
1499.0          1.0000
1500.0          1.0000
1501.0          1.0000
1502.0          1.0000
1503.0          1.0000
1504.0          1.0000
1505.0          1.0000
1506.0          1.0000
1507.0          1.0000
1508.0          1.0000
1509.0          1.0000
1510.0          1.0000
1511.0          1.0000
1512.0          1.0000
1513.0          1.0000
1514.0          1.0000
1515.0          1.0000
1516.0          1.0000
1517.0          1.0000
1518.0          1.0000
1519.0          1.0000
1520.0          1.0000
1521.0          1.0000
1522.0          1.0000
1523.0          1.0000
1524.0          1.0000
1525.0          1.0000
1526.0          1.0000
1527.0          1.0000
1528.0          1.0000
1529.0          1.0000
1530.0          1.0000
1531.0          1.0000
1532.0          1.0000
1533.0          1.0000
1534.0          1.0000
1535.0          1.0000
1536.0          1.0000
1537.0          1.0000
1538.0          1.0000
1539.0          1.0000
1540.0          1.0000
1541.0          1.0000
1542.0          1.0000
1543.0          1.0000
1544.0          1.0000
1545.0          1.0000
1546.0          1.0000
1547.0          1.0000
1548.0          1.0000
1549.0          1.0000
1550.0          1.0000
1551.0          1.0000
1552.0          1.0000
1553.0          1.0000
1554.0          1.0000
1555.0          1.0000
1556.0          1.0000
1557.0          1.0000
1558.0          1.0000
1559.0          1.0000
1560.0          1.0000
1561.0          1.0000
1562.0          1.0000
1563.0          1.0000
1564.0          1.0000
1565.0          1.0000
1566.0          1.0000
1567.0          1.0000
1568.0          1.0000
1569.0          1.0000
1570.0          1.0000
1571.0          1.0000
1572.0          1.0000
1573.0          1.0000
1574.0          1.0000
1575.0          1.0000
1576.0          1.0000
1577.0          1.0000
1578.0          1.0000
1579.0          1.0000
1580.0          1.0000
1581.0          1.0000
1582.0          1.0000
1583.0          1.0000
1584.0          1.0000
1585.0          1.0000
1586.0          1.0000
1587.0          1.0000
1588.0          1.0000
1589.0          1.0000
1590.0          1.0000
1591.0          1.0000
1592.0          1.0000
1593.0          1.0000
1594.0          1.0000
1595.0          1.0000
1596.0          1.0000
1597.0          1.0000
1598.0          1.0000
1599.0          1.0000
1600.0          1.0000
1601.0          1.0000
1602.0          1.0000
1603.0          1.0000
1604.0          1.0000
1605.0          1.0000
1606.0          1.0000
1607.0          1.0000
1608.0          1.0000
1609.0          1.0000
1610.0          1.0000
1611.0          1.0000
1612.0          1.0000
1613.0          1.0000
1614.0          1.0000
1615.0          1.0000
1616.0          1.0000
1617.0          1.0000
1618.0          1.0000
1619.0          1.0000
1620.0          1.0000
1621.0          1.0000
1622.0          1.0000
1623.0          1.0000
1624.0          1.0000
1625.0          1.0000
1626.0          1.0000
1627.0          1.0000
1628.0          1.0000
1629.0          1.0000
1630.0          1.0000
1631.0          1.0000
1632.0          1.0000
1633.0          1.0000
1634.0          1.0000
1635.0          1.0000
1636.0          1.0000
1637.0          1.0000
1638.0          1.0000
1639.0          1.0000
1640.0          1.0000
1641.0          1.0000
1642.0          1.0000
1643.0          1.0000
1644.0          1.0000
1645.0          1.0000
1646.0          1.0000
1647.0          1.0000
1648.0          1.0000
1649.0          1.0000
1650.0          1.0000
1400.0          1.1102E-16
1401.0          1.5543E-15
1402.0          -6.6613E-16
1403.0          1.9984E-15
1404.0          1.2212E-15
1405.0          -2.2204E-15
1406.0          -4.4409E-16
1407.0          -1.5543E-15
1408.0          -6.6613E-16
1409.0          -1.3323E-15
1410.0          1.9984E-15
1411.0          -1.7764E-15
1412.0          -3.3307E-15
1413.0          -1.7764E-15
1414.0          2.9976E-15
1415.0          1.1102E-16
1416.0          1.3323E-15
1417.0          -1.7764E-15
1418.0          2.7756E-15
1419.0          1.8874E-15
1420.0          4.4409E-16
1421.0          -1.3323E-15
1422.0          8.8818E-16
1423.0          -2.2204E-16
1424.0          -1.1102E-15
1425.0          -2.2204E-15
1426.0          9.9920E-16
1427.0          0.0000
1428.0          1.3323E-15
1429.0          2.6645E-15
1430.0          2.5535E-15
1431.0          -2.2204E-16
1432.0          8.8818E-16
1433.0          -2.2204E-15
1434.0          1.9984E-15
1435.0          1.4433E-15
1436.0          -2.6645E-15
1437.0          2.6645E-15
1438.0          -8.8818E-16
1439.0          1.9984E-15
1440.0          -3.3307E-15
1441.0          -1.7764E-15
1442.0          -2.2204E-16
1443.0          -2.4425E-15
1444.0          1.1102E-16
1445.0          1.3323E-15
1446.0          -1.5543E-15
1447.0          1.3323E-15
1448.0          -6.6613E-16
1449.0          -1.3323E-15
1450.0          -1.9984E-15
1451.0          4.4409E-16
1452.0          0.0000
1453.0          -2.6645E-15
1454.0          1.7764E-15
1455.0          -3.7748E-15
1456.0          4.4409E-16
1457.0          -2.4425E-15
1458.0          1.8874E-15
1459.0          2.4425E-15
1460.0          -1.1102E-15
1461.0          5.5511E-16
1462.0          1.1102E-15
1463.0          2.2204E-16
1464.0          2.5535E-15
1465.0          1.7764E-15
1466.0          1.1102E-15
1467.0          -1.9984E-15
1468.0          -8.8818E-16
1469.0          -6.6613E-16
1470.0          1.2212E-15
1471.0          -1.1102E-15
1472.0          -1.3323E-15
1473.0          8.8818E-16
1474.0          -1.3323E-15
1475.0          1.1102E-16
1476.0          2.2204E-16
1477.0          4.4409E-16
1478.0          -3.5527E-15
1479.0          1.9984E-15
1480.0          -1.7764E-15
1481.0          2.2204E-15
1482.0          1.2212E-15
1483.0          -4.2188E-15
1484.0          -2.6645E-15
1485.0          7.7716E-16
1486.0          -2.2204E-16
1487.0          6.6613E-16
1488.0          -2.2204E-15
1489.0          2.2204E-16
1490.0          -1.5543E-15
1491.0          -1.1102E-15
1492.0          -2.2204E-16
1493.0          1.5543E-15
1494.0          3.7748E-15
1495.0          1.6653E-15
1496.0          2.8866E-15
1497.0          1.4433E-15
1498.0          -6.6613E-16
1499.0          -3.3307E-15
1500.0          -2.2204E-15
1501.0          2.2204E-16
1502.0          -2.2204E-16
1503.0          -6.8834E-15
1504.0          -1.7764E-15
1505.0          -3.9968E-15
1506.0          1.8874E-15
1507.0          -2.2204E-16
1508.0          -1.3323E-15
1509.0          8.8818E-16
1510.0          -8.8818E-16
1511.0          -1.5543E-15
1512.0          -2.4425E-15
1513.0          3.3307E-16
1514.0          8.8818E-16
1515.0          -2.2204E-16
1516.0          1.3323E-15
1517.0          8.8818E-16
1518.0          -6.6613E-16
1519.0          -2.2204E-15
1520.0          -6.6613E-16
1521.0          2.5535E-15
1522.0          -2.8866E-15
1523.0          -2.4425E-15
1524.0          -8.8818E-15
1525.0          3.7748E-15
1526.0          -2.6645E-15
1527.0          -2.6645E-15
1528.0          -4.4409E-16
1529.0          2.2204E-15
1530.0          6.9944E-15
1531.0          3.2196E-15
1532.0          9.9920E-16
1533.0          3.9968E-15
1534.0          9.9920E-16
1535.0          -3.3307E-15
1536.0          6.4393E-15
1537.0          -6.6613E-16
1538.0          -5.1070E-15
1539.0          1.2212E-15
1540.0          2.4425E-15
1541.0          -8.8818E-16
1542.0          1.9984E-15
1543.0          1.7764E-15
1544.0          -8.8818E-16
1545.0          -3.3307E-15
1546.0          -2.2204E-16
1547.0          -2.2204E-16
1548.0          -2.2204E-16
1549.0          -1.7764E-15
1550.0          -1.3323E-15
1551.0          7.7716E-16
1552.0          1.6653E-15
1553.0          -1.7764E-15
1554.0          -1.5543E-15
1555.0          1.1102E-15
1556.0          -3.9968E-15
1557.0          1.1102E-16
1558.0          7.7716E-16
1559.0          5.5511E-16
1560.0          2.2204E-16
1561.0          1.5543E-15
1562.0          1.8874E-15
1563.0          5.5511E-16
1564.0          9.9920E-16
1565.0          1.1102E-16
1566.0          -4.4409E-16
1567.0          1.3323E-15
1568.0          -1.1102E-15
1569.0          -2.2204E-15
1570.0          9.9920E-16
1571.0          -1.3323E-15
1572.0          -2.2204E-16
1573.0          -8.8818E-16
1574.0          1.1102E-15
1575.0          1.1102E-16
1576.0          -1.9984E-15
1577.0          0.0000
1578.0          7.7716E-16
1579.0          -4.4409E-16
1580.0          1.1102E-15
1581.0          8.8818E-16
1582.0          -1.1102E-15
1583.0          -8.8818E-16
1584.0          -2.2204E-16
1585.0          8.8818E-16
1586.0          2.2204E-15
1587.0          2.8866E-15
1588.0          1.2212E-15
1589.0          6.6613E-16
1590.0          4.4409E-16
1591.0          -1.5543E-15
1592.0          -1.3323E-15
1593.0          5.5511E-16
1594.0          -2.2204E-15
1595.0          1.4433E-15
1596.0          0.0000
1597.0          -6.6613E-16
1598.0          9.9920E-16
1599.0          -4.4409E-15
1600.0          -8.8818E-16
1601.0          -8.8818E-16
1602.0          -2.4425E-15
1603.0          -6.6613E-16
1604.0          5.5511E-16
1605.0          -2.2204E-16
1606.0          4.4409E-16
1607.0          4.4409E-15
1608.0          -1.7764E-15
1609.0          -3.1086E-15
1610.0          -1.9984E-15
1611.0          5.5511E-16
1612.0          -1.1102E-15
1613.0          1.2212E-15
1614.0          1.6653E-15
1615.0          3.3307E-16
1616.0          0.0000
1617.0          1.1102E-16
1618.0          -4.4409E-16
1619.0          3.3307E-16
1620.0          1.2212E-15
1621.0          2.4425E-15
1622.0          -8.8818E-16
1623.0          4.4409E-16
1624.0          -3.7748E-15
1625.0          1.1102E-15
1626.0          -1.3323E-15
1627.0          8.8818E-16
1628.0          2.3315E-15
1629.0          8.8818E-16
1630.0          -8.8818E-16
1631.0          3.7748E-15
1632.0          -2.2204E-15
1633.0          -6.6613E-16
1634.0          0.0000
1635.0          -2.2204E-16
1636.0          -1.5543E-15
1637.0          2.1094E-15
1638.0          -3.7748E-15
1639.0          -4.4409E-16
1640.0          -1.1102E-15
1641.0          -4.4409E-16
1642.0          5.5511E-16
1643.0          1.3323E-15
1644.0          1.1102E-15
1645.0          6.6613E-16
1646.0          -2.2204E-16
1647.0          -1.9984E-15
1648.0          1.1102E-16
1649.0          -6.6613E-16
1650.0          -2.8866E-15
