1400.0          0.12402
1401.0          0.12251
1402.0          0.12101
1403.0          0.11952
1404.0          0.11804
1405.0          0.11657
1406.0          0.11511
1407.0          0.11367
1408.0          0.11223
1409.0          0.11081
1410.0          0.10940
1411.0          0.10801
1412.0          0.10662
1413.0          0.10525
1414.0          0.10389
1415.0          0.10254
1416.0          0.10121
1417.0          0.099886
1418.0          0.098575
1419.0          0.097278
1420.0          0.095993
1421.0          0.094721
1422.0          0.093462
1423.0          0.092215
1424.0          0.090982
1425.0          0.089761
1426.0          0.088554
1427.0          0.087359
1428.0          0.086178
1429.0          0.085010
1430.0          0.083855
1431.0          0.082714
1432.0          0.081585
1433.0          0.080471
1434.0          0.079369
1435.0          0.078282
1436.0          0.077207
1437.0          0.076147
1438.0          0.075100
1439.0          0.074066
1440.0          0.073046
1441.0          0.072040
1442.0          0.071048
1443.0          0.070069
1444.0          0.069104
1445.0          0.068154
1446.0          0.067216
1447.0          0.066293
1448.0          0.065384
1449.0          0.064489
1450.0          0.063607
1451.0          0.062740
1452.0          0.061886
1453.0          0.061047
1454.0          0.060221
1455.0          0.059410
1456.0          0.058613
1457.0          0.057829
1458.0          0.057060
1459.0          0.056305
1460.0          0.055563
1461.0          0.054836
1462.0          0.054123
1463.0          0.053424
1464.0          0.052739
1465.0          0.052069
1466.0          0.051412
1467.0          0.050769
1468.0          0.050141
1469.0          0.049526
1470.0          0.048925
1471.0          0.048339
1472.0          0.047766
1473.0          0.047207
1474.0          0.046663
1475.0          0.046132
1476.0          0.045615
1477.0          0.045113
1478.0          0.044624
1479.0          0.044149
1480.0          0.043687
1481.0          0.043240
1482.0          0.042806
1483.0          0.042386
1484.0          0.041980
1485.0          0.041588
1486.0          0.041209
1487.0          0.040844
1488.0          0.040492
1489.0          0.040154
1490.0          0.039830
1491.0          0.039518
1492.0          0.039221
1493.0          0.038937
1494.0          0.038666
1495.0          0.038408
1496.0          0.038164
1497.0          0.037933
1498.0          0.037715
1499.0          0.037510
1500.0          0.037318
1501.0          0.037139
1502.0          0.036973
1503.0          0.036820
1504.0          0.036680
1505.0          0.036553
1506.0          0.036438
1507.0          0.036336
1508.0          0.036246
1509.0          0.036170
1510.0          0.036105
1511.0          0.036053
1512.0          0.036014
1513.0          0.035986
1514.0          0.035971
1515.0          0.035968
1516.0          0.035977
1517.0          0.035999
1518.0          0.036032
1519.0          0.036077
1520.0          0.036133
1521.0          0.036202
1522.0          0.036282
1523.0          0.036374
1524.0          0.036477
1525.0          0.036591
1526.0          0.036717
1527.0          0.036855
1528.0          0.037003
1529.0          0.037163
1530.0          0.037333
1531.0          0.037515
1532.0          0.037707
1533.0          0.037911
1534.0          0.038125
1535.0          0.038349
1536.0          0.038584
1537.0          0.038830
1538.0          0.039086
1539.0          0.039352
1540.0          0.039628
1541.0          0.039915
1542.0          0.040211
1543.0          0.040518
1544.0          0.040834
1545.0          0.041160
1546.0          0.041496
1547.0          0.041841
1548.0          0.042196
1549.0          0.042560
1550.0          0.042934
1551.0          0.043316
1552.0          0.043708
1553.0          0.044109
1554.0          0.044519
1555.0          0.044938
1556.0          0.045365
1557.0          0.045801
1558.0          0.046245
1559.0          0.046698
1560.0          0.047160
1561.0          0.047629
1562.0          0.048107
1563.0          0.048593
1564.0          0.049087
1565.0          0.049589
1566.0          0.050098
1567.0          0.050615
1568.0          0.051140
1569.0          0.051672
1570.0          0.052212
1571.0          0.052759
1572.0          0.053313
1573.0          0.053874
1574.0          0.054442
1575.0          0.055017
1576.0          0.055599
1577.0          0.056187
1578.0          0.056782
1579.0          0.057384
1580.0          0.057992
1581.0          0.058606
1582.0          0.059226
1583.0          0.059852
1584.0          0.060485
1585.0          0.061123
1586.0          0.061767
1587.0          0.062416
1588.0          0.063071
1589.0          0.063732
1590.0          0.064397
1591.0          0.065068
1592.0          0.065744
1593.0          0.066426
1594.0          0.067112
1595.0          0.067802
1596.0          0.068498
1597.0          0.069198
1598.0          0.069902
1599.0          0.070611
1600.0          0.071324
1601.0          0.072042
1602.0          0.072763
1603.0          0.073488
1604.0          0.074217
1605.0          0.074950
1606.0          0.075686
1607.0          0.076426
1608.0          0.077169
1609.0          0.077915
1610.0          0.078664
1611.0          0.079416
1612.0          0.080172
1613.0          0.080930
1614.0          0.081690
1615.0          0.082453
1616.0          0.083219
1617.0          0.083986
1618.0          0.084756
1619.0          0.085528
1620.0          0.086302
1621.0          0.087077
1622.0          0.087855
1623.0          0.088633
1624.0          0.089413
1625.0          0.090194
1626.0          0.090977
1627.0          0.091760
1628.0          0.092544
1629.0          0.093329
1630.0          0.094114
1631.0          0.094900
1632.0          0.095686
1633.0          0.096472
1634.0          0.097258
1635.0          0.098043
1636.0          0.098829
1637.0          0.099614
1638.0          0.10040
1639.0          0.10118
1640.0          0.10196
1641.0          0.10274
1642.0          0.10352
1643.0          0.10430
1644.0          0.10508
1645.0          0.10585
1646.0          0.10662
1647.0          0.10739
1648.0          0.10816
1649.0          0.10892
1650.0          0.10969
1400.0          0.87598
1401.0          0.87749
1402.0          0.87899
1403.0          0.88048
1404.0          0.88196
1405.0          0.88343
1406.0          0.88489
1407.0          0.88633
1408.0          0.88777
1409.0          0.88919
1410.0          0.89060
1411.0          0.89199
1412.0          0.89338
1413.0          0.89475
1414.0          0.89611
1415.0          0.89746
1416.0          0.89879
1417.0          0.90011
1418.0          0.90142
1419.0          0.90272
1420.0          0.90401
1421.0          0.90528
1422.0          0.90654
1423.0          0.90778
1424.0          0.90902
1425.0          0.91024
1426.0          0.91145
1427.0          0.91264
1428.0          0.91382
1429.0          0.91499
1430.0          0.91614
1431.0          0.91729
1432.0          0.91841
1433.0          0.91953
1434.0          0.92063
1435.0          0.92172
1436.0          0.92279
1437.0          0.92385
1438.0          0.92490
1439.0          0.92593
1440.0          0.92695
1441.0          0.92796
1442.0          0.92895
1443.0          0.92993
1444.0          0.93090
1445.0          0.93185
1446.0          0.93278
1447.0          0.93371
1448.0          0.93462
1449.0          0.93551
1450.0          0.93639
1451.0          0.93726
1452.0          0.93811
1453.0          0.93895
1454.0          0.93978
1455.0          0.94059
1456.0          0.94139
1457.0          0.94217
1458.0          0.94294
1459.0          0.94370
1460.0          0.94444
1461.0          0.94516
1462.0          0.94588
1463.0          0.94658
1464.0          0.94726
1465.0          0.94793
1466.0          0.94859
1467.0          0.94923
1468.0          0.94986
1469.0          0.95047
1470.0          0.95107
1471.0          0.95166
1472.0          0.95223
1473.0          0.95279
1474.0          0.95334
1475.0          0.95387
1476.0          0.95438
1477.0          0.95489
1478.0          0.95538
1479.0          0.95585
1480.0          0.95631
1481.0          0.95676
1482.0          0.95719
1483.0          0.95761
1484.0          0.95802
1485.0          0.95841
1486.0          0.95879
1487.0          0.95916
1488.0          0.95951
1489.0          0.95985
1490.0          0.96017
1491.0          0.96048
1492.0          0.96078
1493.0          0.96106
1494.0          0.96133
1495.0          0.96159
1496.0          0.96184
1497.0          0.96207
1498.0          0.96229
1499.0          0.96249
1500.0          0.96268
1501.0          0.96286
1502.0          0.96303
1503.0          0.96318
1504.0          0.96332
1505.0          0.96345
1506.0          0.96356
1507.0          0.96366
1508.0          0.96375
1509.0          0.96383
1510.0          0.96389
1511.0          0.96395
1512.0          0.96399
1513.0          0.96401
1514.0          0.96403
1515.0          0.96403
1516.0          0.96402
1517.0          0.96400
1518.0          0.96397
1519.0          0.96392
1520.0          0.96387
1521.0          0.96380
1522.0          0.96372
1523.0          0.96363
1524.0          0.96352
1525.0          0.96341
1526.0          0.96328
1527.0          0.96315
1528.0          0.96300
1529.0          0.96284
1530.0          0.96267
1531.0          0.96249
1532.0          0.96229
1533.0          0.96209
1534.0          0.96188
1535.0          0.96165
1536.0          0.96142
1537.0          0.96117
1538.0          0.96091
1539.0          0.96065
1540.0          0.96037
1541.0          0.96009
1542.0          0.95979
1543.0          0.95948
1544.0          0.95917
1545.0          0.95884
1546.0          0.95850
1547.0          0.95816
1548.0          0.95780
1549.0          0.95744
1550.0          0.95707
1551.0          0.95668
1552.0          0.95629
1553.0          0.95589
1554.0          0.95548
1555.0          0.95506
1556.0          0.95464
1557.0          0.95420
1558.0          0.95375
1559.0          0.95330
1560.0          0.95284
1561.0          0.95237
1562.0          0.95189
1563.0          0.95141
1564.0          0.95091
1565.0          0.95041
1566.0          0.94990
1567.0          0.94938
1568.0          0.94886
1569.0          0.94833
1570.0          0.94779
1571.0          0.94724
1572.0          0.94669
1573.0          0.94613
1574.0          0.94556
1575.0          0.94498
1576.0          0.94440
1577.0          0.94381
1578.0          0.94322
1579.0          0.94262
1580.0          0.94201
1581.0          0.94139
1582.0          0.94077
1583.0          0.94015
1584.0          0.93952
1585.0          0.93888
1586.0          0.93823
1587.0          0.93758
1588.0          0.93693
1589.0          0.93627
1590.0          0.93560
1591.0          0.93493
1592.0          0.93426
1593.0          0.93357
1594.0          0.93289
1595.0          0.93220
1596.0          0.93150
1597.0          0.93080
1598.0          0.93010
1599.0          0.92939
1600.0          0.92868
1601.0          0.92796
1602.0          0.92724
1603.0          0.92651
1604.0          0.92578
1605.0          0.92505
1606.0          0.92431
1607.0          0.92357
1608.0          0.92283
1609.0          0.92209
1610.0          0.92134
1611.0          0.92058
1612.0          0.91983
1613.0          0.91907
1614.0          0.91831
1615.0          0.91755
1616.0          0.91678
1617.0          0.91601
1618.0          0.91524
1619.0          0.91447
1620.0          0.91370
1621.0          0.91292
1622.0          0.91215
1623.0          0.91137
1624.0          0.91059
1625.0          0.90981
1626.0          0.90902
1627.0          0.90824
1628.0          0.90746
1629.0          0.90667
1630.0          0.90589
1631.0          0.90510
1632.0          0.90431
1633.0          0.90353
1634.0          0.90274
1635.0          0.90196
1636.0          0.90117
1637.0          0.90039
1638.0          0.89960
1639.0          0.89882
1640.0          0.89804
1641.0          0.89726
1642.0          0.89648
1643.0          0.89570
1644.0          0.89492
1645.0          0.89415
1646.0          0.89338
1647.0          0.89261
1648.0          0.89184
1649.0          0.89108
1650.0          0.89031
1400.0          1.0000
1401.0          1.0000
1402.0          1.0000
1403.0          1.0000
1404.0          1.0000
1405.0          1.0000
1406.0          1.0000
1407.0          1.0000
1408.0          1.0000
1409.0          1.0000
1410.0          1.0000
1411.0          1.0000
1412.0          1.0000
1413.0          1.0000
1414.0          1.0000
1415.0          1.0000
1416.0          1.0000
1417.0          1.0000
1418.0          1.0000
1419.0          1.0000
1420.0          1.0000
1421.0          1.0000
1422.0          1.0000
1423.0          1.0000
1424.0          1.0000
1425.0          1.0000
1426.0          1.0000
1427.0          1.0000
1428.0          1.0000
1429.0          1.0000
1430.0          1.0000
1431.0          1.0000
1432.0          1.0000
1433.0          1.0000
1434.0          1.0000
1435.0          1.0000
1436.0          1.0000
1437.0          1.0000
1438.0          1.0000
1439.0          1.0000
1440.0          1.0000
1441.0          1.0000
1442.0          1.0000
1443.0          1.0000
1444.0          1.0000
1445.0          1.0000
1446.0          1.0000
1447.0          1.0000
1448.0          1.0000
1449.0          1.0000
1450.0          1.0000
1451.0          1.0000
1452.0          1.0000
1453.0          1.0000
1454.0          1.0000
1455.0          1.0000
1456.0          1.0000
1457.0          1.0000
1458.0          1.0000
1459.0          1.0000
1460.0          1.0000
1461.0          1.0000
1462.0          1.0000
1463.0          1.0000
1464.0          1.0000
1465.0          1.0000
1466.0          1.0000
1467.0          1.0000
1468.0          1.0000
1469.0          1.0000
1470.0          1.0000
1471.0          1.0000
1472.0          1.0000
1473.0          1.0000
1474.0          1.0000
1475.0          1.0000
1476.0          1.0000
1477.0          1.0000
1478.0          1.0000
1479.0          1.0000
1480.0          1.0000
1481.0          1.0000
1482.0          1.0000
1483.0          1.0000
1484.0          1.0000
1485.0          1.0000
1486.0          1.0000
1487.0          1.0000
1488.0          1.0000
1489.0          1.0000
1490.0          1.0000
1491.0          1.0000
1492.0          1.0000
1493.0          1.0000
1494.0          1.0000
1495.0          1.0000
1496.0          1.0000
1497.0          1.0000
1498.0          1.0000
1499.0          1.0000
1500.0          1.0000
1501.0          1.0000
1502.0          1.0000
1503.0          1.0000
1504.0          1.0000
1505.0          1.0000
1506.0          1.0000
1507.0          1.0000
1508.0          1.0000
1509.0          1.0000
1510.0          1.0000
1511.0          1.0000
1512.0          1.0000
1513.0          1.0000
1514.0          1.0000
1515.0          1.0000
1516.0          1.0000
1517.0          1.0000
1518.0          1.0000
1519.0          1.0000
1520.0          1.0000
1521.0          1.0000
1522.0          1.0000
1523.0          1.0000
1524.0          1.0000
1525.0          1.0000
1526.0          1.0000
1527.0          1.0000
1528.0          1.0000
1529.0          1.0000
1530.0          1.0000
1531.0          1.0000
1532.0          1.0000
1533.0          1.0000
1534.0          1.0000
1535.0          1.0000
1536.0          1.0000
1537.0          1.0000
1538.0          1.0000
1539.0          1.0000
1540.0          1.0000
1541.0          1.0000
1542.0          1.0000
1543.0          1.0000
1544.0          1.0000
1545.0          1.0000
1546.0          1.0000
1547.0          1.0000
1548.0          1.0000
1549.0          1.0000
1550.0          1.0000
1551.0          1.0000
1552.0          1.0000
1553.0          1.0000
1554.0          1.0000
1555.0          1.0000
1556.0          1.0000
1557.0          1.0000
1558.0          1.0000
1559.0          1.0000
1560.0          1.0000
1561.0          1.0000
1562.0          1.0000
1563.0          1.0000
1564.0          1.0000
1565.0          1.0000
1566.0          1.0000
1567.0          1.0000
1568.0          1.0000
1569.0          1.0000
1570.0          1.0000
1571.0          1.0000
1572.0          1.0000
1573.0          1.0000
1574.0          1.0000
1575.0          1.0000
1576.0          1.0000
1577.0          1.0000
1578.0          1.0000
1579.0          1.0000
1580.0          1.0000
1581.0          1.0000
1582.0          1.0000
1583.0          1.0000
1584.0          1.0000
1585.0          1.0000
1586.0          1.0000
1587.0          1.0000
1588.0          1.0000
1589.0          1.0000
1590.0          1.0000
1591.0          1.0000
1592.0          1.0000
1593.0          1.0000
1594.0          1.0000
1595.0          1.0000
1596.0          1.0000
1597.0          1.0000
1598.0          1.0000
1599.0          1.0000
1600.0          1.0000
1601.0          1.0000
1602.0          1.0000
1603.0          1.0000
1604.0          1.0000
1605.0          1.0000
1606.0          1.0000
1607.0          1.0000
1608.0          1.0000
1609.0          1.0000
1610.0          1.0000
1611.0          1.0000
1612.0          1.0000
1613.0          1.0000
1614.0          1.0000
1615.0          1.0000
1616.0          1.0000
1617.0          1.0000
1618.0          1.0000
1619.0          1.0000
1620.0          1.0000
1621.0          1.0000
1622.0          1.0000
1623.0          1.0000
1624.0          1.0000
1625.0          1.0000
1626.0          1.0000
1627.0          1.0000
1628.0          1.0000
1629.0          1.0000
1630.0          1.0000
1631.0          1.0000
1632.0          1.0000
1633.0          1.0000
1634.0          1.0000
1635.0          1.0000
1636.0          1.0000
1637.0          1.0000
1638.0          1.0000
1639.0          1.0000
1640.0          1.0000
1641.0          1.0000
1642.0          1.0000
1643.0          1.0000
1644.0          1.0000
1645.0          1.0000
1646.0          1.0000
1647.0          1.0000
1648.0          1.0000
1649.0          1.0000
1650.0          1.0000
1400.0          2.1094E-15
1401.0          -1.5543E-15
1402.0          5.5511E-16
1403.0          3.1086E-15
1404.0          -1.7764E-15
1405.0          0.0000
1406.0          3.8858E-15
1407.0          1.9984E-15
1408.0          -6.6613E-16
1409.0          2.2204E-16
1410.0          2.8866E-15
1411.0          -1.1102E-15
1412.0          -4.4409E-15
1413.0          3.1086E-15
1414.0          4.4409E-16
1415.0          2.4425E-15
1416.0          7.7716E-16
1417.0          2.2204E-15
1418.0          7.7716E-16
1419.0          -2.6645E-15
1420.0          5.5511E-16
1421.0          2.2204E-15
1422.0          -3.9968E-15
1423.0          -1.3323E-15
1424.0          -4.6629E-15
1425.0          2.9976E-15
1426.0          3.3307E-15
1427.0          -2.4425E-15
1428.0          -1.1102E-15
1429.0          6.6613E-16
1430.0          4.4409E-16
1431.0          1.6653E-15
1432.0          2.4425E-15
1433.0          1.1102E-15
1434.0          2.3315E-15
1435.0          -4.6629E-15
1436.0          -1.5543E-15
1437.0          3.5527E-15
1438.0          8.8818E-16
1439.0          3.3307E-16
1440.0          6.6613E-16
1441.0          -2.2204E-16
1442.0          8.8818E-16
1443.0          6.6613E-16
1444.0          -1.1102E-15
1445.0          4.4409E-15
1446.0          -4.4409E-16
1447.0          3.3307E-16
1448.0          -3.9968E-15
1449.0          7.9936E-15
1450.0          3.2196E-15
1451.0          -5.1070E-15
1452.0          0.0000
1453.0          -1.7764E-15
1454.0          2.1094E-15
1455.0          -4.4409E-16
1456.0          1.3323E-15
1457.0          3.3307E-16
1458.0          -6.6613E-16
1459.0          -1.9984E-15
1460.0          2.2204E-15
1461.0          0.0000
1462.0          5.5511E-16
1463.0          1.3323E-15
1464.0          -2.2204E-15
1465.0          -2.2204E-16
1466.0          2.3315E-15
1467.0          2.5535E-15
1468.0          1.2212E-15
1469.0          -1.5543E-15
1470.0          -2.8866E-15
1471.0          3.9968E-15
1472.0          0.0000
1473.0          -1.3323E-15
1474.0          4.7740E-15
1475.0          -1.1102E-15
1476.0          2.4425E-15
1477.0          1.1102E-16
1478.0          1.1102E-15
1479.0          -1.5543E-15
1480.0          1.9984E-15
1481.0          -1.9984E-15
1482.0          2.9976E-15
1483.0          0.0000
1484.0          -4.2188E-15
1485.0          1.6653E-15
1486.0          -8.8818E-16
1487.0          1.6653E-15
1488.0          1.9984E-15
1489.0          -2.4425E-15
1490.0          1.7764E-15
1491.0          -6.6613E-16
1492.0          2.2204E-16
1493.0          -2.6645E-15
1494.0          2.3315E-15
1495.0          1.1102E-16
1496.0          -2.2204E-16
1497.0          -3.5527E-15
1498.0          1.8874E-15
1499.0          2.1094E-15
1500.0          -1.7764E-15
1501.0          -1.3323E-15
1502.0          8.8818E-16
1503.0          -2.8866E-15
1504.0          -2.2204E-15
1505.0          -1.7764E-15
1506.0          1.5543E-15
1507.0          -1.7764E-15
1508.0          -4.4409E-16
1509.0          -3.5527E-15
1510.0          1.1102E-16
1511.0          1.1102E-15
1512.0          -6.6613E-16
1513.0          -1.7764E-15
1514.0          -1.3323E-15
1515.0          -4.4409E-16
1516.0          3.7748E-15
1517.0          1.9984E-15
1518.0          -2.6645E-15
1519.0          -2.6645E-15
1520.0          -4.4409E-16
1521.0          1.5543E-15
1522.0          -4.4409E-15
1523.0          -1.7764E-15
1524.0          3.7748E-15
1525.0          -3.5527E-15
1526.0          4.4409E-16
1527.0          -1.1102E-15
1528.0          1.6653E-15
1529.0          -8.8818E-16
1530.0          -4.4409E-16
1531.0          -1.9984E-15
1532.0          -4.6629E-15
1533.0          4.4409E-16
1534.0          -2.2204E-15
1535.0          -2.8866E-15
1536.0          1.3323E-15
1537.0          -2.4425E-15
1538.0          4.4409E-16
1539.0          -1.9984E-15
1540.0          1.7764E-15
1541.0          -2.2204E-16
1542.0          -2.2204E-16
1543.0          1.1102E-16
1544.0          5.6621E-15
1545.0          9.9920E-16
1546.0          1.5543E-15
1547.0          -6.6613E-16
1548.0          -4.4409E-15
1549.0          0.0000
1550.0          -3.5527E-15
1551.0          -4.4409E-16
1552.0          -2.2204E-15
1553.0          1.5543E-15
1554.0          0.0000
1555.0          -1.3323E-15
1556.0          9.9920E-16
1557.0          -2.8866E-15
1558.0          3.3307E-15
1559.0          5.5511E-16
1560.0          1.7764E-15
1561.0          -3.3307E-15
1562.0          -4.4409E-16
1563.0          9.9920E-16
1564.0          1.3323E-15
1565.0          8.8818E-16
1566.0          -8.8818E-16
1567.0          2.5535E-15
1568.0          1.2212E-15
1569.0          -2.2204E-16
1570.0          -1.5543E-15
1571.0          4.4409E-16
1572.0          2.4425E-15
1573.0          1.3323E-15
1574.0          5.5511E-16
1575.0          -4.4409E-16
1576.0          -2.4425E-15
1577.0          -8.8818E-16
1578.0          -1.9984E-15
1579.0          5.5511E-16
1580.0          -2.4425E-15
1581.0          -2.2204E-16
1582.0          1.1102E-15
1583.0          -3.3307E-15
1584.0          3.9968E-15
1585.0          3.3307E-16
1586.0          -8.8818E-16
1587.0          1.1102E-16
1588.0          -3.1086E-15
1589.0          -2.8866E-15
1590.0          -1.5543E-15
1591.0          -3.1086E-15
1592.0          0.0000
1593.0          2.1094E-15
1594.0          9.9920E-16
1595.0          1.6653E-15
1596.0          3.3307E-16
1597.0          -1.7764E-15
1598.0          3.3307E-16
1599.0          -2.6645E-15
1600.0          -3.1086E-15
1601.0          4.3299E-15
1602.0          -5.1070E-15
1603.0          1.1102E-15
1604.0          8.8818E-16
1605.0          1.1102E-16
1606.0          3.5527E-15
1607.0          -1.1102E-15
1608.0          3.4417E-15
1609.0          -3.5527E-15
1610.0          -4.4409E-16
1611.0          9.9920E-16
1612.0          2.3315E-15
1613.0          8.8818E-16
1614.0          1.9984E-15
1615.0          8.8818E-16
1616.0          -2.4425E-15
1617.0          -6.6613E-16
1618.0          1.7764E-15
1619.0          -2.2204E-16
1620.0          1.1102E-16
1621.0          8.8818E-16
1622.0          5.5511E-16
1623.0          1.7764E-15
1624.0          1.1102E-16
1625.0          1.5543E-15
1626.0          1.9984E-15
1627.0          4.6629E-15
1628.0          1.2212E-15
1629.0          -2.4425E-15
1630.0          8.8818E-16
1631.0          -2.2204E-16
1632.0          7.7716E-16
1633.0          0.0000
1634.0          -2.2204E-16
1635.0          -6.6613E-16
1636.0          8.8818E-16
1637.0          1.3323E-15
1638.0          3.3307E-15
1639.0          1.6653E-15
1640.0          -2.2204E-16
1641.0          3.2196E-15
1642.0          9.9920E-16
1643.0          -3.3307E-15
1644.0          -4.2188E-15
1645.0          -1.9984E-15
1646.0          -4.4409E-16
1647.0          1.3323E-15
1648.0          1.4433E-15
1649.0          1.3323E-15
1650.0          1.5543E-15
