1400.0          0.48886
1401.0          0.48973
1402.0          0.49058
1403.0          0.49142
1404.0          0.49225
1405.0          0.49307
1406.0          0.49387
1407.0          0.49466
1408.0          0.49543
1409.0          0.49620
1410.0          0.49695
1411.0          0.49769
1412.0          0.49841
1413.0          0.49912
1414.0          0.49982
1415.0          0.50051
1416.0          0.50119
1417.0          0.50185
1418.0          0.50250
1419.0          0.50314
1420.0          0.50376
1421.0          0.50437
1422.0          0.50497
1423.0          0.50556
1424.0          0.50613
1425.0          0.50669
1426.0          0.50724
1427.0          0.50778
1428.0          0.50830
1429.0          0.50881
1430.0          0.50931
1431.0          0.50980
1432.0          0.51027
1433.0          0.51073
1434.0          0.51118
1435.0          0.51161
1436.0          0.51204
1437.0          0.51245
1438.0          0.51284
1439.0          0.51323
1440.0          0.51360
1441.0          0.51396
1442.0          0.51430
1443.0          0.51464
1444.0          0.51496
1445.0          0.51526
1446.0          0.51556
1447.0          0.51584
1448.0          0.51611
1449.0          0.51636
1450.0          0.51660
1451.0          0.51683
1452.0          0.51704
1453.0          0.51724
1454.0          0.51743
1455.0          0.51760
1456.0          0.51776
1457.0          0.51791
1458.0          0.51804
1459.0          0.51816
1460.0          0.51826
1461.0          0.51835
1462.0          0.51842
1463.0          0.51848
1464.0          0.51852
1465.0          0.51855
1466.0          0.51857
1467.0          0.51857
1468.0          0.51855
1469.0          0.51852
1470.0          0.51847
1471.0          0.51841
1472.0          0.51833
1473.0          0.51823
1474.0          0.51812
1475.0          0.51799
1476.0          0.51784
1477.0          0.51768
1478.0          0.51750
1479.0          0.51730
1480.0          0.51708
1481.0          0.51685
1482.0          0.51659
1483.0          0.51632
1484.0          0.51603
1485.0          0.51571
1486.0          0.51538
1487.0          0.51503
1488.0          0.51465
1489.0          0.51426
1490.0          0.51384
1491.0          0.51340
1492.0          0.51294
1493.0          0.51246
1494.0          0.51195
1495.0          0.51142
1496.0          0.51086
1497.0          0.51028
1498.0          0.50967
1499.0          0.50904
1500.0          0.50837
1501.0          0.50768
1502.0          0.50697
1503.0          0.50622
1504.0          0.50544
1505.0          0.50463
1506.0          0.50379
1507.0          0.50292
1508.0          0.50201
1509.0          0.50107
1510.0          0.50009
1511.0          0.49907
1512.0          0.49802
1513.0          0.49693
1514.0          0.49580
1515.0          0.49462
1516.0          0.49340
1517.0          0.49214
1518.0          0.49083
1519.0          0.48947
1520.0          0.48806
1521.0          0.48660
1522.0          0.48508
1523.0          0.48351
1524.0          0.48188
1525.0          0.48019
1526.0          0.47844
1527.0          0.47662
1528.0          0.47474
1529.0          0.47278
1530.0          0.47075
1531.0          0.46864
1532.0          0.46645
1533.0          0.46417
1534.0          0.46181
1535.0          0.45935
1536.0          0.45680
1537.0          0.45414
1538.0          0.45137
1539.0          0.44849
1540.0          0.44550
1541.0          0.44237
1542.0          0.43912
1543.0          0.43572
1544.0          0.43218
1545.0          0.42849
1546.0          0.42462
1547.0          0.42059
1548.0          0.41637
1549.0          0.41195
1550.0          0.40733
1551.0          0.40249
1552.0          0.39741
1553.0          0.39208
1554.0          0.38648
1555.0          0.38060
1556.0          0.37442
1557.0          0.36791
1558.0          0.36105
1559.0          0.35382
1560.0          0.34619
1561.0          0.33814
1562.0          0.32962
1563.0          0.32061
1564.0          0.31108
1565.0          0.30098
1566.0          0.29027
1567.0          0.27891
1568.0          0.26686
1569.0          0.25407
1570.0          0.24050
1571.0          0.22611
1572.0          0.21086
1573.0          0.19474
1574.0          0.17772
1575.0          0.15984
1576.0          0.14115
1577.0          0.12177
1578.0          0.10192
1579.0          0.081912
1580.0          0.062257
1581.0          0.043690
1582.0          0.027264
1583.0          0.014432
1584.0          0.0071249
1585.0          0.0077948
1586.0          0.019347
1587.0          0.044894
1588.0          0.087241
1589.0          0.14810
1590.0          0.22717
1591.0          0.32152
1592.0          0.42557
1593.0          0.53216
1594.0          0.63403
1595.0          0.72541
1596.0          0.80281
1597.0          0.86508
1598.0          0.91281
1599.0          0.94767
1600.0          0.97178
1601.0          0.98725
1602.0          0.99600
1603.0          0.99966
1604.0          0.99953
1605.0          0.99664
1606.0          0.99179
1607.0          0.98557
1608.0          0.97844
1609.0          0.97073
1610.0          0.96269
1611.0          0.95450
1612.0          0.94629
1613.0          0.93816
1614.0          0.93018
1615.0          0.92238
1616.0          0.91481
1617.0          0.90748
1618.0          0.90040
1619.0          0.89357
1620.0          0.88700
1621.0          0.88067
1622.0          0.87460
1623.0          0.86876
1624.0          0.86315
1625.0          0.85776
1626.0          0.85259
1627.0          0.84762
1628.0          0.84284
1629.0          0.83825
1630.0          0.83384
1631.0          0.82959
1632.0          0.82551
1633.0          0.82157
1634.0          0.81778
1635.0          0.81413
1636.0          0.81061
1637.0          0.80722
1638.0          0.80394
1639.0          0.80078
1640.0          0.79772
1641.0          0.79477
1642.0          0.79192
1643.0          0.78915
1644.0          0.78648
1645.0          0.78389
1646.0          0.78139
1647.0          0.77896
1648.0          0.77660
1649.0          0.77432
1650.0          0.77210
1400.0          0.51114
1401.0          0.51027
1402.0          0.50942
1403.0          0.50858
1404.0          0.50775
1405.0          0.50693
1406.0          0.50613
1407.0          0.50534
1408.0          0.50457
1409.0          0.50380
1410.0          0.50305
1411.0          0.50231
1412.0          0.50159
1413.0          0.50088
1414.0          0.50018
1415.0          0.49949
1416.0          0.49881
1417.0          0.49815
1418.0          0.49750
1419.0          0.49686
1420.0          0.49624
1421.0          0.49563
1422.0          0.49503
1423.0          0.49444
1424.0          0.49387
1425.0          0.49331
1426.0          0.49276
1427.0          0.49222
1428.0          0.49170
1429.0          0.49119
1430.0          0.49069
1431.0          0.49020
1432.0          0.48973
1433.0          0.48927
1434.0          0.48882
1435.0          0.48839
1436.0          0.48796
1437.0          0.48755
1438.0          0.48716
1439.0          0.48677
1440.0          0.48640
1441.0          0.48604
1442.0          0.48570
1443.0          0.48536
1444.0          0.48504
1445.0          0.48474
1446.0          0.48444
1447.0          0.48416
1448.0          0.48389
1449.0          0.48364
1450.0          0.48340
1451.0          0.48317
1452.0          0.48296
1453.0          0.48276
1454.0          0.48257
1455.0          0.48240
1456.0          0.48224
1457.0          0.48209
1458.0          0.48196
1459.0          0.48184
1460.0          0.48174
1461.0          0.48165
1462.0          0.48158
1463.0          0.48152
1464.0          0.48148
1465.0          0.48145
1466.0          0.48143
1467.0          0.48143
1468.0          0.48145
1469.0          0.48148
1470.0          0.48153
1471.0          0.48159
1472.0          0.48167
1473.0          0.48177
1474.0          0.48188
1475.0          0.48201
1476.0          0.48216
1477.0          0.48232
1478.0          0.48250
1479.0          0.48270
1480.0          0.48292
1481.0          0.48315
1482.0          0.48341
1483.0          0.48368
1484.0          0.48397
1485.0          0.48429
1486.0          0.48462
1487.0          0.48497
1488.0          0.48535
1489.0          0.48574
1490.0          0.48616
1491.0          0.48660
1492.0          0.48706
1493.0          0.48754
1494.0          0.48805
1495.0          0.48858
1496.0          0.48914
1497.0          0.48972
1498.0          0.49033
1499.0          0.49096
1500.0          0.49163
1501.0          0.49232
1502.0          0.49303
1503.0          0.49378
1504.0          0.49456
1505.0          0.49537
1506.0          0.49621
1507.0          0.49708
1508.0          0.49799
1509.0          0.49893
1510.0          0.49991
1511.0          0.50093
1512.0          0.50198
1513.0          0.50307
1514.0          0.50420
1515.0          0.50538
1516.0          0.50660
1517.0          0.50786
1518.0          0.50917
1519.0          0.51053
1520.0          0.51194
1521.0          0.51340
1522.0          0.51492
1523.0          0.51649
1524.0          0.51812
1525.0          0.51981
1526.0          0.52156
1527.0          0.52338
1528.0          0.52526
1529.0          0.52722
1530.0          0.52925
1531.0          0.53136
1532.0          0.53355
1533.0          0.53583
1534.0          0.53819
1535.0          0.54065
1536.0          0.54320
1537.0          0.54586
1538.0          0.54863
1539.0          0.55151
1540.0          0.55450
1541.0          0.55763
1542.0          0.56088
1543.0          0.56428
1544.0          0.56782
1545.0          0.57151
1546.0          0.57538
1547.0          0.57941
1548.0          0.58363
1549.0          0.58805
1550.0          0.59267
1551.0          0.59751
1552.0          0.60259
1553.0          0.60792
1554.0          0.61352
1555.0          0.61940
1556.0          0.62558
1557.0          0.63209
1558.0          0.63895
1559.0          0.64618
1560.0          0.65381
1561.0          0.66186
1562.0          0.67038
1563.0          0.67939
1564.0          0.68892
1565.0          0.69902
1566.0          0.70973
1567.0          0.72109
1568.0          0.73314
1569.0          0.74593
1570.0          0.75950
1571.0          0.77389
1572.0          0.78914
1573.0          0.80526
1574.0          0.82228
1575.0          0.84016
1576.0          0.85885
1577.0          0.87823
1578.0          0.89808
1579.0          0.91809
1580.0          0.93774
1581.0          0.95631
1582.0          0.97274
1583.0          0.98557
1584.0          0.99288
1585.0          0.99221
1586.0          0.98065
1587.0          0.95511
1588.0          0.91276
1589.0          0.85190
1590.0          0.77283
1591.0          0.67848
1592.0          0.57443
1593.0          0.46784
1594.0          0.36597
1595.0          0.27459
1596.0          0.19719
1597.0          0.13492
1598.0          0.087190
1599.0          0.052326
1600.0          0.028222
1601.0          0.012754
1602.0          0.0040007
1603.0          3.4312E-4
1604.0          4.7180E-4
1605.0          0.0033585
1606.0          0.0082116
1607.0          0.014430
1608.0          0.021563
1609.0          0.029274
1610.0          0.037315
1611.0          0.045504
1612.0          0.053710
1613.0          0.061839
1614.0          0.069822
1615.0          0.077615
1616.0          0.085187
1617.0          0.092520
1618.0          0.099602
1619.0          0.10643
1620.0          0.11300
1621.0          0.11933
1622.0          0.12540
1623.0          0.13124
1624.0          0.13685
1625.0          0.14224
1626.0          0.14741
1627.0          0.15238
1628.0          0.15716
1629.0          0.16175
1630.0          0.16616
1631.0          0.17041
1632.0          0.17449
1633.0          0.17843
1634.0          0.18222
1635.0          0.18587
1636.0          0.18939
1637.0          0.19278
1638.0          0.19606
1639.0          0.19922
1640.0          0.20228
1641.0          0.20523
1642.0          0.20808
1643.0          0.21085
1644.0          0.21352
1645.0          0.21611
1646.0          0.21861
1647.0          0.22104
1648.0          0.22340
1649.0          0.22568
1650.0          0.22790
1400.0          1.0000
1401.0          1.0000
1402.0          1.0000
1403.0          1.0000
1404.0          1.0000
1405.0          1.0000
1406.0          1.0000
1407.0          1.0000
1408.0          1.0000
1409.0          1.0000
1410.0          1.0000
1411.0          1.0000
1412.0          1.0000
1413.0          1.0000
1414.0          1.0000
1415.0          1.0000
1416.0          1.0000
1417.0          1.0000
1418.0          1.0000
1419.0          1.0000
1420.0          1.0000
1421.0          1.0000
1422.0          1.0000
1423.0          1.0000
1424.0          1.0000
1425.0          1.0000
1426.0          1.0000
1427.0          1.0000
1428.0          1.0000
1429.0          1.0000
1430.0          1.0000
1431.0          1.0000
1432.0          1.0000
1433.0          1.0000
1434.0          1.0000
1435.0          1.0000
1436.0          1.0000
1437.0          1.0000
1438.0          1.0000
1439.0          1.0000
1440.0          1.0000
1441.0          1.0000
1442.0          1.0000
1443.0          1.0000
1444.0          1.0000
1445.0          1.0000
1446.0          1.0000
1447.0          1.0000
1448.0          1.0000
1449.0          1.0000
1450.0          1.0000
1451.0          1.0000
1452.0          1.0000
1453.0          1.0000
1454.0          1.0000
1455.0          1.0000
1456.0          1.0000
1457.0          1.0000
1458.0          1.0000
1459.0          1.0000
1460.0          1.0000
1461.0          1.0000
1462.0          1.0000
1463.0          1.0000
1464.0          1.0000
1465.0          1.0000
1466.0          1.0000
1467.0          1.0000
1468.0          1.0000
1469.0          1.0000
1470.0          1.0000
1471.0          1.0000
1472.0          1.0000
1473.0          1.0000
1474.0          1.0000
1475.0          1.0000
1476.0          1.0000
1477.0          1.0000
1478.0          1.0000
1479.0          1.0000
1480.0          1.0000
1481.0          1.0000
1482.0          1.0000
1483.0          1.0000
1484.0          1.0000
1485.0          1.0000
1486.0          1.0000
1487.0          1.0000
1488.0          1.0000
1489.0          1.0000
1490.0          1.0000
1491.0          1.0000
1492.0          1.0000
1493.0          1.0000
1494.0          1.0000
1495.0          1.0000
1496.0          1.0000
1497.0          1.0000
1498.0          1.0000
1499.0          1.0000
1500.0          1.0000
1501.0          1.0000
1502.0          1.0000
1503.0          1.0000
1504.0          1.0000
1505.0          1.0000
1506.0          1.0000
1507.0          1.0000
1508.0          1.0000
1509.0          1.0000
1510.0          1.0000
1511.0          1.0000
1512.0          1.0000
1513.0          1.0000
1514.0          1.0000
1515.0          1.0000
1516.0          1.0000
1517.0          1.0000
1518.0          1.0000
1519.0          1.0000
1520.0          1.0000
1521.0          1.0000
1522.0          1.0000
1523.0          1.0000
1524.0          1.0000
1525.0          1.0000
1526.0          1.0000
1527.0          1.0000
1528.0          1.0000
1529.0          1.0000
1530.0          1.0000
1531.0          1.0000
1532.0          1.0000
1533.0          1.0000
1534.0          1.0000
1535.0          1.0000
1536.0          1.0000
1537.0          1.0000
1538.0          1.0000
1539.0          1.0000
1540.0          1.0000
1541.0          1.0000
1542.0          1.0000
1543.0          1.0000
1544.0          1.0000
1545.0          1.0000
1546.0          1.0000
1547.0          1.0000
1548.0          1.0000
1549.0          1.0000
1550.0          1.0000
1551.0          1.0000
1552.0          1.0000
1553.0          1.0000
1554.0          1.0000
1555.0          1.0000
1556.0          1.0000
1557.0          1.0000
1558.0          1.0000
1559.0          1.0000
1560.0          1.0000
1561.0          1.0000
1562.0          1.0000
1563.0          1.0000
1564.0          1.0000
1565.0          1.0000
1566.0          1.0000
1567.0          1.0000
1568.0          1.0000
1569.0          1.0000
1570.0          1.0000
1571.0          1.0000
1572.0          1.0000
1573.0          1.0000
1574.0          1.0000
1575.0          1.0000
1576.0          1.0000
1577.0          1.0000
1578.0          1.0000
1579.0          1.0000
1580.0          1.0000
1581.0          1.0000
1582.0          1.0000
1583.0          1.0000
1584.0          1.0000
1585.0          1.0000
1586.0          1.0000
1587.0          1.0000
1588.0          1.0000
1589.0          1.0000
1590.0          1.0000
1591.0          1.0000
1592.0          1.0000
1593.0          1.0000
1594.0          1.0000
1595.0          1.0000
1596.0          1.0000
1597.0          1.0000
1598.0          1.0000
1599.0          1.0000
1600.0          1.0000
1601.0          1.0000
1602.0          1.0000
1603.0          1.0000
1604.0          1.0000
1605.0          1.0000
1606.0          1.0000
1607.0          1.0000
1608.0          1.0000
1609.0          1.0000
1610.0          1.0000
1611.0          1.0000
1612.0          1.0000
1613.0          1.0000
1614.0          1.0000
1615.0          1.0000
1616.0          1.0000
1617.0          1.0000
1618.0          1.0000
1619.0          1.0000
1620.0          1.0000
1621.0          1.0000
1622.0          1.0000
1623.0          1.0000
1624.0          1.0000
1625.0          1.0000
1626.0          1.0000
1627.0          1.0000
1628.0          1.0000
1629.0          1.0000
1630.0          1.0000
1631.0          1.0000
1632.0          1.0000
1633.0          1.0000
1634.0          1.0000
1635.0          1.0000
1636.0          1.0000
1637.0          1.0000
1638.0          1.0000
1639.0          1.0000
1640.0          1.0000
1641.0          1.0000
1642.0          1.0000
1643.0          1.0000
1644.0          1.0000
1645.0          1.0000
1646.0          1.0000
1647.0          1.0000
1648.0          1.0000
1649.0          1.0000
1650.0          1.0000
1400.0          -1.5543E-15
1401.0          -1.3323E-15
1402.0          2.2204E-15
1403.0          1.8874E-15
1404.0          -1.5543E-15
1405.0          1.1102E-15
1406.0          -6.6613E-16
1407.0          -8.8818E-16
1408.0          -4.2188E-15
1409.0          -2.2204E-16
1410.0          -1.9984E-15
1411.0          -8.8818E-16
1412.0          1.1102E-15
1413.0          -8.8818E-16
1414.0          -1.9984E-15
1415.0          1.1102E-15
1416.0          -2.2204E-16
1417.0          3.7748E-15
1418.0          -1.7764E-15
1419.0          -2.2204E-15
1420.0          -2.2204E-16
1421.0          2.2204E-15
1422.0          -1.7764E-15
1423.0          -2.2204E-16
1424.0          -1.7764E-15
1425.0          1.1102E-15
1426.0          1.6653E-15
1427.0          -2.2204E-15
1428.0          -1.5543E-15
1429.0          -8.8818E-16
1430.0          0.0000
1431.0          6.6613E-16
1432.0          -8.8818E-16
1433.0          -2.2204E-15
1434.0          -2.2204E-16
1435.0          -3.1086E-15
1436.0          -8.8818E-16
1437.0          3.3307E-16
1438.0          -6.6613E-16
1439.0          -2.2204E-16
1440.0          1.1102E-15
1441.0          0.0000
1442.0          -1.3323E-15
1443.0          1.2212E-15
1444.0          -1.1102E-15
1445.0          1.3323E-15
1446.0          -1.3323E-15
1447.0          -1.7764E-15
1448.0          -1.7764E-15
1449.0          -1.5543E-15
1450.0          1.5543E-15
1451.0          -1.5543E-15
1452.0          8.8818E-16
1453.0          1.1102E-16
1454.0          -2.2204E-16
1455.0          -1.5543E-15
1456.0          0.0000
1457.0          0.0000
1458.0          1.1102E-16
1459.0          -4.4409E-16
1460.0          -4.4409E-16
1461.0          -6.6613E-16
1462.0          -1.1102E-15
1463.0          -1.1102E-15
1464.0          2.6645E-15
1465.0          1.7764E-15
1466.0          -1.7764E-15
1467.0          2.8866E-15
1468.0          2.2204E-15
1469.0          -2.4425E-15
1470.0          1.9984E-15
1471.0          -1.1102E-15
1472.0          -1.9984E-15
1473.0          -8.8818E-16
1474.0          4.4409E-16
1475.0          -1.5543E-15
1476.0          -6.6613E-16
1477.0          -1.5543E-15
1478.0          -2.6645E-15
1479.0          0.0000
1480.0          -1.7764E-15
1481.0          -1.1102E-15
1482.0          3.3307E-16
1483.0          -1.3323E-15
1484.0          2.6645E-15
1485.0          -3.1086E-15
1486.0          8.8818E-16
1487.0          -1.9984E-15
1488.0          2.2204E-15
1489.0          1.1102E-15
1490.0          -6.6613E-16
1491.0          -6.6613E-16
1492.0          8.8818E-16
1493.0          -8.8818E-16
1494.0          4.4409E-16
1495.0          0.0000
1496.0          8.8818E-16
1497.0          -2.2204E-15
1498.0          8.8818E-16
1499.0          1.2212E-15
1500.0          3.3307E-15
1501.0          1.6653E-15
1502.0          2.2204E-16
1503.0          -2.2204E-16
1504.0          8.8818E-16
1505.0          2.2204E-16
1506.0          6.6613E-16
1507.0          1.1102E-15
1508.0          -2.2204E-16
1509.0          1.3323E-15
1510.0          -1.3323E-15
1511.0          -8.8818E-16
1512.0          3.3307E-16
1513.0          1.8874E-15
1514.0          -1.5543E-15
1515.0          2.1094E-15
1516.0          -1.9984E-15
1517.0          -4.4409E-16
1518.0          0.0000
1519.0          1.1102E-15
1520.0          -1.1102E-15
1521.0          7.7716E-16
1522.0          8.8818E-16
1523.0          1.3323E-15
1524.0          -8.8818E-16
1525.0          1.1102E-15
1526.0          8.8818E-16
1527.0          -1.7764E-15
1528.0          -1.1102E-15
1529.0          8.8818E-16
1530.0          -2.4425E-15
1531.0          -1.3323E-15
1532.0          6.6613E-16
1533.0          -2.4425E-15
1534.0          2.8866E-15
1535.0          -6.6613E-16
1536.0          -1.5543E-15
1537.0          -6.6613E-15
1538.0          1.5543E-15
1539.0          -4.4409E-16
1540.0          -2.4425E-15
1541.0          -1.7764E-15
1542.0          4.6629E-15
1543.0          2.4425E-15
1544.0          -2.2204E-15
1545.0          4.2188E-15
1546.0          -2.4425E-15
1547.0          -2.2204E-15
1548.0          -4.4409E-16
1549.0          4.3299E-15
1550.0          -4.8850E-15
1551.0          1.9984E-15
1552.0          -4.2188E-15
1553.0          -1.9984E-15
1554.0          -1.1102E-15
1555.0          8.8818E-16
1556.0          2.2204E-16
1557.0          1.5543E-15
1558.0          -1.1102E-15
1559.0          5.3291E-15
1560.0          -1.9984E-15
1561.0          -1.3323E-15
1562.0          -1.1102E-15
1563.0          -2.2204E-15
1564.0          4.4409E-16
1565.0          -6.6613E-16
1566.0          -2.2204E-15
1567.0          3.5527E-15
1568.0          -1.1102E-15
1569.0          1.1102E-15
1570.0          8.8818E-16
1571.0          -1.3323E-15
1572.0          -3.3307E-15
1573.0          2.1094E-15
1574.0          -3.3307E-15
1575.0          -8.8818E-16
1576.0          1.1102E-16
1577.0          7.3275E-15
1578.0          -4.4409E-16
1579.0          -4.6629E-15
1580.0          -2.6645E-15
1581.0          1.7764E-15
1582.0          -1.9984E-15
1583.0          1.5543E-15
1584.0          -5.9952E-15
1585.0          5.1070E-15
1586.0          3.5527E-15
1587.0          -7.1054E-15
1588.0          -1.3323E-15
1589.0          3.2196E-15
1590.0          -1.3323E-14
1591.0          -1.1102E-14
1592.0          -7.3275E-15
1593.0          1.3101E-14
1594.0          6.1062E-15
1595.0          1.2434E-14
1596.0          5.5511E-16
1597.0          1.3434E-14
1598.0          9.4369E-15
1599.0          -1.5543E-15
1600.0          9.2149E-15
1601.0          7.8826E-15
1602.0          -2.4425E-15
1603.0          5.2180E-15
1604.0          -4.4409E-15
1605.0          6.7724E-15
1606.0          3.6637E-15
1607.0          -3.5527E-15
1608.0          3.9968E-15
1609.0          -8.8818E-16
1610.0          3.1086E-15
1611.0          2.2204E-16
1612.0          6.6613E-16
1613.0          -1.3323E-15
1614.0          7.7716E-16
1615.0          3.9968E-15
1616.0          3.3307E-16
1617.0          -4.4409E-15
1618.0          -1.7764E-15
1619.0          -6.2172E-15
1620.0          2.4425E-15
1621.0          2.2204E-16
1622.0          3.6637E-15
1623.0          3.3307E-16
1624.0          -1.5543E-15
1625.0          -4.4409E-16
1626.0          3.2196E-15
1627.0          8.8818E-16
1628.0          1.6653E-15
1629.0          0.0000
1630.0          -1.5543E-15
1631.0          -2.2204E-16
1632.0          -2.2204E-16
1633.0          1.1102E-16
1634.0          1.8874E-15
1635.0          1.7764E-15
1636.0          -3.3307E-15
1637.0          -2.4425E-15
1638.0          3.3307E-15
1639.0          1.1102E-16
1640.0          -3.9968E-15
1641.0          2.2204E-15
1642.0          -4.4409E-16
1643.0          1.8874E-15
1644.0          4.1078E-15
1645.0          1.2212E-15
1646.0          1.1102E-15
1647.0          -2.6645E-15
1648.0          1.9984E-15
1649.0          -1.3323E-15
1650.0          -2.2204E-15
