1400.0          0.34575
1401.0          0.35417
1402.0          0.36294
1403.0          0.37210
1404.0          0.38163
1405.0          0.39155
1406.0          0.40188
1407.0          0.41261
1408.0          0.42376
1409.0          0.43532
1410.0          0.44730
1411.0          0.45971
1412.0          0.47255
1413.0          0.48580
1414.0          0.49947
1415.0          0.51355
1416.0          0.52804
1417.0          0.54291
1418.0          0.55815
1419.0          0.57374
1420.0          0.58966
1421.0          0.60588
1422.0          0.62237
1423.0          0.63909
1424.0          0.65601
1425.0          0.67308
1426.0          0.69025
1427.0          0.70747
1428.0          0.72470
1429.0          0.74187
1430.0          0.75892
1431.0          0.77579
1432.0          0.79242
1433.0          0.80875
1434.0          0.82472
1435.0          0.84026
1436.0          0.85531
1437.0          0.86981
1438.0          0.88371
1439.0          0.89696
1440.0          0.90951
1441.0          0.92132
1442.0          0.93236
1443.0          0.94259
1444.0          0.95199
1445.0          0.96054
1446.0          0.96824
1447.0          0.97507
1448.0          0.98105
1449.0          0.98617
1450.0          0.99044
1451.0          0.99390
1452.0          0.99655
1453.0          0.99843
1454.0          0.99957
1455.0          1.0000
1456.0          0.99974
1457.0          0.99885
1458.0          0.99736
1459.0          0.99530
1460.0          0.99273
1461.0          0.98967
1462.0          0.98616
1463.0          0.98225
1464.0          0.97797
1465.0          0.97336
1466.0          0.96846
1467.0          0.96328
1468.0          0.95788
1469.0          0.95228
1470.0          0.94650
1471.0          0.94057
1472.0          0.93452
1473.0          0.92837
1474.0          0.92214
1475.0          0.91586
1476.0          0.90953
1477.0          0.90318
1478.0          0.89682
1479.0          0.89046
1480.0          0.88413
1481.0          0.87782
1482.0          0.87155
1483.0          0.86533
1484.0          0.85916
1485.0          0.85305
1486.0          0.84702
1487.0          0.84105
1488.0          0.83517
1489.0          0.82937
1490.0          0.82365
1491.0          0.81803
1492.0          0.81249
1493.0          0.80705
1494.0          0.80171
1495.0          0.79646
1496.0          0.79130
1497.0          0.78624
1498.0          0.78128
1499.0          0.77642
1500.0          0.77165
1501.0          0.76698
1502.0          0.76241
1503.0          0.75793
1504.0          0.75354
1505.0          0.74925
1506.0          0.74505
1507.0          0.74094
1508.0          0.73692
1509.0          0.73298
1510.0          0.72914
1511.0          0.72538
1512.0          0.72170
1513.0          0.71810
1514.0          0.71459
1515.0          0.71115
1516.0          0.70779
1517.0          0.70451
1518.0          0.70130
1519.0          0.69817
1520.0          0.69510
1521.0          0.69211
1522.0          0.68918
1523.0          0.68632
1524.0          0.68353
1525.0          0.68080
1526.0          0.67813
1527.0          0.67553
1528.0          0.67298
1529.0          0.67049
1530.0          0.66806
1531.0          0.66569
1532.0          0.66337
1533.0          0.66110
1534.0          0.65888
1535.0          0.65672
1536.0          0.65460
1537.0          0.65254
1538.0          0.65052
1539.0          0.64854
1540.0          0.64661
1541.0          0.64473
1542.0          0.64288
1543.0          0.64108
1544.0          0.63932
1545.0          0.63760
1546.0          0.63592
1547.0          0.63428
1548.0          0.63267
1549.0          0.63110
1550.0          0.62957
1551.0          0.62807
1552.0          0.62660
1553.0          0.62517
1554.0          0.62377
1555.0          0.62240
1556.0          0.62106
1557.0          0.61975
1558.0          0.61847
1559.0          0.61722
1560.0          0.61599
1561.0          0.61480
1562.0          0.61363
1563.0          0.61248
1564.0          0.61136
1565.0          0.61027
1566.0          0.60920
1567.0          0.60815
1568.0          0.60713
1569.0          0.60613
1570.0          0.60515
1571.0          0.60420
1572.0          0.60326
1573.0          0.60235
1574.0          0.60145
1575.0          0.60058
1576.0          0.59972
1577.0          0.59888
1578.0          0.59806
1579.0          0.59726
1580.0          0.59648
1581.0          0.59571
1582.0          0.59496
1583.0          0.59423
1584.0          0.59351
1585.0          0.59281
1586.0          0.59212
1587.0          0.59145
1588.0          0.59079
1589.0          0.59015
1590.0          0.58952
1591.0          0.58890
1592.0          0.58830
1593.0          0.58771
1594.0          0.58714
1595.0          0.58657
1596.0          0.58602
1597.0          0.58548
1598.0          0.58495
1599.0          0.58443
1600.0          0.58393
1601.0          0.58343
1602.0          0.58295
1603.0          0.58248
1604.0          0.58201
1605.0          0.58156
1606.0          0.58111
1607.0          0.58068
1608.0          0.58025
1609.0          0.57984
1610.0          0.57943
1611.0          0.57903
1612.0          0.57864
1613.0          0.57826
1614.0          0.57789
1615.0          0.57752
1616.0          0.57716
1617.0          0.57681
1618.0          0.57647
1619.0          0.57613
1620.0          0.57580
1621.0          0.57548
1622.0          0.57517
1623.0          0.57486
1624.0          0.57456
1625.0          0.57426
1626.0          0.57397
1627.0          0.57369
1628.0          0.57341
1629.0          0.57314
1630.0          0.57287
1631.0          0.57261
1632.0          0.57236
1633.0          0.57211
1634.0          0.57186
1635.0          0.57163
1636.0          0.57139
1637.0          0.57116
1638.0          0.57093
1639.0          0.57071
1640.0          0.57050
1641.0          0.57029
1642.0          0.57008
1643.0          0.56987
1644.0          0.56967
1645.0          0.56948
1646.0          0.56929
1647.0          0.56910
1648.0          0.56891
1649.0          0.56873
1650.0          0.56856
1400.0          0.65425
1401.0          0.64583
1402.0          0.63706
1403.0          0.62790
1404.0          0.61837
1405.0          0.60845
1406.0          0.59812
1407.0          0.58739
1408.0          0.57624
1409.0          0.56468
1410.0          0.55270
1411.0          0.54029
1412.0          0.52745
1413.0          0.51420
1414.0          0.50053
1415.0          0.48645
1416.0          0.47196
1417.0          0.45709
1418.0          0.44185
1419.0          0.42626
1420.0          0.41034
1421.0          0.39412
1422.0          0.37763
1423.0          0.36091
1424.0          0.34399
1425.0          0.32692
1426.0          0.30975
1427.0          0.29253
1428.0          0.27530
1429.0          0.25813
1430.0          0.24108
1431.0          0.22421
1432.0          0.20758
1433.0          0.19125
1434.0          0.17528
1435.0          0.15974
1436.0          0.14469
1437.0          0.13019
1438.0          0.11629
1439.0          0.10304
1440.0          0.090488
1441.0          0.078677
1442.0          0.067641
1443.0          0.057412
1444.0          0.048011
1445.0          0.039457
1446.0          0.031761
1447.0          0.024927
1448.0          0.018954
1449.0          0.013835
1450.0          0.0095564
1451.0          0.0061009
1452.0          0.0034461
1453.0          0.0015655
1454.0          4.2934E-4
1455.0          4.7767E-6
1456.0          2.5667E-4
1457.0          0.0011480
1458.0          0.0026406
1459.0          0.0046952
1460.0          0.0072724
1461.0          0.010333
1462.0          0.013837
1463.0          0.017747
1464.0          0.022026
1465.0          0.026636
1466.0          0.031544
1467.0          0.036715
1468.0          0.042119
1469.0          0.047725
1470.0          0.053505
1471.0          0.059432
1472.0          0.065482
1473.0          0.071631
1474.0          0.077858
1475.0          0.084144
1476.0          0.090471
1477.0          0.096822
1478.0          0.10318
1479.0          0.10954
1480.0          0.11587
1481.0          0.12218
1482.0          0.12845
1483.0          0.13467
1484.0          0.14084
1485.0          0.14695
1486.0          0.15298
1487.0          0.15895
1488.0          0.16483
1489.0          0.17063
1490.0          0.17635
1491.0          0.18197
1492.0          0.18751
1493.0          0.19295
1494.0          0.19829
1495.0          0.20354
1496.0          0.20870
1497.0          0.21376
1498.0          0.21872
1499.0          0.22358
1500.0          0.22835
1501.0          0.23302
1502.0          0.23759
1503.0          0.24207
1504.0          0.24646
1505.0          0.25075
1506.0          0.25495
1507.0          0.25906
1508.0          0.26308
1509.0          0.26702
1510.0          0.27086
1511.0          0.27462
1512.0          0.27830
1513.0          0.28190
1514.0          0.28541
1515.0          0.28885
1516.0          0.29221
1517.0          0.29549
1518.0          0.29870
1519.0          0.30183
1520.0          0.30490
1521.0          0.30789
1522.0          0.31082
1523.0          0.31368
1524.0          0.31647
1525.0          0.31920
1526.0          0.32187
1527.0          0.32447
1528.0          0.32702
1529.0          0.32951
1530.0          0.33194
1531.0          0.33431
1532.0          0.33663
1533.0          0.33890
1534.0          0.34112
1535.0          0.34328
1536.0          0.34540
1537.0          0.34746
1538.0          0.34948
1539.0          0.35146
1540.0          0.35339
1541.0          0.35527
1542.0          0.35712
1543.0          0.35892
1544.0          0.36068
1545.0          0.36240
1546.0          0.36408
1547.0          0.36572
1548.0          0.36733
1549.0          0.36890
1550.0          0.37043
1551.0          0.37193
1552.0          0.37340
1553.0          0.37483
1554.0          0.37623
1555.0          0.37760
1556.0          0.37894
1557.0          0.38025
1558.0          0.38153
1559.0          0.38278
1560.0          0.38401
1561.0          0.38520
1562.0          0.38637
1563.0          0.38752
1564.0          0.38864
1565.0          0.38973
1566.0          0.39080
1567.0          0.39185
1568.0          0.39287
1569.0          0.39387
1570.0          0.39485
1571.0          0.39580
1572.0          0.39674
1573.0          0.39765
1574.0          0.39855
1575.0          0.39942
1576.0          0.40028
1577.0          0.40112
1578.0          0.40194
1579.0          0.40274
1580.0          0.40352
1581.0          0.40429
1582.0          0.40504
1583.0          0.40577
1584.0          0.40649
1585.0          0.40719
1586.0          0.40788
1587.0          0.40855
1588.0          0.40921
1589.0          0.40985
1590.0          0.41048
1591.0          0.41110
1592.0          0.41170
1593.0          0.41229
1594.0          0.41286
1595.0          0.41343
1596.0          0.41398
1597.0          0.41452
1598.0          0.41505
1599.0          0.41557
1600.0          0.41607
1601.0          0.41657
1602.0          0.41705
1603.0          0.41752
1604.0          0.41799
1605.0          0.41844
1606.0          0.41889
1607.0          0.41932
1608.0          0.41975
1609.0          0.42016
1610.0          0.42057
1611.0          0.42097
1612.0          0.42136
1613.0          0.42174
1614.0          0.42211
1615.0          0.42248
1616.0          0.42284
1617.0          0.42319
1618.0          0.42353
1619.0          0.42387
1620.0          0.42420
1621.0          0.42452
1622.0          0.42483
1623.0          0.42514
1624.0          0.42544
1625.0          0.42574
1626.0          0.42603
1627.0          0.42631
1628.0          0.42659
1629.0          0.42686
1630.0          0.42713
1631.0          0.42739
1632.0          0.42764
1633.0          0.42789
1634.0          0.42814
1635.0          0.42837
1636.0          0.42861
1637.0          0.42884
1638.0          0.42907
1639.0          0.42929
1640.0          0.42950
1641.0          0.42971
1642.0          0.42992
1643.0          0.43013
1644.0          0.43033
1645.0          0.43052
1646.0          0.43071
1647.0          0.43090
1648.0          0.43109
1649.0          0.43127
1650.0          0.43144
1400.0          1.0000
1401.0          1.0000
1402.0          1.0000
1403.0          1.0000
1404.0          1.0000
1405.0          1.0000
1406.0          1.0000
1407.0          1.0000
1408.0          1.0000
1409.0          1.0000
1410.0          1.0000
1411.0          1.0000
1412.0          1.0000
1413.0          1.0000
1414.0          1.0000
1415.0          1.0000
1416.0          1.0000
1417.0          1.0000
1418.0          1.0000
1419.0          1.0000
1420.0          1.0000
1421.0          1.0000
1422.0          1.0000
1423.0          1.0000
1424.0          1.0000
1425.0          1.0000
1426.0          1.0000
1427.0          1.0000
1428.0          1.0000
1429.0          1.0000
1430.0          1.0000
1431.0          1.0000
1432.0          1.0000
1433.0          1.0000
1434.0          1.0000
1435.0          1.0000
1436.0          1.0000
1437.0          1.0000
1438.0          1.0000
1439.0          1.0000
1440.0          1.0000
1441.0          1.0000
1442.0          1.0000
1443.0          1.0000
1444.0          1.0000
1445.0          1.0000
1446.0          1.0000
1447.0          1.0000
1448.0          1.0000
1449.0          1.0000
1450.0          1.0000
1451.0          1.0000
1452.0          1.0000
1453.0          1.0000
1454.0          1.0000
1455.0          1.0000
1456.0          1.0000
1457.0          1.0000
1458.0          1.0000
1459.0          1.0000
1460.0          1.0000
1461.0          1.0000
1462.0          1.0000
1463.0          1.0000
1464.0          1.0000
1465.0          1.0000
1466.0          1.0000
1467.0          1.0000
1468.0          1.0000
1469.0          1.0000
1470.0          1.0000
1471.0          1.0000
1472.0          1.0000
1473.0          1.0000
1474.0          1.0000
1475.0          1.0000
1476.0          1.0000
1477.0          1.0000
1478.0          1.0000
1479.0          1.0000
1480.0          1.0000
1481.0          1.0000
1482.0          1.0000
1483.0          1.0000
1484.0          1.0000
1485.0          1.0000
1486.0          1.0000
1487.0          1.0000
1488.0          1.0000
1489.0          1.0000
1490.0          1.0000
1491.0          1.0000
1492.0          1.0000
1493.0          1.0000
1494.0          1.0000
1495.0          1.0000
1496.0          1.0000
1497.0          1.0000
1498.0          1.0000
1499.0          1.0000
1500.0          1.0000
1501.0          1.0000
1502.0          1.0000
1503.0          1.0000
1504.0          1.0000
1505.0          1.0000
1506.0          1.0000
1507.0          1.0000
1508.0          1.0000
1509.0          1.0000
1510.0          1.0000
1511.0          1.0000
1512.0          1.0000
1513.0          1.0000
1514.0          1.0000
1515.0          1.0000
1516.0          1.0000
1517.0          1.0000
1518.0          1.0000
1519.0          1.0000
1520.0          1.0000
1521.0          1.0000
1522.0          1.0000
1523.0          1.0000
1524.0          1.0000
1525.0          1.0000
1526.0          1.0000
1527.0          1.0000
1528.0          1.0000
1529.0          1.0000
1530.0          1.0000
1531.0          1.0000
1532.0          1.0000
1533.0          1.0000
1534.0          1.0000
1535.0          1.0000
1536.0          1.0000
1537.0          1.0000
1538.0          1.0000
1539.0          1.0000
1540.0          1.0000
1541.0          1.0000
1542.0          1.0000
1543.0          1.0000
1544.0          1.0000
1545.0          1.0000
1546.0          1.0000
1547.0          1.0000
1548.0          1.0000
1549.0          1.0000
1550.0          1.0000
1551.0          1.0000
1552.0          1.0000
1553.0          1.0000
1554.0          1.0000
1555.0          1.0000
1556.0          1.0000
1557.0          1.0000
1558.0          1.0000
1559.0          1.0000
1560.0          1.0000
1561.0          1.0000
1562.0          1.0000
1563.0          1.0000
1564.0          1.0000
1565.0          1.0000
1566.0          1.0000
1567.0          1.0000
1568.0          1.0000
1569.0          1.0000
1570.0          1.0000
1571.0          1.0000
1572.0          1.0000
1573.0          1.0000
1574.0          1.0000
1575.0          1.0000
1576.0          1.0000
1577.0          1.0000
1578.0          1.0000
1579.0          1.0000
1580.0          1.0000
1581.0          1.0000
1582.0          1.0000
1583.0          1.0000
1584.0          1.0000
1585.0          1.0000
1586.0          1.0000
1587.0          1.0000
1588.0          1.0000
1589.0          1.0000
1590.0          1.0000
1591.0          1.0000
1592.0          1.0000
1593.0          1.0000
1594.0          1.0000
1595.0          1.0000
1596.0          1.0000
1597.0          1.0000
1598.0          1.0000
1599.0          1.0000
1600.0          1.0000
1601.0          1.0000
1602.0          1.0000
1603.0          1.0000
1604.0          1.0000
1605.0          1.0000
1606.0          1.0000
1607.0          1.0000
1608.0          1.0000
1609.0          1.0000
1610.0          1.0000
1611.0          1.0000
1612.0          1.0000
1613.0          1.0000
1614.0          1.0000
1615.0          1.0000
1616.0          1.0000
1617.0          1.0000
1618.0          1.0000
1619.0          1.0000
1620.0          1.0000
1621.0          1.0000
1622.0          1.0000
1623.0          1.0000
1624.0          1.0000
1625.0          1.0000
1626.0          1.0000
1627.0          1.0000
1628.0          1.0000
1629.0          1.0000
1630.0          1.0000
1631.0          1.0000
1632.0          1.0000
1633.0          1.0000
1634.0          1.0000
1635.0          1.0000
1636.0          1.0000
1637.0          1.0000
1638.0          1.0000
1639.0          1.0000
1640.0          1.0000
1641.0          1.0000
1642.0          1.0000
1643.0          1.0000
1644.0          1.0000
1645.0          1.0000
1646.0          1.0000
1647.0          1.0000
1648.0          1.0000
1649.0          1.0000
1650.0          1.0000
1400.0          0.0000
1401.0          1.7764E-15
1402.0          7.7716E-16
1403.0          -2.2204E-16
1404.0          7.7716E-16
1405.0          0.0000
1406.0          5.5511E-16
1407.0          2.2204E-16
1408.0          -1.7764E-15
1409.0          3.1086E-15
1410.0          3.3307E-16
1411.0          1.9984E-15
1412.0          -1.1102E-15
1413.0          -1.3323E-15
1414.0          -5.5511E-15
1415.0          2.8866E-15
1416.0          1.1102E-15
1417.0          4.6629E-15
1418.0          1.5543E-15
1419.0          -5.9952E-15
1420.0          -2.6645E-15
1421.0          -1.3323E-15
1422.0          -1.3323E-15
1423.0          -2.2204E-16
1424.0          -1.5543E-15
1425.0          2.9976E-15
1426.0          3.4417E-15
1427.0          1.3323E-15
1428.0          -4.6629E-15
1429.0          2.7756E-15
1430.0          0.0000
1431.0          1.8874E-15
1432.0          5.4401E-15
1433.0          6.7057E-14
1434.0          4.5852E-14
1435.0          -4.2633E-14
1436.0          7.9936E-15
1437.0          5.5511E-15
1438.0          5.8620E-14
1439.0          1.1768E-14
1440.0          -3.6637E-14
1441.0          -4.7296E-14
1442.0          -3.0864E-14
1443.0          -3.1974E-14
1444.0          4.8517E-14
1445.0          1.5987E-14
1446.0          1.8874E-14
1447.0          2.3981E-14
1448.0          2.1427E-14
1449.0          -4.5075E-14
1450.0          -2.7978E-14
1451.0          -4.4409E-15
1452.0          9.2149E-15
1453.0          -3.4639E-14
1454.0          -1.0214E-14
1455.0          4.4187E-14
1456.0          1.8319E-14
1457.0          1.2212E-15
1458.0          1.0436E-14
1459.0          -2.2204E-15
1460.0          2.5202E-14
1461.0          8.6597E-15
1462.0          -2.1094E-14
1463.0          2.0317E-14
1464.0          7.7716E-16
1465.0          -2.5313E-14
1466.0          9.1038E-15
1467.0          4.1078E-15
1468.0          -4.4409E-16
1469.0          -3.5527E-15
1470.0          2.3315E-15
1471.0          -1.8874E-14
1472.0          1.2768E-14
1473.0          -1.4655E-14
1474.0          -6.4393E-15
1475.0          -8.6597E-15
1476.0          -6.6613E-16
1477.0          -8.4377E-15
1478.0          3.3307E-16
1479.0          -1.7764E-15
1480.0          6.6613E-16
1481.0          -7.9936E-15
1482.0          6.3283E-15
1483.0          -5.9952E-15
1484.0          -6.8834E-15
1485.0          -3.7748E-15
1486.0          3.5527E-15
1487.0          1.9984E-15
1488.0          -1.3323E-15
1489.0          5.5511E-15
1490.0          -1.1102E-15
1491.0          -1.3323E-15
1492.0          -1.3323E-15
1493.0          -1.3323E-15
1494.0          -5.7732E-15
1495.0          2.5535E-15
1496.0          5.5511E-15
1497.0          2.8866E-15
1498.0          -1.5543E-15
1499.0          -2.6645E-15
1500.0          -1.7764E-15
1501.0          -3.1086E-15
1502.0          3.4417E-15
1503.0          5.5511E-16
1504.0          1.8874E-15
1505.0          -4.6629E-15
1506.0          6.6613E-16
1507.0          2.9976E-15
1508.0          2.2204E-16
1509.0          -1.1102E-15
1510.0          -2.4425E-15
1511.0          9.9920E-16
1512.0          -1.9984E-15
1513.0          -8.8818E-16
1514.0          -2.8866E-15
1515.0          -1.3323E-15
1516.0          -3.7748E-15
1517.0          2.6645E-15
1518.0          3.2196E-15
1519.0          -6.6613E-16
1520.0          1.2212E-15
1521.0          -8.8818E-16
1522.0          1.1102E-15
1523.0          -1.1102E-15
1524.0          -1.1102E-15
1525.0          -4.4409E-16
1526.0          -4.4409E-16
1527.0          -4.8850E-15
1528.0          1.7764E-15
1529.0          1.5543E-15
1530.0          -6.6613E-16
1531.0          -6.2172E-15
1532.0          2.4425E-15
1533.0          1.3323E-15
1534.0          -2.8866E-15
1535.0          -4.4409E-15
1536.0          -1.1102E-15
1537.0          -6.6613E-16
1538.0          1.7764E-15
1539.0          -8.8818E-16
1540.0          -8.8818E-16
1541.0          -3.5527E-15
1542.0          1.3323E-15
1543.0          -3.1086E-15
1544.0          2.5535E-15
1545.0          3.1086E-15
1546.0          7.7716E-16
1547.0          4.2188E-15
1548.0          4.4409E-16
1549.0          0.0000
1550.0          1.2212E-15
1551.0          -1.7764E-15
1552.0          1.5543E-15
1553.0          1.9984E-15
1554.0          8.8818E-16
1555.0          0.0000
1556.0          3.4417E-15
1557.0          -8.8818E-16
1558.0          -1.1102E-15
1559.0          6.6613E-16
1560.0          1.7764E-15
1561.0          -2.6645E-15
1562.0          -4.4409E-16
1563.0          -3.9968E-15
1564.0          -3.9968E-15
1565.0          -2.6645E-15
1566.0          1.3323E-15
1567.0          -1.1102E-15
1568.0          1.9984E-15
1569.0          2.2204E-15
1570.0          -8.8818E-16
1571.0          -2.2204E-16
1572.0          2.2204E-16
1573.0          -8.8818E-16
1574.0          6.6613E-16
1575.0          2.8866E-15
1576.0          9.9920E-16
1577.0          2.4425E-15
1578.0          -3.1086E-15
1579.0          0.0000
1580.0          1.1102E-15
1581.0          4.1078E-15
1582.0          -8.8818E-16
1583.0          4.8850E-15
1584.0          4.4409E-16
1585.0          8.8818E-16
1586.0          1.1102E-16
1587.0          1.5543E-15
1588.0          -8.8818E-16
1589.0          -4.4409E-16
1590.0          -3.1086E-15
1591.0          6.6613E-16
1592.0          -4.4409E-16
1593.0          8.8818E-16
1594.0          -6.6613E-16
1595.0          -4.4409E-16
1596.0          2.6645E-15
1597.0          1.7764E-15
1598.0          0.0000
1599.0          -1.7764E-15
1600.0          2.4425E-15
1601.0          -4.4409E-16
1602.0          -1.1102E-15
1603.0          -3.5527E-15
1604.0          0.0000
1605.0          -1.7764E-15
1606.0          1.1102E-15
1607.0          1.3323E-15
1608.0          1.7764E-15
1609.0          2.4425E-15
1610.0          -1.3323E-15
1611.0          0.0000
1612.0          -1.3323E-15
1613.0          1.5543E-15
1614.0          -4.4409E-16
1615.0          -2.2204E-15
1616.0          -2.6645E-15
1617.0          -2.2204E-16
1618.0          -8.8818E-16
1619.0          -1.3323E-15
1620.0          -1.7764E-15
1621.0          1.1102E-16
1622.0          2.6645E-15
1623.0          -1.9984E-15
1624.0          -3.1086E-15
1625.0          3.3307E-16
1626.0          2.2204E-15
1627.0          4.4409E-16
1628.0          6.6613E-16
1629.0          -2.2204E-16
1630.0          1.1102E-16
1631.0          -6.6613E-16
1632.0          2.2204E-16
1633.0          -8.8818E-16
1634.0          -2.2204E-15
1635.0          0.0000
1636.0          -1.7764E-15
1637.0          1.1102E-16
1638.0          1.1102E-15
1639.0          -6.6613E-16
1640.0          9.9920E-16
1641.0          6.4393E-15
1642.0          1.3323E-15
1643.0          -2.8866E-15
1644.0          2.8866E-15
1645.0          6.2172E-15
1646.0          -5.1070E-15
1647.0          -1.9984E-15
1648.0          1.7764E-15
1649.0          -1.7764E-15
1650.0          8.8818E-16
